# 0.997 0.9996
7.871241428633635184e-02 6.843208968060593200e+00 6.736169375271146897e+00 9.837454968318383192e-04 1.360074099894873370e+03
1.618072713909662341e-01 1.873782787680270090e+01 1.827604997542658083e+01 5.089045041846367891e-03 5.438542446335178283e+03
2.418771330418761079e-01 2.650403796755563590e+01 2.595811951701252340e+01 6.249775301123149801e-03 7.469048966362300234e+03
3.211923215201240578e-01 3.552057930394563101e+01 3.458134052064536235e+01 1.536915443110760567e-02 1.451461015536139348e+04
4.002017901256537113e-01 4.176673034489324721e+01 4.038040716427544652e+01 2.196312255326998697e-02 2.056601441069363136e+04
4.790568272527075955e-01 4.433602378440298253e+01 4.291713189827569863e+01 2.824440595216387920e-02 2.012147810293813382e+04
5.578229290343351687e-01 6.039991417399757268e+01 5.841714572297257035e+01 3.941697747509487204e-02 2.931980338410126933e+04
6.365331115321660738e-01 6.281878626666573950e+01 6.048227934395859506e+01 5.260352586009003212e-02 3.128564449820341542e+04
7.152058371535838788e-01 6.253291350161820361e+01 6.009989314808289862e+01 6.455419154214002420e-02 3.605259531680374494e+04
7.938522421846891941e-01 6.626858799258597799e+01 6.365499800580162315e+01 7.674231003155461417e-02 3.741144628537049721e+04
8.724794443688169698e-01 7.314429558700123835e+01 7.025052526789191631e+01 9.073092395717069492e-02 4.048646245641786663e+04
9.510922062407737299e-01 7.956559143965925784e+01 7.636383602970533957e+01 1.011147255901825859e-01 4.433176572861997556e+04
1.029693835175838679e+00 8.145338506231668418e+01 7.810372247637867815e+01 1.217100846169596462e-01 4.539357012039755500e+04
1.108286699878543891e+00 9.121532123562712968e+01 8.770503747988610144e+01 1.374268311832871903e-01 4.703783270863958023e+04
1.186872541411916560e+00 8.825702595771754488e+01 8.481576696580508212e+01 1.584430294264865813e-01 4.989017845501309785e+04
1.265452668213572940e+00 9.226038400048651056e+01 8.878446171770556816e+01 1.726030599433372448e-01 5.257798912591977569e+04
1.344028082638708543e+00 9.694131961757372551e+01 9.291874926326752870e+01 1.946733965964415614e-01 5.706985649791184551e+04
1.422599565533279709e+00 1.001460723471591052e+02 9.630455809930029432e+01 2.056704528844059687e-01 5.664603922698934184e+04
1.501167734229200246e+00 1.022475184893437756e+02 9.799803018553491540e+01 2.439317483492124683e-01 5.973496243663844507e+04
1.579733083222462531e+00 1.060414485278980123e+02 1.016501038533063479e+02 2.613617293896055016e-01 6.457372120131160045e+04
1.658296013281593151e+00 1.008875843454265748e+02 9.675870063703504798e+01 2.776999225871537580e-01 6.498602928774801694e+04
1.736856852652245875e+00 1.052803205807137914e+02 1.007995502544468991e+02 3.127915023299128183e-01 6.536777056497214653e+04
1.815415872753641580e+00 1.004757772379104637e+02 9.614633649491221945e+01 3.312795375033444345e-01 6.805439650376439386e+04
1.893973299967037560e+00 1.051503968253306454e+02 1.007701261729952620e+02 3.619317536769314225e-01 7.058425985176854010e+04
1.972529324606241641e+00 9.970224569276139448e+01 9.509480149635508894e+01 3.884118445836388100e-01 7.373393986947507074e+04
2.051084107826015579e+00 1.006974869372780290e+02 9.618353429994256487e+01 4.250252709204330737e-01 7.562978519394400064e+04
2.129637787001040561e+00 1.005414168939801129e+02 9.559009238888455684e+01 4.636380428059241332e-01 7.904308514928955992e+04
2.208190479956450680e+00 9.711026711542334056e+01 9.228846722083629572e+01 4.988968359277960452e-01 8.006474412328080507e+04
2.286742288326184092e+00 9.445335022912084355e+01 8.972164131555052791e+01 5.134074435527808955e-01 8.030041582095444028e+04
2.365293300241981811e+00 9.274111656269117532e+01 8.791010134595190095e+01 5.533036438242848742e-01 8.099216311772560584e+04
2.443843592503681883e+00 9.117513354240681167e+01 8.641340739088541056e+01 5.786429684308064259e-01 8.487099396613842691e+04
2.522393232343909553e+00 8.871748075210636841e+01 8.379523448632446048e+01 6.337037055457401813e-01 8.714627279298494977e+04
2.600942278872942381e+00 8.517811489294527405e+01 8.002581605007178212e+01 6.759691001394420029e-01 9.058996443059261946e+04
2.679490784269383141e+00 8.240227239863288844e+01 7.738089595288467137e+01 7.081503767002564897e-01 8.977355654886580305e+04
2.758038794767343038e+00 8.051399150452613185e+01 7.543534851514473871e+01 7.411370368478467086e-01 9.256627951610759192e+04
2.836586351479573942e+00 7.711070912863912952e+01 7.185655713974206549e+01 7.939478255606480239e-01 9.634465743679356819e+04
2.915133491087511963e+00 7.528442962195198618e+01 7.009659710118218356e+01 8.237743791616293221e-01 9.525105730125076661e+04
2.993680246422668834e+00 7.475528275675482348e+01 6.942570377246821067e+01 8.698545764563264671e-01 9.600889318733281107e+04
3.072226646958827967e+00 7.048517062647853493e+01 6.500529318481494556e+01 9.247586615061409443e-01 1.001470758142417180e+05
3.150772719230606977e+00 6.808632686550610913e+01 6.278305469773243175e+01 9.594518750640640414e-01 1.008802649593479873e+05
3.229318487190934395e+00 6.645207300039167819e+01 6.114544259848675978e+01 1.005562449940396785e+00 1.002710754591598816e+05
3.307863972517584905e+00 6.352496860039823190e+01 5.822974029188381451e+01 1.053715451122393398e+00 1.025467761012243136e+05
3.386409194877053608e+00 6.341897523462432673e+01 5.797246689397133679e+01 1.105369804043268900e+00 1.056331412136276922e+05
3.464954172152534095e+00 6.199014086123800382e+01 5.637203838799756284e+01 1.145846691642155690e+00 1.069552065003853786e+05
3.543498920641575456e+00 6.039046235213337610e+01 5.482175830062595168e+01 1.206977799429158171e+00 1.093576983336519916e+05
3.622043455228019404e+00 5.966911290343422536e+01 5.402230568507098951e+01 1.244731574429182253e+00 1.101504770942358591e+05
3.700587789532037597e+00 5.784538831804528058e+01 5.209341742848010881e+01 1.305399464159418210e+00 1.122685099425002409e+05
3.779131936041457696e+00 5.766585875328114952e+01 5.202950085511851341e+01 1.375174761101138010e+00 1.130500385180075391e+05
3.857675906227046259e+00 5.680367270883157005e+01 5.104128841576275732e+01 1.386488021892135158e+00 1.145192680111487134e+05
3.936219710643986680e+00 5.559445221971527928e+01 4.969225502164986352e+01 1.479420572663932898e+00 1.164117765265701601e+05
4.014763359021444877e+00 5.562554896107512548e+01 4.937241824539693624e+01 1.529760151217706587e+00 1.158670835030213930e+05
4.093306860341824560e+00 5.470893908342668510e+01 4.843470396804095657e+01 1.594002214763005076e+00 1.193588767621802835e+05
4.171850222911064776e+00 5.383348737614421253e+01 4.752822012480550740e+01 1.650521030578836035e+00 1.195543881303037051e+05
4.250393454421145911e+00 5.312600409825227388e+01 4.687075688443234611e+01 1.696320806064023134e+00 1.194764091707935295e+05
4.328936562005788247e+00 5.326047393032801835e+01 4.681854130751955978e+01 1.762516211525749110e+00 1.236732713284574274e+05
4.407479552290201497e+00 5.313603994479087334e+01 4.658564035313263219e+01 1.823829895888153141e+00 1.241986482284184895e+05
4.486022431435594982e+00 5.250703133047568372e+01 4.587247550805824403e+01 1.873601766994527518e+00 1.244772630398963520e+05
4.564565205179107465e+00 5.215763923390534984e+01 4.545237521857222873e+01 1.947761372972925065e+00 1.269200936498617084e+05
4.643107878869670024e+00 5.232791933228624259e+01 4.551611405633839524e+01 2.004477929651031332e+00 1.286828632996684755e+05
4.721650457500300213e+00 5.111735219094794047e+01 4.441527994757883135e+01 2.062261611872378442e+00 1.286530659219497902e+05
4.800192945737217443e+00 5.191826062094753524e+01 4.466329613259308928e+01 2.144936577915771192e+00 1.310848358842250600e+05
4.878735347946150824e+00 5.183720142110702511e+01 4.461287894015882927e+01 2.187820950314572688e+00 1.322392968822968833e+05
4.957277668216146793e+00 5.197368154509045013e+01 4.473611468767030175e+01 2.288766274950773560e+00 1.328292276974794513e+05
5.035819910381144737e+00 5.197837203696388997e+01 4.470326241216251617e+01 2.343653391891355131e+00 1.330652360407680972e+05
5.114362078039562221e+00 5.134694682619191042e+01 4.379044535698627527e+01 2.418429613362619079e+00 1.353575269951655355e+05
5.192904174572115394e+00 5.155434671966092708e+01 4.387696750379753752e+01 2.483828850058283688e+00 1.367474076458144118e+05
5.271446203158030919e+00 5.172138358585248596e+01 4.390032271567042699e+01 2.575240865621234221e+00 1.384203016689501819e+05
5.349988166789838573e+00 5.176669140071121689e+01 4.400394152233250367e+01 2.620205231017131098e+00 1.383187783900280774e+05
5.428530068286878674e+00 5.165665847058008353e+01 4.357705670501731277e+01 2.718320096560493671e+00 1.406622627386296808e+05
5.507071910307648643e+00 5.118643272794697907e+01 4.323148192115505850e+01 2.757602234932333918e+00 1.406984879591405333e+05
5.585613695361120179e+00 5.149153613642978655e+01 4.322088138519326606e+01 2.902210063147279584e+00 1.441631371691333188e+05
5.664155425817094525e+00 5.125963941896620213e+01 4.308081801316791370e+01 2.962164551998327067e+00 1.435506125080280472e+05
5.742697103915729961e+00 5.125716776019363152e+01 4.291346215335716607e+01 3.001829948370440260e+00 1.446004906394144055e+05
5.821238731776284148e+00 5.114136489558551091e+01 4.269219687425808019e+01 3.073352332940089582e+00 1.457807502388901485e+05
5.899780311405160127e+00 5.082756997865038073e+01 4.238794309779931524e+01 3.170072350851106169e+00 1.464648440666560200e+05
5.978321844703323507e+00 5.112899119422861816e+01 4.257548438872810692e+01 3.209835974603299391e+00 1.469167757278848730e+05
6.056863333473133437e+00 5.107312651460731701e+01 4.238375950101132617e+01 3.300803751795677421e+00 1.495641300737878482e+05
6.135404779424661115e+00 5.064986740146157018e+01 4.177171994316084636e+01 3.446451025757824027e+00 1.514507437653645175e+05
6.213946184181517118e+00 5.086401221272427620e+01 4.199382593591472101e+01 3.499523929829674085e+00 1.518914611591937137e+05
6.292487549286247983e+00 5.110490127883601019e+01 4.202806241696310963e+01 3.562046259446669083e+00 1.534577468702154292e+05
6.371028876205335756e+00 5.083616117648773525e+01 4.171874332595884027e+01 3.670497729364761152e+00 1.521874269334882265e+05
6.449570166333828070e+00 5.054871257615843660e+01 4.155429316377567517e+01 3.768550346819886432e+00 1.559929485397511162e+05
6.528111420999634262e+00 5.077905453056275320e+01 4.153279458436533389e+01 3.844556001409218382e+00 1.557915777027338045e+05
6.606652641467518627e+00 5.017741099997037679e+01 4.088789568646335226e+01 3.956574361068700973e+00 1.567807070506657474e+05
6.685193828942805006e+00 5.075966425275296956e+01 4.120589842151459692e+01 4.019091683451980757e+00 1.565751342177390470e+05
6.763734984574836240e+00 5.015080528077854183e+01 4.085926614841530125e+01 4.089685902163809672e+00 1.566247461641942500e+05
6.842276109460177835e+00 4.997090517026158807e+01 4.043046637909110785e+01 4.197063798830966697e+00 1.587247930105081759e+05
6.920817204645620890e+00 4.952820019213737623e+01 4.015667800669552889e+01 4.266338564780160603e+00 1.593794835910099209e+05
6.999358271130968312e+00 5.055892516434339257e+01 4.080279769792384315e+01 4.395817736042204160e+00 1.610021575559768244e+05
7.077899309871646949e+00 4.981894868693186851e+01 4.012849618146218944e+01 4.483369090084233122e+00 1.634729508547536097e+05
7.156440321781138536e+00 4.984734193016624459e+01 4.016313904757458886e+01 4.555516854355384559e+00 1.621012050992393924e+05
7.234981307733260536e+00 4.991513852051196665e+01 3.986485869114801517e+01 4.728613955949710679e+00 1.634711113875404699e+05
7.313522268564292439e+00 4.938041688586033473e+01 3.950993525130294159e+01 4.775335451438420975e+00 1.630527475596264703e+05
7.392063205074973276e+00 4.976559595490565613e+01 3.973204782883307473e+01 4.857852479362888332e+00 1.634943834535798233e+05
7.470604118032365015e+00 4.915126578144766256e+01 3.922057313995019712e+01 4.979907475717207710e+00 1.654962444497936522e+05
7.549145008171610272e+00 4.962128748418230373e+01 3.959311357687369792e+01 5.060535886959709906e+00 1.660848526473278180e+05
7.627685876197570103e+00 4.949800507532658855e+01 3.936426136613636118e+01 5.194217273691021930e+00 1.674487420426989265e+05
7.706226722786373884e+00 4.947094307888892217e+01 3.917711348979297981e+01 5.264695877862097362e+00 1.678538728444974986e+05
7.784767548586863484e+00 4.935666232219855232e+01 3.908662586812048545e+01 5.367781927037061251e+00 1.676681618411077070e+05
7.863308354221953955e+00 4.929283953128844331e+01 3.893341215132645061e+01 5.413977416117146113e+00 1.686607374127621297e+05
7.941849140289923170e+00 4.963932179130837596e+01 3.911740595265652587e+01 5.566392800084280168e+00 1.684587894433895417e+05
8.020389907365611748e+00 4.941666949712150370e+01 3.895171069004088338e+01 5.651692236397156677e+00 1.718503722832978819e+05
8.098930656001561701e+00 4.881682190553205203e+01 3.829842066322384397e+01 5.790503893404720159e+00 1.718885727443767246e+05
8.177471386729090241e+00 4.898870672939482063e+01 3.853626692577395829e+01 5.857426487436600659e+00 1.718644551150027837e+05
8.256012100059292536e+00 4.914937318891869467e+01 3.846463201189407499e+01 5.992585866675098849e+00 1.726546427179726306e+05
8.334552796484000936e+00 4.847872328431743227e+01 3.794431116125790737e+01 6.078806941951174103e+00 1.735932986735615705e+05
8.413093476476680266e+00 4.922084401803744669e+01 3.825686593292469695e+01 6.197114395337535164e+00 1.741561775289311481e+05
8.491634140493276917e+00 4.895895702260976634e+01 3.808832466815415074e+01 6.292087992343864400e+00 1.741290737292274134e+05
8.570174788973028868e+00 4.873973652113886601e+01 3.773200258471180035e+01 6.449825334107626595e+00 1.748420506305254530e+05
8.648715422339215309e+00 4.899418689950726957e+01 3.805830626430213215e+01 6.510598161403979844e+00 1.762314005904479127e+05
8.727256040999876063e+00 4.875577335777699517e+01 3.778002475997577392e+01 6.590546195931493045e+00 1.766056823677817010e+05
8.805796645348495488e+00 4.882080912588283894e+01 3.779366152409195223e+01 6.729960779444624563e+00 1.762113196653563646e+05
8.884337235764643737e+00 4.884710210417424037e+01 3.759664029780712013e+01 6.853602839243097655e+00 1.767249868948486983e+05
8.962877812614589601e+00 4.887265360724111929e+01 3.766344720738782570e+01 6.985879946654646844e+00 1.770521609806829947e+05
9.041418376251867173e+00 4.896627177442873347e+01 3.765858217881886816e+01 7.056291519189330508e+00 1.791180326439632918e+05
9.119958927017840722e+00 4.840305922684374451e+01 3.727102858644003902e+01 7.174150014652297180e+00 1.798549097877850290e+05
9.198499465242209183e+00 4.858384135766760892e+01 3.726289823013564728e+01 7.345923550834090321e+00 1.797352824012915953e+05
9.277039991243508865e+00 4.863743422064796107e+01 3.714972568810365772e+01 7.441037564552618555e+00 1.800506525769142609e+05
9.355580505329580632e+00 4.879477558966680562e+01 3.726822895783221412e+01 7.578805477015668757e+00 1.809327439363857266e+05
9.434121007798012215e+00 4.869097047584481430e+01 3.708991336298796426e+01 7.664662794993359007e+00 1.812992696972098202e+05
9.512661498936562765e+00 4.901446917467394826e+01 3.736227029340824402e+01 7.810272885488680039e+00 1.821527401929219195e+05
9.591201979023569635e+00 4.863183550505475949e+01 3.699151941023696821e+01 7.905150796852725925e+00 1.825162903382786026e+05
9.669742448328321416e+00 4.833929337333596976e+01 3.665865210047184064e+01 8.060634138559546358e+00 1.817215217715068429e+05
9.748282907111432749e+00 4.868058457164412545e+01 3.682297709434391209e+01 8.161163356492243892e+00 1.840384391169530572e+05
9.826823355625185386e+00 4.849831761356806936e+01 3.670013048984135651e+01 8.253798748987076550e+00 1.831633205878866720e+05
9.905363794113858589e+00 4.861165291356024909e+01 3.669418886762841936e+01 8.419201027862532882e+00 1.837081292387139983e+05
9.983904222814045326e+00 4.853171651995961611e+01 3.663403463604876009e+01 8.559539630418299794e+00 1.841276163756000169e+05
1.006244464195495070e+01 4.880196772012129003e+01 3.684341265181350877e+01 8.669859972226465317e+00 1.851982161108357250e+05
1.014098505175868148e+01 4.829974214724968107e+01 3.646452914215252150e+01 8.787949139052891212e+00 1.841274440582991228e+05
1.021952545244051613e+01 4.863207552986104076e+01 3.646182476192705479e+01 8.910978562468681474e+00 1.859386086633715022e+05
1.029806584420916415e+01 4.844502193273505952e+01 3.639610596498712880e+01 9.111565021524482333e+00 1.870164195696967363e+05
1.037660622726701654e+01 4.838797883045604209e+01 3.628963648326745073e+01 9.175370080942306217e+00 1.865095533769336471e+05
1.045514660181038380e+01 4.872519804292296186e+01 3.642435432568299092e+01 9.342748856066833696e+00 1.858342571615641646e+05
1.053368696802971982e+01 4.851202440423715956e+01 3.632872892897130868e+01 9.435871253671750836e+00 1.871895696292340581e+05
1.061222732610984210e+01 4.850066999896020548e+01 3.618839019252985167e+01 9.557000573908029040e+00 1.884113802633742744e+05
1.069076767623013779e+01 4.839366258815254440e+01 3.616507429779020555e+01 9.720402739381651003e+00 1.889095543105390971e+05
1.076930801856475739e+01 4.885039396888691954e+01 3.639567185541241656e+01 9.878723477783621476e+00 1.889846702141077549e+05
1.084784835328281005e+01 4.879838581811299747e+01 3.632107883431539364e+01 1.000828819127055169e+01 1.886220201606307819e+05
1.092638868054854306e+01 4.848745177846060272e+01 3.602277477784318904e+01 1.011575059835343104e+01 1.888743286283703346e+05
1.100492900052151413e+01 4.861025885859397988e+01 3.612764943173194609e+01 1.031240515976650407e+01 1.895158683047774539e+05
1.108346931335675833e+01 4.890210474880564107e+01 3.630088585984216110e+01 1.040610982641951487e+01 1.888871319419429929e+05
1.116200961920494805e+01 4.860376445853883354e+01 3.596458239942926838e+01 1.055106582974267404e+01 1.898354773594141006e+05
1.124054991821254212e+01 4.850181747139139787e+01 3.582909643538230426e+01 1.064935684513806891e+01 1.894471256200656644e+05
1.131909021052193687e+01 4.870289635117129734e+01 3.596673265364858452e+01 1.082700315215732445e+01 1.904648049834919220e+05
1.139763049627160285e+01 4.851763139961354199e+01 3.595880764550135922e+01 1.091473715602721839e+01 1.901805287049024773e+05
1.147617077559622167e+01 4.887238755483677721e+01 3.600987852526571231e+01 1.111308652989347578e+01 1.909298455284819356e+05
1.155471104862680853e+01 4.868934308538967315e+01 3.590865659852644143e+01 1.122131540707487751e+01 1.914112207065990078e+05
1.163325131549084368e+01 4.852904252935143603e+01 3.574762318658815019e+01 1.139361712358360812e+01 1.917255369680338190e+05
1.171179157631238787e+01 4.875029012292161212e+01 3.591689235840380690e+01 1.151638158257214428e+01 1.907955882233471202e+05
1.179033183121219608e+01 4.873202854957190766e+01 3.590369394267458603e+01 1.168419143931639859e+01 1.916295817871950276e+05
1.186887208030782759e+01 4.840932112939893273e+01 3.557826585013629028e+01 1.183744828854704245e+01 1.917823188635763072e+05
1.194741232371374728e+01 4.894893891342299952e+01 3.576027880795565750e+01 1.202530416875508479e+01 1.928276631166920415e+05
1.202595256154143222e+01 4.859070440801924917e+01 3.569582558759829993e+01 1.209734789472119232e+01 1.917868749874524656e+05
1.210449279389946753e+01 4.876494170146990115e+01 3.568631040080928329e+01 1.230255096067640785e+01 1.930250273379884311e+05
1.218303302089363527e+01 4.861131113584986707e+01 3.556992534390060712e+01 1.244965933282862203e+01 1.923508799499324523e+05
1.226157324262700676e+01 4.870182450691937959e+01 3.570828931076499657e+01 1.251121402315696685e+01 1.933592093059897015e+05
1.234011345920003322e+01 4.875909133113803051e+01 3.551164904106459375e+01 1.272739272549305234e+01 1.934031602226636314e+05
1.241865367071062565e+01 4.825308908927744511e+01 3.525381138758902466e+01 1.288342188594738502e+01 1.939188694871446060e+05
1.249719387725422415e+01 4.878313318470215876e+01 3.557744339477378759e+01 1.300664938883207533e+01 1.937320337386048341e+05
1.257573407892389383e+01 4.874678872054008849e+01 3.557552174774176024e+01 1.317545353984881373e+01 1.935761606932123250e+05
1.265427427581038877e+01 4.862514745058913235e+01 3.540894773491238823e+01 1.334455785817508122e+01 1.937117827746098046e+05
1.273281446800221772e+01 4.849771228113831256e+01 3.537344315449681176e+01 1.350930766329137178e+01 1.934458917569369951e+05
1.281135465558572584e+01 4.861204827430492514e+01 3.539499657290774337e+01 1.373012646041879137e+01 1.946939033346254437e+05
1.288989483864514796e+01 4.847103732636154660e+01 3.525973150157447122e+01 1.385163721615925070e+01 1.948469277879532892e+05
1.296843501726268322e+01 4.883129002018849008e+01 3.549103672316984870e+01 1.401551455158939952e+01 1.944589334366208059e+05
1.304697519151855190e+01 4.874948764775000853e+01 3.546781933449446456e+01 1.417955115707556146e+01 1.943362673743353516e+05
1.312551536149104692e+01 4.876737986873490627e+01 3.534317399814410976e+01 1.434421796273304217e+01 1.949590153067733627e+05
1.320405552725660492e+01 4.862044416748338449e+01 3.530526790965046047e+01 1.446943069461018183e+01 1.948178120797644369e+05
1.328259568888985243e+01 4.864408401089818312e+01 3.526022855989488392e+01 1.470674454138276310e+01 1.947211946633603948e+05
1.336113584646366270e+01 4.860273170190941983e+01 3.515827932615709983e+01 1.487869206644500153e+01 1.953956854093238653e+05
1.343967600004920548e+01 4.841788998430752855e+01 3.514866066242354492e+01 1.504243943715787424e+01 1.952449395005943661e+05
1.351821614971599317e+01 4.848252128552780960e+01 3.511292673820106813e+01 1.516546388990321859e+01 1.952535869070197805e+05
1.359675629553193588e+01 4.843188777387561572e+01 3.518205903202892415e+01 1.535201132826408177e+01 1.952535722798574134e+05
1.367529643756338231e+01 4.826660317600100569e+01 3.496429849308916005e+01 1.548791071712851242e+01 1.951296201886623749e+05
1.375383657587516595e+01 4.875812160064734258e+01 3.525610815970851064e+01 1.572398946498761774e+01 1.958038227938876371e+05
1.383237671053064766e+01 4.856231175891463181e+01 3.515219959390292104e+01 1.588370358678285754e+01 1.958082504347834911e+05
1.391091684159175834e+01 4.853529163499180754e+01 3.506313584313570431e+01 1.608223807093783364e+01 1.962842524372348853e+05
1.398945696911903269e+01 4.841490668653965201e+01 3.514713569028780427e+01 1.617066392704376554e+01 1.955424286022669112e+05
1.406799709317166069e+01 4.827021302295096916e+01 3.489072858388374243e+01 1.635774469852891144e+01 1.966016266317491827e+05
1.414653721380751428e+01 4.855340298225157625e+01 3.503694908147262055e+01 1.659358567799333883e+01 1.967411732570207678e+05
1.422507733108318817e+01 4.857731367556238666e+01 3.511029939436445346e+01 1.679153877354535496e+01 1.960590883138329373e+05
1.430361744505403543e+01 4.845292505374079894e+01 3.509074508046232665e+01 1.688033465398660482e+01 1.962219318670839712e+05
1.438215755577419586e+01 4.828358232384189108e+01 3.485252184564451028e+01 1.707194737968132259e+01 1.970099443425589707e+05
1.446069766329663686e+01 4.827527142809500305e+01 3.492511738183017656e+01 1.722599245888142505e+01 1.964219137225098093e+05
1.453923776767318010e+01 4.844174911038118125e+01 3.487862431961888632e+01 1.752154291068396574e+01 1.970298703736048483e+05
1.461777786895453346e+01 4.835196403893722561e+01 3.492324780164311449e+01 1.760267139755796251e+01 1.967808525123471336e+05
1.469631796719032302e+01 4.843843652086268747e+01 3.509768615995302810e+01 1.785230956839565764e+01 1.962943501482943539e+05
1.477485806242911437e+01 4.833684021614350002e+01 3.483031759819306217e+01 1.799762940441577541e+01 1.969520731800012582e+05
1.485339815471844993e+01 4.834458296819908441e+01 3.500708388616458677e+01 1.813423763659311305e+01 1.964944581254103396e+05
1.493193824410487203e+01 4.822263684445817944e+01 3.488359400662758958e+01 1.840235760787962604e+01 1.971714946142944391e+05
1.501047833063394421e+01 4.828690887084217565e+01 3.490618420608132766e+01 1.859181231950206836e+01 1.973387955605425232e+05
1.508901841435028857e+01 4.847044312611151184e+01 3.510603863683071069e+01 1.875379685462833024e+01 1.972159219906973012e+05
1.516755849529759992e+01 4.857702993022071070e+01 3.496665857086760099e+01 1.911888091125910805e+01 1.983071344025185099e+05
1.524609857351867070e+01 4.833852125018189128e+01 3.489785507794044861e+01 1.918889357143730834e+01 1.973917549704725679e+05
1.532463864905541762e+01 4.828682895726199575e+01 3.495582088693326028e+01 1.931942636112383127e+01 1.969313270415547304e+05
1.540317872194890292e+01 4.830154841276551281e+01 3.490651139849598650e+01 1.959076761177088599e+01 1.978764078410383372e+05
1.548171879223935399e+01 4.818170368707895079e+01 3.480514885221054300e+01 1.968247331786585619e+01 1.974874735867165437e+05
1.556025885996618996e+01 4.842408312044717889e+01 3.500260594278623927e+01 1.998629337394150696e+01 1.988637731581279950e+05
1.563879892516803238e+01 4.849071339102532363e+01 3.516143180012900160e+01 2.014870518893377493e+01 1.981681503969458281e+05
1.571733898788273187e+01 4.825542708512239187e+01 3.502100716849244577e+01 2.030688158368700158e+01 1.975317781360166264e+05
1.579587904814739119e+01 4.838135494912816625e+01 3.504383498198068025e+01 2.058081715740232909e+01 1.987883326489142783e+05
1.587441910599837769e+01 4.843232129016929122e+01 3.506880556000028548e+01 2.076525038008610125e+01 1.976561544726807042e+05
1.595295916147133575e+01 4.835998177892533079e+01 3.507617381765956566e+01 2.095738012399435135e+01 1.986283112414294446e+05
1.603149921460121874e+01 4.844275794338584973e+01 3.513628059707632190e+01 2.111959402871235980e+01 1.988231342949739483e+05
1.611003926542229436e+01 4.856951263658554296e+01 3.506914459786920446e+01 2.144679318898841558e+01 1.996163325109728030e+05
1.618857931396816596e+01 4.841264834496906388e+01 3.511018829615463943e+01 2.160646462871915219e+01 1.991837999861623393e+05
1.626711936027179561e+01 4.854051909354090100e+01 3.528029234045931872e+01 2.180741816948529177e+01 1.991050693450717663e+05
1.634565940436549525e+01 4.862937241870528027e+01 3.526019967687238932e+01 2.204219676880495982e+01 1.992787702196494502e+05
1.642419944628097639e+01 4.861450309099295453e+01 3.533760081044466972e+01 2.228206004730207823e+01 1.989312952001382364e+05
1.650273948604932883e+01 4.850663608293373130e+01 3.530191443886509006e+01 2.247165486786760624e+01 1.989369971223951434e+05
1.658127952370107394e+01 4.858382877028061841e+01 3.531455881023114785e+01 2.276513033745472114e+01 2.000825938326907635e+05
1.665981955926614333e+01 4.870090243632053983e+01 3.533609367269277612e+01 2.303500030059505477e+01 2.002546836052598956e+05
1.673835959277390728e+01 4.869892846992866708e+01 3.534153706805722095e+01 2.318510696897758194e+01 2.001288794222893775e+05
1.681689962425318896e+01 4.868503558017444277e+01 3.530180364780434843e+01 2.348795016943589076e+01 2.004610854627082590e+05
1.689543965373228218e+01 4.885661093103395558e+01 3.549279714522077001e+01 2.369479980735929914e+01 2.014186148026444134e+05
1.697397968123895495e+01 4.876463052624775685e+01 3.552334210934708381e+01 2.383409893623399967e+01 2.008051691549516690e+05
1.705251970680045304e+01 4.868651011558048225e+01 3.541094510510195192e+01 2.404876760075899611e+01 2.006065568877646001e+05
1.713105973044353902e+01 4.871889364685279844e+01 3.563877541538532512e+01 2.431060632008373545e+01 2.009625482752120588e+05
1.720959975219447102e+01 4.897990766623775016e+01 3.569274008731780157e+01 2.449560742830938054e+01 2.010349194046472840e+05
1.728813977207903463e+01 4.892450556855052923e+01 3.579597027664627973e+01 2.481444039172165361e+01 2.018228182764060330e+05
1.736667979012256424e+01 4.896826784079103589e+01 3.580913847154477736e+01 2.500217772121213500e+01 2.019258020436890074e+05
1.744521980634991110e+01 4.911756707884212858e+01 3.579973773658895198e+01 2.523833849238110361e+01 2.023846026345218706e+05
1.752375982078550365e+01 4.897360758069311260e+01 3.584646661023721492e+01 2.551228146209074765e+01 2.024440399373998516e+05
1.760229983345331917e+01 4.913271229388745098e+01 3.595560222887994684e+01 2.573434306637379265e+01 2.026227079332976136e+05
1.768083984437692635e+01 4.930989447597690400e+01 3.606743974143026321e+01 2.603259438499863876e+01 2.032322982041486539e+05
1.775937985357945692e+01 4.928834249026498071e+01 3.606605965776239486e+01 2.620149094801773870e+01 2.036139231962281046e+05
1.783791986108364824e+01 4.957314503667177519e+01 3.628077634192513301e+01 2.651957383062351070e+01 2.040871304511831549e+05
1.791645986691183268e+01 4.939159140773969625e+01 3.627066353086857475e+01 2.676612350339919644e+01 2.038340928369584435e+05
1.799499987108595889e+01 4.933953867997700371e+01 3.638022820636128074e+01 2.707615701395465635e+01 2.042553226731979230e+05
1.807353987362759185e+01 4.958447118190987624e+01 3.653133408391193626e+01 2.727174201330685932e+01 2.049810978243044228e+05
1.815207987455791638e+01 4.961798538461548702e+01 3.651223504312310553e+01 2.753157908085933059e+01 2.056513559277476452e+05
1.823061987389775851e+01 4.982797244453399799e+01 3.664065894934488909e+01 2.789255838363069628e+01 2.056096638392384921e+05
1.830915987166758541e+01 4.982494168756225150e+01 3.672350576928018739e+01 2.813467758625251491e+01 2.062014725011558621e+05
1.838769986788751964e+01 5.007270232542934707e+01 3.681724903869319121e+01 2.837987800580850717e+01 2.066745546657413070e+05
1.846623986257733563e+01 4.981274869457838861e+01 3.677850006118708848e+01 2.862444623274745936e+01 2.068507879879356478e+05
1.854477985575647381e+01 5.013280764781946885e+01 3.711844296780464703e+01 2.889994460769116813e+01 2.070007834269642481e+05
1.862331984744404423e+01 5.032211686134936457e+01 3.714637883345974245e+01 2.916334982549682664e+01 2.079563220710357127e+05
1.870185983765884075e+01 5.032586180540968002e+01 3.727129382549577485e+01 2.953513015872738379e+01 2.085652041653758497e+05
1.878039982641934458e+01 5.035286268645326402e+01 3.736814725066401621e+01 2.976923721147423052e+01 2.093286849239700241e+05
1.885893981374372075e+01 5.064719835434085127e+01 3.755285489402465515e+01 3.015498654604612483e+01 2.101107064659350435e+05
1.893747979964983941e+01 5.074323261040620991e+01 3.757925495429259399e+01 3.029531262163441241e+01 2.102165515368812485e+05
1.901601978415527228e+01 5.083681289648924917e+01 3.777682150883217105e+01 3.055296559191186390e+01 2.109760868129851006e+05
1.909455976727730331e+01 5.108883300896002311e+01 3.795881250806748852e+01 3.089183012894421054e+01 2.111319982932622079e+05
1.917309974903293579e+01 5.102889132686512852e+01 3.795041480617575758e+01 3.119154407934352946e+01 2.121724994061562757e+05
1.925163972943889235e+01 5.102472462305316725e+01 3.811463025038515440e+01 3.144889723466364018e+01 2.116504779172505077e+05
1.933017970851161849e+01 5.141123216211170188e+01 3.832226308439190632e+01 3.183706204080553448e+01 2.137903736887134728e+05
1.940871968626730748e+01 5.163767574493463997e+01 3.855471735646267462e+01 3.214480572805534564e+01 2.146859187692897103e+05
1.948725966272188259e+01 5.179996807110898516e+01 3.865144289894373486e+01 3.240298643056473793e+01 2.152202723178424640e+05
1.956579963789100773e+01 5.186148965081336115e+01 3.878901251335847178e+01 3.266402155499996240e+01 2.153036401937461051e+05
1.964433961179010524e+01 5.191485277858442515e+01 3.880044040489935497e+01 3.295857593145055375e+01 2.163327256100472005e+05
1.972287958443434519e+01 5.223910432509617152e+01 3.912699651663189826e+01 3.337667895227849613e+01 2.173411290649680886e+05
1.980141955583865965e+01 5.248152472321287121e+01 3.938888480364143874e+01 3.357502392173702788e+01 2.176243770441929228e+05
1.987995952601774619e+01 5.250594931661199638e+01 3.948883200850386999e+01 3.393626690787733224e+01 2.185447681785217428e+05
1.995849949498606790e+01 5.277963755345827224e+01 3.957999782615155482e+01 3.418565031371512219e+01 2.195454271311431075e+05
2.003703946275786052e+01 5.276002131961648445e+01 3.963015071122894994e+01 3.439163774064952150e+01 2.197310192297913891e+05
2.011557942934713950e+01 5.302910850418906108e+01 3.989077528410311402e+01 3.485096968348049273e+01 2.206924589013845252e+05
2.019411939476770712e+01 5.323476580838597272e+01 4.007252096490208970e+01 3.522700427186544658e+01 2.216935354741620831e+05
2.027265935903314542e+01 5.315134855475302089e+01 4.014346104365193924e+01 3.542260720222962789e+01 2.211969246685457474e+05
2.035119932215682326e+01 5.315187838304700563e+01 4.024650661149203046e+01 3.576382819701010618e+01 2.210807388335097930e+05
2.042973928415191054e+01 5.303884570012502309e+01 4.018657621655660250e+01 3.595670959312771231e+01 2.204801333238900697e+05
2.050827924503137467e+01 5.313647036782561628e+01 4.035279532014118331e+01 3.635988375991306043e+01 2.213057224697716883e+05
2.058681920480798766e+01 5.328546386833482273e+01 4.036025450875805376e+01 3.657988445719802684e+01 2.215177544722828316e+05
2.066535916349431901e+01 5.323520004577904530e+01 4.061424629570471012e+01 3.691971067404706730e+01 2.212690953288403980e+05
2.074389912110275347e+01 5.320019996455502564e+01 4.043658789946224630e+01 3.708241015415288189e+01 2.220630142093373288e+05
2.082243907764548752e+01 5.307543607294384458e+01 4.069416077719674973e+01 3.732612366686836936e+01 2.215147305810161342e+05
2.090097903313453642e+01 5.323156575674057933e+01 4.062450260979852601e+01 3.769580206632011254e+01 2.220825896237303677e+05
2.097951898758173783e+01 5.327019092588871985e+01 4.076936349884245914e+01 3.799210276885484916e+01 2.218347572255315317e+05
2.105805894099874109e+01 5.318098344310589454e+01 4.082764572120371582e+01 3.820353159019916234e+01 2.216827120024699252e+05
2.113659889339703568e+01 5.324156459839391431e+01 4.099626483074214889e+01 3.866021964673948474e+01 2.219318384599165001e+05
2.121513884478793344e+01 5.316232641839670947e+01 4.109222515318180058e+01 3.898802044014825441e+01 2.223466250832094811e+05
2.129367879518258277e+01 5.321886846802163262e+01 4.113637640120943217e+01 3.926174862577400404e+01 2.219933830850789382e+05
2.137221874459196869e+01 5.332504979658198607e+01 4.135777936789367715e+01 3.969163861463444931e+01 2.222500958485059673e+05
2.145075869302691274e+01 5.315578823557287080e+01 4.112442655957941895e+01 3.990423200795319758e+01 2.223145217132424004e+05
2.152929864049807307e+01 5.323253079485206030e+01 4.135681694083984183e+01 4.011266152587557343e+01 2.227335259524005523e+05
2.160783858701596571e+01 5.341450714340681571e+01 4.146520066530173665e+01 4.060100731531280616e+01 2.231090094329867861e+05
2.168637853259094683e+01 5.320634438300297120e+01 4.159077222789038331e+01 4.068259070249895615e+01 2.222093936307710246e+05
2.176491847723321982e+01 5.332614690728343021e+01 4.173567843856572068e+01 4.119142878086852733e+01 2.232232758263019787e+05
2.184345842095285306e+01 5.329264022283751956e+01 4.180185675876393248e+01 4.147487554415456401e+01 2.233625705215941707e+05
2.192199836375975508e+01 5.344821701248414314e+01 4.199984682553684934e+01 4.186489751450896790e+01 2.236150335032469593e+05
2.200053830566371005e+01 5.348556064849571356e+01 4.214218244854381368e+01 4.209507726164174812e+01 2.234086830532687018e+05
2.207907824667434582e+01 5.343136045744096663e+01 4.208498237803922137e+01 4.242931578026685457e+01 2.233834397281504353e+05
2.215761818680116590e+01 5.322855056039046673e+01 4.207971957040190603e+01 4.258080865563114514e+01 2.232704751170990057e+05
2.223615812605353526e+01 5.341479749999237470e+01 4.222435857420700245e+01 4.289862055055640155e+01 2.235460934485063772e+05
2.231469806444068738e+01 5.369942203203064679e+01 4.250124875913348177e+01 4.337419420800974734e+01 2.244069363787909097e+05
2.239323800197172432e+01 5.351355141295129414e+01 4.254013958649310467e+01 4.364932341316741571e+01 2.245695095161601785e+05
2.247177793865562023e+01 5.361706998090176768e+01 4.255643800820588751e+01 4.401581238980364219e+01 2.249176115189714474e+05
2.255031787450123204e+01 5.356834666002948353e+01 4.265198780149495406e+01 4.437420603326724944e+01 2.242979290221461561e+05
2.262885780951728165e+01 5.372111798059480492e+01 4.294730835546952363e+01 4.474720187318457931e+01 2.255105549964050588e+05
2.270739774371238440e+01 5.372734507866267961e+01 4.302256456348724356e+01 4.494488419561689341e+01 2.248919800686481467e+05
2.278593767709502771e+01 5.373188096971164640e+01 4.304454541386568422e+01 4.538032847298224937e+01 2.255814174082181416e+05
2.286447760967358178e+01 5.373275830733237513e+01 4.321765976114321717e+01 4.547392467680192851e+01 2.256601730381989328e+05
2.294301754145629957e+01 5.387209670617443891e+01 4.320574795768621357e+01 4.594169047325154054e+01 2.264643070619732316e+05
2.302155747245133455e+01 5.394799386596353230e+01 4.351901522687380464e+01 4.641209172318765752e+01 2.267353641533109476e+05
2.310009740266672296e+01 5.384961702888386981e+01 4.354969509683391493e+01 4.661818906663573614e+01 2.266359207745628373e+05
2.317863733211038380e+01 5.401859173966536076e+01 4.369348871742542428e+01 4.701148863136937450e+01 2.272241957320376241e+05
2.325717726079013303e+01 5.389687072202577411e+01 4.389285310373357873e+01 4.735530399692868286e+01 2.265541060983181524e+05
2.333571718871368716e+01 5.414728842792209207e+01 4.407146002315818123e+01 4.779678045178852841e+01 2.277981973535172583e+05
2.341425711588865965e+01 5.397777876451454659e+01 4.419571057368742117e+01 4.806207373558680729e+01 2.275869173299054673e+05
2.349279704232255384e+01 5.411215003947713598e+01 4.440241400582885944e+01 4.857000616290461892e+01 2.280351457253099652e+05
2.357133696802278067e+01 5.432513239125078996e+01 4.446584499294817050e+01 4.884380381096351442e+01 2.285164849112338561e+05
2.364987689299664453e+01 5.418795808882561005e+01 4.457645063770740990e+01 4.929981809582709218e+01 2.285961800099709944e+05
2.372841681725136453e+01 5.448207339346866718e+01 4.472206454552732424e+01 4.942286057351515893e+01 2.291532483131442277e+05
2.380695674079405322e+01 5.449271717101736101e+01 4.479811915982519821e+01 4.988453027794001571e+01 2.286712393918097659e+05
2.388549666363174140e+01 5.465964650645573641e+01 4.492951064286336305e+01 5.028442800523114187e+01 2.297716673277799273e+05
2.396403658577134976e+01 5.450422149600448307e+01 4.517868481659331792e+01 5.053186865804739369e+01 2.298236863322497811e+05
2.404257650721972439e+01 5.475336553075367618e+01 4.539493416763113487e+01 5.095239243699431597e+01 2.300807353106736846e+05
2.412111642798362254e+01 5.466519811093770187e+01 4.558371759555092950e+01 5.142387649670571648e+01 2.303674205152799259e+05
2.419965634806970556e+01 5.456671324449105498e+01 4.570951148421421095e+01 5.171267025136813089e+01 2.301711809183568985e+05
2.427819626748454596e+01 5.501454866537714139e+01 4.592136214541514505e+01 5.207837048537703595e+01 2.309207427640686801e+05
2.435673618623464520e+01 5.480730283578255069e+01 4.595589733571711122e+01 5.253731137682905228e+01 2.314606084332008613e+05
2.443527610432640529e+01 5.510995696683085754e+01 4.625216178529836952e+01 5.278016199228972027e+01 2.320426092605956364e+05
2.451381602176616425e+01 5.533144214954946705e+01 4.636306697554508816e+01 5.350339306158732455e+01 2.328658083583571424e+05
2.459235593856016067e+01 5.526272711721060915e+01 4.642860765826104341e+01 5.374169768672052072e+01 2.332973940683140245e+05
2.467089585471456203e+01 5.525379571335227524e+01 4.664496535185944026e+01 5.401164700730456758e+01 2.335245573482252366e+05
2.474943577023546126e+01 5.535923335144553903e+01 4.675451951028266251e+01 5.440650522161674019e+01 2.335517727105919039e+05
2.482797568512887310e+01 5.564294357793335166e+01 4.694052683280462190e+01 5.476960894725345952e+01 2.348841620310066210e+05
2.490651559940072346e+01 5.575991873022807965e+01 4.723861145358313962e+01 5.549333885180804060e+01 2.355843877347434172e+05
2.498505551305688144e+01 5.576331845504678597e+01 4.743308244945570351e+01 5.584097849490136412e+01 2.349358765131386463e+05
2.506359542610313440e+01 5.554501424474045734e+01 4.757320275686199551e+01 5.597932433409299335e+01 2.347014634558747348e+05
2.514213533854519511e+01 5.590210849496319412e+01 4.783978794832398762e+01 5.667011798767032360e+01 2.367358878549343499e+05
2.522067525038871239e+01 5.605607314142653053e+01 4.806151072580558292e+01 5.712844826786283647e+01 2.363572821058445843e+05
2.529921516163925688e+01 5.597739789008770828e+01 4.821241250932850875e+01 5.758046027512392584e+01 2.367059768074812600e+05
2.537775507230233529e+01 5.612220441549060723e+01 4.825077541543204518e+01 5.767632144811622652e+01 2.372394531279010407e+05
2.545629498238338684e+01 5.641898597063447340e+01 4.855234069594660440e+01 5.819316606763839417e+01 2.385512470669671020e+05
2.553483489188777966e+01 5.648198163702764418e+01 4.897908396997051739e+01 5.885891470502958356e+01 2.392523380832119146e+05
2.561337480082082152e+01 5.653678427473405321e+01 4.907563483303458440e+01 5.882703430703114122e+01 2.389060379176029528e+05
2.569191470918774911e+01 5.647080477517589969e+01 4.917618208733054530e+01 5.932698072434428127e+01 2.394041503986159223e+05
2.577045461699373874e+01 5.683491259499037085e+01 4.944305956261529644e+01 5.994064761969482191e+01 2.397882591091449722e+05
2.584899452424390631e+01 5.655756980208207807e+01 4.961399600906609919e+01 6.034138096170348575e+01 2.403538690487462445e+05
2.592753443094329668e+01 5.682513762185646300e+01 4.977722729211857455e+01 6.099340292573000255e+01 2.411015711107293318e+05
2.600607433709690852e+01 5.722291480921325757e+01 5.000020868476135405e+01 6.131761660820974669e+01 2.425139399503862078e+05
2.608461424270966944e+01 5.742038548435279921e+01 5.047825824973647713e+01 6.176926402215405432e+01 2.431351088454497512e+05
2.616315414778644310e+01 5.745750393000842848e+01 5.070556575423069035e+01 6.224717780869141137e+01 2.433659029835215770e+05
2.624169405233205055e+01 5.750836239017561269e+01 5.077474414566472660e+01 6.258428379006853248e+01 2.453905754135327588e+05
2.632023395635124174e+01 5.773378569391410053e+01 5.099345613984020531e+01 6.310514444227545283e+01 2.455605794803231547e+05
2.639877385984871694e+01 5.759289036963772901e+01 5.116599272326119063e+01 6.346750194202301287e+01 2.457610776473315782e+05
2.647731376282911953e+01 5.808896231335847204e+01 5.167514415894681434e+01 6.431027775435069316e+01 2.456402420323993429e+05
2.655585366529703606e+01 5.794401852911819617e+01 5.152008169646668279e+01 6.450665670391479978e+01 2.457492998192016385e+05
2.663439356725699980e+01 5.840233382149408214e+01 5.209384522407098927e+01 6.507200305457709533e+01 2.478283079218099301e+05
2.671293346871349428e+01 5.831549805586326585e+01 5.211159079985925757e+01 6.547485375689481657e+01 2.482682007206244452e+05
2.679147336967094617e+01 5.832416218162529731e+01 5.247884129658774555e+01 6.598151150653686159e+01 2.488247991997286445e+05
2.687001327013372531e+01 5.890509725022358367e+01 5.247925386337723097e+01 6.661595016606345609e+01 2.508440530781848938e+05
2.694855317010616602e+01 5.866777539604996861e+01 5.300193229135923900e+01 6.667732800026770690e+01 2.500782968149569933e+05
2.702709306959254221e+01 5.913192545782469978e+01 5.316451686759897655e+01 6.717111241902848917e+01 2.517657687244663539e+05
2.710563296859707094e+01 5.916891912675404797e+01 5.336219518374673498e+01 6.805044676730831554e+01 2.518683075072802312e+05
2.718417286712393377e+01 5.937082125857780568e+01 5.370398186513835981e+01 6.860070630683699733e+01 2.529211184491445019e+05
2.726271276517725894e+01 5.959461796548420409e+01 5.368390262752129161e+01 6.863568354629472879e+01 2.536881435662335425e+05
2.734125266276112498e+01 5.928473822789930381e+01 5.417910768615399775e+01 6.904944342181697436e+01 2.538034350027453620e+05
2.741979255987956776e+01 5.938304002294499639e+01 5.434255391561296022e+01 6.961320047938255584e+01 2.539639304815526411e+05
2.749833245653658054e+01 5.972190581965851663e+01 5.444106930982978554e+01 7.011445833695599106e+01 2.545084862111711118e+05
2.757687235273609616e+01 5.998153799357879734e+01 5.466767010918462688e+01 7.052938190922586159e+01 2.558302909219988214e+05
2.765541224848202262e+01 6.002840333219874225e+01 5.505380287275620077e+01 7.077500978827586664e+01 2.561329816158100730e+05
2.773395214377820395e+01 6.022307763387399149e+01 5.532338447385703262e+01 7.149329353849506674e+01 2.577396558077071095e+05
2.781249203862845576e+01 6.013726148324297327e+01 5.529748824835446186e+01 7.185972180588004221e+01 2.574624908385924355e+05
2.789103193303654038e+01 6.014634129709912003e+01 5.568607926852892120e+01 7.251305695089834558e+01 2.578183589134002686e+05
2.796957182700618816e+01 6.041462374797703205e+01 5.593031255896189435e+01 7.298359232821854903e+01 2.578839499652321392e+05
2.804811172054107615e+01 6.022025020118263683e+01 5.597035726794948118e+01 7.295391282127145871e+01 2.568554885176761600e+05
2.812665161364485655e+01 5.995206315705662092e+01 5.607127257129447884e+01 7.315451977124340033e+01 2.572165156119113090e+05
2.820519150632112115e+01 6.014999154324073771e+01 5.683711019979397605e+01 7.370889785811844774e+01 2.567816647571698413e+05
2.828373139857343332e+01 6.012530415277700513e+01 5.689850006957743744e+01 7.431522576754468901e+01 2.584671595187856001e+05
2.836227129040531736e+01 5.999265353278720170e+01 5.698100888563327970e+01 7.473999336436054364e+01 2.585819227348927816e+05
2.844081118182025847e+01 6.004289319451677187e+01 5.653638111575580893e+01 7.530423342078350402e+01 2.593887355419480591e+05
2.851935107282169923e+01 5.988162515064164637e+01 5.702179904262695231e+01 7.547098247212473154e+01 2.574007495831147244e+05
2.859789096341304315e+01 6.015462755873772949e+01 5.708347640127841771e+01 7.598632913194822436e+01 2.576330684865386866e+05
2.867643085359765820e+01 5.993250535559261749e+01 5.744951725957623978e+01 7.619065537082882145e+01 2.588225057329898409e+05
2.875497074337888392e+01 5.972215512529533754e+01 5.766370402252806571e+01 7.692659911213908686e+01 2.575799457574599655e+05
2.883351063276001369e+01 5.977850824911861594e+01 5.763233654465659583e+01 7.707902443226151945e+01 2.587660932694929361e+05
2.891205052174430890e+01 5.995076434035271973e+01 5.787674499455296484e+01 7.853132952385180943e+01 2.602181040238448186e+05
2.899059041033499184e+01 5.985156674137135724e+01 5.847143726490592286e+01 7.835140883177044202e+01 2.590010512256845250e+05
2.906913029853525643e+01 6.013636879395865975e+01 5.874424678632593100e+01 7.947685074351973356e+01 2.596486175125330046e+05
2.914767018634825746e+01 6.029381563043659042e+01 5.879591187516970763e+01 7.934279309515446243e+01 2.596949344717241474e+05
2.922621007377712132e+01 6.035423966588216160e+01 5.880824102233350459e+01 8.006846113245231322e+01 2.594396207246870326e+05
2.930474996082492822e+01 6.064121488638216562e+01 5.923356927389887261e+01 8.059999417171160019e+01 2.622090583714787499e+05
2.938328984749474060e+01 6.057748769858147142e+01 5.936864681972618030e+01 8.125843073630827007e+01 2.620208350805970549e+05
2.946182973378957826e+01 6.019495039383483004e+01 5.952878311893815777e+01 8.106970376402740897e+01 2.612178314011277398e+05
2.954036961971243258e+01 6.069099881337546520e+01 5.997636220715233435e+01 8.239564574122266549e+01 2.619580346925097110e+05
2.961890950526625943e+01 6.066057047164042615e+01 5.975844128918773634e+01 8.223162204774470752e+01 2.635191106848857598e+05
2.969744939045398979e+01 6.072334882374210707e+01 6.039047161309413525e+01 8.300435753543048634e+01 2.621338259880946134e+05
2.977598927527852268e+01 6.067065193642544330e+01 6.065666126412074277e+01 8.334426961119474697e+01 2.636933649389283964e+05
2.985452915974272159e+01 6.098408298818466022e+01 6.111308969586244189e+01 8.427979440513769305e+01 2.656202631975514814e+05
2.993306904384942868e+01 6.129959138872499125e+01 6.124932067985115225e+01 8.413897818571570042e+01 2.643810134871960618e+05
3.001160892760143994e+01 6.134724536351347268e+01 6.118522916539439649e+01 8.554208315060425605e+01 2.655359297192376689e+05
3.009014881100154071e+01 6.222691793773128666e+01 6.146446025460268459e+01 8.579300242094409157e+01 2.688075378195184167e+05
3.016868869405248077e+01 6.188122350836892593e+01 6.140817856980122968e+01 8.629187915706538092e+01 2.683596009289901122e+05
3.024722857675697441e+01 6.175454075055252900e+01 6.211417543412563447e+01 8.690492212576799602e+01 2.698023124889038736e+05
3.032576845911771457e+01 6.214840962528776203e+01 6.230816347159553459e+01 8.709202312780091404e+01 2.712866654186096275e+05
3.040430834113736580e+01 6.204744658566348647e+01 6.213916131905396156e+01 8.744296002818107638e+01 2.694391722351190401e+05
3.048284822281856421e+01 6.254234379316460490e+01 6.358700042322648471e+01 8.874474559446254318e+01 2.711988192201797501e+05
3.056138810416392460e+01 6.319154597895369818e+01 6.284719876716072662e+01 8.893084697856674836e+01 2.732466714417161420e+05
3.063992798517602267e+01 6.241871952849869132e+01 6.354854634133258884e+01 8.948613919758187762e+01 2.711485662480629981e+05
3.071846786585741640e+01 6.242579417555471366e+01 6.433338063700428222e+01 9.029740701523469681e+01 2.724305471570118680e+05
3.079700774621063886e+01 6.327895119939243074e+01 6.435699952867025786e+01 8.995248291217792769e+01 2.745211377404859522e+05
3.087554762623818760e+01 6.320234334528974784e+01 6.472718894625177199e+01 9.095588566396116903e+01 2.739749991555619054e+05
3.095408750594254599e+01 6.345045095394319645e+01 6.540732519403185563e+01 9.281268815994758370e+01 2.762917855920569855e+05
3.103262738532617249e+01 6.378280407680065878e+01 6.577696802119028519e+01 9.323815719754085762e+01 2.761417370428319555e+05
3.111116726439149005e+01 6.402809898691269552e+01 6.543067238225616222e+01 9.358064711473544151e+01 2.768303002259603818e+05
3.118970714314090387e+01 6.404287996067522215e+01 6.543033387266390832e+01 9.289460546686586895e+01 2.806073798601292656e+05
3.126824702157679781e+01 6.412136122144907802e+01 6.625082824078937449e+01 9.301009419757943419e+01 2.785027045818536426e+05
3.134678689970152377e+01 6.439423164116180942e+01 6.695311307023445124e+01 9.465136526651873794e+01 2.807558087621334707e+05
3.142532677751741588e+01 6.546712094344819377e+01 6.746222421004837599e+01 9.643891692949871697e+01 2.838102652213397669e+05
3.150386665502678696e+01 6.485182070589451087e+01 6.752008350380079094e+01 9.663470749047742459e+01 2.872189439472095692e+05
3.158240653223192140e+01 6.579640345831305126e+01 6.736355396462856504e+01 9.660068101541159535e+01 2.873067655984023586e+05
3.166094640913508229e+01 6.576054155412404612e+01 6.817838241562425594e+01 9.725008855171552113e+01 2.897898168572982540e+05
3.173948628573851494e+01 6.622823307596789277e+01 6.848143038890596301e+01 9.886224931116237258e+01 2.895785602751908009e+05
3.181802616204443623e+01 6.544499289033393552e+01 6.932639966101088191e+01 9.793864656924226608e+01 2.889327272267753724e+05
3.189656603805504531e+01 6.613046193818797747e+01 6.991023649158449871e+01 9.994893349706835295e+01 2.896747239247690886e+05
3.197510591377251998e+01 6.707161174435958628e+01 7.058492007741499208e+01 1.017141068130345900e+02 2.930604125128571759e+05
3.205364578919900964e+01 6.735978784532314023e+01 6.919791068198753692e+01 9.900487377034724545e+01 2.936795891533754766e+05
3.213218566433665302e+01 6.703406223887742499e+01 7.074259950000843844e+01 1.011423610026053268e+02 2.944457328851784114e+05
3.221072553918755688e+01 6.679655046296612397e+01 6.991768924338467173e+01 1.019374561963611683e+02 2.952622187404236756e+05
3.228926541375382442e+01 6.735869988293602262e+01 7.174625677447330929e+01 1.028628244811917796e+02 2.951165326478502247e+05
3.236780528803751622e+01 6.680098405296082831e+01 7.340046827475099178e+01 1.021114333105809777e+02 2.928789001873157686e+05
3.244634516204068575e+01 6.792336223132461726e+01 7.230762035136882560e+01 1.040698733192314478e+02 2.998274411299551139e+05
3.252488503576537227e+01 6.865004762915461356e+01 7.282899385847107965e+01 1.058394149121504171e+02 3.011600563270112034e+05
3.260342490921358660e+01 6.867611466719648661e+01 7.282272638041924040e+01 1.072775703608379274e+02 3.062036157504660077e+05
3.268196478238731828e+01 6.872815371394942474e+01 7.132556831682131815e+01 1.039557373384395049e+02 3.025884325802738895e+05
3.276050465528854261e+01 6.988448257119179630e+01 7.321189804048707117e+01 1.067435233603111158e+02 3.075677821561998571e+05
3.283904452791921358e+01 6.976072644952846247e+01 7.384272928870871056e+01 1.070073495677798547e+02 2.992903812128985301e+05
3.291758440028127097e+01 7.102469340699548184e+01 7.380120449005643479e+01 1.078722293788217144e+02 3.094594835188518628e+05
3.299612427237663326e+01 7.037685388848986179e+01 7.575103571177878337e+01 1.081369863237373181e+02 3.074751365430796868e+05
3.307466414420719758e+01 6.906947357898826567e+01 7.461323643014794982e+01 1.071985328936603850e+02 3.041266305164134828e+05
3.315320401577483977e+01 7.045443259165503491e+01 7.611546457683733991e+01 1.118714318502671432e+02 3.126739691130548017e+05
3.323174388708143567e+01 7.021283331025026087e+01 7.549494425676576270e+01 1.093971529632926973e+02 3.080763355490438989e+05
3.331028375812883269e+01 6.987991966746925243e+01 7.520665536479668845e+01 1.102619637481412838e+02 3.131195374884561752e+05
3.338882362891884981e+01 7.120409293179301358e+01 7.885732466747225544e+01 1.145146049431128858e+02 3.152232359585626982e+05
3.346736349945329891e+01 7.190259429645442424e+01 7.759684990389878578e+01 1.150706580693807695e+02 3.127924995577047812e+05
3.354590336973399189e+01 7.163264503328582578e+01 7.905431610805828768e+01 1.136935726267420250e+02 3.189575534551567980e+05
3.362444323976268379e+01 7.415281476025292307e+01 7.910890274222539631e+01 1.183729118955028241e+02 3.227497578822096111e+05
3.370298310954115806e+01 7.262214478241203608e+01 7.988772392220911911e+01 1.144175359198507351e+02 3.209585238582917955e+05
3.378152297907114132e+01 7.252792942963800726e+01 8.297573207906604864e+01 1.166164280656494725e+02 3.145468647129525198e+05
3.386006284835436730e+01 7.360495801341753008e+01 7.939261356827103100e+01 1.224006760034179422e+02 3.237822118287895573e+05
3.393860271739255552e+01 7.302934496236869677e+01 7.846392318325827375e+01 1.190236950725688843e+02 3.161487075653233915e+05
3.401714258618739706e+01 7.098685992505905062e+01 8.178519146556494945e+01 1.236170560044242563e+02 3.225822760505324113e+05
3.409568245474058301e+01 7.798610672991873116e+01 8.108029203459506107e+01 1.207197637253109974e+02 3.415243254679217935e+05
3.417422232305376895e+01 7.558097119971333200e+01 8.531524198959426997e+01 1.225540284928163430e+02 3.508479427779279067e+05
3.425276219112861043e+01 7.905309779156077354e+01 8.557030564848372478e+01 1.315338313605070937e+02 3.669531852331497939e+05
3.433130205896674880e+01 7.977254874251228500e+01 7.817821300437397269e+01 1.320510571009301941e+02 3.570287974909892073e+05
3.440984192656979701e+01 7.657844779914276501e+01 8.851591455086273186e+01 1.288540940239395240e+02 3.682872720583624905e+05
3.448838179393936088e+01 8.745004555772169397e+01 7.423755003786654072e+01 1.170601524795419976e+02 3.841266479806008865e+05
3.456692166107702491e+01 8.542802637231312701e+01 8.210161927708347207e+01 1.406030407278819894e+02 3.969286448404591647e+05
3.464546152798438072e+01 8.592916065506105383e+01 6.317050701434085624e+01 1.201210905993803664e+02 3.863973252214909298e+05
3.472400139466299152e+01 5.485266192456367662e+01 7.529665040239714813e+01 9.278175480238682837e+01 4.201439347177899326e+05
