# 0.9972 0.9996
7.871241428633635184e-02 6.425868594457051941e+00 6.331806513109214052e+00 8.497996683237789544e-04 1.331904000584042933e+03
1.618072713909662341e-01 1.771710171671265854e+01 1.730196594566173829e+01 4.429811993257037894e-03 5.325163552024111596e+03
2.418771330418761079e-01 2.574527831176609283e+01 2.524899409428498842e+01 5.387878064867623017e-03 7.312581664262697814e+03
3.211923215201240578e-01 3.413870199053203436e+01 3.329424792970595348e+01 1.329288338815279476e-02 1.421479159120518671e+04
4.002017901256537113e-01 3.956840239644807866e+01 3.832269317782134976e+01 1.895014564077417141e-02 2.013595277031204751e+04
4.790568272527075955e-01 4.284867281526611293e+01 4.154698732463942434e+01 2.477383583340967907e-02 1.970397900175097311e+04
5.578229290343351687e-01 5.826409748684775991e+01 5.644673473461110547e+01 3.430122146147868145e-02 2.869614433183032088e+04
6.365331115321660738e-01 6.041296534125945783e+01 5.826362878387876520e+01 4.593772892504911776e-02 3.062206125292637807e+04
7.152058371535838788e-01 6.020475982981938756e+01 5.796059554966196004e+01 5.683584853820600191e-02 3.527637974859459791e+04
7.938522421846891941e-01 6.349197647337268791e+01 6.106471537315711373e+01 6.755629326608368623e-02 3.662845557641138294e+04
8.724794443688169698e-01 7.079193546309689111e+01 6.808961806648835591e+01 7.969458046585668753e-02 3.961189549712699227e+04
9.510922062407737299e-01 7.733227930223851843e+01 7.432186832162834378e+01 8.933553495273771627e-02 4.336817004043855559e+04
1.029693835175838679e+00 7.978800248546984619e+01 7.663633898026294844e+01 1.078567621318070047e-01 4.439299285166640766e+04
1.108286699878543891e+00 8.939338938402711676e+01 8.607314414408966741e+01 1.212759030258878934e-01 4.597386445754613669e+04
1.186872541411916560e+00 8.688711089317054359e+01 8.363156334422974680e+01 1.402810185811788624e-01 4.876771473874986987e+04
1.265452668213572940e+00 9.064129856940320451e+01 8.735505311979513010e+01 1.525621613713711577e-01 5.140606268533250113e+04
1.344028082638708543e+00 9.526435129865957663e+01 9.150513453605725545e+01 1.734138882921560099e-01 5.579658741888014629e+04
1.422599565533279709e+00 9.903075541254187897e+01 9.539094127456077388e+01 1.829686508984372795e-01 5.536317087794260442e+04
1.501167734229200246e+00 1.016727813612759519e+02 9.764547954955153841e+01 2.170534610610867221e-01 5.838576827521378436e+04
1.579733083222462531e+00 1.052425387126410641e+02 1.010653954305053048e+02 2.335170679864258247e-01 6.308942907362071855e+04
1.658296013281593151e+00 1.012426592946386990e+02 9.729222169812223342e+01 2.485792143904766993e-01 6.350572836424802517e+04
1.736856852652245875e+00 1.052215840858144844e+02 1.009205632430711290e+02 2.789847408599443468e-01 6.384471646330162184e+04
1.815415872753641580e+00 1.009963029057850150e+02 9.683357182602951241e+01 2.958103557414413776e-01 6.650486719246424036e+04
1.893973299967037560e+00 1.054040660103234046e+02 1.012298075019795789e+02 3.245563758378593455e-01 6.891936759839404840e+04
1.972529324606241641e+00 1.003742772524931013e+02 9.596380562880513310e+01 3.494710821356026842e-01 7.200859026848069334e+04
2.051084107826015579e+00 1.018346355855846923e+02 9.755685624322640592e+01 3.830135743572635754e-01 7.385376369605620857e+04
2.129637787001040561e+00 1.019839997756464953e+02 9.725942459410067897e+01 4.161382918630571193e-01 7.714642240992430015e+04
2.208190479956450680e+00 9.862369169784895462e+01 9.404015288539434891e+01 4.476436649554599301e-01 7.814816061506522237e+04
2.286742288326184092e+00 9.629518803528671356e+01 9.177773810149540168e+01 4.623282224019744091e-01 7.837921747129867435e+04
2.365293300241981811e+00 9.466860270510643716e+01 9.005473299048593105e+01 4.976184810016476834e-01 7.908009758959777537e+04
2.443843592503681883e+00 9.286265790108224394e+01 8.840085284561727974e+01 5.213530946083522188e-01 8.285503174527572992e+04
2.522393232343909553e+00 9.069218016117483216e+01 8.603284440527480115e+01 5.690811824561672339e-01 8.502115423589361308e+04
2.600942278872942381e+00 8.712434649843376633e+01 8.223670630121640102e+01 6.064492972324945219e-01 8.836602765100015677e+04
2.679490784269383141e+00 8.447064130757404143e+01 7.966895032779046915e+01 6.368412454010883295e-01 8.754893311519632698e+04
2.758038794767343038e+00 8.261770108203575091e+01 7.782579772636228199e+01 6.675253018895724866e-01 9.027156119412275439e+04
2.836586351479573942e+00 7.915372732060971828e+01 7.418847374775097592e+01 7.141726991946573122e-01 9.393901771953266871e+04
2.915133491087511963e+00 7.774784672307805522e+01 7.283810869059583126e+01 7.445114923393137962e-01 9.289375674144247023e+04
2.993680246422668834e+00 7.672186634993828136e+01 7.170761756290650624e+01 7.843177383253510104e-01 9.359290711301722331e+04
3.072226646958827967e+00 7.224527745455452532e+01 6.706924104596414793e+01 8.356595859733921827e-01 9.759873034047104011e+04
3.150772719230606977e+00 6.993154353804499124e+01 6.492677413064836855e+01 8.653204524103910167e-01 9.829417528113107255e+04
3.229318487190934395e+00 6.855698612687785953e+01 6.351490702225893159e+01 9.093967743413909899e-01 9.773823971185124537e+04
3.307863972517584905e+00 6.521647712265239250e+01 6.022103041985035077e+01 9.518844833264222816e-01 9.993702675602963427e+04
3.386409194877053608e+00 6.527879490524662742e+01 6.017116381568290961e+01 9.975905703041726413e-01 1.029597663269810437e+05
3.464954172152534095e+00 6.340603060119608614e+01 5.814118358872251946e+01 1.034305124807900489e+00 1.041688623009761068e+05
3.543498920641575456e+00 6.166359109710121800e+01 5.647029988216839769e+01 1.091377814738648588e+00 1.065360455100801482e+05
3.622043455228019404e+00 6.075353687269517877e+01 5.548106311114521816e+01 1.128586562826638495e+00 1.072585690544246900e+05
3.700587789532037597e+00 5.900632392304732576e+01 5.364671609369410987e+01 1.182518773581240579e+00 1.092885510997018864e+05
3.779131936041457696e+00 5.850942853222836249e+01 5.327446668397019636e+01 1.244865629116910455e+00 1.100953480091530073e+05
3.857675906227046259e+00 5.747497305208762697e+01 5.214995375178536818e+01 1.257922027110995877e+00 1.115453748623074789e+05
3.936219710643986680e+00 5.637850243205549106e+01 5.086933738100862712e+01 1.342606184775192668e+00 1.133146009203877911e+05
4.014763359021444877e+00 5.636516274439831164e+01 5.059762426032446569e+01 1.387462573365762619e+00 1.127746466361804924e+05
4.093306860341824560e+00 5.501129152861268068e+01 4.920922263491245019e+01 1.446247049442371368e+00 1.161409377481810079e+05
4.171850222911064776e+00 5.422633589821388256e+01 4.840148084311987020e+01 1.498855297393886898e+00 1.163484450291546091e+05
4.250393454421145911e+00 5.360098014081455631e+01 4.780656122384641549e+01 1.542259538947107878e+00 1.162990883465321531e+05
4.328936562005788247e+00 5.346282246068737720e+01 4.751693268503766632e+01 1.600861198819107267e+00 1.203386236594191141e+05
4.407479552290201497e+00 5.340111208460152170e+01 4.733511532011355882e+01 1.656819345903963736e+00 1.207792459067957097e+05
4.486022431435594982e+00 5.260370631245083217e+01 4.651684630162794321e+01 1.698785675236398562e+00 1.211401649381305033e+05
4.564565205179107465e+00 5.232326112132561491e+01 4.611886060885945682e+01 1.769720973277099541e+00 1.234464375577304745e+05
4.643107878869670024e+00 5.243186734132788729e+01 4.616223383579438178e+01 1.819524222818621473e+00 1.251489953473512433e+05
4.721650457500300213e+00 5.116485214629012290e+01 4.493316810224034441e+01 1.873599988832831631e+00 1.250987606237471045e+05
4.800192945737217443e+00 5.181025049656500414e+01 4.511877262521697673e+01 1.950000992697321411e+00 1.274414215607831429e+05
4.878735347946150824e+00 5.174498936444671671e+01 4.508584137368089273e+01 1.983017336552594267e+00 1.285931907249305077e+05
4.957277668216146793e+00 5.197367358561543682e+01 4.529254485377949635e+01 2.082620168331036581e+00 1.291295181366141915e+05
5.035819910381144737e+00 5.197689499269215219e+01 4.520756302767524204e+01 2.139726377022063364e+00 1.293091415548186633e+05
5.114362078039562221e+00 5.129128680925424533e+01 4.429869640365101446e+01 2.197794803881135905e+00 1.315311524767223746e+05
5.192904174572115394e+00 5.136740371803029603e+01 4.426104541639903545e+01 2.261169687956200658e+00 1.328968185313921422e+05
5.271446203158030919e+00 5.144144263681562990e+01 4.423295939132957244e+01 2.338399154012303249e+00 1.344951876321500167e+05
5.349988166789838573e+00 5.141956790395447996e+01 4.426012619559797656e+01 2.381454223062625886e+00 1.343766541384171578e+05
5.428530068286878674e+00 5.146137343885590809e+01 4.401106589116336210e+01 2.473839743017268944e+00 1.366289314842219464e+05
5.507071910307648643e+00 5.103076953919605074e+01 4.365557222073622512e+01 2.512246851649936996e+00 1.366708188815048488e+05
5.585613695361120179e+00 5.133141193168538052e+01 4.367260012619825460e+01 2.639036078314896727e+00 1.400292816236323270e+05
5.664155425817094525e+00 5.103776447843665665e+01 4.346776461799977653e+01 2.692963316860959910e+00 1.393755967412142782e+05
5.742697103915729961e+00 5.115450789738397930e+01 4.340154436371362578e+01 2.731356896591045746e+00 1.403923281405356247e+05
5.821238731776284148e+00 5.095740480323729571e+01 4.313452625121314554e+01 2.794198077391537804e+00 1.414892308590775065e+05
5.899780311405160127e+00 5.068918901184923698e+01 4.283016617476986454e+01 2.883611842697469729e+00 1.422157081529538264e+05
5.978321844703323507e+00 5.097092231639324211e+01 4.299527205149542652e+01 2.929410978871324733e+00 1.426593554276102514e+05
6.056863333473133437e+00 5.091703587596678915e+01 4.284066626670755795e+01 3.009852589626098140e+00 1.451901626285818347e+05
6.135404779424661115e+00 5.055871369573101504e+01 4.231313066371858156e+01 3.140032373359408879e+00 1.469686916981879331e+05
6.213946184181517118e+00 5.079064702196312453e+01 4.253016779391044366e+01 3.189562705228305983e+00 1.474048628451323893e+05
6.292487549286247983e+00 5.094223758573722449e+01 4.249250745042535726e+01 3.251082836635041495e+00 1.489133105168945040e+05
6.371028876205335756e+00 5.075011523693752480e+01 4.227803299406433268e+01 3.343319173866133198e+00 1.476651139972208766e+05
6.449570166333828070e+00 5.048537070703541474e+01 4.206933614502798946e+01 3.433963363484934916e+00 1.513126185973910615e+05
6.528111420999634262e+00 5.063248091367746184e+01 4.200508819880089106e+01 3.507143907846496766e+00 1.510615832058651722e+05
6.606652641467518627e+00 5.001208606050107619e+01 4.136595176209385727e+01 3.605677791712596836e+00 1.520391565232064750e+05
6.685193828942805006e+00 5.063408050830653906e+01 4.168336952651309701e+01 3.673977599494648860e+00 1.518035960671215144e+05
6.763734984574836240e+00 5.009650098780107896e+01 4.143740067193512289e+01 3.743000689835296768e+00 1.518223734067460464e+05
6.842276109460177835e+00 4.978008071379419874e+01 4.086065026056196814e+01 3.845255288193615506e+00 1.538899315819964977e+05
6.920817204645620890e+00 4.945381664909226771e+01 4.069289589168694476e+01 3.901169606052088401e+00 1.545573130951646308e+05
6.999358271130968312e+00 5.046202343867413731e+01 4.135875851219894628e+01 4.017642982680345476e+00 1.560572165493426437e+05
7.077899309871646949e+00 4.968669626312990317e+01 4.065854445123924421e+01 4.096954869679856337e+00 1.584047103865518293e+05
7.156440321781138536e+00 4.972049149564328729e+01 4.069332480658749773e+01 4.166763213428132495e+00 1.570613755453847698e+05
7.234981307733260536e+00 4.984551058375203070e+01 4.046858261194604722e+01 4.323876909835703053e+00 1.583929784348670510e+05
7.313522268564292439e+00 4.920479870830503444e+01 3.996470468253797748e+01 4.361951660468452729e+00 1.579628510402825777e+05
7.392063205074973276e+00 4.964424750833803301e+01 4.028687787357022643e+01 4.443123928531455213e+00 1.583604858846782008e+05
7.470604118032365015e+00 4.905264422596156493e+01 3.977309616187850594e+01 4.555180970955579056e+00 1.603297517863607500e+05
7.549145008171610272e+00 4.947645448888579267e+01 4.013179035416313667e+01 4.626691465016377514e+00 1.608920675664297014e+05
7.627685876197570103e+00 4.930632544039047360e+01 3.985872386329581474e+01 4.755462060869430019e+00 1.621805468616111320e+05
7.706226722786373884e+00 4.934030967294671655e+01 3.971801449250817484e+01 4.813017736588660611e+00 1.625063428111676767e+05
7.784767548586863484e+00 4.916973581369999380e+01 3.961432965846368148e+01 4.909847568335584889e+00 1.622895896861435613e+05
7.863308354221953955e+00 4.911744840014934255e+01 3.944496170241980337e+01 4.965216905436657946e+00 1.633597373528906028e+05
7.941849140289923170e+00 4.943656047523796815e+01 3.961906260432150617e+01 5.100650040567761501e+00 1.630350759886277083e+05
8.020389907365611748e+00 4.918215564535996975e+01 3.943340921974141366e+01 5.175137168655332687e+00 1.663703411440057680e+05
8.098930656001561701e+00 4.857546014880714580e+01 3.874597826704427206e+01 5.299588899935402608e+00 1.663029067852192384e+05
8.177471386729090241e+00 4.875683096663386351e+01 3.897787745697788608e+01 5.351367221274674790e+00 1.663260862260730937e+05
8.256012100059292536e+00 4.884253762547876221e+01 3.889509049708732391e+01 5.481960121479019676e+00 1.670479689597704564e+05
8.334552796484000936e+00 4.822437149263274847e+01 3.842844034481029780e+01 5.557575991682687899e+00 1.679746721368593862e+05
8.413093476476680266e+00 4.891138303937816545e+01 3.869528287248191845e+01 5.666536114128331469e+00 1.684094171075050544e+05
8.491634140493276917e+00 4.866169544601937957e+01 3.855290024627647227e+01 5.748868890489275074e+00 1.684077465961548442e+05
8.570174788973028868e+00 4.839653398577786447e+01 3.814618911489283448e+01 5.900824723779904524e+00 1.690968535120846063e+05
8.648715422339215309e+00 4.861903710209038110e+01 3.843973833577324228e+01 5.951307550893361054e+00 1.704192669810203952e+05
8.727256040999876063e+00 4.846978084358190131e+01 3.824745818563622635e+01 6.037714857119619971e+00 1.707267877002755122e+05
8.805796645348495488e+00 4.848040542584326573e+01 3.819267158245078519e+01 6.153611415125125106e+00 1.702807934508870239e+05
8.884337235764643737e+00 4.849769824935139440e+01 3.797657089731712432e+01 6.284580064259780663e+00 1.708272100871150324e+05
8.962877812614589601e+00 4.851130497045300416e+01 3.806982417206448588e+01 6.393319523632538193e+00 1.711904391084749950e+05
9.041418376251867173e+00 4.859881879834659202e+01 3.807809044278485544e+01 6.466400430016693512e+00 1.731373253878052346e+05
9.119958927017840722e+00 4.797257928134703775e+01 3.764098932871042535e+01 6.571650674978211093e+00 1.737706213455555844e+05
9.198499465242209183e+00 4.814006132252442427e+01 3.760726746374285057e+01 6.727523435051648626e+00 1.737007717593191192e+05
9.277039991243508865e+00 4.817945908690803236e+01 3.747463629933081108e+01 6.811393720825069664e+00 1.739156293346827442e+05
9.355580505329580632e+00 4.833604790792855255e+01 3.762443574271228641e+01 6.926725040940619138e+00 1.747489875083880324e+05
9.434121007798012215e+00 4.821501546849436437e+01 3.740566378642226653e+01 7.021247904103550042e+00 1.751074885500081873e+05
9.512661498936562765e+00 4.854132963809075818e+01 3.769645114382117157e+01 7.155420479502728526e+00 1.759261169970438350e+05
9.591201979023569635e+00 4.811022040780690645e+01 3.726435223822017662e+01 7.248731794462528910e+00 1.762180660802267957e+05
9.669742448328321416e+00 4.776364433840216606e+01 3.693288003007037190e+01 7.373861963734753999e+00 1.754301581881055026e+05
9.748282907111432749e+00 4.810556646355923505e+01 3.709222947567865702e+01 7.488265435084828781e+00 1.776639964460754709e+05
9.826823355625185386e+00 4.798920986029218483e+01 3.699202774605164734e+01 7.576119771888061294e+00 1.768518601722649764e+05
9.905363794113858589e+00 4.808614923061684721e+01 3.698097767604083685e+01 7.724426965016185420e+00 1.773016449351980700e+05
9.983904222814045326e+00 4.792536022896260306e+01 3.683381060252613537e+01 7.829895441759959773e+00 1.776960474453805364e+05
1.006244464195495070e+01 4.823880997860585751e+01 3.710510088168320664e+01 7.938936560854268798e+00 1.787134401376632159e+05
1.014098505175868148e+01 4.770066244067751171e+01 3.667371409488355738e+01 8.051128711751740497e+00 1.776689128245025931e+05
1.021952545244051613e+01 4.796677352957194529e+01 3.663081286624518640e+01 8.169350614159567314e+00 1.793865527785608720e+05
1.029806584420916415e+01 4.779379455939456278e+01 3.658361379543276826e+01 8.362063413350245611e+00 1.803157064588294597e+05
1.037660622726701654e+01 4.777142326160933550e+01 3.649659127503619516e+01 8.420905091752096894e+00 1.798883568523526774e+05
1.045514660181038380e+01 4.808623690690610175e+01 3.661726727495063471e+01 8.571458536787448068e+00 1.792228556199534796e+05
1.053368696802971982e+01 4.785297125415886654e+01 3.648900078442382267e+01 8.663829618486220241e+00 1.805115079219839827e+05
1.061222732610984210e+01 4.781456159596637434e+01 3.638712102587725639e+01 8.784614665887296781e+00 1.816084854184913856e+05
1.069076767623013779e+01 4.770380507836241435e+01 3.630975788608225230e+01 8.923528518841420620e+00 1.821136431761188142e+05
1.076930801856475739e+01 4.823221494063612624e+01 3.657494564407854654e+01 9.060584864223981683e+00 1.821788402381925844e+05
1.084784835328281005e+01 4.805494390050714770e+01 3.642258839814363824e+01 9.191235546277425783e+00 1.817301471442497277e+05
1.092638868054854306e+01 4.775559126918958697e+01 3.615826439715047513e+01 9.301231201258566728e+00 1.820149419324193441e+05
1.100492900052151413e+01 4.787134402955328483e+01 3.626107041264211261e+01 9.467404450693997831e+00 1.825851623061996070e+05
1.108346931335675833e+01 4.813970253841511493e+01 3.644630696649470281e+01 9.539972075586094391e+00 1.819157130344711768e+05
1.116200961920494805e+01 4.782268827156529056e+01 3.606663220584991336e+01 9.691123925420193075e+00 1.828278644258668355e+05
1.124054991821254212e+01 4.771304213105067760e+01 3.594466252170164466e+01 9.787360457908325984e+00 1.824438325111092126e+05
1.131909021052193687e+01 4.794224286529980361e+01 3.606175247474301671e+01 9.930385718048320598e+00 1.834518810982606083e+05
1.139763049627160285e+01 4.778210268222846224e+01 3.606691260622860540e+01 1.001850216188138099e+01 1.830529072592596640e+05
1.147617077559622167e+01 4.806690098087403129e+01 3.610579825030016110e+01 1.019228222944292739e+01 1.837951217792852258e+05
1.155471104862680853e+01 4.788694390683878055e+01 3.597211633578820056e+01 1.029643158820165993e+01 1.842070122491009242e+05
1.163325131549084368e+01 4.771524469135300706e+01 3.580553950161449706e+01 1.044599972508062358e+01 1.845694314374342794e+05
1.171179157631238787e+01 4.794623500762281765e+01 3.595857128295151028e+01 1.055721887557309380e+01 1.836127651204851281e+05
1.179033183121219608e+01 4.792090011019698181e+01 3.595334161292215214e+01 1.071704043077477309e+01 1.843150610323937144e+05
1.186887208030782759e+01 4.754829700954434912e+01 3.558234671676988370e+01 1.085527181553202070e+01 1.844869712071135582e+05
1.194741232371374728e+01 4.806264705211276578e+01 3.578042194487083805e+01 1.101625363865428042e+01 1.854678553816136264e+05
1.202595256154143222e+01 4.773840340165666873e+01 3.571948375648534579e+01 1.111697158869636048e+01 1.844688136296314478e+05
1.210449279389946753e+01 4.791798622182910350e+01 3.572967152953559378e+01 1.128907185819291215e+01 1.856038116971964191e+05
1.218303302089363527e+01 4.774096957906564853e+01 3.556018702324809766e+01 1.143003379897518101e+01 1.849693058728024189e+05
1.226157324262700676e+01 4.783700102001889576e+01 3.571463269041474575e+01 1.147921146257636238e+01 1.858265282744709402e+05
1.234011345920003322e+01 4.786181918200805541e+01 3.549291600949731418e+01 1.169308001040022660e+01 1.858958096635780530e+05
1.241865367071062565e+01 4.735654568881859916e+01 3.523261622048312347e+01 1.183335006013329860e+01 1.863750726776953088e+05
1.249719387725422415e+01 4.789107484258902048e+01 3.558122554106686408e+01 1.195413899657100565e+01 1.862563725105644553e+05
1.257573407892389383e+01 4.781418660144388610e+01 3.554415074363036098e+01 1.212553904855045239e+01 1.859715246520900691e+05
1.265427427581038877e+01 4.771137142266314868e+01 3.537532037052282874e+01 1.227049760365760633e+01 1.860894102528397925e+05
1.273281446800221772e+01 4.755410015161262294e+01 3.530817563403585524e+01 1.239297571958923783e+01 1.858689682501042553e+05
1.281135465558572584e+01 4.768934047561999989e+01 3.532803337309742631e+01 1.258077483906846794e+01 1.870130173203784507e+05
1.288989483864514796e+01 4.751805125030900001e+01 3.517549994981291661e+01 1.272573182902459799e+01 1.871278162456743885e+05
1.296843501726268322e+01 4.790398902984787810e+01 3.542967292380730271e+01 1.287409715959838508e+01 1.866830538058412494e+05
1.304697519151855190e+01 4.778890948532091443e+01 3.537145009907725779e+01 1.302049174888377081e+01 1.865980311024213443e+05
1.312551536149104692e+01 4.780466495790694381e+01 3.524681810540098326e+01 1.317806787864599372e+01 1.871449129252010025e+05
1.320405552725660492e+01 4.765146819928105515e+01 3.521495236424196662e+01 1.330508259781831804e+01 1.869757883688663424e+05
1.328259568888985243e+01 4.767433900101061539e+01 3.514561788794964059e+01 1.351171281851743267e+01 1.868891707585497643e+05
1.336113584646366270e+01 4.760298454389651113e+01 3.505044849780171035e+01 1.366096009395837108e+01 1.874988984519043006e+05
1.343967600004920548e+01 4.738101270228096951e+01 3.499747210970951983e+01 1.381500748171713333e+01 1.872642755137452914e+05
1.351821614971599317e+01 4.748476792155912563e+01 3.494619464859860614e+01 1.392316550247256579e+01 1.872742524826159934e+05
1.359675629553193588e+01 4.738121668564781430e+01 3.502795942660256401e+01 1.411619561012338941e+01 1.872045456185417424e+05
1.367529643756338231e+01 4.724824030168225875e+01 3.483291027695584319e+01 1.423338426482257901e+01 1.870848676690126304e+05
1.375383657587516595e+01 4.767407352138248910e+01 3.503865795904765434e+01 1.444695045267260625e+01 1.878308939669041429e+05
1.383237671053064766e+01 4.750995398299389905e+01 3.498658463844762423e+01 1.459590641940975431e+01 1.877088152358297375e+05
1.391091684159175834e+01 4.746528916104981732e+01 3.483067782660101841e+01 1.476983934691454081e+01 1.881429512834726193e+05
1.398945696911903269e+01 4.738254117566959422e+01 3.499686831401347575e+01 1.489329656519586287e+01 1.874029542785897793e+05
1.406799709317166069e+01 4.723586369615406966e+01 3.468645014387358572e+01 1.505398074613766823e+01 1.884972525063879730e+05
1.414653721380751428e+01 4.746116804494156582e+01 3.482006878153072194e+01 1.523373835082118077e+01 1.884986347288048419e+05
1.422507733108318817e+01 4.749589606607020187e+01 3.484133740635721210e+01 1.542441016508676910e+01 1.878768160060113296e+05
1.430361744505403543e+01 4.733403540861387881e+01 3.481787331314571077e+01 1.551189075751017299e+01 1.880311481899797218e+05
1.438215755577419586e+01 4.715525305920983357e+01 3.460480333144930398e+01 1.568737225095420484e+01 1.886288222575929540e+05
1.446069766329663686e+01 4.713826871524969420e+01 3.465655845146996228e+01 1.582609571445623331e+01 1.880484982463630440e+05
1.453923776767318010e+01 4.730430163036133706e+01 3.459250609945291188e+01 1.609308001678840938e+01 1.885676914725694223e+05
1.461777786895453346e+01 4.719201021609377733e+01 3.465926359298330084e+01 1.617638933498053788e+01 1.884278278792212368e+05
1.469631796719032302e+01 4.729146671474182284e+01 3.478590877103629708e+01 1.642642487523786343e+01 1.878684997378248372e+05
1.477485806242911437e+01 4.718142825649084671e+01 3.456027438867558033e+01 1.653340208678708834e+01 1.884500307039024774e+05
1.485339815471844993e+01 4.717092327491866399e+01 3.468791357874032855e+01 1.668519585200080968e+01 1.879749912205948494e+05
1.493193824410487203e+01 4.704777862851668857e+01 3.453199536457346142e+01 1.692730216265722376e+01 1.887431362271088874e+05
1.501047833063394421e+01 4.707994747255214207e+01 3.459156928552702936e+01 1.708785824329720171e+01 1.887757237596119521e+05
1.508901841435028857e+01 4.726187649112589639e+01 3.474600367936176326e+01 1.725770126393438275e+01 1.886035073193909193e+05
1.516755849529759992e+01 4.735312066676944198e+01 3.459994472988419290e+01 1.757118910355614005e+01 1.895689136742683477e+05
1.524609857351867070e+01 4.710879021255325227e+01 3.451290049286890849e+01 1.764738014981346836e+01 1.887476404337772110e+05
1.532463864905541762e+01 4.705757564986829067e+01 3.455896812995030842e+01 1.777312013951143044e+01 1.882777658063479757e+05
1.540317872194890292e+01 4.703975165943458592e+01 3.445716395310530089e+01 1.801349078010666815e+01 1.891461855393064034e+05
1.548171879223935399e+01 4.694252017940043942e+01 3.444692398654394339e+01 1.805341167833362803e+01 1.886866048498269811e+05
1.556025885996618996e+01 4.716021274946193387e+01 3.458686354198003698e+01 1.837180155483860133e+01 1.900331328694183030e+05
1.563879892516803238e+01 4.720023871343708777e+01 3.474571437885214209e+01 1.852374245561987109e+01 1.893066085407551436e+05
1.571733898788273187e+01 4.699221423824845090e+01 3.459558069720855400e+01 1.867067752588457097e+01 1.886212084575444460e+05
1.579587904814739119e+01 4.711289857115031054e+01 3.460675499920733955e+01 1.890698852333873248e+01 1.898892999140442116e+05
1.587441910599837769e+01 4.711575057527912236e+01 3.461095208815616786e+01 1.908810662884440035e+01 1.888238460559075756e+05
1.595295916147133575e+01 4.702665031363291348e+01 3.458901176558070745e+01 1.927428268137129308e+01 1.896426993318360182e+05
1.603149921460121874e+01 4.710391570598984856e+01 3.463588627338690173e+01 1.942955514957321483e+01 1.897739043234976125e+05
1.611003926542229436e+01 4.721524756680899060e+01 3.456674919709856653e+01 1.969682139339652593e+01 1.905322273675188771e+05
1.618857931396816596e+01 4.706095723832436306e+01 3.461170890119426247e+01 1.989435302523503069e+01 1.901464525903853064e+05
1.626711936027179561e+01 4.716686787673242520e+01 3.476670099234284805e+01 2.001023756081454508e+01 1.899695084480274818e+05
1.634565940436549525e+01 4.722918598835965298e+01 3.468618927515439765e+01 2.026023877188784539e+01 1.901345825802424806e+05
1.642419944628097639e+01 4.722273121665697460e+01 3.481127734622558734e+01 2.050235904673635545e+01 1.897138768958084984e+05
1.650273948604932883e+01 4.714303726264326144e+01 3.474312117449705539e+01 2.066946964610354698e+01 1.897586376096104505e+05
1.658127952370107394e+01 4.720513187549516232e+01 3.475644083158944397e+01 2.095863891972469517e+01 1.907868060363297991e+05
1.665981955926614333e+01 4.731590706699830662e+01 3.476833798035015377e+01 2.115953661388941498e+01 1.910114907946069725e+05
1.673835959277390728e+01 4.728018163790777351e+01 3.478999903734104748e+01 2.130284281876441810e+01 1.908048384969945182e+05
1.681689962425318896e+01 4.726743581878753275e+01 3.472735208376600013e+01 2.158980232398704757e+01 1.910836649034797156e+05
1.689543965373228218e+01 4.738421128754841050e+01 3.486251396411181247e+01 2.175271524351586550e+01 1.919449951157643518e+05
1.697397968123895495e+01 4.731370446821303233e+01 3.489586059575984223e+01 2.191369529954963014e+01 1.913499078196153860e+05
1.705251970680045304e+01 4.721772442411695181e+01 3.478653196825759863e+01 2.211371600829393813e+01 1.911282022664739634e+05
1.713105973044353902e+01 4.722868546467940121e+01 3.499496416683687272e+01 2.233666926132792341e+01 1.914119363607732812e+05
1.720959975219447102e+01 4.749049802388937991e+01 3.500329752655901672e+01 2.250948334929531214e+01 1.914571395339210576e+05
1.728813977207903463e+01 4.744524750748416864e+01 3.509552075832753104e+01 2.278372556510407776e+01 1.922396767437462986e+05
1.736667979012256424e+01 4.746843449306118146e+01 3.514124315328459858e+01 2.300794987906295574e+01 1.922960422141072340e+05
1.744521980634991110e+01 4.759060982701727482e+01 3.513340967301050455e+01 2.319622118220410556e+01 1.926733478987474809e+05
1.752375982078550365e+01 4.745853192144145538e+01 3.511768045441260000e+01 2.343847756561882889e+01 1.925972475688954000e+05
1.760229983345331917e+01 4.760030239656622797e+01 3.521267964533789296e+01 2.365484409337198457e+01 1.928240560386750440e+05
1.768083984437692635e+01 4.777682385448828484e+01 3.532041231128759762e+01 2.393260707234051310e+01 1.933991688436054101e+05
1.775937985357945692e+01 4.773941496460187750e+01 3.535115310151255130e+01 2.410577662925790676e+01 1.937132926447677310e+05
1.783791986108364824e+01 4.800641383901410109e+01 3.555117988737963231e+01 2.441700710365959992e+01 1.941090119551304670e+05
1.791645986691183268e+01 4.783121932626154660e+01 3.552218284888548538e+01 2.459442268405242515e+01 1.939097410516602686e+05
1.799499987108595889e+01 4.774528732562592381e+01 3.556665254528838460e+01 2.488953237263422835e+01 1.943022253570938774e+05
1.807353987362759185e+01 4.797742862782756390e+01 3.572478044415276344e+01 2.509201975539176033e+01 1.948782763272306183e+05
1.815207987455791638e+01 4.802460044570708675e+01 3.570447409719024989e+01 2.533150950273101643e+01 1.955163248681655386e+05
1.823061987389775851e+01 4.821421308127020922e+01 3.582810533363379335e+01 2.565729933983420707e+01 1.954541754764843790e+05
1.830915987166758541e+01 4.819130478007289042e+01 3.591680946260152041e+01 2.586976223863293001e+01 1.959707137796105526e+05
1.838769986788751964e+01 4.840914154970116101e+01 3.599261095567636204e+01 2.610142403355645868e+01 1.963705262403251545e+05
1.846623986257733563e+01 4.816424757836411885e+01 3.590487690853154135e+01 2.632172955393824054e+01 1.965025474893057544e+05
1.854477985575647381e+01 4.847777935497183677e+01 3.624590595528992765e+01 2.659082880289029305e+01 1.966311335791163438e+05
1.862331984744404423e+01 4.864890351848094241e+01 3.624065905088324513e+01 2.683559971843998682e+01 1.974779559271208418e+05
1.870185983765884075e+01 4.865226874198226170e+01 3.638117946670012515e+01 2.717751223168585994e+01 1.980719706525038637e+05
1.878039982641934458e+01 4.865590064115214375e+01 3.644052601704307648e+01 2.739661422893279763e+01 1.988691229989267304e+05
1.885893981374372075e+01 4.893874857802543232e+01 3.660931760466466045e+01 2.777417395004886558e+01 1.995097848034899507e+05
1.893747979964983941e+01 4.900926052896072349e+01 3.660785695829776643e+01 2.788894881085091626e+01 1.995860922070831002e+05
1.901601978415527228e+01 4.908627507578571425e+01 3.678802783786726849e+01 2.811710113818913470e+01 2.002468792236379813e+05
1.909455976727730331e+01 4.935967228641769822e+01 3.703583676818473691e+01 2.843480780706704536e+01 2.003276864496471244e+05
1.917309974903293579e+01 4.928346680253207523e+01 3.697061112039346398e+01 2.876154674169694658e+01 2.013597692396243510e+05
1.925163972943889235e+01 4.926630424635151684e+01 3.715864169366312098e+01 2.896658270476252994e+01 2.008699175393441692e+05
1.933017970851161849e+01 4.963267328754922403e+01 3.734874113940994533e+01 2.932300631198977214e+01 2.028569804794261581e+05
1.940871968626730748e+01 4.981728203763339025e+01 3.754053313520416424e+01 2.958532245433039520e+01 2.037264894622186839e+05
1.948725966272188259e+01 4.997087622257538442e+01 3.760009611146372066e+01 2.983321719691233653e+01 2.040568216338552011e+05
1.956579963789100773e+01 5.002953197507353167e+01 3.773792015765256025e+01 3.004121663232839978e+01 2.041279544491395936e+05
1.964433961179010524e+01 5.005990496713987170e+01 3.774940806855023823e+01 3.031773422095274739e+01 2.051491461309527804e+05
1.972287958443434519e+01 5.037023864607169799e+01 3.799495395032265321e+01 3.073709815550019187e+01 2.061111707850989187e+05
1.980141955583865965e+01 5.061988904200909190e+01 3.831745715833645960e+01 3.093242650054189369e+01 2.062500677327514859e+05
1.987995952601774619e+01 5.065346541797011781e+01 3.838981423183544450e+01 3.127561255957564512e+01 2.071080002263987262e+05
1.995849949498606790e+01 5.091325522636788037e+01 3.853980040761332049e+01 3.150874965284391749e+01 2.081140774034344067e+05
2.003703946275786052e+01 5.087077632185052067e+01 3.852188213231541880e+01 3.172651876984230768e+01 2.082013601639884291e+05
2.011557942934713950e+01 5.111152028347181187e+01 3.879886252071988650e+01 3.206785047165357128e+01 2.091536282132110500e+05
2.019411939476770712e+01 5.130807478082851247e+01 3.894876695543821654e+01 3.247246620759774771e+01 2.100264543007507164e+05
2.027265935903314542e+01 5.124102939264294321e+01 3.904719884896622517e+01 3.265020319324317910e+01 2.095725034202253737e+05
2.035119932215682326e+01 5.122859704337970754e+01 3.908054322633525146e+01 3.299384985267542447e+01 2.094442117487882788e+05
2.042973928415191054e+01 5.109044172316015420e+01 3.899673049471954300e+01 3.308354343416554144e+01 2.087517176660557452e+05
2.050827924503137467e+01 5.118945439572249967e+01 3.924866288106717604e+01 3.351321551052762970e+01 2.094929048544443212e+05
2.058681920480798766e+01 5.133058660383345284e+01 3.918766196237734789e+01 3.365853805411312294e+01 2.096494124173720484e+05
2.066535916349431901e+01 5.127332611405587670e+01 3.945415587892932763e+01 3.399641873959645721e+01 2.094507533921261784e+05
2.074389912110275347e+01 5.122425682722602858e+01 3.925194365245028649e+01 3.414276997212748910e+01 2.101703009211553435e+05
2.082243907764548752e+01 5.109018588923267146e+01 3.947720032777177579e+01 3.434322705908840589e+01 2.096326069681000954e+05
2.090097903313453642e+01 5.123501989197178830e+01 3.941980112917892143e+01 3.472095700248240036e+01 2.100341098425055679e+05
2.097951898758173783e+01 5.126433725526425889e+01 3.954552263140895008e+01 3.504817805108711326e+01 2.097405833767061413e+05
2.105805894099874109e+01 5.115581944589072094e+01 3.951783743416864070e+01 3.512870388707623448e+01 2.096035127228555502e+05
2.113659889339703568e+01 5.122881395065362398e+01 3.971020986212865722e+01 3.561906234212491995e+01 2.097224631752192508e+05
2.121513884478793344e+01 5.118553060993207993e+01 3.977559482985590478e+01 3.584754475472330171e+01 2.101708040004035865e+05
2.129367879518258277e+01 5.120656978838686513e+01 3.985073851093741837e+01 3.617530358914576993e+01 2.098836406640425848e+05
2.137221874459196869e+01 5.127670102244179162e+01 4.000139007514289347e+01 3.651880369499212975e+01 2.099321867667001206e+05
2.145075869302691274e+01 5.109607343209069086e+01 3.977997252774463988e+01 3.672426365719476138e+01 2.100132864056182443e+05
2.152929864049807307e+01 5.117422205923399758e+01 4.001287250217333025e+01 3.697015623319399680e+01 2.104024207315028179e+05
2.160783858701596571e+01 5.133970465190561328e+01 4.010860140508071936e+01 3.738808481072126710e+01 2.107360631412066577e+05
2.168637853259094683e+01 5.115879303391616872e+01 4.023201202159625467e+01 3.752917116043808221e+01 2.099114675850530912e+05
2.176491847723321982e+01 5.123370830756181959e+01 4.033323901169639214e+01 3.794737123345468888e+01 2.108897630485198169e+05
2.184345842095285306e+01 5.118922298210695487e+01 4.038940641360855466e+01 3.821306668649447147e+01 2.108879528372615168e+05
2.192199836375975508e+01 5.133973384751637781e+01 4.057145260837803136e+01 3.854405907639478102e+01 2.110480222819968185e+05
2.200053830566371005e+01 5.137505973693880890e+01 4.072652426194685660e+01 3.877513207332255973e+01 2.107857249495962169e+05
2.207907824667434582e+01 5.132773884316181068e+01 4.065087658648155866e+01 3.907779748236701778e+01 2.107931008885325864e+05
2.215761818680116590e+01 5.111619465075276025e+01 4.065364631737446643e+01 3.920030247714513649e+01 2.106955717600024363e+05
2.223615812605353526e+01 5.128976022635696808e+01 4.078457874810257522e+01 3.952011433180248190e+01 2.109086286935543758e+05
2.231469806444068738e+01 5.152253231069781236e+01 4.101049446727633807e+01 3.990870956288448923e+01 2.115977093395045085e+05
2.239323800197172432e+01 5.137136721770928460e+01 4.103138051124876284e+01 4.016794905139720839e+01 2.118252553404566715e+05
2.247177793865562023e+01 5.143992497363311145e+01 4.109088023632340736e+01 4.059848058154822326e+01 2.119708454529240553e+05
2.255031787450123204e+01 5.144167082637502375e+01 4.119094421573929310e+01 4.092226676198345814e+01 2.114560182104062405e+05
2.262885780951728165e+01 5.153634771271156723e+01 4.145517591451779538e+01 4.131486122128700345e+01 2.124596420898360375e+05
2.270739774371238440e+01 5.151981990040212622e+01 4.147397348990618582e+01 4.148081795114919146e+01 2.119101791567678447e+05
2.278593767709502771e+01 5.155842697422481535e+01 4.149863404021689206e+01 4.183323885690526112e+01 2.126387827235698351e+05
2.286447760967358178e+01 5.155236015424988238e+01 4.170566653014524405e+01 4.196165418586573992e+01 2.126390858057780715e+05
2.294301754145629957e+01 5.166000045070813229e+01 4.156957123530243337e+01 4.233690083470486343e+01 2.133022941662274243e+05
2.302155747245133455e+01 5.169984442200615860e+01 4.191189826195861912e+01 4.271621596665620046e+01 2.134893497406571696e+05
2.310009740266672296e+01 5.159707936674784889e+01 4.191516861152352647e+01 4.298551866937846455e+01 2.133904703803247539e+05
2.317863733211038380e+01 5.175243057637550237e+01 4.208152769965261797e+01 4.333175236429848809e+01 2.139392301703866397e+05
2.325717726079013303e+01 5.162761997036660233e+01 4.218811986194475594e+01 4.364795936630817863e+01 2.132050548163742642e+05
2.333571718871368716e+01 5.187911637675968279e+01 4.233790743814541457e+01 4.406836362797253770e+01 2.143220187897973810e+05
2.341425711588865965e+01 5.168664449779554815e+01 4.253239701513101778e+01 4.436890508555122636e+01 2.141446509286104410e+05
2.349279704232255384e+01 5.182733054862050182e+01 4.266281678053940141e+01 4.480169277670510297e+01 2.145994179950178659e+05
2.357133696802278067e+01 5.203054131929350490e+01 4.275689313465053232e+01 4.507495209089550059e+01 2.149904608249441953e+05
2.364987689299664453e+01 5.184816462078418908e+01 4.277875141924393176e+01 4.538389007407645437e+01 2.148437052166577196e+05
2.372841681725136453e+01 5.216076591804159790e+01 4.296864325939562690e+01 4.556187842807374011e+01 2.154333758343456720e+05
2.380695674079405322e+01 5.214438527765122444e+01 4.299584342479741395e+01 4.595025994513718359e+01 2.147919489958299382e+05
2.388549666363174140e+01 5.233719382492274264e+01 4.321391995797389285e+01 4.642951292655073559e+01 2.158925128441561537e+05
2.396403658577134976e+01 5.215869085674975736e+01 4.342206814780650603e+01 4.664981084193991023e+01 2.159553260158924386e+05
2.404257650721972439e+01 5.238319408461359927e+01 4.357768886384722151e+01 4.696900954923029303e+01 2.160589056552557740e+05
2.412111642798362254e+01 5.230140536632308113e+01 4.376892140458076597e+01 4.743582735358178581e+01 2.164071160544517334e+05
2.419965634806970556e+01 5.225130506238983230e+01 4.390759445980466324e+01 4.767237854506980455e+01 2.162082918196684332e+05
2.427819626748454596e+01 5.265028240861188635e+01 4.411212475698344804e+01 4.792560534360023183e+01 2.168276387836094946e+05
2.435673618623464520e+01 5.246096559739326182e+01 4.409498412175999249e+01 4.837631404833194892e+01 2.173854730576213333e+05
2.443527610432640529e+01 5.270901698150066039e+01 4.437187975158725095e+01 4.863396394506087006e+01 2.177388272905102349e+05
2.451381602176616425e+01 5.291662807260170354e+01 4.448684118640052532e+01 4.933000763344717399e+01 2.185960298427712405e+05
2.459235593856016067e+01 5.280152153320301522e+01 4.456921692704892024e+01 4.958802137896693552e+01 2.188922308011007553e+05
2.467089585471456203e+01 5.280489674584123350e+01 4.466405002873157315e+01 4.981440224692458685e+01 2.191848627810426697e+05
2.474943577023546126e+01 5.297499527254780105e+01 4.490702639254994466e+01 5.015179980888797218e+01 2.191165869301515922e+05
2.482797568512887310e+01 5.318292090750021828e+01 4.501208978824341500e+01 5.048004454252533435e+01 2.202916876633731008e+05
2.490651559940072346e+01 5.328666175320596210e+01 4.516211813337591963e+01 5.114844317438253540e+01 2.211830695322485117e+05
2.498505551305688144e+01 5.327199269398445125e+01 4.537797396532504024e+01 5.150984065916493648e+01 2.202521853907913319e+05
2.506359542610313440e+01 5.311642733837069841e+01 4.557322497258856231e+01 5.168555742556446830e+01 2.202522044201216195e+05
2.514213533854519511e+01 5.345915057452337038e+01 4.582979590450705842e+01 5.234382396355904632e+01 2.222745962564966758e+05
2.522067525038871239e+01 5.357542592420919192e+01 4.605763930017025132e+01 5.272807270483311726e+01 2.216060387797577132e+05
2.529921516163925688e+01 5.348894861948355839e+01 4.612963548606658293e+01 5.306364900543847796e+01 2.218695143293197034e+05
2.537775507230233529e+01 5.367360992423150634e+01 4.624545652451142530e+01 5.324443374346606106e+01 2.223323861115522741e+05
2.545629498238338684e+01 5.394812741351852736e+01 4.650335009883173853e+01 5.373890534889461890e+01 2.236840651742369810e+05
2.553483489188777966e+01 5.397758561439409419e+01 4.682124885280718729e+01 5.432009953064268615e+01 2.241842699490428204e+05
2.561337480082082152e+01 5.403197597341851832e+01 4.695685197317430237e+01 5.433552148266321069e+01 2.239392703054862795e+05
2.569191470918774911e+01 5.394897292758189167e+01 4.705528005905861733e+01 5.475528206567681622e+01 2.242970647887516243e+05
2.577045461699373874e+01 5.431055056352352040e+01 4.740818998093160275e+01 5.540349326617507586e+01 2.246005873909583024e+05
2.584899452424390631e+01 5.401964977761220155e+01 4.745912885816026971e+01 5.568520191388176954e+01 2.253556736151236109e+05
2.592753443094329668e+01 5.425952262633360590e+01 4.759511856209142877e+01 5.619273584946355982e+01 2.257089084712780896e+05
2.600607433709690852e+01 5.462538953240036932e+01 4.777540963621336090e+01 5.652850915177084801e+01 2.273032313212881272e+05
2.608461424270966944e+01 5.479340536705622355e+01 4.823647747790878526e+01 5.687776174849085464e+01 2.277545471886082378e+05
2.616315414778644310e+01 5.489335773237848315e+01 4.850089346992095329e+01 5.742740397062215862e+01 2.278656255450746685e+05
2.624169405233205055e+01 5.487716837474454223e+01 4.857538050414839148e+01 5.781601986315570230e+01 2.297386412506400084e+05
2.632023395635124174e+01 5.514074375016186735e+01 4.876895250439756069e+01 5.841971524922293924e+01 2.300681907022348314e+05
2.639877385984871694e+01 5.496298075308808251e+01 4.891586940512721071e+01 5.855868176838738037e+01 2.299900712372278795e+05
2.647731376282911953e+01 5.546780331976981415e+01 4.931690022705173959e+01 5.926840812684895354e+01 2.298925035819945042e+05
2.655585366529703606e+01 5.530403053024613769e+01 4.926563432018394195e+01 5.955427121322620820e+01 2.300799886897242686e+05
2.663439356725699980e+01 5.574678941957711942e+01 4.967351824905134094e+01 5.993587963777980576e+01 2.321004108716688934e+05
2.671293346871349428e+01 5.569103943323892025e+01 4.979976426747912654e+01 6.043011427764644594e+01 2.325085511993182590e+05
2.679147336967094617e+01 5.565945194955671127e+01 5.009842160655549037e+01 6.090506530522564077e+01 2.327973400551770173e+05
2.687001327013372531e+01 5.622928143554446478e+01 5.021351998524477978e+01 6.170022541257878146e+01 2.347244824212745298e+05
2.694855317010616602e+01 5.596964258774622891e+01 5.059898908249037675e+01 6.156932926637372105e+01 2.340981912582340301e+05
2.702709306959254221e+01 5.646953279989120489e+01 5.072937775700073360e+01 6.214050894029998773e+01 2.355065062590617745e+05
2.710563296859707094e+01 5.646470857149266465e+01 5.087826691992079020e+01 6.274228123952703129e+01 2.355330644857538864e+05
2.718417286712393377e+01 5.664676254510590780e+01 5.115904050136135339e+01 6.333768989808883987e+01 2.364065294282706163e+05
2.726271276517725894e+01 5.681787858959756221e+01 5.111139735264072925e+01 6.337891787221970930e+01 2.369609230902651616e+05
2.734125266276112498e+01 5.651866218081561044e+01 5.150846500445678799e+01 6.374056994450636893e+01 2.371835587754950393e+05
2.741979255987956776e+01 5.674351238530719854e+01 5.163038146451021504e+01 6.437640819689779903e+01 2.377763001652998792e+05
2.749833245653658054e+01 5.701264830814864837e+01 5.189811984974469539e+01 6.478997509379415476e+01 2.381204209795106144e+05
2.757687235273609616e+01 5.723938970242554092e+01 5.224368472917661421e+01 6.527600557313472507e+01 2.391879296067793039e+05
2.765541224848202262e+01 5.729755546470669714e+01 5.252908056827160266e+01 6.549916554558367920e+01 2.396564022255215386e+05
2.773395214377820395e+01 5.746948894854947554e+01 5.275028014334177584e+01 6.617788074285925859e+01 2.409609821271153633e+05
2.781249203862845576e+01 5.733310158792724565e+01 5.267591801803796869e+01 6.649050005697421284e+01 2.404510801956026116e+05
2.789103193303654038e+01 5.736439999186878680e+01 5.302894013999808465e+01 6.693794887922672388e+01 2.408705426467963262e+05
2.796957182700618816e+01 5.763027680733873126e+01 5.326202697911717365e+01 6.751876512646340700e+01 2.407590910988790856e+05
2.804811172054107615e+01 5.737251255478639678e+01 5.335992891063705912e+01 6.746798929268689449e+01 2.397620658746279660e+05
2.812665161364485655e+01 5.718310232643645463e+01 5.353142274127966971e+01 6.777778517151489268e+01 2.401038136081882112e+05
2.820519150632112115e+01 5.733787798683602688e+01 5.397687910935116662e+01 6.818976932780645939e+01 2.396976563636778155e+05
2.828373139857343332e+01 5.733006699995979716e+01 5.407399110457547664e+01 6.887276148760217609e+01 2.415769279542583099e+05
2.836227129040531736e+01 5.720577816781030833e+01 5.413513123189190424e+01 6.907022547121394496e+01 2.415150655829336611e+05
2.844081118182025847e+01 5.726197921530899748e+01 5.393554802900702327e+01 6.969581238036298032e+01 2.424290835800391797e+05
2.851935107282169923e+01 5.707428571074517265e+01 5.413802200205796566e+01 6.960634221246843367e+01 2.398452465061313123e+05
2.859789096341304315e+01 5.726034766684323785e+01 5.426294180063293737e+01 7.002391803924621172e+01 2.400271783346071898e+05
2.867643085359765820e+01 5.707710469530650954e+01 5.460404536392490371e+01 7.033527378959240650e+01 2.411518143595536239e+05
2.875497074337888392e+01 5.689024695496716788e+01 5.483614324844145216e+01 7.082449525663129464e+01 2.403176466498801019e+05
2.883351063276001369e+01 5.698925277809495071e+01 5.458475856172915996e+01 7.111830542969842384e+01 2.414170208748328441e+05
2.891205052174430890e+01 5.713791934947489892e+01 5.480231494480192111e+01 7.233022709890484236e+01 2.427786015499052592e+05
2.899059041033499184e+01 5.703105279360276825e+01 5.521997330855040076e+01 7.229916113603962913e+01 2.420301844653043954e+05
2.906913029853525643e+01 5.740851255835950440e+01 5.578109978144312464e+01 7.335210261106981022e+01 2.425978902994779055e+05
2.914767018634825746e+01 5.746186205304528727e+01 5.589558989007294088e+01 7.326542562497533595e+01 2.420873488667460042e+05
2.922621007377712132e+01 5.754737043848968625e+01 5.581426447827244175e+01 7.414470966350953063e+01 2.421111352019014594e+05
2.930474996082492822e+01 5.777965306635977072e+01 5.614714983422882710e+01 7.427891003458169905e+01 2.447544198446981027e+05
2.938328984749474060e+01 5.757160369323577243e+01 5.625845826763276847e+01 7.484862702046490313e+01 2.440143287005067978e+05
2.946182973378957826e+01 5.734148679775350388e+01 5.639819614324733266e+01 7.472803434039101944e+01 2.437205600155157153e+05
2.954036961971243258e+01 5.770339835324174516e+01 5.698633565480444219e+01 7.600382888489883726e+01 2.436946320793004707e+05
2.961890950526625943e+01 5.775450114557994397e+01 5.651193415442172352e+01 7.579216027465440675e+01 2.456598556609197112e+05
2.969744939045398979e+01 5.790690615235444483e+01 5.707027855932853555e+01 7.645653326179589726e+01 2.442558049096914474e+05
2.977598927527852268e+01 5.767217028755672459e+01 5.760414076380578052e+01 7.719508382553604520e+01 2.452997375191264146e+05
2.985452915974272159e+01 5.806194334262987411e+01 5.756933299605640286e+01 7.762439318239813701e+01 2.472140164103961433e+05
2.993306904384942868e+01 5.828078960553793308e+01 5.803100606204674250e+01 7.772860210099496214e+01 2.457838719376368972e+05
3.001160892760143994e+01 5.829409136591225149e+01 5.776706994588911925e+01 7.844214517009767462e+01 2.467603909993449925e+05
3.009014881100154071e+01 5.910267444287019600e+01 5.801121477332185350e+01 7.884542082796248508e+01 2.494621136651418346e+05
3.016868869405248077e+01 5.886700367148810642e+01 5.829532972518193645e+01 7.985415604562851399e+01 2.495691563947275863e+05
3.024722857675697441e+01 5.870449887964500135e+01 5.863176209723998511e+01 7.992391266443617326e+01 2.511542309435504139e+05
3.032576845911771457e+01 5.902631392723488091e+01 5.917869083223726534e+01 8.040307286862818614e+01 2.522496069629962440e+05
3.040430834113736580e+01 5.894464891317569766e+01 5.897809400252757683e+01 8.064508496803696858e+01 2.502688007712039398e+05
3.048284822281856421e+01 5.928815065950054475e+01 6.030145200939830374e+01 8.173534895098337927e+01 2.517157910827929445e+05
3.056138810416392460e+01 5.997113183249473423e+01 5.914705461553900534e+01 8.161503673627036903e+01 2.539659333060641948e+05
3.063992798517602267e+01 5.916094890701899800e+01 6.005403238810873034e+01 8.249674023660512034e+01 2.520850185418021574e+05
3.071846786585741640e+01 5.921498688929619192e+01 6.096590808948752738e+01 8.320174048625501939e+01 2.532195911841314810e+05
3.079700774621063886e+01 5.998711721731523028e+01 6.074582659288980580e+01 8.267194579150478262e+01 2.550330593179981806e+05
3.087554762623818760e+01 5.994874980104356865e+01 6.101683642975442012e+01 8.386468858108236191e+01 2.545972537286517909e+05
3.095408750594254599e+01 6.009161022642440741e+01 6.186212167773626192e+01 8.551038917621804103e+01 2.570463953079499188e+05
3.103262738532617249e+01 6.057728353674007593e+01 6.225341397683837386e+01 8.581566412561655000e+01 2.565882328898773703e+05
3.111116726439149005e+01 6.080427869701387067e+01 6.208210273606724172e+01 8.645856771237163230e+01 2.572346137256910733e+05
3.118970714314090387e+01 6.092944936487653251e+01 6.174052467493140028e+01 8.542487505049125218e+01 2.607471212680770259e+05
3.126824702157679781e+01 6.098182667873845730e+01 6.265432992418956815e+01 8.555829133922102869e+01 2.588921434886515781e+05
3.134678689970152377e+01 6.109318032453764857e+01 6.318491688388010630e+01 8.717519418330732606e+01 2.613769181724080699e+05
3.142532677751741588e+01 6.199053863391445418e+01 6.388112835228157849e+01 8.854482632564895539e+01 2.642081356350487913e+05
3.150386665502678696e+01 6.169768326196910380e+01 6.362760012186327430e+01 8.887156037172599099e+01 2.664217833533602534e+05
3.158240653223192140e+01 6.239923786704577680e+01 6.349151352198682474e+01 8.925731600733651305e+01 2.663615860027318122e+05
3.166094640913508229e+01 6.241814472553117099e+01 6.419071050932731737e+01 8.931883427974160838e+01 2.689891821232509683e+05
3.173948628573851494e+01 6.288393670086522036e+01 6.440421250151273114e+01 9.063990400155945792e+01 2.686460960614256328e+05
3.181802616204443623e+01 6.202937208709342087e+01 6.506393686112032526e+01 8.958476277494710871e+01 2.673880721982371761e+05
3.189656603805504531e+01 6.251027639118889567e+01 6.590683579353282084e+01 9.189810228712383378e+01 2.685084037446888979e+05
3.197510591377251998e+01 6.358288924649829710e+01 6.643956721691749578e+01 9.285413196876370989e+01 2.712767144507146440e+05
3.205364578919900964e+01 6.349614565161449065e+01 6.558711639040184593e+01 9.137667741707748803e+01 2.721072010295205400e+05
3.213218566433665302e+01 6.383627951553846458e+01 6.715203438855199636e+01 9.359105390732624130e+01 2.729785947219117079e+05
3.221072553918755688e+01 6.320436218582297982e+01 6.737856385037927964e+01 9.497669185472621223e+01 2.731171863778626430e+05
3.228926541375382442e+01 6.392284490151990894e+01 6.806728612948408852e+01 9.592175612629048942e+01 2.741051318639318924e+05
3.236780528803751622e+01 6.361626936153882639e+01 6.885495166097162212e+01 9.401710931415445316e+01 2.724847186598742846e+05
3.244634516204068575e+01 6.455090419834641580e+01 6.771739407300636060e+01 9.543574554497912743e+01 2.777384510634898324e+05
3.252488503576537227e+01 6.482565940515767977e+01 6.887704550860301822e+01 9.803639262779887531e+01 2.790498728708621347e+05
3.260342490921358660e+01 6.498234701895481180e+01 6.838453578472771710e+01 9.820066434945904632e+01 2.823715084256834234e+05
3.268196478238731828e+01 6.519451689267508243e+01 6.806023941557626245e+01 9.680294668319936591e+01 2.810567461800784222e+05
3.276050465528854261e+01 6.617893799329276305e+01 6.930236263965501564e+01 9.828485755614944708e+01 2.873987965615596040e+05
3.283904452791921358e+01 6.659156572173864674e+01 6.950405460375223754e+01 9.860935098030535073e+01 2.786442766083667520e+05
3.291758440028127097e+01 6.729489495974655711e+01 7.008726802436805770e+01 9.923746199833732362e+01 2.867065802051057690e+05
3.299612427237663326e+01 6.678539292951151651e+01 7.150297998482163564e+01 1.009217548987183477e+02 2.846751097358590341e+05
3.307466414420719758e+01 6.561469581628074366e+01 6.964924380831330097e+01 9.804961990939857230e+01 2.822163284886335023e+05
3.315320401577483977e+01 6.724479547159032222e+01 7.286761590691745027e+01 1.023890728537617321e+02 2.922880579837022233e+05
3.323174388708143567e+01 6.685992298719476423e+01 7.130628099798445874e+01 1.008873195535629463e+02 2.861287353310320177e+05
3.331028375812883269e+01 6.693122111417646636e+01 7.183697268285484938e+01 1.008328064746653610e+02 2.901481089725223137e+05
3.338882362891884981e+01 6.758705956465036024e+01 7.564231188828482288e+01 1.068348881873252481e+02 2.923213259898453252e+05
3.346736349945329891e+01 6.844405587263693747e+01 7.330063589517769174e+01 1.044832898012514448e+02 2.898728928261154215e+05
3.354590336973399189e+01 6.785697852721945367e+01 7.521900145991256181e+01 1.047096855344822615e+02 2.986835433841146296e+05
3.362444323976268379e+01 7.076657333785871629e+01 7.638305561117414300e+01 1.080829782583199972e+02 3.015474090034816763e+05
3.370298310954115806e+01 6.793284550722320603e+01 7.558771377226378263e+01 1.039318959049904407e+02 2.978962543905017665e+05
3.378152297907114132e+01 6.934799145441957080e+01 7.633882371909037090e+01 1.041534211038102171e+02 2.919671599899133435e+05
3.386006284835436730e+01 6.949455028035460202e+01 7.548378949422280471e+01 1.102536187852738720e+02 2.974641982414295780e+05
3.393860271739255552e+01 6.883909584539468085e+01 7.639585469118706840e+01 1.074504989076813928e+02 2.921839896082712221e+05
3.401714258618739706e+01 6.736015975520579957e+01 7.298481072969755701e+01 1.108764853685073888e+02 2.935935495117661194e+05
3.409568245474058301e+01 7.379172697133105885e+01 7.688582576053237005e+01 1.079815674197543416e+02 3.217467166642862139e+05
3.417422232305376895e+01 7.279502017977131345e+01 7.763466600762610881e+01 1.126757471895680141e+02 3.253326562128046644e+05
3.425276219112861043e+01 7.551847938552731421e+01 8.516465304834956385e+01 1.228907229801873058e+02 3.437666533439286286e+05
3.433130205896674880e+01 7.543687482268455824e+01 7.455250333133072616e+01 1.165547957643668724e+02 3.328746544710056041e+05
3.440984192656979701e+01 7.302917075324482710e+01 8.741359945820671840e+01 1.207407684410116673e+02 3.355821169174797251e+05
3.448838179393936088e+01 8.454930395437935431e+01 7.380369085093970227e+01 1.105255506027339578e+02 3.606512512788212625e+05
3.456692166107702491e+01 8.072197778550609826e+01 7.711209753012740009e+01 1.267226330844156479e+02 3.628403340935542365e+05
3.464546152798438072e+01 9.063093603233279794e+01 8.399282897881781196e+01 1.262315624236436520e+02 3.790633736144422437e+05
3.472400139466299152e+01 5.490540207348417567e+01 6.854690232653689463e+01 8.463548112969252202e+01 3.959307183357421891e+05
