# 0.9958 0.9993
7.871241428633635184e-02 6.793990137930890683e+00 6.652242582153669481e+00 1.510756640637606800e-03 1.448974793712492783e+03
1.618072713909662341e-01 1.845574152715445138e+01 1.786913397176538609e+01 7.867813810699050836e-03 5.796482847165441854e+03
2.418771330418761079e-01 2.417729096807068601e+01 2.351741128415432769e+01 9.629319742458083628e-03 7.963244128844136867e+03
3.211923215201240578e-01 3.385834643344959005e+01 3.267305670612050505e+01 2.373173273461681027e-02 1.546073010529025851e+04
4.002017901256537113e-01 4.107685849088937857e+01 3.934780572039838376e+01 3.399015561611135050e-02 2.192412535911518717e+04
4.790568272527075955e-01 4.168645392786182668e+01 3.999220265021472898e+01 4.260342382414507995e-02 2.144005867723005576e+04
5.578229290343351687e-01 5.662973139476721940e+01 5.425287818102859916e+01 5.923688560180781493e-02 3.129272113360125513e+04
6.365331115321660738e-01 6.039689894358051703e+01 5.763632789851376259e+01 7.855528436724001917e-02 3.338489075209866132e+04
7.152058371535838788e-01 5.992063538506889131e+01 5.700467031507544391e+01 9.535268056751118604e-02 3.850904207726700406e+04
7.938522421846891941e-01 6.388885138089054294e+01 6.081646445544879498e+01 1.120673018997989101e-01 3.988562618870054575e+04
8.724794443688169698e-01 6.921001616152138070e+01 6.586922084280661238e+01 1.322879426774881961e-01 4.325618634045714134e+04
9.510922062407737299e-01 7.413509279448811640e+01 7.044677187857928402e+01 1.484246559737431859e-01 4.738411072087030334e+04
1.029693835175838679e+00 7.484292115776867149e+01 7.103547231419928210e+01 1.761940983743436329e-01 4.856680262066141586e+04
1.108286699878543891e+00 8.133877527451153355e+01 7.745186787613798174e+01 1.985767970266571203e-01 5.041901217610696767e+04
1.186872541411916560e+00 8.018056033411525618e+01 7.625443255527206077e+01 2.272255185022806490e-01 5.345633151138568792e+04
1.265452668213572940e+00 8.326011319468658201e+01 7.931799807153603865e+01 2.460579420612439006e-01 5.630158620836713817e+04
1.344028082638708543e+00 8.805160118508237588e+01 8.345059581864849463e+01 2.787220873434431700e-01 6.111332484279018536e+04
1.422599565533279709e+00 8.859146026939318119e+01 8.420918173603648427e+01 2.926259226569584704e-01 6.072726873886968679e+04
1.501167734229200246e+00 8.971842705584067801e+01 8.499789356693516140e+01 3.446532765461596259e-01 6.402720472449573572e+04
1.579733083222462531e+00 9.258127597450732083e+01 8.763907339523612450e+01 3.699081154569214824e-01 6.929309387632625294e+04
1.658296013281593151e+00 8.593884709092512253e+01 8.129134677168580936e+01 3.930311360809310983e-01 6.969722268326774065e+04
1.736856852652245875e+00 9.137561001442898601e+01 8.641967658300028177e+01 4.395622311621840139e-01 7.022562734867796826e+04
1.815415872753641580e+00 8.505199906805984256e+01 8.023607112435003330e+01 4.623219379072809332e-01 7.298839438725225045e+04
1.893973299967037560e+00 9.035653468995950277e+01 8.538135008663091696e+01 5.032989913858986197e-01 7.589753089989570435e+04
1.972529324606241641e+00 8.448815513755705808e+01 7.934891742945627868e+01 5.425317797368600647e-01 7.923764350423478754e+04
2.051084107826015579e+00 8.385920828962514406e+01 7.870526302952455922e+01 5.919429864618266368e-01 8.130038067279686220e+04
2.129637787001040561e+00 8.411059661455712444e+01 7.844686359773733386e+01 6.408837216438862949e-01 8.510402967876371986e+04
2.208190479956450680e+00 8.077042112602218538e+01 7.529792837479051570e+01 6.893499858552498694e-01 8.619556360411517380e+04
2.286742288326184092e+00 7.806920605002144953e+01 7.268672262271898887e+01 7.044071312626117853e-01 8.644772213266332983e+04
2.365293300241981811e+00 7.704532555548604478e+01 7.142239185512347888e+01 7.605251919232426383e-01 8.709364114566512580e+04
2.443843592503681883e+00 7.527537122951375181e+01 6.968745307522296173e+01 7.951843851319556622e-01 9.130949006134082447e+04
2.522393232343909553e+00 7.268768679470503002e+01 6.698849935574681069e+01 8.690161366913925489e-01 9.394418505215796176e+04
2.600942278872942381e+00 7.062350117065403765e+01 6.455460179073190830e+01 9.232112426215640655e-01 9.771219721440707508e+04
2.679490784269383141e+00 6.722121822106122124e+01 6.138397232535355386e+01 9.642731628174344705e-01 9.690176927604619414e+04
2.758038794767343038e+00 6.604984252282019952e+01 6.006980620451857078e+01 1.008028759322050050e+00 9.991915534250412020e+04
2.836586351479573942e+00 6.366030593881205135e+01 5.739914109796103503e+01 1.087727428815716380e+00 1.040684163938939018e+05
2.915133491087511963e+00 6.220136255154324090e+01 5.611772520266686826e+01 1.118025173011197859e+00 1.028113621392570349e+05
2.993680246422668834e+00 6.232217217059607606e+01 5.593035094908686489e+01 1.175013154473075527e+00 1.037567020954056788e+05
3.072226646958827967e+00 5.932607927156305294e+01 5.279336228793956565e+01 1.254967917672107580e+00 1.083282974981040024e+05
3.150772719230606977e+00 5.718829518255913058e+01 5.081446420437769973e+01 1.296337220018203062e+00 1.091775083649533190e+05
3.229318487190934395e+00 5.540431238434226913e+01 4.907790714235134288e+01 1.350711213895506191e+00 1.084044883964912879e+05
3.307863972517584905e+00 5.452999028829095352e+01 4.803896870176572520e+01 1.425263382065600215e+00 1.109156746266784030e+05
3.386409194877053608e+00 5.380673503514135803e+01 4.721527922834714275e+01 1.490790105814194133e+00 1.142299837685787643e+05
3.464954172152534095e+00 5.381911023898378232e+01 4.696165662851808520e+01 1.549146771280049295e+00 1.159128606534436840e+05
3.543498920641575456e+00 5.241292405024066881e+01 4.553516529350471842e+01 1.630161501896584708e+00 1.184224756876770552e+05
3.622043455228019404e+00 5.186486941226473135e+01 4.487416613189181192e+01 1.679348843304505845e+00 1.194666920892414782e+05
3.700587789532037597e+00 5.087068639564149208e+01 4.373084937159082841e+01 1.753414382625807955e+00 1.218493894552335260e+05
3.779131936041457696e+00 5.101699659399225339e+01 4.393910744767512000e+01 1.851137847140132742e+00 1.225706725733373605e+05
3.857675906227046259e+00 5.074586759824209992e+01 4.349050264288094780e+01 1.858228696529320878e+00 1.241040823190508090e+05
3.936219710643986680e+00 4.988804529142733912e+01 4.248447086874391943e+01 1.971217966388971954e+00 1.264254295314847986e+05
4.014763359021444877e+00 4.978938752146274993e+01 4.197727017774501235e+01 2.053091489894937283e+00 1.258671229376087722e+05
4.093306860341824560e+00 4.987328411095329983e+01 4.200413844530666552e+01 2.129960452297731344e+00 1.297422478328744619e+05
4.171850222911064776e+00 4.928522315276686072e+01 4.130733286049311204e+01 2.212465922581146494e+00 1.299328827438762091e+05
4.250393454421145911e+00 4.843543190469625870e+01 4.062506017993797514e+01 2.261558573203769296e+00 1.297537586672080361e+05
4.328936562005788247e+00 4.898179445264400300e+01 4.084204204230388768e+01 2.345381522071896541e+00 1.344215060401217197e+05
4.407479552290201497e+00 4.871270140972782059e+01 4.061709916914312402e+01 2.431426250933122812e+00 1.352613855622670671e+05
4.486022431435594982e+00 4.869647429064640676e+01 4.034549789559333277e+01 2.493940424233416220e+00 1.352787232377915934e+05
4.564565205179107465e+00 4.822622181866736923e+01 3.983614077536122977e+01 2.593107001641142162e+00 1.381506696169179340e+05
4.643107878869670024e+00 4.878008225356101235e+01 4.028964597224185695e+01 2.666945572402846576e+00 1.401345663663353771e+05
4.721650457500300213e+00 4.799019250466425035e+01 3.963097554288003721e+01 2.740476714688345528e+00 1.401620081072955218e+05
4.800192945737217443e+00 4.863189691217350941e+01 3.964760354743867055e+01 2.855335497147399426e+00 1.428942471680942981e+05
4.878735347946150824e+00 4.875016186320961253e+01 3.967916933048820027e+01 2.908876927864500139e+00 1.440319655239488930e+05
4.957277668216146793e+00 4.865752083459133814e+01 3.962280163842928005e+01 3.032358235353264320e+00 1.447897353824644815e+05
5.035819910381144737e+00 4.852244219252983015e+01 3.946861609105453539e+01 3.118994660943392283e+00 1.452447152252753731e+05
5.114362078039562221e+00 4.854467915610963757e+01 3.918907055101923476e+01 3.209414685837725045e+00 1.477557105430223746e+05
5.192904174572115394e+00 4.857980722801482187e+01 3.908021499658217834e+01 3.286745579146865825e+00 1.492039467458764557e+05
5.271446203158030919e+00 4.900095310119993997e+01 3.929957971388934368e+01 3.419630970187631736e+00 1.511336880239423190e+05
5.349988166789838573e+00 4.891539354112510551e+01 3.924501622926574385e+01 3.469513334108162095e+00 1.511415798746327637e+05
5.428530068286878674e+00 4.896167454184148937e+01 3.897803310093506468e+01 3.598239927729649512e+00 1.537508585808068456e+05
5.507071910307648643e+00 4.832768025027387893e+01 3.851499415409951155e+01 3.636336022213256136e+00 1.537888843339446757e+05
5.585613695361120179e+00 4.885717627045897871e+01 3.864472488172052067e+01 3.840663578682419477e+00 1.575824963963430491e+05
5.664155425817094525e+00 4.873614495398684454e+01 3.860772892730511785e+01 3.910950639756105573e+00 1.571286345799060364e+05
5.742697103915729961e+00 4.850686902766318553e+01 3.825940188539970421e+01 3.971802446679634890e+00 1.582913618839569099e+05
5.821238731776284148e+00 4.845622690588208314e+01 3.812480714762877199e+01 4.066668120204766979e+00 1.597590511318969657e+05
5.899780311405160127e+00 4.825119393467920048e+01 3.791831905558792215e+01 4.174093148778402984e+00 1.603324876705431379e+05
5.978321844703323507e+00 4.831048515098078155e+01 3.786925887432070681e+01 4.252021149108329290e+00 1.607969798003669421e+05
6.056863333473133437e+00 4.864679964059222073e+01 3.798878102569956638e+01 4.333589192946938340e+00 1.637526210427378246e+05
6.135404779424661115e+00 4.842525583339075013e+01 3.751811434553385283e+01 4.520452168739053533e+00 1.660715299738139729e+05
6.213946184181517118e+00 4.829047925776373518e+01 3.754000863166155710e+01 4.590766611224891491e+00 1.664684645119804190e+05
6.292487549286247983e+00 4.852742273134408890e+01 3.745337881528864443e+01 4.667684463087486968e+00 1.682846390594464610e+05
6.371028876205335756e+00 4.839082969658201705e+01 3.729830215175635999e+01 4.821497454969320806e+00 1.670067749485833046e+05
6.449570166333828070e+00 4.826893701301008122e+01 3.722773047329269502e+01 4.941314466774904268e+00 1.712242806803843996e+05
6.528111420999634262e+00 4.834265058482502297e+01 3.709603130217596600e+01 5.028194311526231530e+00 1.712316932358796184e+05
6.606652641467518627e+00 4.803162308695234373e+01 3.670784961209437824e+01 5.187327784759423466e+00 1.722249593645080458e+05
6.685193828942805006e+00 4.859832849476064354e+01 3.701929983846464012e+01 5.267641716772076599e+00 1.721680073181601474e+05
6.763734984574836240e+00 4.795148624108842483e+01 3.660928775302927107e+01 5.361949289776716476e+00 1.723376785527943575e+05
6.842276109460177835e+00 4.815358387984353072e+01 3.651270439274866675e+01 5.484360486381513411e+00 1.745322120774502691e+05
6.920817204645620890e+00 4.764990438207792778e+01 3.623203250380925056e+01 5.582560285870682648e+00 1.751384042504215322e+05
6.999358271130968312e+00 4.856063766524833625e+01 3.669920748173757374e+01 5.750850995695778067e+00 1.771311710885419161e+05
7.077899309871646949e+00 4.816545952598966096e+01 3.636260461998834614e+01 5.860925274864817958e+00 1.799681420828207629e+05
7.156440321781138536e+00 4.804468960679679412e+01 3.621223952658965572e+01 5.956451987796975267e+00 1.786093409386941639e+05
7.234981307733260536e+00 4.824509094499961748e+01 3.603983308562607135e+01 6.159646700004298481e+00 1.800368148106082808e+05
7.313522268564292439e+00 4.784086576389211842e+01 3.582032818429762955e+01 6.233626133356524157e+00 1.797727039858485514e+05
7.392063205074973276e+00 4.817375254354752911e+01 3.598342211858125239e+01 6.341731939675266716e+00 1.803511598730001424e+05
7.470604118032365015e+00 4.762292629781232023e+01 3.547237562242720799e+01 6.485672564748084845e+00 1.824309370536336501e+05
7.549145008171610272e+00 4.815356632966193473e+01 3.590010766709885814e+01 6.606785845885847053e+00 1.831038724882627430e+05
7.627685876197570103e+00 4.845118445114955108e+01 3.603300222855289547e+01 6.770943217591236518e+00 1.847204962335280725e+05
7.706226722786373884e+00 4.831227576472945628e+01 3.572872174752934882e+01 6.869175964369607534e+00 1.854047234069873230e+05
7.784767548586863484e+00 4.823529019955613961e+01 3.564596083655717962e+01 6.994859069952327424e+00 1.853542610561525507e+05
7.863308354221953955e+00 4.823888826353508819e+01 3.562613803785422562e+01 7.066864166576952044e+00 1.860946202395110449e+05
7.941849140289923170e+00 4.862075279377996395e+01 3.581048032226014755e+01 7.253237662865228863e+00 1.862630752877486520e+05
8.020389907365611748e+00 4.841945254694123690e+01 3.553460198828901895e+01 7.361583414512207213e+00 1.898190836028866761e+05
8.098930656001561701e+00 4.824398658154245112e+01 3.536505175183523164e+01 7.507797050919347015e+00 1.902047442859390576e+05
8.177471386729090241e+00 4.822671479161994768e+01 3.542400548451007580e+01 7.590220473002591284e+00 1.900344278085505357e+05
8.256012100059292536e+00 4.854314342852902797e+01 3.554678322377331057e+01 7.789942106847644432e+00 1.910927998941200494e+05
8.334552796484000936e+00 4.801385753934796696e+01 3.511908651036597462e+01 7.866809559366517490e+00 1.920224291264385975e+05
8.413093476476680266e+00 4.883394801896276505e+01 3.533216631818761755e+01 8.032607652489186734e+00 1.930558699095109478e+05
8.491634140493276917e+00 4.855169641041050710e+01 3.529807620120831047e+01 8.151017041080541148e+00 1.929561407613657066e+05
8.570174788973028868e+00 4.862095865012842921e+01 3.504978731953508486e+01 8.356525561945771230e+00 1.937897629535245360e+05
8.648715422339215309e+00 4.878939072649379227e+01 3.540861336125394132e+01 8.423705239814280432e+00 1.954028260253360204e+05
8.727256040999876063e+00 4.853853847416070266e+01 3.510705099919294270e+01 8.546708689983310236e+00 1.959376907878295751e+05
8.805796645348495488e+00 4.872054201148517905e+01 3.518633470416254028e+01 8.705236219611574455e+00 1.957615595468104875e+05
8.884337235764643737e+00 4.875170475247863067e+01 3.504375788770357047e+01 8.880367163452415724e+00 1.962260114152198075e+05
8.962877812614589601e+00 4.891137220500088034e+01 3.521479990564201046e+01 9.061222777788106697e+00 1.964175243003556388e+05
9.041418376251867173e+00 4.903919325647768801e+01 3.516705336545697236e+01 9.133127232160584086e+00 1.988490853702957393e+05
9.119958927017840722e+00 4.877404107274843170e+01 3.502604490493973799e+01 9.293012349281168483e+00 1.999223415734473383e+05
9.198499465242209183e+00 4.889863995595742097e+01 3.504733904198035788e+01 9.461855175048039968e+00 1.997123128204332897e+05
9.277039991243508865e+00 4.910873732852332552e+01 3.503049749449602501e+01 9.640355634337749891e+00 2.003417595466813946e+05
9.355580505329580632e+00 4.921635572984710194e+01 3.499279865943199752e+01 9.787297422603773001e+00 2.013818807542568829e+05
9.434121007798012215e+00 4.926513133858335891e+01 3.506706393417127998e+01 9.888747379992242514e+00 2.017189706269310554e+05
9.512661498936562765e+00 4.935983388980280751e+01 3.508792529148586681e+01 1.006173598640917355e+01 2.027574386459346570e+05
9.591201979023569635e+00 4.929848293859102171e+01 3.500950737219896070e+01 1.020873016892793217e+01 2.033441341203100164e+05
9.669742448328321416e+00 4.908809724048090573e+01 3.474257391994590449e+01 1.039592020334396416e+01 2.026579141738642938e+05
9.748282907111432749e+00 4.944795199883682812e+01 3.489162825082391350e+01 1.051999468785209579e+01 2.051872598300453392e+05
9.826823355625185386e+00 4.926788607155447863e+01 3.478909752860369764e+01 1.064979621015704048e+01 2.040972017607247690e+05
9.905363794113858589e+00 4.945060484210606688e+01 3.492738097290524024e+01 1.085044054895230303e+01 2.048555250439180527e+05
9.983904222814045326e+00 4.951194188110622463e+01 3.490577128500726189e+01 1.101265470415890135e+01 2.054891991235830355e+05
1.006244464195495070e+01 4.979732919821920945e+01 3.516893052592912738e+01 1.118638050797751404e+01 2.066590480816859636e+05
1.014098505175868148e+01 4.946137096637438901e+01 3.489367057364118807e+01 1.131913353744953987e+01 2.055683802013692621e+05
1.021952545244051613e+01 4.990578549053554269e+01 3.491289999776704889e+01 1.149962670520980268e+01 2.076390592682583956e+05
1.029806584420916415e+01 4.980295603661840431e+01 3.482867413419953806e+01 1.176016802707642128e+01 2.091850267743518925e+05
1.037660622726701654e+01 4.952386953417028082e+01 3.474291062385243833e+01 1.181166134527709133e+01 2.085323696114254417e+05
1.045514660181038380e+01 4.997932987228720947e+01 3.495890362038161925e+01 1.201882002901033530e+01 2.078350128623383061e+05
1.053368696802971982e+01 4.988477368481240148e+01 3.492607201437065356e+01 1.217942065496623982e+01 2.092983161347077985e+05
1.061222732610984210e+01 5.006754621441165654e+01 3.485463109702012474e+01 1.233090279714388693e+01 2.109399283709126466e+05
1.069076767623013779e+01 4.990121166906570949e+01 3.481948325738115102e+01 1.253746299340089365e+01 2.114335676123443118e+05
1.076930801856475739e+01 5.013723042248305006e+01 3.493472062864334760e+01 1.264364287439596168e+01 2.115375470197775867e+05
1.084784835328281005e+01 5.046641213380609514e+01 3.512114281758394441e+01 1.282968059464954003e+01 2.116296175852718006e+05
1.092638868054854306e+01 5.017149128092262345e+01 3.487900029195139240e+01 1.304317901345174135e+01 2.116366784873864672e+05
1.100492900052151413e+01 5.036646486771324049e+01 3.503399544877789396e+01 1.321859991753316876e+01 2.125228798993007513e+05
1.108346931335675833e+01 5.052919541926799241e+01 3.506854864342915334e+01 1.333354671427699856e+01 2.120491869268520095e+05
1.116200961920494805e+01 5.039394886422587660e+01 3.487971109553576099e+01 1.353555081442006447e+01 2.130502417232207372e+05
1.124054991821254212e+01 5.035878549609352461e+01 3.485474832520743860e+01 1.368632654698277129e+01 2.127393108360480983e+05
1.131909021052193687e+01 5.055104521338528656e+01 3.496374954577522942e+01 1.386925469836372926e+01 2.137260233262586407e+05
1.139763049627160285e+01 5.033344806974006502e+01 3.494479308059505485e+01 1.402308557358692376e+01 2.138970609558138240e+05
1.147617077559622167e+01 5.090404634322010935e+01 3.511848422743068454e+01 1.426270497080296096e+01 2.146370277295550914e+05
1.155471104862680853e+01 5.075483223875124850e+01 3.506176926642092440e+01 1.438608602783991230e+01 2.153687911640470847e+05
1.163325131549084368e+01 5.061426818308719788e+01 3.495594206268424387e+01 1.459876039996509078e+01 2.154796976560658368e+05
1.171179157631238787e+01 5.083354382134554328e+01 3.523109672712188711e+01 1.477640883741617017e+01 2.147014836461320810e+05
1.179033183121219608e+01 5.079891496996916089e+01 3.513537190586263392e+01 1.494433468023394340e+01 2.159885865416463639e+05
1.186887208030782759e+01 5.067417407518682637e+01 3.496671434356422026e+01 1.516143354651303987e+01 2.161132798954943428e+05
1.194741232371374728e+01 5.122114125776262483e+01 3.513004432449920245e+01 1.538960509321156422e+01 2.173540534291529329e+05
1.202595256154143222e+01 5.080533143911959826e+01 3.510703848427294815e+01 1.547899977496366120e+01 2.160769358673314564e+05
1.210449279389946753e+01 5.105662825274912109e+01 3.512699842954140195e+01 1.574624704299641387e+01 2.177209597668560164e+05
1.218303302089363527e+01 5.104483779613492800e+01 3.511255095158931994e+01 1.595620962918657604e+01 2.169200451382381725e+05
1.226157324262700676e+01 5.110350221708858243e+01 3.519894645599939764e+01 1.603535069844968675e+01 2.183045043215769692e+05
1.234011345920003322e+01 5.126531585939016367e+01 3.513910968636279364e+01 1.629304618355635270e+01 2.183600906947332260e+05
1.241865367071062565e+01 5.084158736896441155e+01 3.491399782875796376e+01 1.646441430056806254e+01 2.189776005459859734e+05
1.249719387725422415e+01 5.129605058826210495e+01 3.519255224767038470e+01 1.663561141278230693e+01 2.186195866808842111e+05
1.257573407892389383e+01 5.138950155916503348e+01 3.520808508519475311e+01 1.682348089998146534e+01 2.189666722491373657e+05
1.265427427581038877e+01 5.123210768828869277e+01 3.509600516038712215e+01 1.702037128675760869e+01 2.190762878896952898e+05
1.273281446800221772e+01 5.123039635588392571e+01 3.518491198798086117e+01 1.721384255348754166e+01 2.188431243316077744e+05
1.281135465558572584e+01 5.125758209989568570e+01 3.514270834522661602e+01 1.748294559997122732e+01 2.202545820588557108e+05
1.288989483864514796e+01 5.123905787877309592e+01 3.513116565607812447e+01 1.769507145336081422e+01 2.206186217523143278e+05
1.296843501726268322e+01 5.155949054868126780e+01 3.531982847868591335e+01 1.782473054604006890e+01 2.203372985583227128e+05
1.304697519151855190e+01 5.150373696180145089e+01 3.523553317387542450e+01 1.807292072476061406e+01 2.201948068816820160e+05
1.312551536149104692e+01 5.164530334240715348e+01 3.520956000605477243e+01 1.830832630797613447e+01 2.211239167040791071e+05
1.320405552725660492e+01 5.156150379764013536e+01 3.528452979381050625e+01 1.844568017507540958e+01 2.209897425891684252e+05
1.328259568888985243e+01 5.155947780909482958e+01 3.523083767701500335e+01 1.879351952937355819e+01 2.210044272479039500e+05
1.336113584646366270e+01 5.163812947715218371e+01 3.525775025155230225e+01 1.896503925876454133e+01 2.218587880646450503e+05
1.343967600004920548e+01 5.155639781558931389e+01 3.528961013455492690e+01 1.920792897568118462e+01 2.218823679990426172e+05
1.351821614971599317e+01 5.164067639617060479e+01 3.529926037674282924e+01 1.935041056757804157e+01 2.220670464914996410e+05
1.359675629553193588e+01 5.165489356582990865e+01 3.547490239010884494e+01 1.961041312949155468e+01 2.221613431696678454e+05
1.367529643756338231e+01 5.151508103232128377e+01 3.527928213600177543e+01 1.974302708531598682e+01 2.221739646649382194e+05
1.375383657587516595e+01 5.201380998244368925e+01 3.551014363476346603e+01 2.006620138978398060e+01 2.226027901771070610e+05
1.383237671053064766e+01 5.182863152345110791e+01 3.551628921803474981e+01 2.024450397489649234e+01 2.229366078146895743e+05
1.391091684159175834e+01 5.196807330225347954e+01 3.553302850631509102e+01 2.050815457438087464e+01 2.236819138398989744e+05
1.398945696911903269e+01 5.167506061815358009e+01 3.547324943804191832e+01 2.064322592645763521e+01 2.229523188062202244e+05
1.406799709317166069e+01 5.173400056588366169e+01 3.545423471429406703e+01 2.086609737913187956e+01 2.237784323068337108e+05
1.414653721380751428e+01 5.204305186802645267e+01 3.557378790294700366e+01 2.114762300862290800e+01 2.245836253399749403e+05
1.422507733108318817e+01 5.204366355082159856e+01 3.570918056943085617e+01 2.139178022828793502e+01 2.236990577282615413e+05
1.430361744505403543e+01 5.205486490484423001e+01 3.572645479550605785e+01 2.150383496472403166e+01 2.238699760274137661e+05
1.438215755577419586e+01 5.199200025221256993e+01 3.559752857424710015e+01 2.174235397840537232e+01 2.250756969305538223e+05
1.446069766329663686e+01 5.201248489382626161e+01 3.571667269443415194e+01 2.191800259169826148e+01 2.246340317254238180e+05
1.453923776767318010e+01 5.219497436574241078e+01 3.566462779920517789e+01 2.224416484010870221e+01 2.255485997155207733e+05
1.461777786895453346e+01 5.217052302133546249e+01 3.569978191764545983e+01 2.237334687297853719e+01 2.250076860150040884e+05
1.469631796719032302e+01 5.218051358216772684e+01 3.591242957018860693e+01 2.268476409683138684e+01 2.246710334138793987e+05
1.477485806242911437e+01 5.218867769010171997e+01 3.572248772735646583e+01 2.292974699149290174e+01 2.255775624588267237e+05
1.485339815471844993e+01 5.224268361864596244e+01 3.595115435091880585e+01 2.311522483818596641e+01 2.252452062985845841e+05
1.493193824410487203e+01 5.217986047923857740e+01 3.593082716387814912e+01 2.337654531855300277e+01 2.257593952142750786e+05
1.501047833063394421e+01 5.227300768430675504e+01 3.601021344158957049e+01 2.363605438864128061e+01 2.262876298301308998e+05
1.508901841435028857e+01 5.247279420015846796e+01 3.625143230832861718e+01 2.383432255073210726e+01 2.262938287904417957e+05
1.516755849529759992e+01 5.271887885399520712e+01 3.625996461232471546e+01 2.423178093345756778e+01 2.276374820444336219e+05
1.524609857351867070e+01 5.247196469427118615e+01 3.610065760854481454e+01 2.445218642784848129e+01 2.266869544217515213e+05
1.532463864905541762e+01 5.246806710990838951e+01 3.626523854520196011e+01 2.454260876954483805e+01 2.262573508487627842e+05
1.540317872194890292e+01 5.251056237620731082e+01 3.621109905163986298e+01 2.487405347203920414e+01 2.272384344025609607e+05
1.548171879223935399e+01 5.240917713347278806e+01 3.618885857894618141e+01 2.501942117409641497e+01 2.271333171458225406e+05
1.556025885996618996e+01 5.270899451716933726e+01 3.635079142599139601e+01 2.537320776709032444e+01 2.286430221121341165e+05
1.563879892516803238e+01 5.284237090224630862e+01 3.657463784387670103e+01 2.560288024745855040e+01 2.281595240820335166e+05
1.571733898788273187e+01 5.264204200991353844e+01 3.649755922842668809e+01 2.578306941768777349e+01 2.277932481198330643e+05
1.579587904814739119e+01 5.277763684439725012e+01 3.653946227276692582e+01 2.617746256328932830e+01 2.289255044969788287e+05
1.587441910599837769e+01 5.278959041134154262e+01 3.653450573378965771e+01 2.633991341384691154e+01 2.275553811033266247e+05
1.595295916147133575e+01 5.293040314562199455e+01 3.661667040383803595e+01 2.659806964056126333e+01 2.289973840295708214e+05
1.603149921460121874e+01 5.296315941346766465e+01 3.670991282070659167e+01 2.682060895246912224e+01 2.294971244369414926e+05
1.611003926542229436e+01 5.310851071515006794e+01 3.675437219658885368e+01 2.720769994192801988e+01 2.302136381045876187e+05
1.618857931396816596e+01 5.301458915314625386e+01 3.684614353091302519e+01 2.738970175737222590e+01 2.298520345314428851e+05
1.626711936027179561e+01 5.321084706989265811e+01 3.706644096274808220e+01 2.764320243922118792e+01 2.300367845976649842e+05
1.634565940436549525e+01 5.334440277065363034e+01 3.699085972387336341e+01 2.795534265969580545e+01 2.303138856535276282e+05
1.642419944628097639e+01 5.332796418506691793e+01 3.723454079525335203e+01 2.822031007374441103e+01 2.300666336773428775e+05
1.650273948604932883e+01 5.323148018702279671e+01 3.721889326186854419e+01 2.849085855115951205e+01 2.301015377199475188e+05
1.658127952370107394e+01 5.343111650130316548e+01 3.732598277552757082e+01 2.883495057227358771e+01 2.314088586541810655e+05
1.665981955926614333e+01 5.353948144060686332e+01 3.730387664220481270e+01 2.913610923310321255e+01 2.316528209227964107e+05
1.673835959277390728e+01 5.356578391973529563e+01 3.729109838845698732e+01 2.941636681957336208e+01 2.318212144536188571e+05
1.681689962425318896e+01 5.362428672674555230e+01 3.740950338069412595e+01 2.976931293513024812e+01 2.323495769932179246e+05
1.689543965373228218e+01 5.392507995494691642e+01 3.775701737788120482e+01 2.998290551822088190e+01 2.334966061762667960e+05
1.697397968123895495e+01 5.379753146973560973e+01 3.759601938733283077e+01 3.019329489146419121e+01 2.331093217213689641e+05
1.705251970680045304e+01 5.377221029885125603e+01 3.766357576213390956e+01 3.046094582580650822e+01 2.330027413977021642e+05
1.713105973044353902e+01 5.390324001718546043e+01 3.793877629031169363e+01 3.082122549837964343e+01 2.333009883434180520e+05
1.720959975219447102e+01 5.411806105839553283e+01 3.798964322278519035e+01 3.114079173351979080e+01 2.336253029877376975e+05
1.728813977207903463e+01 5.410790595412845505e+01 3.818222752402684250e+01 3.147756792091940881e+01 2.345075542999382305e+05
1.736667979012256424e+01 5.416494991708781015e+01 3.816758223479848766e+01 3.169335310893665891e+01 2.346890529817377683e+05
1.744521980634991110e+01 5.438069341896054709e+01 3.828460855058381895e+01 3.208248144561546411e+01 2.354779802480102808e+05
1.752375982078550365e+01 5.432493242769768926e+01 3.833978226863807492e+01 3.237383719870501153e+01 2.358265245615897584e+05
1.760229983345331917e+01 5.447878828295719700e+01 3.861277164272894424e+01 3.267102477802020388e+01 2.359554341437851253e+05
1.768083984437692635e+01 5.469458783809067626e+01 3.877063290097655823e+01 3.297170627490100969e+01 2.367317912100748799e+05
1.775937985357945692e+01 5.472503657819000722e+01 3.868345444240144815e+01 3.326739284897102777e+01 2.372679156935032515e+05
1.783791986108364824e+01 5.505063870430820572e+01 3.899227756271584155e+01 3.368375009118781804e+01 2.380981572386635817e+05
1.791645986691183268e+01 5.483847946774996984e+01 3.899015964811170676e+01 3.390118613235648581e+01 2.377135215148488351e+05
1.799499987108595889e+01 5.497038354583572328e+01 3.921193520949535127e+01 3.425133639973217470e+01 2.381879293239682447e+05
1.807353987362759185e+01 5.523553846443518722e+01 3.934482498837716946e+01 3.464728293756869704e+01 2.395414501150932047e+05
1.815207987455791638e+01 5.530257545113683193e+01 3.947305349612840075e+01 3.494822550073160272e+01 2.400909349233950197e+05
1.823061987389775851e+01 5.555822645557223893e+01 3.962097123027002255e+01 3.536621408738751171e+01 2.402670016451223637e+05
1.830915987166758541e+01 5.559874336373956538e+01 3.971893166554104226e+01 3.555776451191744059e+01 2.409185818377297837e+05
1.838769986788751964e+01 5.589754038302951500e+01 3.982212073626578785e+01 3.602996688969155059e+01 2.416181213735027413e+05
1.846623986257733563e+01 5.565458535969368370e+01 3.995759403161621748e+01 3.631023246587470510e+01 2.420198638492393075e+05
1.854477985575647381e+01 5.595130568421905792e+01 4.027624312595577294e+01 3.667136326453306339e+01 2.424936255057392409e+05
1.862331984744404423e+01 5.620226763555938021e+01 4.031844680570607409e+01 3.696289145125435027e+01 2.437745140424234269e+05
1.870185983765884075e+01 5.633306735095147388e+01 4.051126639319637945e+01 3.739820266786340142e+01 2.445844166282670340e+05
1.878039982641934458e+01 5.633674096431643363e+01 4.066969074857308897e+01 3.777683607792717879e+01 2.452035864642856177e+05
1.885893981374372075e+01 5.667694072280599471e+01 4.086199590729052744e+01 3.819907315362890898e+01 2.463151420116322406e+05
1.893747979964983941e+01 5.683863663779251141e+01 4.099234065622366785e+01 3.840206110291724428e+01 2.463790051896153309e+05
1.901601978415527228e+01 5.703098819458001856e+01 4.119932175345658010e+01 3.868423430362391713e+01 2.477954938145079359e+05
1.909455976727730331e+01 5.727826367875083946e+01 4.142982529165680461e+01 3.913576432276774142e+01 2.480605765406576975e+05
1.917309974903293579e+01 5.729981148403211932e+01 4.154921677941086244e+01 3.948393522256023402e+01 2.490380818802789436e+05
1.925163972943889235e+01 5.728840313247866334e+01 4.170667118017944830e+01 3.986851376420149506e+01 2.487554701330967946e+05
1.933017970851161849e+01 5.776712223968373650e+01 4.195104940267875548e+01 4.033259378595344202e+01 2.510071249826467247e+05
1.940871968626730748e+01 5.803636680379185009e+01 4.221978494162957674e+01 4.074786176485806521e+01 2.520629769345846435e+05
1.948725966272188259e+01 5.828881746693726740e+01 4.235504901531871269e+01 4.094674150329709050e+01 2.530042979375613213e+05
1.956579963789100773e+01 5.833001370234189409e+01 4.256762373531183385e+01 4.144655393885228278e+01 2.534539005169817829e+05
1.964433961179010524e+01 5.854973657314339874e+01 4.269845560253231298e+01 4.190288378291074167e+01 2.548252128108339384e+05
1.972287958443434519e+01 5.890810454703160559e+01 4.316645207277796459e+01 4.234353266347132916e+01 2.558492292772774526e+05
1.980141955583865965e+01 5.917980006410950011e+01 4.330893967910254361e+01 4.255721849725745187e+01 2.566811688717878133e+05
1.987995952601774619e+01 5.913458369310175300e+01 4.346163577642208509e+01 4.304583327940235904e+01 2.572625724369682139e+05
1.995849949498606790e+01 5.949006097977890306e+01 4.369835818049652687e+01 4.344877267531398957e+01 2.585663550747066620e+05
2.003703946275786052e+01 5.955600463268891787e+01 4.380264542593569388e+01 4.367675035788193583e+01 2.592398685890526976e+05
2.011557942934713950e+01 5.993805872880707142e+01 4.419559536310471515e+01 4.424058269122479459e+01 2.605355450536517601e+05
2.019411939476770712e+01 6.015746188686768647e+01 4.435480097416721890e+01 4.464969503534976525e+01 2.615928462626058026e+05
2.027265935903314542e+01 6.000646346357287797e+01 4.441436301691556565e+01 4.485866163784717742e+01 2.608409801375457610e+05
2.035119932215682326e+01 6.003490022830494866e+01 4.454219314493818160e+01 4.531383718420720186e+01 2.611474468484459794e+05
2.042973928415191054e+01 5.997048628662904690e+01 4.454524759658832522e+01 4.552671302188679903e+01 2.606586218881614914e+05
2.050827924503137467e+01 6.007347173941779772e+01 4.476747201594368875e+01 4.601417735256271868e+01 2.616536239851480350e+05
2.058681920480798766e+01 6.031945846760920205e+01 4.478144178285661070e+01 4.632676212878499911e+01 2.619469276739679626e+05
2.066535916349431901e+01 6.024844874971521591e+01 4.502115718123553734e+01 4.685262480048270106e+01 2.619363253364467819e+05
2.074389912110275347e+01 6.023179012635585394e+01 4.501876148496627650e+01 4.710236018225637622e+01 2.626912092943523894e+05
2.082243907764548752e+01 6.015863723603025193e+01 4.526043872431318960e+01 4.730006881212483449e+01 2.620498827958012407e+05
2.090097903313453642e+01 6.034895371701930600e+01 4.531136729508409644e+01 4.783690519360397531e+01 2.630792335665041464e+05
2.097951898758173783e+01 6.052812974916187727e+01 4.541571560670850971e+01 4.815016332414442246e+01 2.632735393671260099e+05
2.105805894099874109e+01 6.037372688703123202e+01 4.556867950878187656e+01 4.843452439279707988e+01 2.632306273954921053e+05
2.113659889339703568e+01 6.043854177918781545e+01 4.582424430709857432e+01 4.888611591766861153e+01 2.634389468188181054e+05
2.121513884478793344e+01 6.036006495632867797e+01 4.598009417254827724e+01 4.937230802262027396e+01 2.637577211143049062e+05
2.129367879518258277e+01 6.044304611431457630e+01 4.603994538519707902e+01 4.970429839262718019e+01 2.637083271528727491e+05
2.137221874459196869e+01 6.061715131551792268e+01 4.620157751983607852e+01 5.017463196641918444e+01 2.647701258409037255e+05
2.145075869302691274e+01 6.053853880596813752e+01 4.626349397738079006e+01 5.050785210258199243e+01 2.643016456210126635e+05
2.152929864049807307e+01 6.057236433682245291e+01 4.639950262060030894e+01 5.080827690965016075e+01 2.648917320332068484e+05
2.160783858701596571e+01 6.081471847504636941e+01 4.652017672285339245e+01 5.133681627807798975e+01 2.652966658236388466e+05
2.168637853259094683e+01 6.057148518751745314e+01 4.670556608476941562e+01 5.158501454732272862e+01 2.646074719349668594e+05
2.176491847723321982e+01 6.079760824929134344e+01 4.695931451729852313e+01 5.200111218447658956e+01 2.653238874108041055e+05
2.184345842095285306e+01 6.074248426570539294e+01 4.700874453339195469e+01 5.249637750657971225e+01 2.660752798579458613e+05
2.192199836375975508e+01 6.098104724284608125e+01 4.724149831695442714e+01 5.304192837235480340e+01 2.668500220766650746e+05
2.200053830566371005e+01 6.107916056672879535e+01 4.750111079052810226e+01 5.333557742345764296e+01 2.667716412966751959e+05
2.207907824667434582e+01 6.100628382815285988e+01 4.746024116060810627e+01 5.374421380248850255e+01 2.666390562651334913e+05
2.215761818680116590e+01 6.082543221123567889e+01 4.745498753659144597e+01 5.389052790826083594e+01 2.665048628736034734e+05
2.223615812605353526e+01 6.102495692935097793e+01 4.777123388676695726e+01 5.460387636227161323e+01 2.671582232157353428e+05
2.231469806444068738e+01 6.150294572552026295e+01 4.801963603654406398e+01 5.502326356713388833e+01 2.682367315523974248e+05
2.239323800197172432e+01 6.123868934014876686e+01 4.822832474555340809e+01 5.547802776556368798e+01 2.685180361001153942e+05
2.247177793865562023e+01 6.139556079354145623e+01 4.819974189905387618e+01 5.585460632580342377e+01 2.691507621766050579e+05
2.255031787450123204e+01 6.124097114985990231e+01 4.841043728461647788e+01 5.631334266798319987e+01 2.683487954737032996e+05
2.262885780951728165e+01 6.153613165657874617e+01 4.875142008438931640e+01 5.671522527328156116e+01 2.701312780071112793e+05
2.270739774371238440e+01 6.158950140928819650e+01 4.878698923004154153e+01 5.710972827903764681e+01 2.695596534663836937e+05
2.278593767709502771e+01 6.160484809385897620e+01 4.891560788559127815e+01 5.760287316826351400e+01 2.698896087766113924e+05
2.286447760967358178e+01 6.163102991492609561e+01 4.907375616019396602e+01 5.766481199974014515e+01 2.703794535538771888e+05
2.294301754145629957e+01 6.178879201333150917e+01 4.907215388062176942e+01 5.834262774992266287e+01 2.714137728992507327e+05
2.302155747245133455e+01 6.197352729976346808e+01 4.943774662953013177e+01 5.885357738182026566e+01 2.721289558967127232e+05
2.310009740266672296e+01 6.180642348403812747e+01 4.962119571646397276e+01 5.918053064788408335e+01 2.719357902455613366e+05
2.317863733211038380e+01 6.212784425080057105e+01 4.989179649385440740e+01 5.969374940614117264e+01 2.727625395399485133e+05
2.325717726079013303e+01 6.203677868427754305e+01 5.006411685442332526e+01 6.003285793852747076e+01 2.720032801110530854e+05
2.333571718871368716e+01 6.219584609269403330e+01 5.025219283392445391e+01 6.061993459125194050e+01 2.736629351776376716e+05
2.341425711588865965e+01 6.212682660815372770e+01 5.046028897802405311e+01 6.088725348732265275e+01 2.734389146468535182e+05
2.349279704232255384e+01 6.230562785019712635e+01 5.070927602230636921e+01 6.155161989404234646e+01 2.739328356660946738e+05
2.357133696802278067e+01 6.253278716533939985e+01 5.077902079849194195e+01 6.191958599966098120e+01 2.751218205686428701e+05
2.364987689299664453e+01 6.250309719604105396e+01 5.097451114775505943e+01 6.255314157756026816e+01 2.754575014812581940e+05
2.372841681725136453e+01 6.272748833456578410e+01 5.129142980523796069e+01 6.274576455726630542e+01 2.757436956243139575e+05
2.380695674079405322e+01 6.283222961014740093e+01 5.136384375655018175e+01 6.341204715687690197e+01 2.759913243393232697e+05
2.388549666363174140e+01 6.295288489183036518e+01 5.151964319907941103e+01 6.375019712180296239e+01 2.769497401042980491e+05
2.396403658577134976e+01 6.284341375134212626e+01 5.187628079144635507e+01 6.417559913275620431e+01 2.767362717329383013e+05
2.404257650721972439e+01 6.311208001234927423e+01 5.211156818185340001e+01 6.469493707200722099e+01 2.775838432500641211e+05
2.412111642798362254e+01 6.311813695431246174e+01 5.232544298698018537e+01 6.525901644217529451e+01 2.780720614923695684e+05
2.419965634806970556e+01 6.299829791753822406e+01 5.252650965334646571e+01 6.559536587002212116e+01 2.777798348573385738e+05
2.427819626748454596e+01 6.342359475579015538e+01 5.266596825218464062e+01 6.609462083093346507e+01 2.789724475819124491e+05
2.435673618623464520e+01 6.336347271131999292e+01 5.293549364419996550e+01 6.657040059910990237e+01 2.795810295711031649e+05
2.443527610432640529e+01 6.363655829958077703e+01 5.323386812385665223e+01 6.693418801393173112e+01 2.806022081589807640e+05
2.451381602176616425e+01 6.406219689119522798e+01 5.358438003261987603e+01 6.773232689829839615e+01 2.818805245365928276e+05
2.459235593856016067e+01 6.398435774939694198e+01 5.356471555395045669e+01 6.819310413219807288e+01 2.822249123354666517e+05
2.467089585471456203e+01 6.404875870851988395e+01 5.388217231044116318e+01 6.865547828439335376e+01 2.828911971513788449e+05
2.474943577023546126e+01 6.411971191206681908e+01 5.404986878857258148e+01 6.907203716331022747e+01 2.830028229248595890e+05
2.482797568512887310e+01 6.447397285670996325e+01 5.435853313933785813e+01 6.959116274848150852e+01 2.844824428973433096e+05
2.490651559940072346e+01 6.453249765082799172e+01 5.467902045152847279e+01 7.012004969567722412e+01 2.847140390590293682e+05
2.498505551305688144e+01 6.459664619390810003e+01 5.496785741133823677e+01 7.082515772230729567e+01 2.854206240650534746e+05
2.506359542610313440e+01 6.431137759680088095e+01 5.504643640472431798e+01 7.090413168356241158e+01 2.849207210431225831e+05
2.514213533854519511e+01 6.475030982625091269e+01 5.543250351919903096e+01 7.160889961237515422e+01 2.868629170636000927e+05
2.522067525038871239e+01 6.502099833485299030e+01 5.568307331536518490e+01 7.219937459775810851e+01 2.874295856833750731e+05
2.529921516163925688e+01 6.495413567377708830e+01 5.588794624262105515e+01 7.288231113360528468e+01 2.874374151263789972e+05
2.537775507230233529e+01 6.510119587044576406e+01 5.611460020734835297e+01 7.306331779019527062e+01 2.881010056346919737e+05
2.545629498238338684e+01 6.523952665429732178e+01 5.634117389689811972e+01 7.363182700106865752e+01 2.891271018661502749e+05
2.553483489188777966e+01 6.554962299615664278e+01 5.676374632557300259e+01 7.435212039445747223e+01 2.905443228232239489e+05
2.561337480082082152e+01 6.564618838865597183e+01 5.718093493665091387e+01 7.462188160794001135e+01 2.900981613508505980e+05
2.569191470918774911e+01 6.557882522873264008e+01 5.720870658620911087e+01 7.514425991734832166e+01 2.913824512259436888e+05
2.577045461699373874e+01 6.599996181007144003e+01 5.756270808145596618e+01 7.599110595009929625e+01 2.919766459152684547e+05
2.584899452424390631e+01 6.580778955161555643e+01 5.792265424541290741e+01 7.643750680120777474e+01 2.925653709045299329e+05
2.592753443094329668e+01 6.606749102944323226e+01 5.794067170370889386e+01 7.675641407618942935e+01 2.940393190297681140e+05
2.600607433709690852e+01 6.659098971003317047e+01 5.831116517427955870e+01 7.746087178828152275e+01 2.953230531865119119e+05
2.608461424270966944e+01 6.697284238047966198e+01 5.875429885183880430e+01 7.769307335022760697e+01 2.961243798438766389e+05
2.616315414778644310e+01 6.674398937557386091e+01 5.891610280247329712e+01 7.860221421785082896e+01 2.969914724960169406e+05
2.624169405233205055e+01 6.701240052333893971e+01 5.945605515528290397e+01 7.893528360934159593e+01 2.990098555237959954e+05
2.632023395635124174e+01 6.718579645981125736e+01 5.943830221039851835e+01 7.938461249230545036e+01 2.985073928398758871e+05
2.639877385984871694e+01 6.726294697169502967e+01 5.990509601195446265e+01 8.026829434901765126e+01 2.998057853415255086e+05
2.647731376282911953e+01 6.739045262803414005e+01 6.046640128456293439e+01 8.097875324633730543e+01 2.992680481873940444e+05
2.655585366529703606e+01 6.750390465432559495e+01 6.040880652822163199e+01 8.143177470154205366e+01 3.001736210148513783e+05
2.663439356725699980e+01 6.805108757535951725e+01 6.066951944600054247e+01 8.229683782282859283e+01 3.027479375136297313e+05
2.671293346871349428e+01 6.782159954910618183e+01 6.086462452612681773e+01 8.285451425669393188e+01 3.027882264884273172e+05
2.679147336967094617e+01 6.808003797304054672e+01 6.142144681520863969e+01 8.322855906010263993e+01 3.040287970744279446e+05
2.687001327013372531e+01 6.861276721809355195e+01 6.143705360317241571e+01 8.374007345968900040e+01 3.055749031715497258e+05
2.694855317010616602e+01 6.841603742094849849e+01 6.225643017172205873e+01 8.425366462574731941e+01 3.055832462008313159e+05
2.702709306959254221e+01 6.897215009221918081e+01 6.236856102333587870e+01 8.477903075225633245e+01 3.076912937814831967e+05
2.710563296859707094e+01 6.884920326788284228e+01 6.268429035915981018e+01 8.572977618029247537e+01 3.075738036360346014e+05
2.718417286712393377e+01 6.920756014398362765e+01 6.272762532145652159e+01 8.626050809823647114e+01 3.094488856341473293e+05
2.726271276517725894e+01 6.955342578371634943e+01 6.315335211555663619e+01 8.699961978324260770e+01 3.107062684108598041e+05
2.734125266276112498e+01 6.942555711984736888e+01 6.351224585071559403e+01 8.720505283340200720e+01 3.102033845893993857e+05
2.741979255987956776e+01 6.905043147740950360e+01 6.380431595392865063e+01 8.733552318379904023e+01 3.092966817919996683e+05
2.749833245653658054e+01 6.958120016638943639e+01 6.384480746900328541e+01 8.795783197402768394e+01 3.103204841857665451e+05
2.757687235273609616e+01 7.000460074423364176e+01 6.422287788458908153e+01 8.879196310837714634e+01 3.133101958498499007e+05
2.765541224848202262e+01 6.984705266829263337e+01 6.517174940399023342e+01 8.929724249947668113e+01 3.124691051543491194e+05
2.773395214377820395e+01 7.012607672877010145e+01 6.516341721583302160e+01 9.006625530199445961e+01 3.147977846296258504e+05
2.781249203862845576e+01 7.018455437397622632e+01 6.531287808641199888e+01 9.057465652878379103e+01 3.159290705582508235e+05
2.789103193303654038e+01 7.022301006571726134e+01 6.537430608853418335e+01 9.155376262209905747e+01 3.158897398403368425e+05
2.796957182700618816e+01 7.062845120679561717e+01 6.611754693677887929e+01 9.213333187892277465e+01 3.164705659999781055e+05
2.804811172054107615e+01 7.044710718059380383e+01 6.620064899649818813e+01 9.210453455396411471e+01 3.147054667416465818e+05
2.812665161364485655e+01 7.014004072827863467e+01 6.622001994314771878e+01 9.231891008570210033e+01 3.157028809615941136e+05
2.820519150632112115e+01 7.041884840781982291e+01 6.705525006366286789e+01 9.303861093107222757e+01 3.155294095474932692e+05
2.828373139857343332e+01 7.023933877843221296e+01 6.718918065163430242e+01 9.343641871240107832e+01 3.164612037630678969e+05
2.836227129040531736e+01 7.012055637636757410e+01 6.711027503620506707e+01 9.441994972432210886e+01 3.174698633166810614e+05
2.844081118182025847e+01 7.031453455812840048e+01 6.725698444108587637e+01 9.485540727311675369e+01 3.187927902656176011e+05
2.851935107282169923e+01 6.998027930986721401e+01 6.708455520963272534e+01 9.507012660056770414e+01 3.172841976447425550e+05
2.859789096341304315e+01 7.060260501264205857e+01 6.820427954281255722e+01 9.656378068852856700e+01 3.177923395226330613e+05
2.867643085359765820e+01 7.042810237559062614e+01 6.803411420373799956e+01 9.626463341219448466e+01 3.187589395467977738e+05
2.875497074337888392e+01 7.003992049421101740e+01 6.799898208771143970e+01 9.688666467239382030e+01 3.166951683838508325e+05
2.883351063276001369e+01 7.028259806413666411e+01 6.849824167292727850e+01 9.717108200479042068e+01 3.190997815326200798e+05
2.891205052174430890e+01 7.034111787410608940e+01 6.839377963760570367e+01 9.815499014076092976e+01 3.200493393019476789e+05
2.899059041033499184e+01 7.005593561176593198e+01 6.966997898406013690e+01 9.884899183136685963e+01 3.189185689368458115e+05
2.906913029853525643e+01 7.005752266565069419e+01 6.988270761273388132e+01 9.951232439498656390e+01 3.191850987930871197e+05
2.914767018634825746e+01 7.078822695517116870e+01 7.031409096190388652e+01 1.005746022651844243e+02 3.210337386931413203e+05
2.922621007377712132e+01 7.064714916889388974e+01 6.985085477988506852e+01 1.007990485062305197e+02 3.208761604934446514e+05
2.930474996082492822e+01 7.079640439123211593e+01 7.023194121345932217e+01 1.013899560015752570e+02 3.220513383898647735e+05
2.938328984749474060e+01 7.126193785253245494e+01 7.044015145860454652e+01 1.023719024686047163e+02 3.243697357143383706e+05
2.946182973378957826e+01 7.041161624019072462e+01 7.050978112617656279e+01 1.018858727803987705e+02 3.214797655458374647e+05
2.954036961971243258e+01 7.117997873479312432e+01 7.109397410376190862e+01 1.035987384060549630e+02 3.238595410651681595e+05
2.961890950526625943e+01 7.097440419833489500e+01 7.132552396998067934e+01 1.039794673721288518e+02 3.251713435136690387e+05
2.969744939045398979e+01 7.114273912004725275e+01 7.216651991233577235e+01 1.050660980655956820e+02 3.244821518970597535e+05
2.977598927527852268e+01 7.114951415024094672e+01 7.244879745484419686e+01 1.051749705600515199e+02 3.260616241927130613e+05
2.985452915974272159e+01 7.129225280552370236e+01 7.248516881361294395e+01 1.058132466935027622e+02 3.278155184667599387e+05
2.993306904384942868e+01 7.212049701552443537e+01 7.274754020564103030e+01 1.062228672864555961e+02 3.290176086252269452e+05
3.001160892760143994e+01 7.228011778729921843e+01 7.300383792854213993e+01 1.080856369017860459e+02 3.317239740632320754e+05
3.009014881100154071e+01 7.336003282007955306e+01 7.337835472666498049e+01 1.081225657546144134e+02 3.340316199653088115e+05
3.016868869405248077e+01 7.256206960641715398e+01 7.356979454497648874e+01 1.088778649749200866e+02 3.327243659884523368e+05
3.024722857675697441e+01 7.311274862426056131e+01 7.426981452930562000e+01 1.100856071120635704e+02 3.350945986623906065e+05
3.032576845911771457e+01 7.323860938245820762e+01 7.412426382304919059e+01 1.100253775681493806e+02 3.362989554916023626e+05
3.040430834113736580e+01 7.301873163180059123e+01 7.381657495470626884e+01 1.091849748781465621e+02 3.356091608978658915e+05
3.048284822281856421e+01 7.365476289275574118e+01 7.484771797950708105e+01 1.107134355279815452e+02 3.374272215627304977e+05
3.056138810416392460e+01 7.473018187264540302e+01 7.551055917099876069e+01 1.123321879080581311e+02 3.433689400380894658e+05
3.063992798517602267e+01 7.370657577499176227e+01 7.575498490567169085e+01 1.135368427885880322e+02 3.385487785430861404e+05
3.071846786585741640e+01 7.383700033101392535e+01 7.540509508067535194e+01 1.132953131516807730e+02 3.405644343181276345e+05
3.079700774621063886e+01 7.482455293168503374e+01 7.699081563877969359e+01 1.141398280931823166e+02 3.430248122151526622e+05
3.087554762623818760e+01 7.454001517673906108e+01 7.672127135650778484e+01 1.152138260737586819e+02 3.421375017665765481e+05
3.095408750594254599e+01 7.541719964169742241e+01 7.778661944808851558e+01 1.172666791316252670e+02 3.458124907648845692e+05
3.103262738532617249e+01 7.530769207571856327e+01 7.748839082523309685e+01 1.164269421623312297e+02 3.449095107955501880e+05
3.111116726439149005e+01 7.537342878992066630e+01 7.749042030841266637e+01 1.162504276650812471e+02 3.461119765087958076e+05
3.118970714314090387e+01 7.589317342990862869e+01 7.714858450279677982e+01 1.160772179883742297e+02 3.512072121372196707e+05
3.126824702157679781e+01 7.569276893087111091e+01 7.892980906596507396e+01 1.179137715701025542e+02 3.494218038231868413e+05
3.134678689970152377e+01 7.602652482320597471e+01 7.921404228120692892e+01 1.185553194393624921e+02 3.487020238043328864e+05
3.142532677751741588e+01 7.769622938748464946e+01 8.073956291443124655e+01 1.228927667874392711e+02 3.550244930737314862e+05
3.150386665502678696e+01 7.657094346648760563e+01 7.971635222694537504e+01 1.209286712037749965e+02 3.572212191370498622e+05
3.158240653223192140e+01 7.768103519918241773e+01 8.068169163386440346e+01 1.230880544974442046e+02 3.584896856630260590e+05
3.166094640913508229e+01 7.761864294900850325e+01 8.154736184084504202e+01 1.212594570064344452e+02 3.603875641964800307e+05
3.173948628573851494e+01 7.857432496005397127e+01 8.147483951795837243e+01 1.243002571991057295e+02 3.604460479019253398e+05
3.181802616204443623e+01 7.772726238088635853e+01 8.216694384602421053e+01 1.240054254389900450e+02 3.603534581512189470e+05
3.189656603805504531e+01 7.841324954159668437e+01 8.243370353778675508e+01 1.264113330630405443e+02 3.625038416414802778e+05
3.197510591377251998e+01 7.909749061946459392e+01 8.404766197301653108e+01 1.284064300645802632e+02 3.646297752650050679e+05
3.205364578919900964e+01 8.029666171398092445e+01 8.283530668336950953e+01 1.257145208016580824e+02 3.698680001278716372e+05
3.213218566433665302e+01 7.928381135278573311e+01 8.304596901385663443e+01 1.272807511707208761e+02 3.661698921932287631e+05
3.221072553918755688e+01 7.918125400638339784e+01 8.472372464846068851e+01 1.291879780723614317e+02 3.667155630640437012e+05
3.228926541375382442e+01 7.966182492470146315e+01 8.383043057638916196e+01 1.287699008657192223e+02 3.693289182885449263e+05
3.236780528803751622e+01 7.866001023728394159e+01 8.674414093880137955e+01 1.298295100923093344e+02 3.660825278484528535e+05
3.244634516204068575e+01 8.031496877621769670e+01 8.552389157816530485e+01 1.334068277030920910e+02 3.713835777372718439e+05
3.252488503576537227e+01 8.233699290621129308e+01 8.676680277577786171e+01 1.342481158672106005e+02 3.780063383860902395e+05
3.260342490921358660e+01 8.122385150085445105e+01 8.704724149649852905e+01 1.329338664779641590e+02 3.827854019396065269e+05
3.268196478238731828e+01 8.207753399406860240e+01 8.558885581270239129e+01 1.309633712558268996e+02 3.779123701737957308e+05
3.276050465528854261e+01 8.341550552661468032e+01 8.859340346373026875e+01 1.355656295019947208e+02 3.804635301661012927e+05
3.283904452791921358e+01 8.249707030524335494e+01 8.828283998762586293e+01 1.364251583833299151e+02 3.762659964906510431e+05
3.291758440028127097e+01 8.288078306988036559e+01 8.860867090151076297e+01 1.362666764447193941e+02 3.853247618370572454e+05
3.299612427237663326e+01 8.356791923908919273e+01 8.810798017825983663e+01 1.365582062866097601e+02 3.893759185187335243e+05
3.307466414420719758e+01 8.148455034169731448e+01 9.061747934964324713e+01 1.350277176281321374e+02 3.810555349398907274e+05
3.315320401577483977e+01 8.239080602746474824e+01 9.077741491715481459e+01 1.388699802756893860e+02 3.865668276746188640e+05
3.323174388708143567e+01 8.192621904861006499e+01 9.081574662338685755e+01 1.374748181237922893e+02 3.811214055181707372e+05
3.331028375812883269e+01 8.216084890313226197e+01 8.920726262331547218e+01 1.389273427437012458e+02 3.892426347672923002e+05
3.338882362891884981e+01 8.385571182652051903e+01 9.252555386635573598e+01 1.424136038841793948e+02 3.874056168589704903e+05
3.346736349945329891e+01 8.648960344746525664e+01 9.076600880941573735e+01 1.425236163758037833e+02 4.001752083249053103e+05
3.354590336973399189e+01 8.544434638730623988e+01 9.237628398589819767e+01 1.424923853565896081e+02 3.992147184304620605e+05
3.362444323976268379e+01 8.802985070914792232e+01 9.304554686001775110e+01 1.488897689660681181e+02 4.075020528146805591e+05
3.370298310954115806e+01 8.944807278218040381e+01 9.614202194398670542e+01 1.502475523150851586e+02 4.143599636653190828e+05
3.378152297907114132e+01 8.338044345686891745e+01 9.680272895312950254e+01 1.420233583836743492e+02 3.896243822811841965e+05
3.386006284835436730e+01 8.640886086143363798e+01 9.508431268112880730e+01 1.450705051953983968e+02 4.048721756366805057e+05
3.393860271739255552e+01 8.809127563756122470e+01 9.709716688195457834e+01 1.482011885127973017e+02 4.009960439987072605e+05
3.401714258618739706e+01 8.501872355144853088e+01 9.596425178929200683e+01 1.493768537023067324e+02 4.181576744910545531e+05
3.409568245474058301e+01 9.422081170512242920e+01 9.892029719286335876e+01 1.526277195275622205e+02 4.297151051092087291e+05
3.417422232305376895e+01 9.080480701980469860e+01 1.024146323319757528e+02 1.475885549965373116e+02 4.396526518664602772e+05
3.425276219112861043e+01 9.405945904658122458e+01 1.071587587296215816e+02 1.696870419184388936e+02 4.569834763117934926e+05
3.433130205896674880e+01 9.818329048667321501e+01 9.436588772993485463e+01 1.566369324453993670e+02 4.629301082615356427e+05
3.440984192656979701e+01 9.587442641181867486e+01 1.001750386860347533e+02 1.542458090123760144e+02 4.686251004432488116e+05
3.448838179393936088e+01 1.033457111177302323e+02 9.245214016210236707e+01 1.565120936049198974e+02 4.982772192204800085e+05
3.456692166107702491e+01 9.667526458338477369e+01 1.074332305756761343e+02 1.849727077817224767e+02 4.529600709235358518e+05
3.464546152798438072e+01 8.996031466781039398e+01 7.439949245235126796e+01 1.283326718711329306e+02 4.334961934681055136e+05
3.472400139466299152e+01 6.048828821509975029e+01 1.213198119402916006e+02 1.765256957103202922e+02 4.403650632685209275e+05
