# 0.9978 0.9997
7.871241428633635184e-02 4.886505952711901912e+00 4.822975667236708119e+00 5.930526331449515604e-04 1.271045592237772098e+03
1.618072713909662341e-01 1.388647042230790518e+01 1.358523734717218190e+01 3.160651392105687327e-03 5.080283386539253115e+03
2.418771330418761079e-01 2.149469014011563672e+01 2.111902889638789560e+01 3.840352595166304697e-03 6.974724640580438063e+03
3.211923215201240578e-01 2.761209787529851312e+01 2.699273047203810449e+01 9.551722020362410012e-03 1.356684850523772184e+04
4.002017901256537113e-01 3.117943211174233653e+01 3.025970017700614534e+01 1.345507333668707721e-02 1.920725225022627637e+04
4.790568272527075955e-01 3.560099815577346050e+01 3.458480070163471254e+01 1.817314548083966835e-02 1.880239013512458041e+04
5.578229290343351687e-01 4.777802615991779334e+01 4.637477257048434609e+01 2.491195458862429865e-02 2.735108853499148609e+04
6.365331115321660738e-01 4.981882283556788593e+01 4.815169966080633657e+01 3.368738584201769193e-02 2.919129431489407580e+04
7.152058371535838788e-01 4.936332924352069540e+01 4.758776116883456808e+01 4.250168256096779895e-02 3.360310596293793060e+04
7.938522421846891941e-01 5.177424462570301955e+01 4.982767284906825012e+01 5.046131459262430397e-02 3.493809924213381601e+04
8.724794443688169698e-01 5.916522451314567377e+01 5.698506359466838234e+01 5.959912658642185779e-02 3.772773359739647276e+04
9.510922062407737299e-01 6.454447668999877408e+01 6.211986574030130726e+01 6.688375193970409749e-02 4.129192174863448599e+04
1.029693835175838679e+00 6.826935197494387353e+01 6.564266642599964996e+01 8.122733437077722662e-02 4.223937644659740909e+04
1.108286699878543891e+00 7.632242826226671184e+01 7.354727822038410068e+01 9.131597602819334358e-02 4.368800912263890496e+04
1.186872541411916560e+00 7.486515787338508687e+01 7.212165747373281022e+01 1.066512654071209848e-01 4.635522127966378321e+04
1.265452668213572940e+00 7.761993355376348802e+01 7.482497275286161198e+01 1.159959241367426869e-01 4.888692940797614574e+04
1.344028082638708543e+00 8.271557086598171793e+01 7.960059450287438665e+01 1.321618573595663426e-01 5.305868225377873023e+04
1.422599565533279709e+00 8.614753447487792926e+01 8.304170938886524311e+01 1.397673323912239363e-01 5.260828195123798650e+04
1.501167734229200246e+00 8.953298290707218143e+01 8.606177320202961312e+01 1.657036872330990840e-01 5.548848035243859340e+04
1.579733083222462531e+00 9.262745556401252145e+01 8.907304984132952086e+01 1.793447482457187769e-01 5.990274167691448383e+04
1.658296013281593151e+00 9.039220636827413102e+01 8.701550179709420263e+01 1.898209090851238345e-01 6.032588536358922283e+04
1.736856852652245875e+00 9.445462895961178162e+01 9.075268073502705590e+01 2.142372371104263595e-01 6.057955965619670314e+04
1.815415872753641580e+00 9.115875942023924949e+01 8.748411766302973547e+01 2.290402568004588080e-01 6.317945976287384110e+04
1.893973299967037560e+00 9.525488321824093418e+01 9.158410358763499914e+01 2.524181062958462674e-01 6.535169295035701361e+04
1.972529324606241641e+00 9.173225934659144798e+01 8.786760624260115549e+01 2.717531452157411764e-01 6.830777075321426673e+04
2.051084107826015579e+00 9.378024372547861276e+01 9.004362803646510827e+01 2.972685884794137312e-01 7.004800478115589067e+04
2.129637787001040561e+00 9.481250919260705246e+01 9.069229937807659780e+01 3.227530431043789116e-01 7.308782835233458900e+04
2.208190479956450680e+00 9.225537776628453912e+01 8.822419640281849240e+01 3.479827108861571205e-01 7.404457535533042392e+04
2.286742288326184092e+00 9.055151001367413244e+01 8.657676832826641089e+01 3.604447526121560275e-01 7.426714413914539909e+04
2.365293300241981811e+00 8.951067916846086803e+01 8.541872763974076577e+01 3.881561959966430830e-01 7.498857779231156746e+04
2.443843592503681883e+00 8.744744163760239530e+01 8.352192666174663316e+01 4.099728165173394112e-01 7.853869581710205239e+04
2.522393232343909553e+00 8.579416303866112514e+01 8.167888007911875548e+01 4.436786315606956466e-01 8.047153112271496502e+04
2.600942278872942381e+00 8.385681710476799822e+01 7.956235538075517866e+01 4.744456194463927967e-01 8.361630669976488571e+04
2.679490784269383141e+00 8.107072517046186988e+01 7.674781019167998863e+01 4.973538855262013558e-01 8.280046402827183192e+04
2.758038794767343038e+00 7.951059431129748134e+01 7.530878393815187621e+01 5.216193941073019591e-01 8.537660239996219752e+04
2.836586351479573942e+00 7.661136425025979690e+01 7.228886066591029191e+01 5.587399571314258795e-01 8.880455260483099846e+04
2.915133491087511963e+00 7.546350012598513501e+01 7.112395293741475655e+01 5.864453529791782138e-01 8.785575490003528830e+04
2.993680246422668834e+00 7.456109712843033321e+01 7.015255316345853487e+01 6.183142241318712040e-01 8.843415220473859517e+04
3.072226646958827967e+00 6.994127689411949689e+01 6.539738223129272399e+01 6.557161994326655696e-01 9.216830065682716668e+04
3.150772719230606977e+00 6.832614570079212513e+01 6.394104948407309053e+01 6.812233609969112758e-01 9.278914471645283629e+04
3.229318487190934395e+00 6.711752143762903700e+01 6.267924392852944493e+01 7.196097518900961276e-01 9.234593206940060190e+04
3.307863972517584905e+00 6.387178588391187617e+01 5.950463014350204105e+01 7.539205115092202369e-01 9.437695782079544733e+04
3.386409194877053608e+00 6.356353758093384698e+01 5.912109637975564169e+01 7.902384213443738314e-01 9.726325733698766271e+04
3.464954172152534095e+00 6.172628528979017659e+01 5.714072940609701590e+01 8.185860172869598994e-01 9.824020506824601034e+04
3.543498920641575456e+00 5.970760211963241204e+01 5.523783741652432866e+01 8.642879270452348273e-01 1.005227296623436996e+05
3.622043455228019404e+00 5.841475637070274018e+01 5.387629210994097662e+01 8.960088414513461830e-01 1.011108807808687852e+05
3.700587789532037597e+00 5.723142242604618701e+01 5.265782322030747764e+01 9.387366968789007116e-01 1.029597939415387082e+05
3.779131936041457696e+00 5.620563042456642933e+01 5.172352383886421023e+01 9.884269166408002905e-01 1.038078545587948465e+05
3.857675906227046259e+00 5.530494745601988171e+01 5.080128581080395378e+01 1.001372097691772378e+00 1.052101985724463302e+05
3.936219710643986680e+00 5.409797287601660543e+01 4.943556192806065042e+01 1.064416056345571571e+00 1.067327508948526374e+05
4.014763359021444877e+00 5.374430208046731394e+01 4.889472038436288415e+01 1.103833473882357641e+00 1.061997636660379067e+05
4.093306860341824560e+00 5.232845538621409531e+01 4.744471328677062871e+01 1.154391313121805540e+00 1.093133555428366089e+05
4.171850222911064776e+00 5.178593022030778315e+01 4.691771343919240422e+01 1.191429443781286901e+00 1.095460397371136787e+05
4.250393454421145911e+00 5.087856575720543617e+01 4.602041485436659940e+01 1.232563064470099334e+00 1.095485815304845455e+05
4.328936562005788247e+00 5.050354372552700966e+01 4.555989313079548708e+01 1.270446935932049826e+00 1.132543189978444861e+05
4.407479552290201497e+00 5.050481131111655486e+01 4.543145038501914001e+01 1.318622548572681241e+00 1.135238515012083080e+05
4.486022431435594982e+00 4.957148530158027455e+01 4.455420131936794803e+01 1.355674155229374067e+00 1.140493658077591390e+05
4.564565205179107465e+00 4.936241571299822084e+01 4.418493705876988287e+01 1.415903703776939304e+00 1.160761475325869542e+05
4.643107878869670024e+00 4.947518502710983768e+01 4.422847814907328967e+01 1.457704136860573207e+00 1.176664310376644717e+05
4.721650457500300213e+00 4.796759601564668429e+01 4.271627055764241021e+01 1.498841446746056683e+00 1.175542352639400633e+05
4.800192945737217443e+00 4.861776469607801232e+01 4.307027491385676399e+01 1.561338543401575629e+00 1.197153239085783716e+05
4.878735347946150824e+00 4.857159089728606460e+01 4.306170406349086477e+01 1.583388500568674750e+00 1.208688296387318405e+05
4.957277668216146793e+00 4.857400951704703829e+01 4.303908462516302080e+01 1.670401488640983922e+00 1.212885044915912731e+05
5.035819910381144737e+00 4.875871293039914889e+01 4.309276610524862861e+01 1.714800224541479068e+00 1.213618214150064159e+05
5.114362078039562221e+00 4.804621232227984962e+01 4.224242539380124839e+01 1.762971098502237988e+00 1.234374943281353335e+05
5.192904174572115394e+00 4.788769002292860932e+01 4.200042147067057385e+01 1.818427291089181663e+00 1.247337291980080481e+05
5.271446203158030919e+00 4.773874329743362210e+01 4.184826739393027850e+01 1.872405086859996404e+00 1.261934346789191914e+05
5.349988166789838573e+00 4.767865230669089982e+01 4.174071743150218339e+01 1.916616444949438058e+00 1.260515025051869889e+05
5.428530068286878674e+00 4.801171696998967775e+01 4.178290884848031084e+01 1.990511118035111382e+00 1.280923924870728806e+05
5.507071910307648643e+00 4.747210627125572557e+01 4.135220735573051343e+01 2.025378940529591887e+00 1.281675353870507097e+05
5.585613695361120179e+00 4.777847167619256652e+01 4.137474828758483625e+01 2.127100572903921183e+00 1.312803538927761256e+05
5.664155425817094525e+00 4.744466700101366285e+01 4.113170111436951260e+01 2.167323386811246699e+00 1.305724778128673934e+05
5.742697103915729961e+00 4.757725264234453277e+01 4.111159575382786358e+01 2.203662206364825238e+00 1.314986635008206649e+05
5.821238731776284148e+00 4.745822674324432455e+01 4.097237567339378472e+01 2.243373755079688170e+00 1.324329516738044040e+05
5.899780311405160127e+00 4.737429771259524358e+01 4.080221636650410488e+01 2.315799051101820716e+00 1.332427082166833861e+05
5.978321844703323507e+00 4.759556226970377679e+01 4.087075813197161978e+01 2.367916443735980536e+00 1.336812163300489483e+05
6.056863333473133437e+00 4.747779258946408021e+01 4.070838033458201011e+01 2.425612440530075187e+00 1.359633923144521541e+05
6.135404779424661115e+00 4.723573625322808311e+01 4.031903624362221450e+01 2.530104115271091469e+00 1.375120392013066739e+05
6.213946184181517118e+00 4.751947521684714104e+01 4.060982737351502436e+01 2.581403217169359277e+00 1.379438454514853074e+05
6.292487549286247983e+00 4.763387140569192013e+01 4.052337386261559260e+01 2.619112651525172808e+00 1.393260179774776916e+05
6.371028876205335756e+00 4.754144753402913182e+01 4.036401072697167081e+01 2.696795289322234890e+00 1.381514196896582143e+05
6.449570166333828070e+00 4.733109693281330266e+01 4.019073043621158803e+01 2.777677296951623909e+00 1.414404703886426578e+05
6.528111420999634262e+00 4.736287185301323177e+01 4.004679860519731704e+01 2.839044465954583263e+00 1.410981771239733789e+05
6.606652641467518627e+00 4.693827988004670004e+01 3.961315829030653646e+01 2.913898786884393299e+00 1.420653583834152378e+05
6.685193828942805006e+00 4.748360387469266186e+01 3.993691844014305303e+01 2.975917863067678137e+00 1.417621804678741610e+05
6.763734984574836240e+00 4.706322352634034445e+01 3.972812748284697904e+01 3.028596610502659825e+00 1.417160982298898161e+05
6.842276109460177835e+00 4.670985272745843986e+01 3.914644455820978663e+01 3.114950724136629212e+00 1.436971049751311948e+05
6.920817204645620890e+00 4.662754553188494810e+01 3.920414606323537043e+01 3.165659524010492110e+00 1.444069723184045870e+05
6.999358271130968312e+00 4.734804963300779690e+01 3.963537017759127679e+01 3.247916239023885154e+00 1.456850002595004335e+05
7.077899309871646949e+00 4.680627445098589590e+01 3.917710532692981218e+01 3.317616259674480261e+00 1.477541697044785542e+05
7.156440321781138536e+00 4.685079047122405171e+01 3.920863267773929550e+01 3.387443138317485225e+00 1.464550078472006135e+05
7.234981307733260536e+00 4.695822660468726184e+01 3.899998163766722570e+01 3.504981105883810066e+00 1.476835792237697169e+05
7.313522268564292439e+00 4.633976641727493018e+01 3.845803245510154511e+01 3.547505591250012191e+00 1.472810580133073381e+05
7.392063205074973276e+00 4.680380860619878547e+01 3.887051977469391062e+01 3.612439812788468707e+00 1.475831729619427351e+05
7.470604118032365015e+00 4.633712448388124727e+01 3.845611715701415534e+01 3.698042446526520255e+00 1.494722365317083604e+05
7.549145008171610272e+00 4.657233501407985443e+01 3.863401698073399615e+01 3.772202080730564067e+00 1.499949754215149151e+05
7.627685876197570103e+00 4.638700901705386315e+01 3.835610251479020860e+01 3.862006350290696943e+00 1.511014967092399020e+05
7.706226722786373884e+00 4.656369398104346402e+01 3.835454464355755988e+01 3.920005704211941833e+00 1.512761120397617342e+05
7.784767548586863484e+00 4.631637036611027014e+01 3.819764528901665557e+01 3.999316278613047615e+00 1.510085110948498186e+05
7.863308354221953955e+00 4.637742144292357693e+01 3.814918397155342689e+01 4.043461552312404450e+00 1.522206099914140068e+05
7.941849140289923170e+00 4.666073446812774961e+01 3.832170195403260493e+01 4.140915892803784359e+00 1.516650942455939658e+05
8.020389907365611748e+00 4.630955868630427119e+01 3.807141459995371235e+01 4.224258846990180949e+00 1.548704863827285008e+05
8.098930656001561701e+00 4.582893643291031793e+01 3.746170237480377807e+01 4.317430812706299470e+00 1.546135191347754735e+05
8.177471386729090241e+00 4.601641431573307273e+01 3.770308940759841931e+01 4.372873793687475974e+00 1.547000450939254661e+05
8.256012100059292536e+00 4.606253377891216871e+01 3.752750490224929081e+01 4.461988492942942308e+00 1.553095381321048771e+05
8.334552796484000936e+00 4.553666309711855575e+01 3.721347535072202817e+01 4.535934467533771830e+00 1.561817425274680427e+05
8.413093476476680266e+00 4.606050420770142750e+01 3.736864568859379432e+01 4.633679328307041878e+00 1.563827559045298258e+05
8.491634140493276917e+00 4.587637950216439009e+01 3.724879712949303467e+01 4.692643450541277517e+00 1.564417271899147308e+05
8.570174788973028868e+00 4.567094936015416096e+01 3.694567882857344898e+01 4.807647821817917055e+00 1.570226777970988187e+05
8.648715422339215309e+00 4.583125154659405354e+01 3.715313085819412464e+01 4.856615605065462304e+00 1.582582406997880025e+05
8.727256040999876063e+00 4.569328233470643141e+01 3.699650936874469664e+01 4.931802805244974053e+00 1.584060509584174724e+05
8.805796645348495488e+00 4.567431418129321230e+01 3.694007290238695873e+01 5.028356795180884298e+00 1.579166164362917771e+05
8.884337235764643737e+00 4.573024846847369673e+01 3.676940425172801241e+01 5.130396383503803115e+00 1.584823153279620456e+05
8.962877812614589601e+00 4.574675032693115639e+01 3.682273613815020497e+01 5.217184732347103449e+00 1.589653798286044621e+05
9.041418376251867173e+00 4.586180342155049772e+01 3.690054094081702374e+01 5.267549911418775821e+00 1.606096889932579652e+05
9.119958927017840722e+00 4.508175281882687813e+01 3.636787452582488811e+01 5.382533760248318977e+00 1.610636798570853716e+05
9.198499465242209183e+00 4.533979812684775368e+01 3.639634754659345361e+01 5.501135634012449316e+00 1.610616042406555207e+05
9.277039991243508865e+00 4.527510256540999478e+01 3.623749123396636662e+01 5.577098568849081062e+00 1.611000690428086673e+05
9.355580505329580632e+00 4.547513105079065809e+01 3.640841908589074905e+01 5.669796941078709906e+00 1.618460019563687965e+05
9.434121007798012215e+00 4.536354929680379655e+01 3.622268185113900074e+01 5.735390358683672751e+00 1.621538157200980349e+05
9.512661498936562765e+00 4.559125410414341673e+01 3.640786032633381808e+01 5.855464864964099014e+00 1.629278461007724400e+05
9.591201979023569635e+00 4.524656396024063554e+01 3.607255456752538691e+01 5.930293027209740941e+00 1.630384178828748991e+05
9.669742448328321416e+00 4.493048371215015635e+01 3.575095595768883783e+01 6.026477861925317647e+00 1.623102534884238266e+05
9.748282907111432749e+00 4.515710373509458719e+01 3.584553653363361292e+01 6.127928393430879694e+00 1.643925418420406058e+05
9.826823355625185386e+00 4.515889585906759862e+01 3.580426605407765805e+01 6.201944417230321527e+00 1.636776433839500824e+05
9.905363794113858589e+00 4.525288900243541690e+01 3.578894061492633227e+01 6.327649168082544406e+00 1.639158878582917678e+05
9.983904222814045326e+00 4.496751678848958278e+01 3.561510118413538351e+01 6.398411882048256949e+00 1.642602772997149441e+05
1.006244464195495070e+01 4.531183271372926669e+01 3.588851212737381502e+01 6.499650476678330513e+00 1.651559639724546578e+05
1.014098505175868148e+01 4.477320791488131135e+01 3.538441862267166726e+01 6.587895048240177687e+00 1.642186464708758867e+05
1.021952545244051613e+01 4.494004301645545496e+01 3.537558600728838343e+01 6.686136860893027389e+00 1.657444266964971612e+05
1.029806584420916415e+01 4.474747841667264936e+01 3.521263515987975978e+01 6.838863803914395412e+00 1.663345181972810533e+05
1.037660622726701654e+01 4.479805081736667915e+01 3.522394499805892565e+01 6.889376218908054739e+00 1.661054679502159997e+05
1.045514660181038380e+01 4.501946754668850303e+01 3.531826166093090791e+01 7.012045290239675488e+00 1.654618675071244652e+05
1.053368696802971982e+01 4.478410997115822312e+01 3.515628045240188015e+01 7.079000261042330600e+00 1.665760483460451069e+05
1.061222732610984210e+01 4.473393407590520354e+01 3.506073830834874627e+01 7.178955702095683122e+00 1.674036053905752779e+05
1.069076767623013779e+01 4.463961154239599693e+01 3.497385415981383261e+01 7.307217993606564654e+00 1.679581283487676992e+05
1.076930801856475739e+01 4.517076167991382363e+01 3.525410852423540575e+01 7.411156186883601116e+00 1.679882435069713101e+05
1.084784835328281005e+01 4.484858069241707312e+01 3.502991471378480526e+01 7.537753252581581798e+00 1.673936997710494616e+05
1.092638868054854306e+01 4.456949225823394301e+01 3.479654096104890471e+01 7.593271379293356382e+00 1.677336995208629232e+05
1.100492900052151413e+01 4.472242848213726774e+01 3.488399269456290597e+01 7.757924781300705064e+00 1.682067719008039567e+05
1.108346931335675833e+01 4.495509457879789750e+01 3.499859503827383378e+01 7.825948716624866464e+00 1.674438274360653595e+05
1.116200961920494805e+01 4.460802709528714871e+01 3.464032297553297468e+01 7.935010580360501997e+00 1.682828942632400140e+05
1.124054991821254212e+01 4.455191176887074533e+01 3.456261813268633176e+01 8.013856531293066965e+00 1.679174027240130526e+05
1.131909021052193687e+01 4.470538323495907207e+01 3.461185337597466116e+01 8.140925756426906190e+00 1.688407886739391834e+05
1.139763049627160285e+01 4.467272647799259033e+01 3.472290203390462437e+01 8.203311048655848481e+00 1.682953704267424182e+05
1.147617077559622167e+01 4.473869221326457080e+01 3.464255820658426188e+01 8.356607981286204634e+00 1.690129560704748728e+05
1.155471104862680853e+01 4.465901317985468921e+01 3.457377510626420047e+01 8.450649108320101632e+00 1.692790933375595778e+05
1.163325131549084368e+01 4.448648383366496972e+01 3.439193086547962963e+01 8.590744573215271629e+00 1.697340423048060911e+05
1.171179157631238787e+01 4.471203353497856625e+01 3.459585618559501796e+01 8.670166301583169144e+00 1.687305374230188027e+05
1.179033183121219608e+01 4.467141468221024780e+01 3.448111437164111948e+01 8.781963755022834661e+00 1.692544683153243677e+05
1.186887208030782759e+01 4.432917334101136930e+01 3.413763812866658753e+01 8.910458227945294851e+00 1.694243872902477160e+05
1.194741232371374728e+01 4.474816786116203815e+01 3.426472932012602968e+01 9.052427544531958858e+00 1.702344882031751622e+05
1.202595256154143222e+01 4.444474268582197851e+01 3.426707660104423780e+01 9.141151551825606347e+00 1.693401799073372968e+05
1.210449279389946753e+01 4.461445538519554077e+01 3.432565112828746834e+01 9.265135321839794713e+00 1.702776092730158416e+05
1.218303302089363527e+01 4.445779744614527118e+01 3.406972014652685488e+01 9.380193952957473158e+00 1.697378671767093474e+05
1.226157324262700676e+01 4.450266601929006782e+01 3.428230110023575605e+01 9.444959588387071392e+00 1.703382186093316122e+05
1.234011345920003322e+01 4.453867509799044200e+01 3.401330638426919961e+01 9.583643182366467173e+00 1.703942566880619270e+05
1.241865367071062565e+01 4.405822902542735164e+01 3.375152351172116028e+01 9.718213652096164168e+00 1.707845102383991471e+05
1.249719387725422415e+01 4.459080142778452682e+01 3.411013612402943096e+01 9.829976959583442309e+00 1.708122008554378990e+05
1.257573407892389383e+01 4.445644610490384707e+01 3.396836426232442108e+01 9.969487307023502609e+00 1.703068901692644286e+05
1.265427427581038877e+01 4.439164109464910268e+01 3.389121442630126069e+01 1.008576525704506111e+01 1.703771943131611333e+05
1.273281446800221772e+01 4.423582003603747381e+01 3.377160847799638077e+01 1.018417554002653524e+01 1.702616624410279328e+05
1.281135465558572584e+01 4.435590511512776857e+01 3.382705428739248532e+01 1.032860741368650181e+01 1.711942336479518854e+05
1.288989483864514796e+01 4.422674726177108795e+01 3.367400297587501967e+01 1.047286752500129658e+01 1.712652790298284672e+05
1.296843501726268322e+01 4.456667721836056728e+01 3.393799056277993742e+01 1.060407980947756101e+01 1.706997406082430680e+05
1.304697519151855190e+01 4.444788279530586550e+01 3.387971721356989008e+01 1.071707005312754468e+01 1.706302341677474906e+05
1.312551536149104692e+01 4.441100848490575714e+01 3.373489555136930562e+01 1.081493829859666000e+01 1.710772365674775501e+05
1.320405552725660492e+01 4.426780681560363462e+01 3.364723048576768605e+01 1.091935691148032994e+01 1.709091466902678367e+05
1.328259568888985243e+01 4.432022580164237269e+01 3.362942979992710946e+01 1.106622841849757855e+01 1.707761598867394496e+05
1.336113584646366270e+01 4.421357986288846575e+01 3.352729335110183229e+01 1.122838341124085204e+01 1.712506324268466560e+05
1.343967600004920548e+01 4.397678787712763437e+01 3.341186204638568569e+01 1.136654049340323169e+01 1.709416296692493488e+05
1.351821614971599317e+01 4.408370368836306596e+01 3.338903884123286758e+01 1.144697632097240891e+01 1.708736420109209721e+05
1.359675629553193588e+01 4.396515565537927728e+01 3.344275984632373167e+01 1.158126026130753417e+01 1.707403191766793898e+05
1.367529643756338231e+01 4.389059121711557054e+01 3.327047478958922255e+01 1.171014143535234808e+01 1.706348643644542608e+05
1.375383657587516595e+01 4.416363773079228139e+01 3.344280591891478593e+01 1.185249628525978594e+01 1.714100633094995574e+05
1.383237671053064766e+01 4.406379289655193077e+01 3.334571283997527757e+01 1.199016996604597196e+01 1.711247198192548531e+05
1.391091684159175834e+01 4.404633180615055466e+01 3.324873241112418043e+01 1.213546497634436072e+01 1.714858857519978483e+05
1.398945696911903269e+01 4.397377058753308177e+01 3.338977551042054870e+01 1.222206586930511207e+01 1.707706630161972425e+05
1.406799709317166069e+01 4.389839314878840781e+01 3.311601487937223709e+01 1.237986659320196914e+01 1.718883585895470751e+05
1.414653721380751428e+01 4.396147936074728335e+01 3.314650078029242053e+01 1.254304328409959446e+01 1.715939351047009695e+05
1.422507733108318817e+01 4.407425331516780886e+01 3.320950617205171085e+01 1.262499821613194761e+01 1.710077571066741657e+05
1.430361744505403543e+01 4.385681869158216983e+01 3.315030718974649915e+01 1.276294809843728473e+01 1.712242951067152608e+05
1.438215755577419586e+01 4.366675240586737061e+01 3.293566440913134130e+01 1.288662784203664025e+01 1.714935159704358666e+05
1.446069766329663686e+01 4.364303865646071046e+01 3.298880487729111621e+01 1.300673670132665727e+01 1.709168933153085527e+05
1.453923776767318010e+01 4.381053443939835290e+01 3.296068276381642903e+01 1.324244491206071395e+01 1.713242088057359797e+05
1.461777786895453346e+01 4.367355422166153289e+01 3.296578382277579067e+01 1.330379820884741271e+01 1.713335961705818772e+05
1.469631796719032302e+01 4.382616675398686823e+01 3.310722952546108644e+01 1.351685046193578366e+01 1.707437756053145276e+05
1.477485806242911437e+01 4.371333167569185463e+01 3.295128858393262306e+01 1.359657736712860654e+01 1.710832694377982407e+05
1.485339815471844993e+01 4.365432551284530405e+01 3.299514623374857791e+01 1.374310206615495034e+01 1.707085259089973697e+05
1.493193824410487203e+01 4.354857480991483243e+01 3.280667184846207363e+01 1.392798694134173410e+01 1.714815132407076599e+05
1.501047833063394421e+01 4.352684147403704173e+01 3.282773196944002336e+01 1.405230798641340506e+01 1.713057961921370588e+05
1.508901841435028857e+01 4.365692101667661973e+01 3.293638739392002890e+01 1.419074922659339322e+01 1.711032078423287312e+05
1.516755849529759992e+01 4.376319338275749260e+01 3.287087611547926258e+01 1.445835822966962425e+01 1.717034539591791399e+05
1.524609857351867070e+01 4.351598541183947333e+01 3.277818407931578548e+01 1.452852010512663838e+01 1.711178869727935235e+05
1.532463864905541762e+01 4.347295094879270749e+01 3.281656264316186622e+01 1.463445380134132812e+01 1.706266645308786246e+05
1.540317872194890292e+01 4.340745440308286618e+01 3.265411598324763531e+01 1.477825611807271144e+01 1.713297152759623423e+05
1.548171879223935399e+01 4.334472392104734695e+01 3.267331409065930359e+01 1.487851260254222652e+01 1.708646840079463145e+05
1.556025885996618996e+01 4.353226914453447449e+01 3.279272570582975987e+01 1.511552773451976783e+01 1.719882042115658405e+05
1.563879892516803238e+01 4.352300361434811293e+01 3.284557073831609131e+01 1.524474423528026890e+01 1.712446682016272971e+05
1.571733898788273187e+01 4.338611719330683769e+01 3.276246899364764431e+01 1.536735438683277266e+01 1.705400430401646881e+05
1.579587904814739119e+01 4.349985851941542592e+01 3.275667364598277942e+01 1.559195867888456100e+01 1.717950888306136767e+05
1.587441910599837769e+01 4.340647636243683394e+01 3.274434994277940802e+01 1.571737408528509761e+01 1.708555441985059006e+05
1.595295916147133575e+01 4.331994620366754845e+01 3.269125088646393351e+01 1.587362334052333956e+01 1.713820931860897108e+05
1.603149921460121874e+01 4.337788328141640193e+01 3.270099993435938046e+01 1.602417925415740285e+01 1.713579202831706498e+05
1.611003926542229436e+01 4.345775264147790296e+01 3.270442177545835705e+01 1.623137195190911442e+01 1.720255300728085858e+05
1.618857931396816596e+01 4.333331243008688460e+01 3.265187875712177146e+01 1.639464566769136766e+01 1.717555159981023171e+05
1.626711936027179561e+01 4.339358060564149611e+01 3.284646934068053525e+01 1.645554295279086077e+01 1.714523393957717344e+05
1.634565940436549525e+01 4.339589304982138174e+01 3.269554972131739135e+01 1.671022512185745157e+01 1.715290030256435566e+05
1.642419944628097639e+01 4.343331208433398416e+01 3.275520012516389556e+01 1.690945526418522959e+01 1.710053282865780347e+05
1.650273948604932883e+01 4.342266759487026206e+01 3.275221892557682679e+01 1.704816147714007002e+01 1.711347134518906241e+05
1.658127952370107394e+01 4.341353567343030306e+01 3.273147603531193539e+01 1.726360569487555097e+01 1.719471771424091130e+05
1.665981955926614333e+01 4.351947062409642086e+01 3.273697970512984767e+01 1.744965955109914546e+01 1.721970840659013193e+05
1.673835959277390728e+01 4.347044686474920638e+01 3.273927619437569803e+01 1.756917214922565762e+01 1.719247383970677038e+05
1.681689962425318896e+01 4.344065397410982854e+01 3.265073367574436958e+01 1.778523107913471790e+01 1.719945925307757279e+05
1.689543965373228218e+01 4.346541104108399622e+01 3.272676523723619368e+01 1.793750998712600619e+01 1.727126734362407587e+05
1.697397968123895495e+01 4.343907659582556136e+01 3.278847092245095496e+01 1.807015405170909261e+01 1.721893033828999614e+05
1.705251970680045304e+01 4.337276706849426233e+01 3.274503974784779814e+01 1.825103514019346918e+01 1.719062737165091094e+05
1.713105973044353902e+01 4.333042157740745637e+01 3.279413682415518849e+01 1.838049579450811422e+01 1.720932660382718313e+05
1.720959975219447102e+01 4.357139203311453457e+01 3.280769822549987680e+01 1.855589030189781852e+01 1.721233615499711013e+05
1.728813977207903463e+01 4.351157202992089168e+01 3.290054106278999768e+01 1.878205732926027238e+01 1.728041282939150697e+05
1.736667979012256424e+01 4.353938138310280692e+01 3.292842102975335195e+01 1.893588337290878698e+01 1.728376429522949038e+05
1.744521980634991110e+01 4.359225642662522660e+01 3.287730758072063963e+01 1.914140127708483163e+01 1.731274197744552803e+05
1.752375982078550365e+01 4.348052247701173911e+01 3.292349154952745494e+01 1.933172043977351962e+01 1.727338632339678588e+05
1.760229983345331917e+01 4.355817873701384002e+01 3.289814824254142422e+01 1.947466732407628598e+01 1.730116956594134972e+05
1.768083984437692635e+01 4.377675264311260861e+01 3.308787051679092173e+01 1.971778921027884479e+01 1.735382618692416581e+05
1.775937985357945692e+01 4.371154609963205928e+01 3.307228652460202056e+01 1.986879889103463981e+01 1.737786096390470921e+05
1.783791986108364824e+01 4.395177508635136832e+01 3.325403218265599037e+01 2.015267902645072340e+01 1.739388817852937500e+05
1.791645986691183268e+01 4.378096102705654147e+01 3.318367697133378158e+01 2.031058868016706853e+01 1.739158721256069839e+05
1.799499987108595889e+01 4.368290733390539771e+01 3.321799682369496765e+01 2.051990014949191021e+01 1.741580147640647483e+05
1.807353987362759185e+01 4.386845684630027620e+01 3.330564635776524796e+01 2.068884685970627402e+01 1.745416587888502399e+05
1.815207987455791638e+01 4.394979879793163491e+01 3.334106279788788640e+01 2.086978176916444383e+01 1.749723909587725357e+05
1.823061987389775851e+01 4.408813559885605571e+01 3.347991097796461446e+01 2.118297106919093764e+01 1.749208789608800143e+05
1.830915987166758541e+01 4.404965658519709848e+01 3.347564799955093662e+01 2.136631723120660808e+01 1.754154975677663169e+05
1.838769986788751964e+01 4.424491676826653475e+01 3.358238649330761660e+01 2.155314404247051741e+01 1.755861679124707007e+05
1.846623986257733563e+01 4.403181875015606295e+01 3.351385710290375641e+01 2.170479884471557597e+01 1.757209849668096285e+05
1.854477985575647381e+01 4.430341198850275219e+01 3.371688729675756235e+01 2.192924973111936637e+01 1.757582213148343144e+05
1.862331984744404423e+01 4.440951737806803123e+01 3.372293854547017133e+01 2.212003524401935195e+01 1.763989384971333202e+05
1.870185983765884075e+01 4.444742401013073163e+01 3.388581381878456966e+01 2.240322404930841671e+01 1.769109369748429162e+05
1.878039982641934458e+01 4.440375813549484718e+01 3.391467766064136669e+01 2.261879580714731119e+01 1.777806143541230413e+05
1.885893981374372075e+01 4.462975767774514679e+01 3.396084638499866060e+01 2.288719341173103672e+01 1.781722611253829382e+05
1.893747979964983941e+01 4.473418355839248051e+01 3.406483873260120987e+01 2.305686112570495894e+01 1.782343506444328814e+05
1.901601978415527228e+01 4.478408842142641788e+01 3.419301035893873575e+01 2.323204154721449655e+01 1.787038123930305883e+05
1.909455976727730331e+01 4.503200854320332525e+01 3.438448842053313115e+01 2.347065777756858296e+01 1.787380907247101131e+05
1.917309974903293579e+01 4.499251687301174485e+01 3.428006670606896478e+01 2.374213216523136438e+01 1.796891021225748118e+05
1.925163972943889235e+01 4.492102953711246016e+01 3.443436962637633059e+01 2.393844764209566733e+01 1.791676305419823620e+05
1.933017970851161849e+01 4.523609516131491404e+01 3.459927136982239659e+01 2.416297044768440827e+01 1.808312868093037687e+05
1.940871968626730748e+01 4.536408776081528060e+01 3.479007081078429309e+01 2.442117168032256558e+01 1.816341181594056834e+05
1.948725966272188259e+01 4.546582754187262054e+01 3.478021059808287418e+01 2.460688949579278528e+01 1.816901935269952228e+05
1.956579963789100773e+01 4.553741948981701881e+01 3.492923638325443392e+01 2.479038454145692327e+01 1.818247431037008937e+05
1.964433961179010524e+01 4.551318954918791349e+01 3.497038406370927532e+01 2.502325949245159009e+01 1.826932111717159569e+05
1.972287958443434519e+01 4.580863555792737429e+01 3.513793543405898845e+01 2.534559013479419320e+01 1.835684629440494464e+05
1.980141955583865965e+01 4.610232851133784493e+01 3.546825644857018744e+01 2.558126799745813429e+01 1.834016810653923603e+05
1.987995952601774619e+01 4.612024812041838118e+01 3.551908337028042695e+01 2.576792877595531905e+01 1.841472200465317001e+05
1.995849949498606790e+01 4.639271266693803852e+01 3.565610243120127620e+01 2.599301334805439012e+01 1.852339362692944414e+05
2.003703946275786052e+01 4.633092633104117652e+01 3.566314645043459564e+01 2.619618844682259962e+01 1.852586708291928517e+05
2.011557942934713950e+01 4.647250654126249003e+01 3.579732268170872089e+01 2.647890279556740012e+01 1.860341035022259748e+05
2.019411939476770712e+01 4.665804803916108767e+01 3.594860234417829759e+01 2.680047121374704133e+01 1.865977791353834327e+05
2.027265935903314542e+01 4.658664422900456970e+01 3.607135502069019140e+01 2.696110649416110761e+01 1.862422992941664997e+05
2.035119932215682326e+01 4.659320549292782943e+01 3.609309787860919272e+01 2.721196413492524968e+01 1.860896236881050572e+05
2.042973928415191054e+01 4.645699289893689610e+01 3.606500589028340187e+01 2.731334195419652744e+01 1.852755938587261771e+05
2.050827924503137467e+01 4.656250182829639073e+01 3.619350111258741265e+01 2.762338520579273649e+01 1.858609224604598130e+05
2.058681920480798766e+01 4.664980689856119511e+01 3.620905280654957181e+01 2.781489540080745826e+01 1.859442387987437833e+05
2.066535916349431901e+01 4.652242697180731312e+01 3.627497660900633747e+01 2.804247931864502164e+01 1.857333324582804344e+05
2.074389912110275347e+01 4.645158823321575170e+01 3.613771197074503050e+01 2.816816548609152093e+01 1.863246764561008313e+05
2.082243907764548752e+01 4.636936269345389405e+01 3.632107405734545580e+01 2.834742964556566491e+01 1.858932389088709024e+05
2.090097903313453642e+01 4.645871475617045832e+01 3.626185867470348256e+01 2.861816713746122787e+01 1.860325454137496999e+05
2.097951898758173783e+01 4.652323115076858073e+01 3.639380265067499209e+01 2.893086682666680076e+01 1.856010449141917634e+05
2.105805894099874109e+01 4.639888128159403635e+01 3.634779746241787990e+01 2.895931836992361497e+01 1.855495675917884510e+05
2.113659889339703568e+01 4.645392919803951060e+01 3.644218372950382445e+01 2.936295368547538587e+01 1.855216423449750873e+05
2.121513884478793344e+01 4.645698771985991016e+01 3.653381599139262192e+01 2.962569235098733600e+01 1.859703382114656852e+05
2.129367879518258277e+01 4.645476278929399427e+01 3.655194282083751034e+01 2.989960464979051125e+01 1.857591765125874081e+05
2.137221874459196869e+01 4.648120619690357103e+01 3.667051377105134691e+01 3.014090443463591384e+01 1.855839361903962563e+05
2.145075869302691274e+01 4.628484250682117107e+01 3.646465219550741921e+01 3.032606269379455100e+01 1.855329750899002247e+05
2.152929864049807307e+01 4.631674428495582418e+01 3.663430335290222217e+01 3.053096921605669678e+01 1.858653377939646016e+05
2.160783858701596571e+01 4.648563401798422490e+01 3.677058344261048717e+01 3.083551625519194772e+01 1.861798347791632987e+05
2.168637853259094683e+01 4.638373407384000302e+01 3.683763202048226049e+01 3.090727578790700036e+01 1.855346232460701431e+05
2.176491847723321982e+01 4.636034819162712495e+01 3.689150715190150009e+01 3.129128649761632630e+01 1.862330993954494479e+05
2.184345842095285306e+01 4.633381857635080792e+01 3.693185998909003587e+01 3.153365505924115553e+01 1.861448195136773284e+05
2.192199836375975508e+01 4.642073462060137246e+01 3.703580192448823283e+01 3.175299695681049883e+01 1.860116742208471987e+05
2.200053830566371005e+01 4.647930676968343988e+01 3.717795631983246807e+01 3.198806566642112514e+01 1.858994001968211087e+05
2.207907824667434582e+01 4.643309444846624956e+01 3.709682930063448225e+01 3.216575279338253068e+01 1.857830389806942549e+05
2.215761818680116590e+01 4.619610627100637856e+01 3.713094461741981434e+01 3.231066932292218752e+01 1.857506130291084410e+05
2.223615812605353526e+01 4.636270970631227328e+01 3.719165588920208876e+01 3.258277980808011165e+01 1.859514864816942718e+05
2.231469806444068738e+01 4.650785966437990027e+01 3.734835942198583325e+01 3.287980730290072273e+01 1.863342280811204982e+05
2.239323800197172432e+01 4.645878578745167431e+01 3.736493112819821505e+01 3.316982245208405544e+01 1.866064855265577498e+05
2.247177793865562023e+01 4.644374881347464168e+01 3.746140629892123286e+01 3.345826137754858820e+01 1.864657045177725668e+05
2.255031787450123204e+01 4.649038911934377438e+01 3.751359964227401633e+01 3.373885791159147374e+01 1.860635285090464458e+05
2.262885780951728165e+01 4.648509459958828671e+01 3.763732049343369823e+01 3.403510372114218541e+01 1.868575179649847269e+05
2.270739774371238440e+01 4.651790350007917141e+01 3.767210600635696949e+01 3.426724598102418895e+01 1.862016949324918969e+05
2.278593767709502771e+01 4.652946425720048751e+01 3.775266506292649638e+01 3.452853005372873696e+01 1.869462345673217205e+05
2.286447760967358178e+01 4.652040187667728333e+01 3.783459328197357507e+01 3.475822310987206976e+01 1.867795180889041512e+05
2.294301754145629957e+01 4.657738825830270457e+01 3.787701434962686164e+01 3.495480895287989398e+01 1.872039563064668328e+05
2.302155747245133455e+01 4.657855325260355528e+01 3.811761030352076318e+01 3.526869619561048097e+01 1.873578426490621350e+05
2.310009740266672296e+01 4.646112637012809898e+01 3.806254358621657019e+01 3.555062991278622775e+01 1.872362533159185550e+05
2.317863733211038380e+01 4.662917395278254418e+01 3.818387325434688506e+01 3.576011094037844629e+01 1.876283185165766627e+05
2.325717726079013303e+01 4.650029617462595155e+01 3.826962696729945179e+01 3.599459019553305694e+01 1.870441524699892034e+05
2.333571718871368716e+01 4.671671745815794452e+01 3.842715501504061848e+01 3.644098588241874381e+01 1.877343958889909263e+05
2.341425711588865965e+01 4.649803806107768622e+01 3.851171684776277004e+01 3.667691133044807117e+01 1.876690279694689671e+05
2.349279704232255384e+01 4.666747305954404368e+01 3.863781862305383896e+01 3.697271906705056921e+01 1.880668000686999876e+05
2.357133696802278067e+01 4.680488940812941934e+01 3.872979869099270189e+01 3.725309246414794018e+01 1.883654444934549101e+05
2.364987689299664453e+01 4.663248606380336980e+01 3.874542151733541573e+01 3.750231368181113822e+01 1.880241247249399021e+05
2.372841681725136453e+01 4.689261535425958272e+01 3.889474059428599872e+01 3.767352443681701857e+01 1.883861863104229851e+05
2.380695674079405322e+01 4.690472349629181537e+01 3.897084878503408589e+01 3.796795958096610235e+01 1.876876193636562384e+05
2.388549666363174140e+01 4.709978126708791990e+01 3.909259940686699508e+01 3.838478516716288169e+01 1.887387359788516478e+05
2.396403658577134976e+01 4.686577809439519626e+01 3.922619317009299778e+01 3.849596905305922689e+01 1.887318254051411641e+05
2.404257650721972439e+01 4.703593375100934537e+01 3.941513027499711086e+01 3.878509473912513528e+01 1.889072366928103147e+05
2.412111642798362254e+01 4.705516766609314772e+01 3.945546382660938178e+01 3.914474432986802555e+01 1.893185732882063021e+05
2.419965634806970556e+01 4.698730768843380901e+01 3.959130955845989774e+01 3.940726110865495713e+01 1.888142104199846799e+05
2.427819626748454596e+01 4.725750895096671655e+01 3.974172264461201109e+01 3.962014705044434493e+01 1.892604030850998242e+05
2.435673618623464520e+01 4.712000132946928233e+01 3.979755765141162271e+01 4.000871503312558985e+01 1.897339875256427331e+05
2.443527610432640529e+01 4.732080169281238113e+01 3.997259853547895858e+01 4.017525510403918076e+01 1.900092870666111703e+05
2.451381602176616425e+01 4.746974477567239603e+01 4.008633397767543016e+01 4.075636028347187789e+01 1.907743946970358375e+05
2.459235593856016067e+01 4.732683389216848724e+01 4.013596258921737814e+01 4.093468207753589638e+01 1.907620733601847314e+05
2.467089585471456203e+01 4.738623695561448557e+01 4.024646547693497212e+01 4.118148337037841600e+01 1.912711743521689204e+05
2.474943577023546126e+01 4.758467355539669796e+01 4.040964242670424511e+01 4.142437378830184969e+01 1.910708730054414191e+05
2.482797568512887310e+01 4.766043303471219161e+01 4.052913057892959614e+01 4.180092832792760049e+01 1.918510248340816179e+05
2.490651559940072346e+01 4.777862204374112309e+01 4.068905362677577386e+01 4.226610958240488713e+01 1.929676345489132509e+05
2.498505551305688144e+01 4.772310467412626878e+01 4.079614839627035394e+01 4.261816021241497765e+01 1.917444337430879532e+05
2.506359542610313440e+01 4.770510568888960279e+01 4.092880040413408693e+01 4.283292884751087826e+01 1.922129226033969026e+05
2.514213533854519511e+01 4.797934777903935100e+01 4.117732104796677106e+01 4.334447887069036653e+01 1.935865881101186969e+05
2.522067525038871239e+01 4.805492682909368085e+01 4.135198042004385144e+01 4.365892368176294980e+01 1.930288027472947724e+05
2.529921516163925688e+01 4.795003081351853069e+01 4.124030703458430480e+01 4.383113688186406165e+01 1.932830686590295518e+05
2.537775507230233529e+01 4.815862012386729418e+01 4.156731476221666810e+01 4.415889925861385734e+01 1.935700806245256972e+05
2.545629498238338684e+01 4.836622081046169797e+01 4.171922423884223008e+01 4.440685790442644532e+01 1.947465206259340630e+05
2.553483489188777966e+01 4.832797416314920724e+01 4.193037333336615546e+01 4.493836929466482388e+01 1.950817601559555042e+05
2.561337480082082152e+01 4.841233987676279327e+01 4.218325257922329286e+01 4.517047076530074179e+01 1.949823902830011502e+05
2.569191470918774911e+01 4.834076911151281308e+01 4.222110728439338345e+01 4.548062184323872259e+01 1.950157956609296380e+05
2.577045461699373874e+01 4.868233990041784409e+01 4.259979074668637367e+01 4.592510281823434326e+01 1.953053245394725527e+05
2.584899452424390631e+01 4.839387783657572584e+01 4.251139298817412993e+01 4.612812499164978419e+01 1.961201388095048605e+05
2.592753443094329668e+01 4.859781487913941334e+01 4.261074883904157673e+01 4.646046716088869033e+01 1.960359214735324495e+05
2.600607433709690852e+01 4.891898057516679899e+01 4.284948708718930277e+01 4.685514642318577216e+01 1.978078384081570839e+05
2.608461424270966944e+01 4.900968848173800296e+01 4.298798344959504192e+01 4.706071946818175888e+01 1.976895651522780245e+05
2.616315414778644310e+01 4.915316880539231903e+01 4.326665887977762281e+01 4.740775878936084098e+01 1.977138118825024285e+05
2.624169405233205055e+01 4.909109693860126100e+01 4.341324103392281586e+01 4.792878077287512895e+01 1.994983121509088669e+05
2.632023395635124174e+01 4.938492006278779201e+01 4.348904254098711419e+01 4.828034394048975741e+01 2.000400549674853100e+05
2.639877385984871694e+01 4.920985952878837821e+01 4.370693113561726051e+01 4.847373995441459726e+01 1.995188313987968431e+05
2.647731376282911953e+01 4.965666028517906483e+01 4.390616225988205912e+01 4.909492480693273109e+01 1.995727348327822110e+05
2.655585366529703606e+01 4.951729117897949095e+01 4.392237600877911774e+01 4.913548584777792883e+01 1.996646821935838670e+05
2.663439356725699980e+01 4.984339959039237300e+01 4.430752501833447354e+01 4.950469549075133102e+01 2.015258551427878265e+05
2.671293346871349428e+01 4.987931791164810846e+01 4.453207871148117647e+01 5.022369196484446974e+01 2.020134881944676745e+05
2.679147336967094617e+01 4.976709824290310280e+01 4.461893204680155378e+01 5.048911278596459340e+01 2.016585171985996130e+05
2.687001327013372531e+01 5.020232327577736697e+01 4.482023652699452043e+01 5.113431937065161037e+01 2.033764436942549073e+05
2.694855317010616602e+01 5.005388160633640382e+01 4.500320721502198751e+01 5.099146506001682866e+01 2.032549788933728123e+05
2.702709306959254221e+01 5.058475691447828382e+01 4.527682041114481137e+01 5.136729766116835805e+01 2.042360700213345117e+05
2.710563296859707094e+01 5.043578165784192180e+01 4.519802150003417296e+01 5.182294401029377440e+01 2.039011927817079704e+05
2.718417286712393377e+01 5.059045953817253860e+01 4.548754770726940677e+01 5.233511064562069492e+01 2.047310861480461899e+05
2.726271276517725894e+01 5.072973782240724461e+01 4.557632544143890385e+01 5.239854720088976592e+01 2.046525718413022405e+05
2.734125266276112498e+01 5.046489652038128071e+01 4.558311944802425586e+01 5.268987260727245570e+01 2.051962346374301706e+05
2.741979255987956776e+01 5.083062026830710067e+01 4.606644212266326832e+01 5.331358967274920957e+01 2.061069403972117871e+05
2.749833245653658054e+01 5.106363511919882825e+01 4.622602668251665392e+01 5.364440104837282064e+01 2.068697329241783882e+05
2.757687235273609616e+01 5.097383528233770988e+01 4.650030191422477088e+01 5.401138784749293364e+01 2.068939350058441050e+05
2.765541224848202262e+01 5.114734451958818795e+01 4.659441874424673813e+01 5.416681904837565042e+01 2.073930110608232790e+05
2.773395214377820395e+01 5.135921887401183028e+01 4.696604858194959320e+01 5.497751668526676383e+01 2.082393440338900546e+05
2.781249203862845576e+01 5.119637382087174871e+01 4.660177154369542762e+01 5.497947892167506012e+01 2.078098828944669513e+05
2.789103193303654038e+01 5.123744227263286177e+01 4.713327998635165983e+01 5.539701162936447787e+01 2.081646986822468753e+05
2.796957182700618816e+01 5.135252103504776500e+01 4.730782614670168584e+01 5.582516489370568991e+01 2.079642402847670892e+05
2.804811172054107615e+01 5.121321634592225536e+01 4.728549883423290368e+01 5.582533631915011796e+01 2.075785547371735156e+05
2.812665161364485655e+01 5.112573475221952890e+01 4.751289486571099019e+01 5.643056080763844307e+01 2.076883239817692665e+05
2.820519150632112115e+01 5.122841807204864750e+01 4.793978999138314379e+01 5.667005752615035874e+01 2.072966840079249232e+05
2.828373139857343332e+01 5.117866015485513742e+01 4.769351834453382111e+01 5.709608454887812456e+01 2.092326315285737510e+05
2.836227129040531736e+01 5.109369308155864076e+01 4.790506661880723271e+01 5.725547329055314094e+01 2.085888363231110270e+05
2.844081118182025847e+01 5.116074252068364103e+01 4.787274503588324137e+01 5.781982692515410349e+01 2.094589994597738259e+05
2.851935107282169923e+01 5.093875541952334629e+01 4.779245318247445340e+01 5.760125211876796669e+01 2.071433925124026136e+05
2.859789096341304315e+01 5.096381610473353163e+01 4.785669203593612764e+01 5.811013471247484574e+01 2.067431308819695842e+05
2.867643085359765820e+01 5.087656673701697940e+01 4.813394588167015797e+01 5.820998498833538548e+01 2.076440326975394273e+05
2.875497074337888392e+01 5.082055417140369968e+01 4.867685420959722364e+01 5.910172312675144468e+01 2.077297638732059859e+05
2.883351063276001369e+01 5.090341393453826413e+01 4.804135978317499678e+01 5.922850244354596327e+01 2.079826818100984674e+05
2.891205052174430890e+01 5.094377792819344108e+01 4.835996624071547956e+01 6.005467829116009426e+01 2.093929586854016816e+05
2.899059041033499184e+01 5.091331225196049814e+01 4.841672962114625989e+01 6.006566786975619010e+01 2.095210345609926153e+05
2.906913029853525643e+01 5.126721487631703411e+01 4.904747970208783414e+01 6.109528334155984908e+01 2.099282208797933417e+05
2.914767018634825746e+01 5.126513299548369673e+01 4.915182836441614000e+01 6.099085452338279367e+01 2.085088965074351581e+05
2.922621007377712132e+01 5.138063435172009719e+01 4.919215806391057555e+01 6.158434331601131362e+01 2.091676406364758150e+05
2.930474996082492822e+01 5.147339236298142851e+01 4.949493145834826180e+01 6.160012664155766515e+01 2.108153279575200868e+05
2.938328984749474060e+01 5.117023021133774563e+01 4.952983741004317864e+01 6.200020994009480546e+01 2.100974016619418981e+05
2.946182973378957826e+01 5.098543807210613465e+01 4.940776578010799369e+01 6.212926016915518801e+01 2.097032974007083685e+05
2.954036961971243258e+01 5.133058443196506460e+01 4.970107406453954013e+01 6.260021775866554350e+01 2.094753011665093363e+05
2.961890950526625943e+01 5.154740626494536571e+01 4.951007731955591140e+01 6.282452626719064170e+01 2.115603750124114740e+05
2.969744939045398979e+01 5.165867662734287791e+01 5.003328863115866909e+01 6.352057205154731889e+01 2.106614941881759732e+05
2.977598927527852268e+01 5.131387346664313043e+01 4.999116451931478622e+01 6.341620804263717304e+01 2.107594791090017825e+05
2.985452915974272159e+01 5.157461603730466493e+01 5.038970943510982181e+01 6.395378249401867521e+01 2.116954888127563172e+05
2.993306904384942868e+01 5.162379433656796834e+01 5.075298605668108820e+01 6.402801269870683143e+01 2.111806644825542753e+05
3.001160892760143994e+01 5.178310540109884386e+01 5.088567581610137580e+01 6.461812894734997315e+01 2.115123913470991538e+05
3.009014881100154071e+01 5.236039560540673676e+01 5.120844512955915206e+01 6.536793470040967691e+01 2.136187664206252084e+05
3.016868869405248077e+01 5.232773137418332254e+01 5.113863976612164919e+01 6.604565687776862148e+01 2.142661227077065851e+05
3.024722857675697441e+01 5.224007591531604788e+01 5.145214468183570489e+01 6.646395480779347054e+01 2.159519712822162546e+05
3.032576845911771457e+01 5.229807860481338366e+01 5.197541966457060170e+01 6.636428214920211133e+01 2.160847198668049532e+05
3.040430834113736580e+01 5.239060810822950742e+01 5.175396323248983776e+01 6.723360689887186936e+01 2.154176126693402475e+05
3.048284822281856421e+01 5.241768786278142045e+01 5.262543793600190156e+01 6.750235209497211031e+01 2.148286629735143797e+05
3.056138810416392460e+01 5.322048821578245281e+01 5.189694897877387803e+01 6.766480918202600492e+01 2.180824641853892535e+05
3.063992798517602267e+01 5.251432937172918969e+01 5.230079607755567395e+01 6.745175252086460205e+01 2.151709365775983315e+05
3.071846786585741640e+01 5.251519389853750397e+01 5.320064830553771884e+01 6.862696167018494009e+01 2.174202993112955592e+05
3.079700774621063886e+01 5.332379705573081452e+01 5.284111973169763843e+01 6.869395996651668668e+01 2.183416015256057144e+05
3.087554762623818760e+01 5.314922465774338889e+01 5.363941454329679459e+01 6.932633179376821886e+01 2.181987024987946497e+05
3.095408750594254599e+01 5.315610609209637971e+01 5.351602927024463696e+01 7.045712965766621494e+01 2.206708990399910253e+05
3.103262738532617249e+01 5.399790731190090298e+01 5.428171881250023034e+01 7.084701151511772821e+01 2.197021934979160142e+05
3.111116726439149005e+01 5.392649379753348882e+01 5.397630667122312076e+01 7.139880192843344275e+01 2.198899390857056424e+05
3.118970714314090387e+01 5.438514958893128437e+01 5.467868695836545356e+01 7.119937195995069601e+01 2.235700346670898725e+05
3.126824702157679781e+01 5.427204693925759216e+01 5.479297652363439397e+01 7.159035942142051567e+01 2.220179884922627243e+05
3.134678689970152377e+01 5.424468621575766747e+01 5.503262858262130663e+01 7.243218123892374649e+01 2.249256647415029292e+05
3.142532677751741588e+01 5.489036357140782485e+01 5.594629423737676888e+01 7.346102282787570914e+01 2.274454727741386741e+05
3.150386665502678696e+01 5.497657292302007193e+01 5.530593518289581567e+01 7.426116857067236765e+01 2.275311431615803740e+05
3.158240653223192140e+01 5.534224599016344115e+01 5.564188580955028129e+01 7.367110280276865808e+01 2.267194822401407291e+05
3.166094640913508229e+01 5.534429747738651173e+01 5.649590330985126485e+01 7.447807327315015868e+01 2.298247586418646388e+05
3.173948628573851494e+01 5.570887552187627989e+01 5.727336181952591687e+01 7.550554409222250740e+01 2.293500379866372095e+05
3.181802616204443623e+01 5.506924616202043410e+01 5.684105832622128673e+01 7.460382590316118012e+01 2.280626817413316166e+05
3.189656603805504531e+01 5.519578868274228967e+01 5.749665959542727478e+01 7.652964473562481373e+01 2.286717542814642948e+05
3.197510591377251998e+01 5.652802194758281473e+01 5.798481091943202159e+01 7.676093070852418521e+01 2.317949584205797873e+05
3.205364578919900964e+01 5.612818461038686024e+01 5.768072147026370544e+01 7.615302997871224022e+01 2.325930784417396062e+05
3.213218566433665302e+01 5.686460241281539396e+01 5.815404912946125648e+01 7.729902382470096711e+01 2.349024569522656966e+05
3.221072553918755688e+01 5.633516521378297881e+01 5.871249080857511871e+01 7.900617886097083442e+01 2.339461031428568240e+05
3.228926541375382442e+01 5.672539942857638806e+01 5.845168407031256663e+01 7.836919272009643578e+01 2.338171193264964386e+05
3.236780528803751622e+01 5.710376998989534769e+01 5.892567068406504660e+01 7.879768313944865099e+01 2.355149110418483615e+05
3.244634516204068575e+01 5.757625684256046128e+01 5.912621904767681258e+01 7.891932141255684030e+01 2.381162711335016647e+05
3.252488503576537227e+01 5.741324415003469284e+01 6.006025778823219952e+01 8.032740263163019279e+01 2.389709554261598387e+05
3.260342490921358660e+01 5.769277313561789811e+01 5.945241101815776830e+01 8.109044716652391571e+01 2.391976062649812957e+05
3.268196478238731828e+01 5.829753966493898076e+01 5.914757448054133704e+01 8.028022329114533306e+01 2.413234633217813098e+05
3.276050465528854261e+01 5.896635409775463188e+01 6.024085971397748551e+01 8.093736923978275399e+01 2.498604929337377253e+05
3.283904452791921358e+01 5.946719154577782973e+01 6.191379379873093569e+01 8.326416064596826061e+01 2.396983118772895250e+05
3.291758440028127097e+01 6.003832335236571538e+01 6.078898833308253558e+01 8.120400275672383827e+01 2.452291885780073935e+05
3.299612427237663326e+01 5.935299403242874661e+01 6.304015938087429305e+01 8.486904399599826831e+01 2.456709087846669427e+05
3.307466414420719758e+01 5.874606879636233714e+01 6.183047292032423314e+01 8.158630602267919585e+01 2.453612901689380524e+05
3.315320401577483977e+01 6.058939494871984266e+01 6.454711103643572301e+01 8.618620908229115685e+01 2.505984649007491826e+05
3.323174388708143567e+01 5.972821586578675834e+01 6.307074277998189871e+01 8.438696178010337690e+01 2.479061625534697669e+05
3.331028375812883269e+01 6.102721467696768798e+01 6.405956475300452269e+01 8.487138387729785904e+01 2.515986064941857767e+05
3.338882362891884981e+01 6.100484379571330606e+01 6.429239693250848120e+01 8.627602920654770458e+01 2.519047233115276613e+05
3.346736349945329891e+01 6.154087505113979972e+01 6.456902132231101632e+01 8.540151932943246038e+01 2.463384380733559374e+05
3.354590336973399189e+01 6.037294890350725751e+01 6.635116333419344414e+01 8.695395448826894835e+01 2.596300403644595062e+05
3.362444323976268379e+01 6.378246132174557914e+01 6.690034862001979832e+01 8.896820615030462420e+01 2.595769995450112619e+05
3.370298310954115806e+01 5.996326965171139278e+01 6.505799357035255071e+01 8.816572608976409242e+01 2.523791874633784755e+05
3.378152297907114132e+01 6.215978371120719714e+01 6.795165365438644756e+01 8.927462851776492414e+01 2.523505136585075525e+05
3.386006284835436730e+01 6.195221340578967073e+01 6.641272134233744850e+01 9.389327734885748100e+01 2.536500664821718237e+05
3.393860271739255552e+01 6.219965822717372106e+01 6.579821921711361199e+01 8.753033576732568122e+01 2.506288729446017824e+05
3.401714258618739706e+01 6.182104297387814285e+01 6.159613143701522375e+01 9.112608342116861593e+01 2.514865501257832802e+05
3.409568245474058301e+01 6.603552142236931388e+01 6.825028183272860360e+01 9.201333437774562185e+01 2.716721093656760640e+05
3.417422232305376895e+01 6.504568397070455887e+01 7.078764478014289807e+01 9.976234176299163892e+01 2.742298168539418257e+05
3.425276219112861043e+01 6.651400437616992178e+01 7.305197859391257964e+01 9.725045081904262645e+01 2.924208682704560342e+05
3.433130205896674880e+01 6.676882908283735674e+01 6.309204045636838032e+01 9.487523879475419619e+01 2.827840737923409906e+05
3.440984192656979701e+01 6.764694150555159524e+01 7.563038339847156522e+01 1.036908075902534563e+02 2.935607280035008444e+05
3.448838179393936088e+01 7.705390647202763432e+01 7.396781465786055776e+01 9.588586422656948116e+01 3.223265045412268373e+05
3.456692166107702491e+01 7.312986634381091733e+01 7.713713093086056460e+01 9.952819417119964385e+01 3.145377937192122918e+05
3.464546152798438072e+01 8.985631456315181254e+01 7.428333820631600304e+01 1.071694072178485726e+02 2.936984986311270623e+05
3.472400139466299152e+01 4.845415478844272172e+01 7.558427826271294236e+01 7.134066627600348909e+01 3.194994452073160210e+05
