# 0.9975 0.9996
7.871241428633635184e-02 5.781814566778272990e+00 5.701976959943608314e+00 7.250222397963496318e-04 1.304430724528732981e+03
1.618072713909662341e-01 1.616102113450764932e+01 1.579541031642037829e+01 3.827123978860442772e-03 5.214606154141809384e+03
2.418771330418761079e-01 2.412540474634292664e+01 2.368156273641990239e+01 4.670614815563117056e-03 7.160032647809005539e+03
3.211923215201240578e-01 3.156935620596684444e+01 3.082536694048278392e+01 1.150852860253402145e-02 1.392234706120062765e+04
4.002017901256537113e-01 3.613874802272803066e+01 3.503614020465829526e+01 1.625712609112259233e-02 1.971663957323596696e+04
4.790568272527075955e-01 4.004263661698220034e+01 3.886631228074706712e+01 2.166629325825111460e-02 1.929689651012825561e+04
5.578229290343351687e-01 5.414480766460020078e+01 5.251290747760533151e+01 2.978776278523384904e-02 2.808854726735934673e+04
6.365331115321660738e-01 5.618638324862361344e+01 5.424261609597188283e+01 4.029859196781704345e-02 2.997567151108671533e+04
7.152058371535838788e-01 5.588175899676976854e+01 5.383749074462917150e+01 5.012821035638990314e-02 3.452045075872456800e+04
7.938522421846891941e-01 5.881534291979231455e+01 5.660218238001606750e+01 5.929215391947335878e-02 3.586523982825097482e+04
8.724794443688169698e-01 6.627318090782088689e+01 6.379943979228400508e+01 7.017598266137489715e-02 3.876035352675188915e+04
9.510922062407737299e-01 7.243902287182254440e+01 6.968124022336655798e+01 7.867397631298199412e-02 4.242984649360152980e+04
1.029693835175838679e+00 7.551240178449540963e+01 7.258063252692582523e+01 9.537863415166838998e-02 4.341943884554507531e+04
1.108286699878543891e+00 8.459768142430350224e+01 8.150244385766433197e+01 1.071800846607163238e-01 4.493968411424811347e+04
1.186872541411916560e+00 8.261132449939391620e+01 7.957415892963197734e+01 1.242960688159556459e-01 4.767692518948684301e+04
1.265452668213572940e+00 8.575585257129861816e+01 8.267452448766462680e+01 1.355533118979646567e-01 5.026680810251669755e+04
1.344028082638708543e+00 9.062349638532508322e+01 8.714907255077737602e+01 1.543114410147923832e-01 5.455851493712043884e+04
1.422599565533279709e+00 9.445188065977461633e+01 9.104654475158592675e+01 1.627179289080846747e-01 5.411659979133317393e+04
1.501167734229200246e+00 9.749360520751781678e+01 9.369567241495219889e+01 1.934003521182079133e-01 5.707506096266932582e+04
1.579733083222462531e+00 1.010807591236734311e+02 9.717895428431289417e+01 2.075355968301395015e-01 6.164717199091174552e+04
1.658296013281593151e+00 9.775042265251393303e+01 9.405560716297729584e+01 2.199947588867921522e-01 6.206695843327092007e+04
1.736856852652245875e+00 1.017083448317718961e+02 9.767684018215985020e+01 2.477295200706907952e-01 6.236666128597375064e+04
1.815415872753641580e+00 9.797718895004199169e+01 9.400668185376076735e+01 2.638445699907092656e-01 6.500029891457197664e+04
1.893973299967037560e+00 1.020694490027553201e+02 9.810751705643578191e+01 2.895987108733670268e-01 6.730397121736739064e+04
1.972529324606241641e+00 9.773921114580743108e+01 9.358148684221491465e+01 3.116886341550852979e-01 7.033289873806189280e+04
2.051084107826015579e+00 9.961505951740520004e+01 9.557362015382324216e+01 3.412344752006555848e-01 7.212965191115401103e+04
2.129637787001040561e+00 1.002109002854936506e+02 9.572841807927758850e+01 3.712729731623148344e-01 7.530846635208396765e+04
2.208190479956450680e+00 9.696195373775414339e+01 9.259866858106077814e+01 3.995998728155806812e-01 7.628954169805473066e+04
2.286742288326184092e+00 9.493332489998641677e+01 9.066570425227740770e+01 4.128033774814781065e-01 7.651655958273238502e+04
2.365293300241981811e+00 9.361093577690586187e+01 8.920766319723357185e+01 4.443600100300900135e-01 7.722710148034617305e+04
2.443843592503681883e+00 9.164649509653590087e+01 8.744351349688261621e+01 4.687324344924410635e-01 8.089940097870687896e+04
2.522393232343909553e+00 8.966933151948737191e+01 8.526194818694777666e+01 5.097386643851214982e-01 8.295958386004580825e+04
2.600942278872942381e+00 8.658134402870274471e+01 8.194563957555396883e+01 5.438066765341296183e-01 8.621184309410928108e+04
2.679490784269383141e+00 8.408652226323769696e+01 7.948909285069673558e+01 5.720693254485219592e-01 8.539616053303114313e+04
2.758038794767343038e+00 8.213786445332570452e+01 7.762079453059985212e+01 5.972131424473686723e-01 8.805118749498696707e+04
2.836586351479573942e+00 7.892094053861497116e+01 7.425669390527316693e+01 6.404652675087773028e-01 9.161030064524908084e+04
2.915133491087511963e+00 7.773765920098797721e+01 7.309690896760142209e+01 6.698631505814213183e-01 9.061024202780131600e+04
2.993680246422668834e+00 7.663266100150954685e+01 7.189156380276989466e+01 7.055747235648237581e-01 9.125285497891271370e+04
3.072226646958827967e+00 7.193278965957090065e+01 6.703432781121550477e+01 7.496579967783767451e-01 9.513511295871809125e+04
3.150772719230606977e+00 6.990002822743858246e+01 6.517666458520118056e+01 7.781390415964641871e-01 9.579664295840839623e+04
3.229318487190934395e+00 6.876967516869315489e+01 6.399921707382246439e+01 8.214789883221743638e-01 9.529081719327511382e+04
3.307863972517584905e+00 6.516744300411195923e+01 6.046724234144261345e+01 8.576644327944572543e-01 9.741359933305483719e+04
3.386409194877053608e+00 6.519425544296679220e+01 6.037472190427902774e+01 9.008943758579339711e-01 1.003732775195505237e+05
3.464954172152534095e+00 6.327425359074143074e+01 5.833966800573827527e+01 9.309095578069351840e-01 1.014780111799174483e+05
3.543498920641575456e+00 6.140051194297494419e+01 5.655817233385571541e+01 9.848411585959591097e-01 1.038081117471369944e+05
3.622043455228019404e+00 6.025896712742664363e+01 5.532228066608839612e+01 1.019248172859253065e+00 1.044666559764012491e+05
3.700587789532037597e+00 5.877534130566210280e+01 5.380031622635544863e+01 1.071409062145196156e+00 1.064147174231095414e+05
3.779131936041457696e+00 5.801342977172407700e+01 5.313493377754976876e+01 1.125184343857561720e+00 1.072406012255497335e+05
3.857675906227046259e+00 5.701460406716662987e+01 5.206716320345043414e+01 1.137785032029764887e+00 1.086707134932671906e+05
3.936219710643986680e+00 5.591946732602090719e+01 5.079363729010131578e+01 1.212596441479585563e+00 1.103244137953493482e+05
4.014763359021444877e+00 5.562473865249031491e+01 5.029149668919885841e+01 1.255371097888277943e+00 1.097892083192037535e+05
4.093306860341824560e+00 5.417839219569957976e+01 4.882209111036596028e+01 1.306672413555343804e+00 1.130382890474801825e+05
4.171850222911064776e+00 5.347263851490161102e+01 4.811048720515275079e+01 1.356326586251395794e+00 1.132578641958715598e+05
4.250393454421145911e+00 5.285513901840995743e+01 4.750693812215237699e+01 1.397348729622910124e+00 1.132344156001417869e+05
4.328936562005788247e+00 5.244703628467939183e+01 4.698837135468238557e+01 1.447926597756147293e+00 1.171207344036807626e+05
4.407479552290201497e+00 5.248853898986271105e+01 4.687187583098781829e+01 1.502209693876707997e+00 1.174852771775247384e+05
4.486022431435594982e+00 5.147465153876311916e+01 4.589726361649055519e+01 1.539803724754947423e+00 1.179205147739024251e+05
4.564565205179107465e+00 5.136528290531546048e+01 4.563560387450237243e+01 1.604565838314669257e+00 1.200987660509102279e+05
4.643107878869670024e+00 5.148093920054947148e+01 4.568256686038890990e+01 1.651324010621995075e+00 1.217464855891575426e+05
4.721650457500300213e+00 5.006085990999109470e+01 4.430233285083750872e+01 1.700896375782761982e+00 1.216704675666257972e+05
4.800192945737217443e+00 5.063252423268733793e+01 4.446171341185780079e+01 1.771629826939573382e+00 1.239289341846916650e+05
4.878735347946150824e+00 5.067378581107855240e+01 4.456875362578053767e+01 1.798043122015692274e+00 1.250843648534513486e+05
4.957277668216146793e+00 5.081234139957316387e+01 4.469055900385343705e+01 1.894918506698741290e+00 1.255660882287517015e+05
5.035819910381144737e+00 5.092759994842538873e+01 4.467490412887562456e+01 1.943711339691706064e+00 1.256996983396651049e+05
5.114362078039562221e+00 5.016487516036504246e+01 4.371897728401897609e+01 1.999730140455264538e+00 1.278490301400271856e+05
5.192904174572115394e+00 5.012525014632770848e+01 4.358716478697041907e+01 2.056105862013304364e+00 1.291873626887877763e+05
5.271446203158030919e+00 5.011723785263018982e+01 4.349958728222119930e+01 2.120049521852006347e+00 1.307231865886230225e+05
5.349988166789838573e+00 5.001364995888616249e+01 4.342015492823821177e+01 2.166207556692908209e+00 1.305893682627671078e+05
5.428530068286878674e+00 5.025974602076737341e+01 4.336936707686092518e+01 2.246684510998163464e+00 1.327463022404236835e+05
5.507071910307648643e+00 4.975760242375277898e+01 4.297509654361235221e+01 2.283868825314501194e+00 1.328033287463354354e+05
5.585613695361120179e+00 5.004369578183191436e+01 4.296567181165693228e+01 2.402545044256997109e+00 1.360513593725559185e+05
5.664155425817094525e+00 4.974222778159233371e+01 4.275219494256208463e+01 2.448635626402603016e+00 1.353678459970665863e+05
5.742697103915729961e+00 4.989894417300624241e+01 4.271831948196938811e+01 2.482562814306510823e+00 1.363453856032924959e+05
5.821238731776284148e+00 4.977006657864680506e+01 4.255254258727641314e+01 2.534628438772902559e+00 1.373706028876092460e+05
5.899780311405160127e+00 4.947785800942632051e+01 4.220947073339142008e+01 2.618596873371437983e+00 1.381346593118761375e+05
5.978321844703323507e+00 4.975896863634100953e+01 4.237015764818170283e+01 2.668659438634116920e+00 1.385734794872594357e+05
6.056863333473133437e+00 4.969282265669554022e+01 4.222735548787754567e+01 2.732638278160141265e+00 1.409909752460864256e+05
6.135404779424661115e+00 4.938077617235430949e+01 4.173619725936840297e+01 2.854333194722982636e+00 1.426659774358856957e+05
6.213946184181517118e+00 4.964309727909795100e+01 4.201572874178276606e+01 2.901729897285684423e+00 1.430983840635058004e+05
6.292487549286247983e+00 4.982274294646093438e+01 4.201221338466813648e+01 2.951509589210768780e+00 1.445535627767625265e+05
6.371028876205335756e+00 4.962992041105957952e+01 4.173643270257115034e+01 3.035549489863402783e+00 1.433302279064467002e+05
6.449570166333828070e+00 4.942963677929610355e+01 4.160490390947768446e+01 3.118070130438678422e+00 1.468141455204934173e+05
6.528111420999634262e+00 4.946808025181895374e+01 4.143283193296439038e+01 3.191972569350498556e+00 1.465257990657169430e+05
6.606652641467518627e+00 4.892380949348890340e+01 4.087589860571673483e+01 3.282847192115665447e+00 1.474911176742838288e+05
6.685193828942805006e+00 4.951080452304577761e+01 4.121933428343824346e+01 3.347239519665432539e+00 1.472289842846149404e+05
6.763734984574836240e+00 4.903822534625170704e+01 4.100002099552195745e+01 3.413998986247995582e+00 1.472107584121868131e+05
6.842276109460177835e+00 4.871467965942257905e+01 4.045606721395009941e+01 3.504205947627602402e+00 1.492508459176085598e+05
6.920817204645620890e+00 4.848178563942294517e+01 4.034556531311029914e+01 3.557256415344667300e+00 1.499313195681026846e+05
6.999358271130968312e+00 4.936381023313956007e+01 4.092421167431454165e+01 3.657152886117352342e+00 1.513216519643475185e+05
7.077899309871646949e+00 4.868619256872597134e+01 4.028303368834095721e+01 3.731868012626987863e+00 1.535482154098883912e+05
7.156440321781138536e+00 4.873270831249678992e+01 4.035702372701684482e+01 3.804649960216215820e+00 1.522304913066185545e+05
7.234981307733260536e+00 4.885095181006308707e+01 4.015114374497394323e+01 3.936160085087080152e+00 1.535071909316717065e+05
7.313522268564292439e+00 4.819941351139382135e+01 3.958397308017075744e+01 3.980711149791408054e+00 1.530889400127885165e+05
7.392063205074973276e+00 4.865918889995813146e+01 3.996230288665596930e+01 4.053872221133421050e+00 1.534403575918904389e+05
7.470604118032365015e+00 4.810769328913400500e+01 3.948863529880230772e+01 4.153600699907510574e+00 1.553816173296163615e+05
7.549145008171610272e+00 4.848279399725220173e+01 3.980788103544146850e+01 4.224326284758419092e+00 1.559193009974445449e+05
7.627685876197570103e+00 4.828382908013009711e+01 3.950337638458931622e+01 4.337988346119855620e+00 1.571290042006211006e+05
7.706226722786373884e+00 4.838301758051137114e+01 3.941220354246048174e+01 4.401356900696760555e+00 1.573869610899491527e+05
7.784767548586863484e+00 4.817804584314384186e+01 3.928667803013033222e+01 4.487067507238651665e+00 1.571450972552443855e+05
7.863308354221953955e+00 4.815029091132196015e+01 3.915127737072917569e+01 4.532816156324777523e+00 1.582800000270430173e+05
7.941849140289923170e+00 4.848184629955133573e+01 3.934925489919452701e+01 4.658810322597365605e+00 1.578446469867933483e+05
8.020389907365611748e+00 4.818058063915579936e+01 3.912788117227769646e+01 4.739303967791812511e+00 1.611227807303994196e+05
8.098930656001561701e+00 4.759242081149567127e+01 3.841790945002230018e+01 4.839381506426445156e+00 1.609684644528352364e+05
8.177471386729090241e+00 4.777423404678604868e+01 3.867691975358383161e+01 4.900083372153306804e+00 1.610187408341403643e+05
8.256012100059292536e+00 4.784084046168719340e+01 3.853613558286332363e+01 5.008996610767610491e+00 1.616902837834352104e+05
8.334552796484000936e+00 4.725256875308338067e+01 3.816710978166164381e+01 5.077449531107495417e+00 1.625910409935991920e+05
8.413093476476680266e+00 4.788253911790900474e+01 3.836987653853667268e+01 5.188382866119392034e+00 1.629258230213364295e+05
8.491634140493276917e+00 4.766680616601099274e+01 3.824682531298579136e+01 5.259541703457990991e+00 1.629416524773252313e+05
8.570174788973028868e+00 4.740269431803198330e+01 3.784991351067348120e+01 5.397023947903168306e+00 1.635833285922463983e+05
8.648715422339215309e+00 4.760571040476512650e+01 3.813718029167192469e+01 5.440770390514767740e+00 1.648645729657106567e+05
8.727256040999876063e+00 4.746397130339953208e+01 3.795004170786171471e+01 5.514666020302988692e+00 1.651054214857059414e+05
8.805796645348495488e+00 4.745874792654359453e+01 3.788878259103402257e+01 5.623412764163709276e+00 1.646271783148702525e+05
8.884337235764643737e+00 4.747736949701342724e+01 3.768934868197889898e+01 5.743467035313575941e+00 1.651937775674698350e+05
8.962877812614589601e+00 4.749172185881365493e+01 3.776665763085281213e+01 5.842313100979676932e+00 1.656047429321394011e+05
9.041418376251867173e+00 4.758826618337088377e+01 3.779850871168191873e+01 5.905676536692659795e+00 1.674166471440996102e+05
9.119958927017840722e+00 4.688238533604982905e+01 3.729117229915679133e+01 6.015538406113088321e+00 1.679724118265131547e+05
9.198499465242209183e+00 4.711293543581570731e+01 3.729720905495386063e+01 6.158786772251148456e+00 1.679280614250565413e+05
9.277039991243508865e+00 4.709419458714558715e+01 3.715331814787313647e+01 6.239635883602346667e+00 1.680599968989078770e+05
9.355580505329580632e+00 4.727548807973607836e+01 3.733255266421066665e+01 6.338650443908824705e+00 1.688560890020977240e+05
9.434121007798012215e+00 4.715054216387537878e+01 3.710432172156092179e+01 6.412752804054577815e+00 1.691870663398732722e+05
9.512661498936562765e+00 4.741353991431065396e+01 3.732588302548113290e+01 6.550214874772054330e+00 1.699886536411429697e+05
9.591201979023569635e+00 4.703468578175360904e+01 3.693885162523135790e+01 6.628775669040274821e+00 1.701964788822482806e+05
9.669742448328321416e+00 4.668440121078570115e+01 3.662212389146262836e+01 6.751853592620086886e+00 1.694326994942791353e+05
9.748282907111432749e+00 4.697506980583585090e+01 3.674962262784654854e+01 6.843854572384676871e+00 1.715948721370651620e+05
9.826823355625185386e+00 4.694399598592138290e+01 3.669060841353444147e+01 6.924699237258023388e+00 1.708279393854753871e+05
9.905363794113858589e+00 4.702223822095887584e+01 3.668373036618643113e+01 7.071586014876054982e+00 1.711842231676971423e+05
9.983904222814045326e+00 4.678097266282093614e+01 3.651819428423960545e+01 7.154080668784868813e+00 1.715570668259319791e+05
1.006244464195495070e+01 4.712526187765815422e+01 3.679083418622970925e+01 7.263619292245592440e+00 1.725149236658896261e+05
1.014098505175868148e+01 4.657740219769432599e+01 3.629496182716821551e+01 7.362715026873539514e+00 1.715113154085482820e+05
1.021952545244051613e+01 4.680289281895758791e+01 3.629447183297513391e+01 7.462600880655687163e+00 1.731353180280974775e+05
1.029806584420916415e+01 4.661668416022097006e+01 3.619147896615934457e+01 7.649961221073719564e+00 1.739222099199384102e+05
1.037660622726701654e+01 4.663683178891412950e+01 3.615252902832874327e+01 7.692786054386608008e+00 1.735792250941380626e+05
1.045514660181038380e+01 4.689884553766923858e+01 3.623607688152718254e+01 7.846166395867073540e+00 1.729253871179835405e+05
1.053368696802971982e+01 4.666389601327794878e+01 3.611168449404062386e+01 7.916450588493658458e+00 1.741332947727866704e+05
1.061222732610984210e+01 4.662349478447816864e+01 3.601387159744136568e+01 8.026499045661148912e+00 1.751117800870983338e+05
1.069076767623013779e+01 4.652307282869252703e+01 3.595131100647668632e+01 8.163568680547252043e+00 1.756383118219799071e+05
1.076930801856475739e+01 4.704926740467747948e+01 3.619850415746151384e+01 8.288972421909846844e+00 1.756836118300650560e+05
1.084784835328281005e+01 4.679422527758799077e+01 3.602474685206794902e+01 8.407487653999972110e+00 1.751681344021770929e+05
1.092638868054854306e+01 4.650069796541842493e+01 3.574464036301296233e+01 8.486524696113880495e+00 1.754585385979740822e+05
1.100492900052151413e+01 4.664623392178073402e+01 3.585273670123108758e+01 8.648408578428240290e+00 1.759917667146448221e+05
1.108346931335675833e+01 4.689433731714106557e+01 3.602453056562326594e+01 8.728933099579794685e+00 1.752864984006713494e+05
1.116200961920494805e+01 4.655367119758124517e+01 3.562620580853369745e+01 8.856387379567864926e+00 1.761726044742186205e+05
1.124054991821254212e+01 4.647579097076082633e+01 3.553985653201201700e+01 8.949133294387667803e+00 1.757899554203477164e+05
1.131909021052193687e+01 4.667097740303732678e+01 3.562351255884370005e+01 9.100102130931110977e+00 1.767574437453746214e+05
1.139763049627160285e+01 4.656929689090573277e+01 3.568418078158264706e+01 9.171771428486993116e+00 1.762951142900868144e+05
1.147617077559622167e+01 4.677559952033988111e+01 3.567870879833003528e+01 9.333276740370664015e+00 1.770253691231625271e+05
1.155471104862680853e+01 4.661734880089638722e+01 3.554005370487024607e+01 9.430545198586115063e+00 1.773595194191049377e+05
1.163325131549084368e+01 4.644712521074080058e+01 3.538992452982865444e+01 9.579065360350719871e+00 1.777657686199791206e+05
1.171179157631238787e+01 4.668582732261889845e+01 3.555867291789561335e+01 9.666485804369832735e+00 1.767840506533175940e+05
1.179033183121219608e+01 4.665264364700368560e+01 3.550514013260289659e+01 9.797940728539732191e+00 1.774006768162688240e+05
1.186887208030782759e+01 4.626932029120970924e+01 3.510763330711364461e+01 9.930062950112438003e+00 1.775758957147948677e+05
1.194741232371374728e+01 4.674817843226447422e+01 3.531678747520744110e+01 1.007009675766130030e+01 1.784709230742727814e+05
1.202595256154143222e+01 4.643985862340658599e+01 3.527459114438412513e+01 1.017149060800013416e+01 1.775348391510993533e+05
1.210449279389946753e+01 4.661302836275185513e+01 3.529592188923061968e+01 1.034444053598253355e+01 1.785738665781409072e+05
1.218303302089363527e+01 4.643499981985617353e+01 3.507720630690234742e+01 1.047191331987851903e+01 1.779797361233911943e+05
1.226157324262700676e+01 4.651714862810977280e+01 3.527962180100156786e+01 1.052236909724727809e+01 1.787091054955144646e+05
1.234011345920003322e+01 4.653397368482574592e+01 3.504118437513320572e+01 1.069172752365769341e+01 1.787825743458336801e+05
1.241865367071062565e+01 4.605175032342015129e+01 3.477590497325642360e+01 1.083690163441453969e+01 1.792194103490107518e+05
1.249719387725422415e+01 4.659084137019038252e+01 3.512876434963639838e+01 1.095555775850380975e+01 1.791677438790246379e+05
1.257573407892389383e+01 4.648623292725694256e+01 3.504102023252553266e+01 1.111710708460075203e+01 1.787697645385757787e+05
1.265427427581038877e+01 4.639053945089998621e+01 3.489250230581118473e+01 1.122527814931106072e+01 1.788749204345800099e+05
1.273281446800221772e+01 4.621844239674590682e+01 3.478110260189246361e+01 1.133988539917487515e+01 1.787049485175870941e+05
1.281135465558572584e+01 4.636868957606235853e+01 3.483961506883171211e+01 1.152884548760913930e+01 1.797506641740377236e+05
1.288989483864514796e+01 4.621101204411528585e+01 3.470129226558204039e+01 1.166125933638652867e+01 1.798651043243740569e+05
1.296843501726268322e+01 4.658007783347621711e+01 3.493299422125350873e+01 1.180452599391851543e+01 1.793466686688039044e+05
1.304697519151855190e+01 4.645657181060241214e+01 3.487585507619289160e+01 1.194082477659012120e+01 1.792677535144119465e+05
1.312551536149104692e+01 4.646139609172914220e+01 3.476231422312267227e+01 1.205582037577586085e+01 1.797681765667558357e+05
1.320405552725660492e+01 4.629484309027138522e+01 3.470243049955496417e+01 1.217958120141379297e+01 1.796035134165227064e+05
1.328259568888985243e+01 4.635319166665924939e+01 3.466761657652492090e+01 1.236000715471728739e+01 1.794794744217111729e+05
1.336113584646366270e+01 4.624689679264214703e+01 3.454463580759595231e+01 1.252184403024635451e+01 1.800290518818228738e+05
1.343967600004920548e+01 4.602879023678296733e+01 3.447082968265065261e+01 1.267203104301805894e+01 1.797539637550041080e+05
1.351821614971599317e+01 4.611544405310456796e+01 3.444294651434834265e+01 1.276626252628606117e+01 1.797406973550907569e+05
1.359675629553193588e+01 4.599606291523048895e+01 3.449143538283021826e+01 1.292383091514466820e+01 1.796120850965896680e+05
1.367529643756338231e+01 4.590896114928469984e+01 3.431431848641823734e+01 1.306822793078528200e+01 1.795215190359944827e+05
1.375383657587516595e+01 4.625625447704776860e+01 3.451706077440691445e+01 1.321741247271439335e+01 1.802844057755729300e+05
1.383237671053064766e+01 4.610791374172709567e+01 3.441740521238905615e+01 1.337774388534557879e+01 1.800840611683319439e+05
1.391091684159175834e+01 4.607025518050199508e+01 3.430325462401004444e+01 1.354379838884294074e+01 1.804587743637756503e+05
1.398945696911903269e+01 4.601445963054386112e+01 3.445904586913530210e+01 1.363888865581006726e+01 1.797381706226730894e+05
1.406799709317166069e+01 4.589873005944087936e+01 3.418756349429703789e+01 1.381393134782925891e+01 1.808665050565978163e+05
1.414653721380751428e+01 4.604985800108804739e+01 3.423601989462020612e+01 1.397285360751247651e+01 1.807296593990466499e+05
1.422507733108318817e+01 4.610158890493770656e+01 3.427037925324384560e+01 1.410049852657767566e+01 1.801308470539330156e+05
1.430361744505403543e+01 4.591213425962099848e+01 3.423206838190066037e+01 1.422994966428325547e+01 1.802985364772347675e+05
1.438215755577419586e+01 4.572614563886697425e+01 3.403185112785870814e+01 1.437294308216359973e+01 1.807392218765448779e+05
1.446069766329663686e+01 4.570548133233306487e+01 3.406933324405116537e+01 1.450641576157156187e+01 1.801597196537486452e+05
1.453923776767318010e+01 4.587610628575042426e+01 3.401627303957009474e+01 1.475923583116918536e+01 1.806218401832508098e+05
1.461777786895453346e+01 4.573803289881874434e+01 3.405569682837312939e+01 1.484129283016199352e+01 1.805675981149299478e+05
1.469631796719032302e+01 4.587691069788907328e+01 3.422838229253502362e+01 1.508422461902292433e+01 1.799833185618728749e+05
1.477485806242911437e+01 4.576094556885944797e+01 3.398258587518064644e+01 1.516845634869956427e+01 1.804497260949120682e+05
1.485339815471844993e+01 4.572610800108648732e+01 3.410774113344155012e+01 1.532493862625515035e+01 1.800125132681569376e+05
1.493193824410487203e+01 4.560373339604324627e+01 3.394188795857270691e+01 1.551845851221836625e+01 1.807810651585302257e+05
1.501047833063394421e+01 4.561089143929388712e+01 3.395762197112335912e+01 1.567586500995618159e+01 1.807241679701131943e+05
1.508901841435028857e+01 4.579975902955447253e+01 3.411435291133082615e+01 1.586245612656174409e+01 1.805412985492627486e+05
1.516755849529759992e+01 4.588649453616626772e+01 3.400186988272425737e+01 1.612290385242209823e+01 1.813413356319602462e+05
1.524609857351867070e+01 4.562890642136120789e+01 3.388822793340879969e+01 1.621024040548802247e+01 1.806387418105257093e+05
1.532463864905541762e+01 4.557006088873313843e+01 3.394488734811775998e+01 1.631612678187767784e+01 1.801416274443674192e+05
1.540317872194890292e+01 4.554446303865617551e+01 3.379813017892333704e+01 1.650773551105221770e+01 1.809463792307116964e+05
1.548171879223935399e+01 4.545748680221694826e+01 3.381443338051648340e+01 1.657244225830710960e+01 1.804546045102254138e+05
1.556025885996618996e+01 4.565447028847589905e+01 3.394406394119149439e+01 1.684519982080946221e+01 1.817106234015773807e+05
1.563879892516803238e+01 4.567502189642262067e+01 3.401832741298626672e+01 1.699537339547219617e+01 1.809751760473463510e+05
1.571733898788273187e+01 4.549163637332908650e+01 3.391771345723067554e+01 1.711364494212448406e+01 1.802584661063616222e+05
1.579587904814739119e+01 4.561611524097939707e+01 3.391011722379786875e+01 1.737447568709383816e+01 1.815335052596766327e+05
1.587441910599837769e+01 4.555676629460517546e+01 3.390404503010876880e+01 1.751320115510813480e+01 1.805252302285539627e+05
1.595295916147133575e+01 4.548300891316115724e+01 3.389746006253431432e+01 1.770654487982526604e+01 1.812207709910902777e+05
1.603149921460121874e+01 4.555092506133898667e+01 3.391450204680536729e+01 1.784735050322490935e+01 1.812693248937964963e+05
1.611003926542229436e+01 4.562964760806463005e+01 3.387032122160801606e+01 1.809890862042275828e+01 1.819913001860936929e+05
1.618857931396816596e+01 4.549852062590297663e+01 3.387835721745485529e+01 1.827176513616096187e+01 1.816509521824071999e+05
1.626711936027179561e+01 4.557989080340971810e+01 3.404227385118119287e+01 1.834529569103803226e+01 1.814245202135715517e+05
1.634565940436549525e+01 4.561988116662718085e+01 3.392004077021764630e+01 1.862733679842835244e+01 1.815456412447846669e+05
1.642419944628097639e+01 4.564465986057302160e+01 3.402320177034300031e+01 1.883371140564607771e+01 1.810604913385228429e+05
1.650273948604932883e+01 4.559165470110305307e+01 3.397365345922165858e+01 1.899704179690148820e+01 1.811567788936244906e+05
1.658127952370107394e+01 4.561130117718055033e+01 3.395162054009426811e+01 1.925565444076827148e+01 1.820839286634036689e+05
1.665981955926614333e+01 4.572816312848423337e+01 3.398159535579371493e+01 1.943060944396116341e+01 1.823122008761161414e+05
1.673835959277390728e+01 4.568490032322474548e+01 3.401112617052970677e+01 1.955389955288126913e+01 1.820908666435796476e+05
1.681689962425318896e+01 4.565925750933936911e+01 3.391527772724420231e+01 1.980389614808430920e+01 1.822559321700840374e+05
1.689543965373228218e+01 4.573541556296963506e+01 3.402380368503442298e+01 1.995072557152320414e+01 1.830448118709434348e+05
1.697397968123895495e+01 4.568484708564351138e+01 3.405983466869986387e+01 2.009826199157830118e+01 1.825004188335108920e+05
1.705251970680045304e+01 4.560089683780624625e+01 3.398026845685715358e+01 2.031308642761283778e+01 1.822311632091072388e+05
1.713105973044353902e+01 4.558651205895308323e+01 3.414175689871512276e+01 2.049827740459098990e+01 1.824692607539699238e+05
1.720959975219447102e+01 4.582942456917185581e+01 3.410811257851858613e+01 2.065565163916235392e+01 1.824938732193728210e+05
1.728813977207903463e+01 4.579836300058087062e+01 3.422306151813830155e+01 2.094989236310058445e+01 1.832527350272326730e+05
1.736667979012256424e+01 4.581112978624622656e+01 3.428421652393777208e+01 2.109857421090235974e+01 1.832749723118669062e+05
1.744521980634991110e+01 4.590710398525562397e+01 3.425686507005063675e+01 2.132319367127000120e+01 1.836294336351677484e+05
1.752375982078550365e+01 4.578049763169345709e+01 3.426449737242400317e+01 2.148796537955218611e+01 1.834015092955819855e+05
1.760229983345331917e+01 4.588977704346765307e+01 3.426973597968713392e+01 2.169099039356573755e+01 1.836519074381783139e+05
1.768083984437692635e+01 4.609742724756199550e+01 3.445120019630045505e+01 2.198825338274465935e+01 1.842288179004114063e+05
1.775937985357945692e+01 4.603094233147654535e+01 3.441374445281925176e+01 2.212665089232832827e+01 1.844765353855596622e+05
1.783791986108364824e+01 4.629645983293665523e+01 3.463366192797510479e+01 2.241891681996743557e+01 1.847782593513802858e+05
1.791645986691183268e+01 4.612768876815232488e+01 3.459910303282228483e+01 2.262258453409173953e+01 1.846531601209451910e+05
1.799499987108595889e+01 4.602325409969545689e+01 3.462921501092412768e+01 2.284612874471760335e+01 1.849723037973022729e+05
1.807353987362759185e+01 4.623673778910364263e+01 3.475065977872775136e+01 2.302835161497284489e+01 1.854516919848961697e+05
1.815207987455791638e+01 4.630652855992479999e+01 3.473867569849377190e+01 2.324380293338581183e+01 1.860470116019530687e+05
1.823061987389775851e+01 4.646375801768603253e+01 3.488008167689701366e+01 2.358332426633633006e+01 1.859619895717008912e+05
1.830915987166758541e+01 4.643354728769686801e+01 3.491376415142118361e+01 2.377272446088648294e+01 1.864402057542784314e+05
1.838769986788751964e+01 4.663799956284644566e+01 3.499088500618056941e+01 2.398711190335419019e+01 1.867733009003848128e+05
1.846623986257733563e+01 4.640884678804280128e+01 3.491913134028946075e+01 2.417395593832571166e+01 1.868647511867074354e+05
1.854477985575647381e+01 4.670568951972120431e+01 3.518930938182777624e+01 2.442675412847575700e+01 1.869637765344861546e+05
1.862331984744404423e+01 4.684336348429163621e+01 3.518110150559574834e+01 2.464485091115527382e+01 1.876966139812089095e+05
1.870185983765884075e+01 4.687161395405056652e+01 3.539351112782394182e+01 2.495137331633886646e+01 1.882743402534773631e+05
1.878039982641934458e+01 4.684591690097791172e+01 3.539574068645713822e+01 2.516274989183925470e+01 1.891180527879066649e+05
1.885893981374372075e+01 4.711236463532203089e+01 3.547585962531706372e+01 2.547172883942702981e+01 1.896220984109799319e+05
1.893747979964983941e+01 4.718820805179301914e+01 3.557373527918021239e+01 2.565498367715983008e+01 1.896761560454195132e+05
1.901601978415527228e+01 4.725789625593374410e+01 3.575407125821336507e+01 2.586643882249243731e+01 1.902743188426084816e+05
1.909455976727730331e+01 4.752134962710513122e+01 3.594988180172722991e+01 2.611737428974544883e+01 1.903275022042821511e+05
1.917309974903293579e+01 4.746403404148565386e+01 3.585545035524579305e+01 2.641926399788219015e+01 1.913265627473028435e+05
1.925163972943889235e+01 4.741159168303649096e+01 3.600598238343327750e+01 2.662213672439040479e+01 1.908173400347491843e+05
1.933017970851161849e+01 4.775709348037962343e+01 3.619069194809330270e+01 2.692977466261720920e+01 1.926659360253582709e+05
1.940871968626730748e+01 4.792316098758923459e+01 3.640110008827141996e+01 2.720826260964257060e+01 1.934937547979184019e+05
1.948725966272188259e+01 4.804269077067486649e+01 3.642012703244077443e+01 2.741683902701009146e+01 1.936932986727785319e+05
1.956579963789100773e+01 4.811080788883897696e+01 3.654191036676351700e+01 2.760777528893006050e+01 1.937774553794309031e+05
1.964433961179010524e+01 4.810891704350262899e+01 3.658679627094886655e+01 2.787985000504722422e+01 1.947208564460690541e+05
1.972287958443434519e+01 4.842109902588929060e+01 3.677513796229683862e+01 2.824422434993807229e+01 1.956804218154229748e+05
1.980141955583865965e+01 4.868246948470036983e+01 3.714244885041156152e+01 2.843563095354870995e+01 1.956467478029087652e+05
1.987995952601774619e+01 4.871948914878754522e+01 3.717002195021892419e+01 2.868663677036135340e+01 1.964430754205120320e+05
1.995849949498606790e+01 4.898090417173052913e+01 3.726283362489612472e+01 2.890485472487252849e+01 1.974997856882881024e+05
2.003703946275786052e+01 4.892666505738091587e+01 3.729982850589231447e+01 2.912967403111090547e+01 1.975591416620913078e+05
2.011557942934713950e+01 4.911658907288138209e+01 3.754515666238645366e+01 2.948244135564022983e+01 1.984312494565448433e+05
2.019411939476770712e+01 4.930950432581676068e+01 3.764714675728722426e+01 2.981568716296003529e+01 1.991711707749895577e+05
2.027265935903314542e+01 4.924526703344676548e+01 3.774766876155254636e+01 2.998663918408595208e+01 1.987283782477430650e+05
2.035119932215682326e+01 4.924956427784508151e+01 3.783687670476813025e+01 3.028270285315699795e+01 1.986126345803596778e+05
2.042973928415191054e+01 4.909205809589550995e+01 3.772234830251201032e+01 3.038065944960201747e+01 1.978566432438145857e+05
2.050827924503137467e+01 4.920174241917744951e+01 3.796087271352340764e+01 3.079753478766052055e+01 1.985099251523411949e+05
2.058681920480798766e+01 4.930669080055601228e+01 3.793348238570990105e+01 3.095757539598125518e+01 1.986227619170779071e+05
2.066535916349431901e+01 4.924025068790313497e+01 3.809041052580970899e+01 3.123423108192219999e+01 1.984644961831067922e+05
2.074389912110275347e+01 4.917562422788447662e+01 3.791030170709930047e+01 3.136093204424716419e+01 1.990923888702912081e+05
2.082243907764548752e+01 4.905569284003114205e+01 3.813540042944097053e+01 3.156230720080467833e+01 1.986072918883152015e+05
2.090097903313453642e+01 4.918048686725539653e+01 3.808823307284135495e+01 3.190960631345855347e+01 1.988438837014419842e+05
2.097951898758173783e+01 4.920893592532120664e+01 3.816433391643119677e+01 3.215873050358456453e+01 1.984900194184372667e+05
2.105805894099874109e+01 4.909152265694586958e+01 3.816521614117672812e+01 3.229232535679725657e+01 1.984018408754921984e+05
2.113659889339703568e+01 4.916947926168541017e+01 3.832687392032169527e+01 3.269378783676156530e+01 1.984259598653410794e+05
2.121513884478793344e+01 4.914138115189860656e+01 3.839696414671447400e+01 3.295528892056182713e+01 1.988986826027295610e+05
2.129367879518258277e+01 4.914849239425628724e+01 3.843412406398374515e+01 3.321577436911680792e+01 1.986535156645484676e+05
2.137221874459196869e+01 4.920130514216987194e+01 3.859774279949444775e+01 3.355308850324766468e+01 1.985905844363291981e+05
2.145075869302691274e+01 4.901070914345633867e+01 3.836933867002777987e+01 3.373371993638036770e+01 1.985946411903585540e+05
2.152929864049807307e+01 4.906075530302774013e+01 3.855867859694843958e+01 3.393704179207629323e+01 1.989361399909126048e+05
2.160783858701596571e+01 4.923505860450614335e+01 3.864129960580202550e+01 3.432412145666505410e+01 1.992671285101030080e+05
2.168637853259094683e+01 4.907840446251515232e+01 3.876750882966305056e+01 3.445582822101934539e+01 1.985408821356905682e+05
2.176491847723321982e+01 4.911378068510315131e+01 3.883724039342292400e+01 3.483230270944959983e+01 1.994170376529210189e+05
2.184345842095285306e+01 4.907873497894972559e+01 3.888429817625586082e+01 3.508078833077249215e+01 1.993280814985739125e+05
2.192199836375975508e+01 4.920543605120002439e+01 3.904547816341177224e+01 3.536383284554539586e+01 1.993850410931312945e+05
2.200053830566371005e+01 4.924681509013358749e+01 3.921035433711472251e+01 3.561267943306328476e+01 1.991551147649966297e+05
2.207907824667434582e+01 4.921478613282146597e+01 3.911923534593156404e+01 3.587600280576081957e+01 1.991274384737175715e+05
2.215761818680116590e+01 4.897010005097178009e+01 3.912752465271478997e+01 3.600250155303526611e+01 1.990435211029957864e+05
2.223615812605353526e+01 4.913739898195940725e+01 3.920731387563817805e+01 3.628123977565329739e+01 1.992768723377386923e+05
2.231469806444068738e+01 4.933300949889669340e+01 3.947060550242579069e+01 3.670878073482095516e+01 1.998014156240199227e+05
2.239323800197172432e+01 4.922455559696116012e+01 3.942191280776581408e+01 3.690747258704970335e+01 2.000684292185295199e+05
2.247177793865562023e+01 4.925275838521855576e+01 3.954788776508508619e+01 3.726994875314502309e+01 2.000449634052184119e+05
2.255031787450123204e+01 4.929192855280997065e+01 3.961144748442659136e+01 3.755823285685337254e+01 1.995967615191422519e+05
2.262885780951728165e+01 4.933470290040563810e+01 3.975906985570350116e+01 3.796629172352542980e+01 2.004933109411298356e+05
2.270739774371238440e+01 4.933584889196203704e+01 3.981634554582399232e+01 3.807668578426267914e+01 1.999281605257390183e+05
2.278593767709502771e+01 4.935646678334320825e+01 3.987440608732292446e+01 3.846667177071613253e+01 2.006521456277780235e+05
2.286447760967358178e+01 4.935668074921660775e+01 4.002460643492399583e+01 3.863673116901895810e+01 2.005931501909556682e+05
2.294301754145629957e+01 4.944567840034391537e+01 3.999509261066182120e+01 3.892448765277320177e+01 2.011072001392602106e+05
2.302155747245133455e+01 4.946145901082763885e+01 4.024780212641424271e+01 3.931200235071925420e+01 2.012774955360815802e+05
2.310009740266672296e+01 4.934227501086319023e+01 4.022069392011577094e+01 3.952857249776614168e+01 2.011702078770581866e+05
2.317863733211038380e+01 4.950848902286517728e+01 4.032549884503740856e+01 3.978659610068729791e+01 2.016339753844555235e+05
2.325717726079013303e+01 4.937985799167337575e+01 4.053633417503639436e+01 4.014891427989503825e+01 2.009677806918848364e+05
2.333571718871368716e+01 4.961609690013205665e+01 4.063586935533140121e+01 4.052397822600533317e+01 2.018530225904997205e+05
2.341425711588865965e+01 4.941879893463494966e+01 4.075049215027867433e+01 4.081949244448033198e+01 2.017668299960478907e+05
2.349279704232255384e+01 4.956908799631575135e+01 4.095422286555818658e+01 4.119860796370200973e+01 2.022059187602897873e+05
2.357133696802278067e+01 4.973760989470133609e+01 4.105002415761551759e+01 4.147352294778624326e+01 2.025388132433199789e+05
2.364987689299664453e+01 4.954238666562311266e+01 4.103731670274604681e+01 4.171114396326270679e+01 2.022802603319757909e+05
2.372841681725136453e+01 4.984240762390086132e+01 4.117514368467178087e+01 4.195685011902487105e+01 2.027595328249797749e+05
2.380695674079405322e+01 4.983092230342510476e+01 4.122309663246542755e+01 4.232819092746682799e+01 2.020462572075258067e+05
2.388549666363174140e+01 5.003746974204316444e+01 4.144492638163786324e+01 4.279006205701092824e+01 2.031234918191061297e+05
2.396403658577134976e+01 4.983758832750852719e+01 4.164224507339970671e+01 4.291733830796780325e+01 2.031616471777886327e+05
2.404257650721972439e+01 5.001023198771003564e+01 4.175944280717228452e+01 4.324014330604205725e+01 2.033141655157202040e+05
2.412111642798362254e+01 4.998954401250625779e+01 4.190400542738129985e+01 4.363399624939791011e+01 2.037006524907530984e+05
2.419965634806970556e+01 4.993288450453469096e+01 4.200975580346083404e+01 4.389425791745559025e+01 2.033341045352526708e+05
2.427819626748454596e+01 5.027111822751855641e+01 4.220146466464672841e+01 4.413191006458072962e+01 2.039061737008813652e+05
2.435673618623464520e+01 5.010911324876580153e+01 4.224730540647878030e+01 4.461952840691634492e+01 2.044425152351773577e+05
2.443527610432640529e+01 5.032887035607634374e+01 4.243997368429346295e+01 4.472672723924554106e+01 2.046401165040672931e+05
2.451381602176616425e+01 5.050878394157007278e+01 4.254704615155894487e+01 4.534458728161867924e+01 2.055492534474871936e+05
2.459235593856016067e+01 5.037813444698831944e+01 4.257835871986568321e+01 4.559606564265544648e+01 2.057138047862362873e+05
2.467089585471456203e+01 5.040583924560704077e+01 4.267155168109934493e+01 4.581627707549296957e+01 2.060612678581974469e+05
2.474943577023546126e+01 5.058215958535542001e+01 4.289567826340810086e+01 4.615481384684070321e+01 2.059581769972890033e+05
2.482797568512887310e+01 5.072875961540103873e+01 4.303642189454114941e+01 4.650317760355449792e+01 2.069700195697282034e+05
2.490651559940072346e+01 5.084899482960297945e+01 4.320540938023644628e+01 4.702997998456564943e+01 2.080068637494568538e+05
2.498505551305688144e+01 5.081581549071550796e+01 4.340133893220758665e+01 4.731554287999343700e+01 2.068438685166536889e+05
2.506359542610313440e+01 5.070667329464945539e+01 4.348510201996885627e+01 4.763966893051905060e+01 2.070859437142172828e+05
2.514213533854519511e+01 5.105655827000916958e+01 4.373110391336805947e+01 4.813552962441197280e+01 2.089120992006110610e+05
2.522067525038871239e+01 5.112069962539323598e+01 4.394512124520409913e+01 4.848290001387992021e+01 2.081369983050338924e+05
2.529921516163925688e+01 5.104175315323052331e+01 4.396032341255360620e+01 4.880085054832458979e+01 2.084083263460144808e+05
2.537775507230233529e+01 5.122194136019179211e+01 4.418436141837018027e+01 4.910889736891357416e+01 2.087881058355997666e+05
2.545629498238338684e+01 5.148107071512923483e+01 4.438298783634569133e+01 4.940722129084250014e+01 2.101391063895642874e+05
2.553483489188777966e+01 5.147355641173651009e+01 4.466099029398871068e+01 4.999242687464830226e+01 2.105175233862153837e+05
2.561337480082082152e+01 5.154623648074748843e+01 4.484374554911070732e+01 5.018325266419788733e+01 2.103755305498037778e+05
2.569191470918774911e+01 5.145678844832204391e+01 4.492770744117405002e+01 5.045324413677237629e+01 2.105057047247315641e+05
2.577045461699373874e+01 5.181778872713947237e+01 4.525824302159389845e+01 5.109397165153567499e+01 2.108022783427491086e+05
2.584899452424390631e+01 5.151469279785758459e+01 4.528778986005212914e+01 5.128733658315974964e+01 2.116290459139092418e+05
2.592753443094329668e+01 5.175632263701610469e+01 4.536951168460066697e+01 5.173251219809070989e+01 2.117019722358439176e+05
2.600607433709690852e+01 5.208892146999271944e+01 4.561241690666766146e+01 5.212970310596804069e+01 2.134805846785827307e+05
2.608461424270966944e+01 5.223267296000763338e+01 4.595320967619547048e+01 5.236040682206891717e+01 2.137130902008995472e+05
2.616315414778644310e+01 5.235520691488132883e+01 4.621314337239571302e+01 5.277295039762351792e+01 2.137485819614495267e+05
2.624169405233205055e+01 5.230096647470163163e+01 4.620920435035379370e+01 5.319715332622617865e+01 2.155854469014163187e+05
2.632023395635124174e+01 5.258728338611319941e+01 4.638214794553179843e+01 5.363243988791030858e+01 2.159618812802878965e+05
2.639877385984871694e+01 5.238500874849844280e+01 4.657016218333242819e+01 5.378140983331494596e+01 2.156980786972083151e+05
2.647731376282911953e+01 5.288501844380860462e+01 4.681536043457096241e+01 5.454664889880413625e+01 2.156857466411455825e+05
2.655585366529703606e+01 5.273232802408828235e+01 4.681799405786932766e+01 5.470213338273769921e+01 2.157916615249547176e+05
2.663439356725699980e+01 5.312619858056146427e+01 4.723991087021280322e+01 5.506827937934136941e+01 2.177095055611657735e+05
2.671293346871349428e+01 5.311958225398093703e+01 4.743239927200146155e+01 5.567253066526581051e+01 2.182386039048186503e+05
2.679147336967094617e+01 5.304925520933852567e+01 4.768179244026954677e+01 5.608494231149846598e+01 2.181965765007935406e+05
2.687001327013372531e+01 5.355323209998805822e+01 4.773532641861341830e+01 5.682859443909960362e+01 2.199640601407239446e+05
2.694855317010616602e+01 5.332430368835234447e+01 4.805627357939935251e+01 5.660633247686671154e+01 2.195602168641332537e+05
2.702709306959254221e+01 5.388421029697192921e+01 4.828413528807009669e+01 5.718736666335716023e+01 2.208520357768284739e+05
2.710563296859707094e+01 5.377849741223550240e+01 4.833758927828477425e+01 5.771343393180394088e+01 2.207012452227219183e+05
2.718417286712393377e+01 5.400051681594248976e+01 4.867004691120244075e+01 5.836145340489782996e+01 2.215088443111747911e+05
2.726271276517725894e+01 5.413358484185766883e+01 4.863124076604470503e+01 5.834893872386307123e+01 2.217925553385505336e+05
2.734125266276112498e+01 5.384244581364178828e+01 4.889538051157670395e+01 5.861640795846298602e+01 2.221404098364848760e+05
2.741979255987956776e+01 5.411935738058994616e+01 4.915751987219371699e+01 5.937692682167630664e+01 2.229293397811385221e+05
2.749833245653658054e+01 5.437427652047948357e+01 4.930688023014840127e+01 5.966492230813420150e+01 2.234525341287843767e+05
2.757687235273609616e+01 5.445796581723676866e+01 4.961469457320686871e+01 6.004907095846154874e+01 2.239569566872035502e+05
2.765541224848202262e+01 5.457600994272150530e+01 4.988139435829576485e+01 6.023099511474166690e+01 2.245568774594574352e+05
2.773395214377820395e+01 5.475236793343515984e+01 5.025863248774769687e+01 6.121261744268120708e+01 2.256860710368897708e+05
2.781249203862845576e+01 5.462195302889362125e+01 4.992459968779994739e+01 6.129453276107031456e+01 2.251031570348071691e+05
2.789103193303654038e+01 5.461145369332957245e+01 5.035109691848280988e+01 6.167351691163244709e+01 2.254405568604971049e+05
2.796957182700618816e+01 5.482714561625958538e+01 5.065084008635158597e+01 6.217027192715722350e+01 2.253060554780406237e+05
2.804811172054107615e+01 5.461892263303654005e+01 5.060035610228313629e+01 6.201834442016402704e+01 2.244312579406548757e+05
2.812665161364485655e+01 5.447948281275432691e+01 5.090524829890912883e+01 6.262537970913481900e+01 2.248588876208021538e+05
2.820519150632112115e+01 5.459269026893677790e+01 5.126908017628914394e+01 6.287998863326707522e+01 2.243552216187211161e+05
2.828373139857343332e+01 5.461963651592957092e+01 5.133716661793557989e+01 6.360432900938897660e+01 2.262415588958020089e+05
2.836227129040531736e+01 5.448123709389359703e+01 5.140386490534221764e+01 6.368122702005010893e+01 2.259802267282591201e+05
2.844081118182025847e+01 5.455671403864892000e+01 5.124779136843559968e+01 6.419637729986031616e+01 2.269319626603379438e+05
2.851935107282169923e+01 5.431699550835713808e+01 5.131354702399310241e+01 6.408562475247879320e+01 2.244716509776847961e+05
2.859789096341304315e+01 5.441221292701138168e+01 5.135659973079647500e+01 6.460643912137291522e+01 2.243686699901118409e+05
2.867643085359765820e+01 5.428443694677383036e+01 5.161826456238703287e+01 6.492780050967334660e+01 2.253724410384813964e+05
2.875497074337888392e+01 5.415027479221219409e+01 5.196026385077900756e+01 6.556729748579225259e+01 2.249544014458847814e+05
2.883351063276001369e+01 5.427044847951160023e+01 5.162369788701253270e+01 6.588992771244438984e+01 2.256335750519140856e+05
2.891205052174430890e+01 5.436052407770498007e+01 5.187630405750882545e+01 6.682016059570172217e+01 2.271366383196665265e+05
2.899059041033499184e+01 5.430503800201192632e+01 5.215066050443476087e+01 6.689310909319780762e+01 2.268002838837441814e+05
2.906913029853525643e+01 5.471960085715414124e+01 5.281634378554472420e+01 6.796972870734356320e+01 2.273036405711022380e+05
2.914767018634825746e+01 5.473483777173822062e+01 5.285659792585955330e+01 6.783533553939273020e+01 2.263648690754923737e+05
2.922621007377712132e+01 5.482983007698836531e+01 5.289187923847194384e+01 6.847749057502601033e+01 2.266528896664966305e+05
2.930474996082492822e+01 5.496069404234694389e+01 5.296282608506812295e+01 6.844683513375818507e+01 2.288769455862978066e+05
2.938328984749474060e+01 5.469001652282996417e+01 5.307047050837260826e+01 6.886207824409045486e+01 2.280977130393182451e+05
2.946182973378957826e+01 5.448565127251727347e+01 5.333305397403304227e+01 6.905938636093900129e+01 2.278832755885062215e+05
2.954036961971243258e+01 5.489331131274499853e+01 5.377685385185126421e+01 7.002944433603845198e+01 2.275463860111724644e+05
2.961890950526625943e+01 5.500847130425105291e+01 5.347091398000619478e+01 6.993125654971757399e+01 2.295906231538523571e+05
2.969744939045398979e+01 5.512954947332763567e+01 5.394245743919469049e+01 7.053628467290903359e+01 2.282837005462248635e+05
2.977598927527852268e+01 5.486165076863301238e+01 5.417756616019496363e+01 7.109964089083480587e+01 2.289625350946911203e+05
2.985452915974272159e+01 5.519715811167462505e+01 5.456206722611155158e+01 7.159008574749310583e+01 2.305393491082436522e+05
2.993306904384942868e+01 5.529218232039401215e+01 5.497856432595486353e+01 7.191056955561894881e+01 2.293431779233991110e+05
3.001160892760143994e+01 5.542141237389573405e+01 5.482365925412088359e+01 7.237533391835532370e+01 2.300891587150999403e+05
3.009014881100154071e+01 5.605540047069628429e+01 5.507259156138535161e+01 7.265390935529472927e+01 2.324029994602330262e+05
3.016868869405248077e+01 5.592345894984224941e+01 5.495411975866812071e+01 7.348334438438965321e+01 2.326972006008901226e+05
3.024722857675697441e+01 5.580868043079894392e+01 5.515980429893301817e+01 7.355712164808673492e+01 2.346049469832657487e+05
3.032576845911771457e+01 5.601565432782044951e+01 5.578714293946386249e+01 7.416312588744439438e+01 2.353310265376366733e+05
3.040430834113736580e+01 5.603952895066714035e+01 5.573699975922657046e+01 7.460981133192366599e+01 2.334650919860123249e+05
3.048284822281856421e+01 5.622538173501756376e+01 5.680501233285768592e+01 7.529078100551646457e+01 2.340968109893627989e+05
3.056138810416392460e+01 5.697747770833292691e+01 5.605616863113070991e+01 7.531365920529553648e+01 2.368941812804650108e+05
3.063992798517602267e+01 5.618447799854506286e+01 5.659736430685079256e+01 7.542951452614924790e+01 2.344822642190103652e+05
3.071846786585741640e+01 5.620498383273658050e+01 5.716478240007671729e+01 7.609387220925242445e+01 2.362455107502242608e+05
3.079700774621063886e+01 5.701020500923174694e+01 5.698792885702668798e+01 7.607058589037268348e+01 2.376030328020130983e+05
3.087554762623818760e+01 5.694274386399061427e+01 5.776318640830299245e+01 7.722236350372037350e+01 2.372205204232863907e+05
3.095408750594254599e+01 5.702059499607870663e+01 5.806844850477391162e+01 7.836621307152080362e+01 2.398657764264828002e+05
3.103262738532617249e+01 5.767609060889503070e+01 5.833547545333863837e+01 7.861922257460675212e+01 2.391490424486347765e+05
3.111116726439149005e+01 5.782822778322992008e+01 5.843874843862355561e+01 7.927295610696663175e+01 2.394264642238574743e+05
3.118970714314090387e+01 5.803235884118450372e+01 5.866666756634089097e+01 7.871761029039748792e+01 2.431415960546156857e+05
3.126824702157679781e+01 5.803449021722800438e+01 5.914888192985470994e+01 7.911696930827483243e+01 2.417052009647068917e+05
3.134678689970152377e+01 5.806963043003177916e+01 5.949575700434012759e+01 8.028816551606483642e+01 2.442654487359902123e+05
3.142532677751741588e+01 5.887525829667961830e+01 6.018112174429130334e+01 8.153921365472321270e+01 2.468242904608362005e+05
3.150386665502678696e+01 5.865753530605432076e+01 5.992848539148328513e+01 8.233902585366163862e+01 2.479255313697038800e+05
3.158240653223192140e+01 5.923599801570355083e+01 5.987761939227460317e+01 8.186305266467323349e+01 2.477091497819331707e+05
3.166094640913508229e+01 5.915307990188313170e+01 6.043488036223799753e+01 8.188164706528637282e+01 2.501310068796726118e+05
3.173948628573851494e+01 5.976082139873398802e+01 6.156460066803189335e+01 8.371389931643146554e+01 2.499169656013279455e+05
3.181802616204443623e+01 5.895362785705160746e+01 6.165074301530034262e+01 8.299253799899857142e+01 2.489186451259377645e+05
3.189656603805504531e+01 5.927252780421326150e+01 6.214303903514474570e+01 8.496101512841914882e+01 2.497670631436267577e+05
3.197510591377251998e+01 6.052495159952690784e+01 6.265094157782711903e+01 8.559351181772392181e+01 2.526199739068010240e+05
3.205364578919900964e+01 6.014705207299657985e+01 6.193828083277391983e+01 8.410663495140121881e+01 2.534517836796274350e+05
3.213218566433665302e+01 6.080912740573063502e+01 6.306677261040941573e+01 8.675559538291025774e+01 2.552844736186190858e+05
3.221072553918755688e+01 6.018217332143553477e+01 6.362765672720858134e+01 8.809556059063874045e+01 2.545067594920590927e+05
3.228926541375382442e+01 6.066799785047748372e+01 6.343127328235454598e+01 8.817988214731381902e+01 2.549575023680409067e+05
3.236780528803751622e+01 6.089418758733748405e+01 6.452866424661091571e+01 8.736793493759508067e+01 2.550118007775819569e+05
3.244634516204068575e+01 6.145395050251401869e+01 6.464892321423043597e+01 8.856473756691680421e+01 2.587980504599164415e+05
3.252488503576537227e+01 6.150714739226365424e+01 6.513560705631628878e+01 8.974621202465789338e+01 2.599036201425154286e+05
3.260342490921358660e+01 6.170147293123456933e+01 6.480063668163862189e+01 9.036034735393607775e+01 2.614518878256120079e+05
3.268196478238731828e+01 6.218824156057112873e+01 6.346403035732841147e+01 8.956883651530334589e+01 2.624748155437419773e+05
3.276050465528854261e+01 6.291935652999791984e+01 6.538743243214331358e+01 9.098370762843710224e+01 2.698438150367838680e+05
3.283904452791921358e+01 6.352211423479572971e+01 6.605117313899279452e+01 9.216404525679577375e+01 2.597341949698613898e+05
3.291758440028127097e+01 6.400280275267842001e+01 6.659594845216579984e+01 9.149290316194431227e+01 2.662833457286419580e+05
3.299612427237663326e+01 6.340277467847239734e+01 6.771076942885034100e+01 9.395615761002007105e+01 2.660909791697285837e+05
3.307466414420719758e+01 6.259176652866477752e+01 6.648278826698813759e+01 9.170913736713670517e+01 2.639978380755950348e+05
3.315320401577483977e+01 6.454067646464031327e+01 6.854119328184928861e+01 9.487683200744876899e+01 2.731718273177429219e+05
3.323174388708143567e+01 6.393792378371573193e+01 6.690759343126845238e+01 9.352053039907262644e+01 2.666683480302641983e+05
3.331028375812883269e+01 6.440348210928466699e+01 6.737899355541037494e+01 9.336271117722502311e+01 2.712577982019751216e+05
3.338882362891884981e+01 6.470107047499993769e+01 6.929123975259554413e+01 9.824239715855502197e+01 2.723817881950494484e+05
3.346736349945329891e+01 6.564787162873035697e+01 6.975291579064179359e+01 9.564280328698920641e+01 2.684641595862303511e+05
3.354590336973399189e+01 6.475063958133443975e+01 7.165852997021721649e+01 9.757687354143449454e+01 2.812612187585149659e+05
3.362444323976268379e+01 6.774460920647263151e+01 7.095717484101601258e+01 9.895207507799128166e+01 2.822030717927071382e+05
3.370298310954115806e+01 6.403811704225201140e+01 6.959924167974847364e+01 9.617916459542983887e+01 2.753893497574588982e+05
3.378152297907114132e+01 6.629542225251712750e+01 7.348346297214473566e+01 9.786823657943479304e+01 2.717726194853341440e+05
3.386006284835436730e+01 6.625379856397134404e+01 7.226852933366579634e+01 1.047759206880830050e+02 2.756196213555373834e+05
3.393860271739255552e+01 6.578680653839921888e+01 7.086384901980980544e+01 9.778955791956310861e+01 2.708516889021603274e+05
3.401714258618739706e+01 6.499315015389332473e+01 6.805004830312303454e+01 1.025339930200229333e+02 2.724283290455920505e+05
3.409568245474058301e+01 6.982629837563233366e+01 7.196851509816964665e+01 1.024462179096410068e+02 2.986256941582572181e+05
3.417422232305376895e+01 6.919057358237263600e+01 7.389774745518070631e+01 1.062166937346087536e+02 3.028190895413580001e+05
3.425276219112861043e+01 7.194650063530390582e+01 8.135453233656953387e+01 1.143446710721464257e+02 3.207210065335025429e+05
3.433130205896674880e+01 7.074863350979981647e+01 7.081330084895049026e+01 1.072546239849304612e+02 3.080050112334791338e+05
3.440984192656979701e+01 7.035462057339904618e+01 8.139095098652965987e+01 1.151051887807128935e+02 3.113088917680981685e+05
3.448838179393936088e+01 8.081323015809998367e+01 7.328954482866387821e+01 1.033658132913151917e+02 3.452921699492919142e+05
3.456692166107702491e+01 7.732652834966076227e+01 7.545324291272279993e+01 1.086252623965342821e+02 3.382282819020164898e+05
3.464546152798438072e+01 9.118484566069166419e+01 7.253692792699497716e+01 1.008617784029550819e+02 3.377672216557781212e+05
3.472400139466299152e+01 5.077397383666537678e+01 7.344603141578743077e+01 8.158428565282203238e+01 3.664372379258692381e+05
