# 0.9948 0.999
7.871241428633635184e-02 5.831681922777806726e+00 5.673316871201371292e+00 2.009823099646174983e-03 1.512128156248917549e+03
1.618072713909662341e-01 1.580078222586106129e+01 1.516609078276481881e+01 1.032233118023158022e-02 6.050869592510176517e+03
2.418771330418761079e-01 2.005138895135864630e+01 1.934762080160080089e+01 1.271687933456285870e-02 8.314621442814926922e+03
3.211923215201240578e-01 2.901647789401473077e+01 2.772654988776052321e+01 3.097896201208955730e-02 1.613277442462987165e+04
4.002017901256537113e-01 3.566959252743186681e+01 3.378470531932074294e+01 4.475955135770131460e-02 2.288974111345566780e+04
4.790568272527075955e-01 3.541236536135436808e+01 3.361898925194989829e+01 5.507989343957617190e-02 2.237775804753910415e+04
5.578229290343351687e-01 4.845041727078343285e+01 4.588744460143950477e+01 7.688472987898083144e-02 3.269811638620460872e+04
6.365331115321660738e-01 5.199562124363088600e+01 4.905735278644881703e+01 1.010137252267255398e-01 3.488144001330088213e+04
7.152058371535838788e-01 5.207560797796197249e+01 4.897959076926868249e+01 1.213512155163049416e-01 4.026042282540430460e+04
7.938522421846891941e-01 5.557092531051456774e+01 5.228426880318288283e+01 1.429830766899065075e-01 4.164659496845443937e+04
8.724794443688169698e-01 5.951657664822619154e+01 5.598349508219374826e+01 1.691705006257438748e-01 4.523324565286964935e+04
9.510922062407737299e-01 6.374089245950004567e+01 5.981438156242464999e+01 1.883316108509767439e-01 4.956334783968421834e+04
1.029693835175838679e+00 6.374599882500153569e+01 5.970250951592957023e+01 2.224578774662260006e-01 5.083429231273782352e+04
1.108286699878543891e+00 6.757480335469554689e+01 6.350955352805458887e+01 2.495337412590590276e-01 5.284274616217520816e+04
1.186872541411916560e+00 6.808513151044246570e+01 6.394185834182297157e+01 2.846740454864314929e-01 5.601154036463458760e+04
1.265452668213572940e+00 7.012670518574810785e+01 6.595291332999043732e+01 3.071657874663029086e-01 5.896895131269814010e+04
1.344028082638708543e+00 7.383213123872326378e+01 6.893457927983408240e+01 3.486027348243992963e-01 6.400896431508638489e+04
1.422599565533279709e+00 7.372647435338657829e+01 6.906751045707913761e+01 3.617737057598234829e-01 6.365786605594815046e+04
1.501167734229200246e+00 7.425298056452589890e+01 6.929807198444979122e+01 4.293291363508656144e-01 6.711023585909877147e+04
1.579733083222462531e+00 7.584071453546425801e+01 7.063387811436851393e+01 4.610305493072402450e-01 7.267743202103304793e+04
1.658296013281593151e+00 7.053421946595007341e+01 6.556150157759539354e+01 4.884349956078381516e-01 7.308222511272889096e+04
1.736856852652245875e+00 7.530764366267754895e+01 6.999450336348587598e+01 5.425224042376833866e-01 7.372262966424727347e+04
1.815415872753641580e+00 6.949363354974984475e+01 6.433965944389005642e+01 5.696666258862149723e-01 7.653727394158966490e+04
1.893973299967037560e+00 7.280258481546688643e+01 6.740301059225750180e+01 6.207919875921225072e-01 7.972250242463694303e+04
1.972529324606241641e+00 6.861942258107430348e+01 6.312118075522329264e+01 6.678013202172136120e-01 8.319996142670490372e+04
2.051084107826015579e+00 6.814377680802184045e+01 6.254699882650221099e+01 7.233260667900082153e-01 8.538742052074884123e+04
2.129637787001040561e+00 6.808581884257679917e+01 6.197054065617717811e+01 7.864800156020407274e-01 8.948426501368402387e+04
2.208190479956450680e+00 6.586173271222403969e+01 5.989145510915158610e+01 8.457783894376957878e-01 9.062172574305658054e+04
2.286742288326184092e+00 6.366028587546064443e+01 5.775363564355900792e+01 8.631802604595766315e-01 9.089033794135792414e+04
2.365293300241981811e+00 6.299288293837287256e+01 5.684626603390886146e+01 9.314975313392304113e-01 9.149701870599116955e+04
2.443843592503681883e+00 6.148539147962639362e+01 5.535107958682459639e+01 9.699198538257306490e-01 9.595262289433016849e+04
2.522393232343909553e+00 5.955754258771717957e+01 5.327837426138559351e+01 1.060625727811673524e+00 9.886656248479741043e+04
2.600942278872942381e+00 5.830586318413483582e+01 5.159093691677500004e+01 1.128978092912157560e+00 1.028654287006437517e+05
2.679490784269383141e+00 5.512873140793977456e+01 4.866537882309363994e+01 1.174912649985287993e+00 1.020631596124680509e+05
2.758038794767343038e+00 5.477835697734767706e+01 4.810005508834908028e+01 1.230329474277134461e+00 1.052506780115826405e+05
2.836586351479573942e+00 5.311040999330008816e+01 4.614754864266695478e+01 1.324966249429645915e+00 1.096668762497698772e+05
2.915133491087511963e+00 5.205706422365993546e+01 4.525232713789990413e+01 1.354294748979675278e+00 1.082980116988693044e+05
2.993680246422668834e+00 5.262150429608411173e+01 4.545616517525419198e+01 1.425268157727402674e+00 1.093792924261441512e+05
3.072226646958827967e+00 5.048853475028266047e+01 4.316822945574894277e+01 1.523930893103299766e+00 1.142779862084320048e+05
3.150772719230606977e+00 4.909491353277301329e+01 4.184439424719924716e+01 1.575945717887417885e+00 1.152020914154706843e+05
3.229318487190934395e+00 4.773165730538918439e+01 4.057537182476868765e+01 1.632093635874669602e+00 1.143252915524346026e+05
3.307863972517584905e+00 4.734642561286177909e+01 4.002936662036555049e+01 1.714947728193885634e+00 1.169938462016465055e+05
3.386409194877053608e+00 4.682960549486715252e+01 3.931284297453839116e+01 1.798997846720741700e+00 1.204817253022741352e+05
3.464954172152534095e+00 4.731015653882762706e+01 3.953171824609015061e+01 1.871472717435655575e+00 1.224365916567002278e+05
3.543498920641575456e+00 4.647407275376163227e+01 3.859756429562965963e+01 1.967536016292106504e+00 1.250244208151225321e+05
3.622043455228019404e+00 4.595570880364530808e+01 3.798155770937496811e+01 2.023622649488133085e+00 1.262608494441162329e+05
3.700587789532037597e+00 4.561808404142122697e+01 3.746830400804964256e+01 2.115557670785271238e+00 1.288320028618482174e+05
3.779131936041457696e+00 4.580858793131725548e+01 3.765882862642830275e+01 2.233713766796959099e+00 1.295033842590237618e+05
3.857675906227046259e+00 4.565754185899135109e+01 3.733937796558181788e+01 2.234061395098926539e+00 1.310943161207252415e+05
3.936219710643986680e+00 4.530068073018119890e+01 3.679424746243296340e+01 2.361462144155503928e+00 1.337456281310302147e+05
4.014763359021444877e+00 4.530665107486384358e+01 3.649898865281483751e+01 2.452625915354788244e+00 1.331811111520791892e+05
4.093306860341824560e+00 4.557515453614227141e+01 3.662899261923647742e+01 2.548727817157241837e+00 1.373269642516963067e+05
4.171850222911064776e+00 4.537539282125844409e+01 3.628008670480558351e+01 2.653719642259919631e+00 1.375390646326885326e+05
4.250393454421145911e+00 4.454909743771374053e+01 3.566944415991720518e+01 2.709492540120255200e+00 1.372863436394371383e+05
4.328936562005788247e+00 4.541488535564059958e+01 3.613770933708205746e+01 2.797576197685336385e+00 1.422829042572050530e+05
4.407479552290201497e+00 4.498161789169045477e+01 3.573494795780023026e+01 2.907589009334819785e+00 1.433532951634198544e+05
4.486022431435594982e+00 4.520630044921376367e+01 3.571395992585291168e+01 2.985293984076231588e+00 1.431911533471008588e+05
4.564565205179107465e+00 4.471746773130057306e+01 3.517568783012267630e+01 3.104229165621276820e+00 1.463774526042089856e+05
4.643107878869670024e+00 4.558077801412939323e+01 3.588294702627167965e+01 3.180061732302460697e+00 1.485150531141656102e+05
4.721650457500300213e+00 4.488018812657156076e+01 3.536327191538233450e+01 3.258797353466346358e+00 1.486068975118304952e+05
4.800192945737217443e+00 4.560399426718157656e+01 3.547278063345584798e+01 3.414213246539143487e+00 1.515508160510901653e+05
4.878735347946150824e+00 4.569973952627569247e+01 3.543546295608582142e+01 3.477343711137423909e+00 1.527017679134933278e+05
4.957277668216146793e+00 4.592525465902334503e+01 3.563009246430373622e+01 3.609677908870721375e+00 1.535582396494513960e+05
5.035819910381144737e+00 4.551019337523472785e+01 3.526981569517777615e+01 3.724210952744667846e+00 1.541945319199724181e+05
5.114362078039562221e+00 4.573287295729125645e+01 3.520817491290803503e+01 3.812485039450371538e+00 1.569029585464308620e+05
5.192904174572115394e+00 4.587564745239096453e+01 3.515167980136796189e+01 3.912760419792674416e+00 1.583569266106031719e+05
5.271446203158030919e+00 4.612737787066711093e+01 3.524070689280696200e+01 4.054650506358183470e+00 1.604953679567993386e+05
5.349988166789838573e+00 4.601297696804272164e+01 3.512303718266639407e+01 4.119139623765404323e+00 1.605829844194854086e+05
5.428530068286878674e+00 4.625137556729406185e+01 3.499894320257618574e+01 4.284394576247065878e+00 1.633745719103997108e+05
5.507071910307648643e+00 4.582012243959225373e+01 3.478459486793877176e+01 4.315864660511453010e+00 1.634308733216905384e+05
5.585613695361120179e+00 4.650456655135828754e+01 3.503480578252552391e+01 4.544198045853668155e+00 1.674611952358671406e+05
5.664155425817094525e+00 4.638540312801609389e+01 3.494984436796050886e+01 4.640829124830886165e+00 1.671893514060157468e+05
5.742697103915729961e+00 4.623026985953080725e+01 3.466140299809072900e+01 4.721161125921319091e+00 1.683888478889766557e+05
5.821238731776284148e+00 4.605448382543255548e+01 3.441613462027446246e+01 4.843780551437769866e+00 1.700839402552546817e+05
5.899780311405160127e+00 4.617336818885507910e+01 3.451174882120957932e+01 4.953547199935728784e+00 1.705946195785134041e+05
5.978321844703323507e+00 4.610033816911311533e+01 3.441538428518109072e+01 5.033717116408227277e+00 1.710524213821183948e+05
6.056863333473133437e+00 4.656370677908962818e+01 3.454917942216115989e+01 5.131536986462911010e+00 1.742418664412397484e+05
6.135404779424661115e+00 4.671399119429340629e+01 3.439995997408767181e+01 5.358445285339317188e+00 1.769180773057726328e+05
6.213946184181517118e+00 4.639340049674707700e+01 3.432587189927937033e+01 5.456805725623613768e+00 1.772478412949650374e+05
6.292487549286247983e+00 4.664525645416533450e+01 3.423738187223047191e+01 5.523989034659408048e+00 1.792696294375888247e+05
6.371028876205335756e+00 4.658964082113273264e+01 3.410121860373841685e+01 5.725317404689438838e+00 1.780257111561805068e+05
6.449570166333828070e+00 4.661064023853979421e+01 3.418346652873358238e+01 5.845273660238173186e+00 1.825094127470859676e+05
6.528111420999634262e+00 4.678532868212842999e+01 3.411424321120164649e+01 5.961362300926790425e+00 1.827131397797309619e+05
6.606652641467518627e+00 4.662336197898498114e+01 3.385589643450715869e+01 6.137612497003285483e+00 1.836890612098400015e+05
6.685193828942805006e+00 4.722603454996435346e+01 3.423623246023498723e+01 6.214033584569870428e+00 1.837398728144912457e+05
6.763734984574836240e+00 4.662073213794865723e+01 3.383146466634646998e+01 6.334315542439201252e+00 1.840505121907701832e+05
6.842276109460177835e+00 4.708680559407622468e+01 3.398526101891577866e+01 6.465084772818067371e+00 1.862898909277418279e+05
6.920817204645620890e+00 4.668164597287720596e+01 3.376025919072223047e+01 6.584278500758619757e+00 1.868564553125232633e+05
6.999358271130968312e+00 4.744921881550899201e+01 3.409748043784513527e+01 6.784783295944258441e+00 1.891744473769426404e+05
7.077899309871646949e+00 4.738528739105169052e+01 3.403907525035787529e+01 6.893693240791536780e+00 1.921670853867205733e+05
7.156440321781138536e+00 4.721026280864674618e+01 3.384765943476231342e+01 7.018826018339031414e+00 1.909112972212974273e+05
7.234981307733260536e+00 4.743065113515574893e+01 3.377208868046877654e+01 7.244593339219306927e+00 1.923996383983004198e+05
7.313522268564292439e+00 4.711110341700168647e+01 3.368699207117731476e+01 7.327297616729400609e+00 1.922590503348266066e+05
7.392063205074973276e+00 4.750520539251813545e+01 3.379366929568205791e+01 7.487110270786954125e+00 1.929176313576853136e+05
7.470604118032365015e+00 4.713261930850421777e+01 3.338739693201339520e+01 7.612059509806371693e+00 1.950274226179225661e+05
7.549145008171610272e+00 4.764844835918302124e+01 3.388656037016384914e+01 7.752212886117984425e+00 1.958299113028630381e+05
7.627685876197570103e+00 4.811389367761134395e+01 3.408913546075682177e+01 7.955577898438443540e+00 1.976251007075789967e+05
7.706226722786373884e+00 4.802988813256944667e+01 3.385124998696061027e+01 8.070530501172727966e+00 1.985189859665391850e+05
7.784767548586863484e+00 4.795803645000265902e+01 3.372759806970261565e+01 8.231200387143594810e+00 1.985625807563366834e+05
7.863308354221953955e+00 4.807144812409727308e+01 3.389559940683307815e+01 8.306858917556031230e+00 1.991952840609379055e+05
7.941849140289923170e+00 4.845375942149270543e+01 3.402792625028321538e+01 8.530579327943771162e+00 1.995955590263941558e+05
8.020389907365611748e+00 4.833608153691849907e+01 3.371000649503092461e+01 8.649954422852779601e+00 2.032900319086200034e+05
8.098930656001561701e+00 4.847933472195385463e+01 3.390879901256701601e+01 8.822994368673981569e+00 2.039073536244316783e+05
8.177471386729090241e+00 4.842033850572543230e+01 3.393188651880144135e+01 8.923458057595405890e+00 2.036123131701017846e+05
8.256012100059292536e+00 4.876018882430145851e+01 3.408252242959839151e+01 9.130780691776784863e+00 2.049053521723884041e+05
8.334552796484000936e+00 4.851123569497107013e+01 3.387191051476848003e+01 9.244621246796796754e+00 2.057478726834999106e+05
8.413093476476680266e+00 4.924518691775497103e+01 3.400315069697817449e+01 9.434555019520839636e+00 2.071978392186896526e+05
8.491634140493276917e+00 4.895560207152750820e+01 3.400255591176659919e+01 9.572462029021076901e+00 2.070991768346544704e+05
8.570174788973028868e+00 4.921319338108931163e+01 3.388958326322655523e+01 9.819518912521381537e+00 2.080426508038531756e+05
8.648715422339215309e+00 4.934269176470510843e+01 3.417617177177213961e+01 9.886559327854408608e+00 2.098240247176043340e+05
8.727256040999876063e+00 4.905579955106711765e+01 3.386576812832233685e+01 1.005902089729304727e+01 2.104596439142693998e+05
8.805796645348495488e+00 4.945951640081917589e+01 3.408544058176529035e+01 1.021466270341179872e+01 2.104666262301848619e+05
8.884337235764643737e+00 4.943229955103132056e+01 3.397426484240814659e+01 1.042678347323954213e+01 2.109023823788786831e+05
8.962877812614589601e+00 4.960006573471461877e+01 3.416015567386173046e+01 1.061360819388776200e+01 2.110447570737631177e+05
9.041418376251867173e+00 5.001244298573573133e+01 3.428965535900908179e+01 1.074899702594398221e+01 2.136970983743617544e+05
9.119958927017840722e+00 4.989083707334944506e+01 3.434827514399709969e+01 1.089674962696081018e+01 2.149653686626769195e+05
9.198499465242209183e+00 4.990694045020853054e+01 3.420392939165017765e+01 1.107068846606947865e+01 2.147968349260622344e+05
9.277039991243508865e+00 5.014910470163487588e+01 3.429960776368866959e+01 1.130677233986620500e+01 2.155966264675110579e+05
9.355580505329580632e+00 5.032566639251822238e+01 3.420150397645228679e+01 1.148113963345806710e+01 2.167451674543262925e+05
9.434121007798012215e+00 5.046340462588854336e+01 3.441623809273573187e+01 1.163015716876337180e+01 2.171839998321362655e+05
9.512661498936562765e+00 5.046811600297631628e+01 3.430819278719875598e+01 1.179387803932578116e+01 2.182815671418213751e+05
9.591201979023569635e+00 5.071883051067543136e+01 3.448983289401633101e+01 1.195010754476475690e+01 2.190318027232371096e+05
9.669742448328321416e+00 5.041726730220803887e+01 3.424521965410417579e+01 1.215417433913968992e+01 2.184774540361699474e+05
9.748282907111432749e+00 5.088660834926013621e+01 3.446884132447812732e+01 1.231406493587382123e+01 2.210932802503591811e+05
9.826823355625185386e+00 5.070746052262177983e+01 3.431893370025694878e+01 1.246755121115472598e+01 2.198976661337738915e+05
9.905363794113858589e+00 5.100764525520379777e+01 3.458086567163945091e+01 1.270349082776120042e+01 2.208599424050083617e+05
9.983904222814045326e+00 5.106376336607073085e+01 3.448650224523414920e+01 1.287688650547376312e+01 2.216900330316166510e+05
1.006244464195495070e+01 5.134847222559822910e+01 3.480443726853070530e+01 1.306518597486449451e+01 2.228772803169965628e+05
1.014098505175868148e+01 5.110157254404549576e+01 3.462405991404235550e+01 1.322458685724229888e+01 2.218818328084125824e+05
1.021952545244051613e+01 5.157970360175323776e+01 3.465060438686013100e+01 1.344568509330490258e+01 2.240863886996036163e+05
1.029806584420916415e+01 5.161486670342577554e+01 3.469394967888796799e+01 1.375771657956613048e+01 2.259318281295923807e+05
1.037660622726701654e+01 5.129005449396972693e+01 3.458182951438460151e+01 1.383599249459997083e+01 2.251706257883582730e+05
1.045514660181038380e+01 5.178875557066513835e+01 3.483721550189495275e+01 1.405738665990531011e+01 2.244977397584248392e+05
1.053368696802971982e+01 5.174641827852234144e+01 3.485260541216111108e+01 1.422001258780100663e+01 2.260068539359516581e+05
1.061222732610984210e+01 5.211768115139320656e+01 3.485657064024390195e+01 1.438290639594354303e+01 2.279730986134255363e+05
1.069076767623013779e+01 5.202338248456474190e+01 3.490234976570365433e+01 1.463287250038793808e+01 2.284795134205113281e+05
1.076930801856475739e+01 5.210003455987909149e+01 3.491923760885815398e+01 1.471441849975332516e+01 2.285656020048928040e+05
1.084784835328281005e+01 5.259830261819211472e+01 3.518016871848784177e+01 1.495574237214396263e+01 2.291656038821628317e+05
1.092638868054854306e+01 5.230512882504944372e+01 3.507938699596730459e+01 1.520793406811486825e+01 2.289113845517961890e+05
1.100492900052151413e+01 5.251487531802276720e+01 3.518548489970055471e+01 1.540502532415435510e+01 2.300319819705590489e+05
1.108346931335675833e+01 5.270140909984735345e+01 3.520844857407831086e+01 1.558805366826161176e+01 2.297963424790904101e+05
1.116200961920494805e+01 5.267510794542561570e+01 3.516384941673519648e+01 1.579947186182909924e+01 2.307652477328862005e+05
1.124054991821254212e+01 5.265551164256012129e+01 3.514520401233851743e+01 1.601418560770706279e+01 2.304976016944612493e+05
1.131909021052193687e+01 5.283802155773471299e+01 3.523406679998326752e+01 1.616962542168850447e+01 2.315635862887950789e+05
1.139763049627160285e+01 5.271299519835674374e+01 3.522913458023106870e+01 1.636330913819050892e+01 2.319189155162734678e+05
1.147617077559622167e+01 5.333330652348763579e+01 3.544544437145643201e+01 1.663503626078749775e+01 2.327179628084378492e+05
1.155471104862680853e+01 5.322910790774994894e+01 3.547300955979423520e+01 1.679704474282582893e+01 2.336174197486992634e+05
1.163325131549084368e+01 5.307582507435365926e+01 3.540184771101410632e+01 1.699141336872985519e+01 2.336507231966916006e+05
1.171179157631238787e+01 5.334385613989622499e+01 3.570975403010767479e+01 1.723722632868671667e+01 2.330117709035123698e+05
1.179033183121219608e+01 5.340224254479902299e+01 3.561796081840793704e+01 1.741705994797404244e+01 2.345560768353710591e+05
1.186887208030782759e+01 5.330622381189887449e+01 3.551526269917234657e+01 1.766317458848621769e+01 2.346766273551959312e+05
1.194741232371374728e+01 5.386961951924347858e+01 3.573557805407823906e+01 1.792902002420169083e+01 2.361531338446980517e+05
1.202595256154143222e+01 5.344490605063049316e+01 3.571149987086704414e+01 1.801734555674492100e+01 2.346612296624962764e+05
1.210449279389946753e+01 5.378762904081055041e+01 3.573743275394942742e+01 1.836780322173712321e+01 2.366295363740126777e+05
1.218303302089363527e+01 5.379720215659648375e+01 3.584458731765015216e+01 1.861008222213041563e+01 2.357583622443151253e+05
1.226157324262700676e+01 5.392853671243107527e+01 3.589733063945061531e+01 1.869870633868018217e+01 2.374952982033677981e+05
1.234011345920003322e+01 5.409666616111469750e+01 3.582706436021614849e+01 1.900703540317783435e+01 2.374756094296503288e+05
1.241865367071062565e+01 5.378651224560251620e+01 3.574781697219309962e+01 1.914687952258136505e+01 2.381299121503432980e+05
1.249719387725422415e+01 5.424770747933769854e+01 3.600831727338377419e+01 1.943502124742887816e+01 2.377530502148472879e+05
1.257573407892389383e+01 5.432241336169389712e+01 3.599015326726949837e+01 1.956781297979078360e+01 2.384510025138782221e+05
1.265427427581038877e+01 5.425519083577339075e+01 3.601649178619647529e+01 1.983964623860632415e+01 2.385575990858011646e+05
1.273281446800221772e+01 5.425687738409012439e+01 3.611406903181274686e+01 2.006441177712689594e+01 2.384346038806307770e+05
1.281135465558572584e+01 5.433821630349826393e+01 3.609296153414021546e+01 2.033906690833847364e+01 2.398052768275431881e+05
1.288989483864514796e+01 5.430537063899760852e+01 3.610392142851259933e+01 2.063042023556498705e+01 2.404511833119354560e+05
1.296843501726268322e+01 5.461782941246514866e+01 3.628725892174144718e+01 2.074238003023516086e+01 2.401696751857853087e+05
1.304697519151855190e+01 5.460134629725695987e+01 3.626170454515318653e+01 2.101603393543691212e+01 2.400861048523157369e+05
1.312551536149104692e+01 5.485303768385179524e+01 3.628604621775320282e+01 2.127000689016099955e+01 2.412888557651326410e+05
1.320405552725660492e+01 5.479643224145883806e+01 3.639482002086000989e+01 2.141922966904273551e+01 2.411248515386580257e+05
1.328259568888985243e+01 5.480933214781883578e+01 3.638166373812522636e+01 2.184406932489109465e+01 2.411499521738641779e+05
1.336113584646366270e+01 5.499272098994902791e+01 3.650633917819167351e+01 2.207163548708264855e+01 2.422920392296420468e+05
1.343967600004920548e+01 5.496122627527074656e+01 3.656018605728507254e+01 2.231898993026170075e+01 2.423928499846110062e+05
1.351821614971599317e+01 5.503591679175641360e+01 3.657067760686698676e+01 2.250412649478213822e+01 2.426257309767430415e+05
1.359675629553193588e+01 5.507242293919511411e+01 3.678559440915224599e+01 2.273304078324714084e+01 2.429093676441163698e+05
1.367529643756338231e+01 5.501550352861799809e+01 3.665207278029910043e+01 2.294311156499670190e+01 2.430704173698366503e+05
1.375383657587516595e+01 5.540959371430960090e+01 3.678328790163993034e+01 2.330440092070162095e+01 2.432124987392861221e+05
1.383237671053064766e+01 5.538599995048426905e+01 3.689618083977475749e+01 2.352922015583657256e+01 2.437368576899402251e+05
1.391091684159175834e+01 5.554489407307470117e+01 3.693051652449925371e+01 2.381221894082001711e+01 2.448160910361807037e+05
1.398945696911903269e+01 5.524278816789254165e+01 3.699114173357553170e+01 2.394150171115185444e+01 2.440971050287649268e+05
1.406799709317166069e+01 5.537466929295598561e+01 3.692275494512794154e+01 2.419723292115191882e+01 2.447564672758981760e+05
1.414653721380751428e+01 5.577654586997728359e+01 3.715431244100741281e+01 2.455864085250879114e+01 2.460599057638483937e+05
1.422507733108318817e+01 5.565728892460765564e+01 3.723344486867496528e+01 2.483507334438246517e+01 2.450794370562057011e+05
1.430361744505403543e+01 5.576372823407646706e+01 3.730140556473770630e+01 2.496906050587263337e+01 2.451632069381059264e+05
1.438215755577419586e+01 5.579365591703941618e+01 3.723186101553817196e+01 2.520534584060489536e+01 2.466448735924765060e+05
1.446069766329663686e+01 5.582045635599093458e+01 3.741042726097855819e+01 2.543612972158908292e+01 2.463618052369121579e+05
1.453923776767318010e+01 5.603037377565657806e+01 3.740785462624011615e+01 2.577676275433740116e+01 2.474189480040081253e+05
1.461777786895453346e+01 5.604182226099221253e+01 3.744741635307673278e+01 2.595744031041668265e+01 2.467896928353412950e+05
1.469631796719032302e+01 5.600959864325666615e+01 3.763098004921739914e+01 2.630166854282915878e+01 2.466587335039432219e+05
1.477485806242911437e+01 5.616890828798961621e+01 3.761735191225965735e+01 2.665121865053706074e+01 2.477735135067754018e+05
1.485339815471844993e+01 5.620485513370300623e+01 3.780292566279741351e+01 2.680481487198541046e+01 2.475347529222687590e+05
1.493193824410487203e+01 5.620049425439321311e+01 3.785813873692318055e+01 2.713289122104922058e+01 2.479166410044191871e+05
1.501047833063394421e+01 5.632800259143256483e+01 3.799003099422948537e+01 2.743369328069368507e+01 2.488915565624536539e+05
1.508901841435028857e+01 5.653566599334399001e+01 3.816147196643736805e+01 2.769574423282459463e+01 2.488183479130776832e+05
1.516755849529759992e+01 5.683383445228609077e+01 3.824617145411449570e+01 2.807728256322144489e+01 2.503723452811657626e+05
1.524609857351867070e+01 5.662841078751250734e+01 3.805885940416177959e+01 2.834605729460496804e+01 2.494251598693831183e+05
1.532463864905541762e+01 5.666083755877853889e+01 3.825716761403399602e+01 2.849666398890590813e+01 2.491436701048505201e+05
1.540317872194890292e+01 5.676381334291271230e+01 3.826210479064883430e+01 2.889980540988643298e+01 2.501221466103876010e+05
1.548171879223935399e+01 5.664025014923277013e+01 3.827612920850238254e+01 2.909910043563555959e+01 2.502516066047358618e+05
1.556025885996618996e+01 5.694317425492518225e+01 3.853498835176651482e+01 2.944779525233349915e+01 2.516794338185028464e+05
1.563879892516803238e+01 5.717809286720207496e+01 3.871917682960239659e+01 2.969218863894088756e+01 2.514145478337295644e+05
1.571733898788273187e+01 5.697614284054633771e+01 3.863758903341587114e+01 2.993089892043013123e+01 2.513177807588517899e+05
1.579587904814739119e+01 5.716951696456883525e+01 3.878866306758449412e+01 3.036210235923408973e+01 2.524419767306097201e+05
1.587441910599837769e+01 5.713859043406540650e+01 3.880993419809032474e+01 3.055058001523975619e+01 2.510282167982047831e+05
1.595295916147133575e+01 5.740050881636545910e+01 3.896222932636171521e+01 3.089670941948174487e+01 2.526432314225916634e+05
1.603149921460121874e+01 5.744484120966576768e+01 3.897275741618910416e+01 3.111034007906901877e+01 2.535176583475326770e+05
1.611003926542229436e+01 5.757338247294180178e+01 3.904432134786308239e+01 3.153632308048847221e+01 2.539720315745931293e+05
1.618857931396816596e+01 5.753978661971039088e+01 3.924007937778590360e+01 3.171603141136390391e+01 2.538739110807231918e+05
1.626711936027179561e+01 5.772335361371585805e+01 3.940941332156766208e+01 3.212765693570766956e+01 2.543250497538383352e+05
1.634565940436549525e+01 5.786784348860145144e+01 3.938796911507952103e+01 3.245116589377876437e+01 2.545974074674992007e+05
1.642419944628097639e+01 5.793276239131571970e+01 3.967585140061025584e+01 3.269045949081554170e+01 2.544829169084029563e+05
1.650273948604932883e+01 5.783067471958286632e+01 3.978314417361698219e+01 3.305566670149325859e+01 2.546499349435336771e+05
1.658127952370107394e+01 5.809643457500824582e+01 3.986771137352452854e+01 3.346281131056758085e+01 2.559326416900147160e+05
1.665981955926614333e+01 5.822357314233024539e+01 3.990549616555109225e+01 3.379632168407297144e+01 2.562556921695760102e+05
1.673835959277390728e+01 5.828505835228290977e+01 3.989433054923470934e+01 3.405869552292151070e+01 2.567684165375200682e+05
1.681689962425318896e+01 5.837889949149088409e+01 4.005255000740523741e+01 3.442658773639126935e+01 2.574606932922880223e+05
1.689543965373228218e+01 5.872379571523980246e+01 4.043462121851909075e+01 3.480289343659292456e+01 2.587026459196725045e+05
1.697397968123895495e+01 5.861493302632028701e+01 4.024545233306488967e+01 3.508856651700142493e+01 2.584508597551687271e+05
1.705251970680045304e+01 5.863222124879574437e+01 4.049342920323187656e+01 3.534382764806251487e+01 2.583887237552649458e+05
1.713105973044353902e+01 5.880208521599427485e+01 4.067962477124525122e+01 3.571247930655594871e+01 2.587397978253472538e+05
1.720959975219447102e+01 5.903233920251453526e+01 4.088167473133309926e+01 3.612835613539230195e+01 2.592358856172390806e+05
1.728813977207903463e+01 5.904189934596136169e+01 4.106433364877273107e+01 3.650896155207416882e+01 2.603343403003417479e+05
1.736667979012256424e+01 5.914341421606878413e+01 4.097697774853787678e+01 3.677016723920266372e+01 2.603620261005989159e+05
1.744521980634991110e+01 5.937585015961284540e+01 4.123525546093053862e+01 3.719841127770096989e+01 2.615717120627654367e+05
1.752375982078550365e+01 5.941629141103930323e+01 4.134735784499567757e+01 3.765653333345546372e+01 2.620908929929312435e+05
1.760229983345331917e+01 5.959188532477844547e+01 4.159209689820623623e+01 3.789020279491133181e+01 2.622888683478388702e+05
1.768083984437692635e+01 5.978806374585111172e+01 4.179255904909093999e+01 3.822911578202261040e+01 2.631941760618718690e+05
1.775937985357945692e+01 5.987918381868319528e+01 4.183689186532888016e+01 3.863872606611511173e+01 2.637702154991395655e+05
1.783791986108364824e+01 6.020250534154111222e+01 4.199335269988237229e+01 3.902778513753361977e+01 2.648677960125849932e+05
1.791645986691183268e+01 6.005916303254284117e+01 4.212663161116534383e+01 3.926741237823575403e+01 2.645641654901196016e+05
1.799499987108595889e+01 6.022408890816545579e+01 4.246234351412934416e+01 3.969464743495979064e+01 2.650633676160355099e+05
1.807353987362759185e+01 6.052540996493024039e+01 4.254283953413847996e+01 4.007514777229386027e+01 2.668627254145723418e+05
1.815207987455791638e+01 6.059883056297464776e+01 4.272675917014223756e+01 4.049505877458843628e+01 2.670084336688973126e+05
1.823061987389775851e+01 6.085569769517935157e+01 4.282538405161736250e+01 4.096596923577862270e+01 2.675266149687826983e+05
1.830915987166758541e+01 6.092453222469496410e+01 4.303751349808847948e+01 4.119279629869977555e+01 2.682436148043898866e+05
1.838769986788751964e+01 6.130047321192498799e+01 4.314025645092075933e+01 4.175270542223783110e+01 2.692550920255631208e+05
1.846623986257733563e+01 6.113916692953900878e+01 4.335456828464573675e+01 4.207198720334950082e+01 2.698747085191591759e+05
1.854477985575647381e+01 6.138165174458628570e+01 4.360683042076581017e+01 4.240306305022575373e+01 2.706293014292434673e+05
1.862331984744404423e+01 6.168264689801949174e+01 4.386204088658055156e+01 4.286153489107795878e+01 2.720445821330941981e+05
1.870185983765884075e+01 6.192638745756279661e+01 4.399564210433066336e+01 4.330427753866222673e+01 2.731764559094583383e+05
1.878039982641934458e+01 6.190732659367402135e+01 4.418011588086772434e+01 4.377393928325108874e+01 2.736947345829097321e+05
1.885893981374372075e+01 6.227318743803772350e+01 4.436152963639389668e+01 4.413075361215751968e+01 2.751755622705370770e+05
1.893747979964983941e+01 6.244022414958403289e+01 4.460046758535685996e+01 4.437658434503939731e+01 2.750907176234485232e+05
1.901601978415527228e+01 6.268582851788009691e+01 4.469591124977070251e+01 4.471627477217580804e+01 2.768974863700371352e+05
1.909455976727730331e+01 6.289546280433849290e+01 4.500213087593141381e+01 4.526792437915500500e+01 2.771715001705886680e+05
1.917309974903293579e+01 6.307613342532741285e+01 4.518013083152253273e+01 4.559572464512088885e+01 2.783924885966301081e+05
1.925163972943889235e+01 6.305182369263577868e+01 4.538552772432549176e+01 4.613381418361382202e+01 2.782710959624397219e+05
1.933017970851161849e+01 6.363541360754304321e+01 4.581588469978964895e+01 4.668865325304170710e+01 2.806055968871832592e+05
1.940871968626730748e+01 6.389126572814800653e+01 4.606864719829294330e+01 4.707106681215960720e+01 2.816466866607763222e+05
1.948725966272188259e+01 6.415379006975182108e+01 4.617136219089906035e+01 4.735979976911675493e+01 2.826752055677851895e+05
1.956579963789100773e+01 6.424666367873759043e+01 4.643352063591021306e+01 4.792610216393769917e+01 2.835824421217521885e+05
1.964433961179010524e+01 6.463161428663234176e+01 4.669198292621025104e+01 4.852785570383766611e+01 2.854778260146842804e+05
1.972287958443434519e+01 6.497482270593977205e+01 4.713593289973576361e+01 4.893806858050403008e+01 2.864762023778484436e+05
1.980141955583865965e+01 6.531079737179352662e+01 4.725848514300329128e+01 4.916222644043805445e+01 2.876610645951724728e+05
1.987995952601774619e+01 6.521318752262772023e+01 4.743252096461127110e+01 4.974735781736790585e+01 2.880263877368856920e+05
1.995849949498606790e+01 6.564124292811384009e+01 4.772753437749533134e+01 5.011025583878747369e+01 2.895046555747931707e+05
2.003703946275786052e+01 6.578143622867010265e+01 4.791318986157038751e+01 5.041340067423759308e+01 2.906086687270645634e+05
2.011557942934713950e+01 6.616856399595079097e+01 4.834657736780657444e+01 5.107418323687826245e+01 2.920903804433159530e+05
2.019411939476770712e+01 6.639144736491623178e+01 4.851525052736369048e+01 5.151548546228809045e+01 2.933341565770385205e+05
2.027265935903314542e+01 6.625624130269508782e+01 4.861632256937440388e+01 5.187163767984991125e+01 2.924197125149114290e+05
2.035119932215682326e+01 6.630020407949844241e+01 4.876910658810828636e+01 5.229471644914207928e+01 2.931200089989652042e+05
2.042973928415191054e+01 6.630778137015947493e+01 4.882315785334708380e+01 5.249039392021288108e+01 2.927590994889999274e+05
2.050827924503137467e+01 6.637250200831320512e+01 4.900336630660412141e+01 5.309560890442271130e+01 2.937146612353657838e+05
2.058681920480798766e+01 6.665012254418870441e+01 4.916556587370531162e+01 5.351183620400126273e+01 2.942823213520344580e+05
2.066535916349431901e+01 6.662123963555454509e+01 4.934748960586144761e+01 5.404877196481662338e+01 2.941974753512387979e+05
2.074389912110275347e+01 6.659194610096059819e+01 4.934346976032846044e+01 5.432083998892129273e+01 2.948107133468566462e+05
2.082243907764548752e+01 6.655966918176369518e+01 4.970057400760959609e+01 5.468987574162260756e+01 2.943941213646194665e+05
2.090097903313453642e+01 6.674869450003239990e+01 4.970007602707521244e+01 5.520172653530874385e+01 2.958157689648529631e+05
2.097951898758173783e+01 6.703297771821898721e+01 4.994574157409954296e+01 5.565004473881957381e+01 2.964402652930876939e+05
2.105805894099874109e+01 6.683725670781150541e+01 5.006339134865672236e+01 5.604828744870673063e+01 2.962246657775725471e+05
2.113659889339703568e+01 6.689306696089356308e+01 5.028532054356915637e+01 5.651313297199477859e+01 2.963466577408729354e+05
2.121513884478793344e+01 6.690925856942979522e+01 5.061652777395504899e+01 5.692085877848159470e+01 2.970855015472816885e+05
2.129367879518258277e+01 6.691018751277835008e+01 5.059806961950015136e+01 5.732222205332789144e+01 2.969858785813852446e+05
2.137221874459196869e+01 6.715505734574175278e+01 5.068688278793149493e+01 5.787863557631935407e+01 2.984507964905789704e+05
2.145075869302691274e+01 6.712724620224815908e+01 5.088302846295648152e+01 5.820004959422438873e+01 2.978796796318623237e+05
2.152929864049807307e+01 6.714104652784978100e+01 5.113980861709011805e+01 5.872715704438117257e+01 2.986610386182564544e+05
2.160783858701596571e+01 6.742588114111153175e+01 5.125625301623249186e+01 5.930431596221114177e+01 2.989507656114939018e+05
2.168637853259094683e+01 6.721900427477258688e+01 5.142018841337646506e+01 5.944431384221824999e+01 2.986083165200991789e+05
2.176491847723321982e+01 6.735734358088924978e+01 5.162127021022120488e+01 5.994176567591784988e+01 2.990890217757964274e+05
2.184345842095285306e+01 6.737825562030064930e+01 5.186826328308133327e+01 6.055388031363698786e+01 3.001443978735708515e+05
2.192199836375975508e+01 6.765018987348987878e+01 5.205110935529659599e+01 6.120065551481847166e+01 3.012937483699949807e+05
2.200053830566371005e+01 6.777543075904750935e+01 5.243497596965526952e+01 6.156331133868981453e+01 3.012332824064180604e+05
2.207907824667434582e+01 6.771875652006617941e+01 5.235347207266507752e+01 6.180143555773931752e+01 3.009693944858005270e+05
2.215761818680116590e+01 6.763339417808617782e+01 5.247870223703507264e+01 6.230325843265460861e+01 3.012844045443802024e+05
2.223615812605353526e+01 6.778258836618890371e+01 5.276374870816830054e+01 6.299896384099073288e+01 3.021062782937699230e+05
2.231469806444068738e+01 6.828259552491057605e+01 5.306622712388319485e+01 6.354583506621326450e+01 3.033036696724299109e+05
2.239323800197172432e+01 6.803168412190493086e+01 5.336902808003716814e+01 6.397633654520839031e+01 3.034908354266930837e+05
2.247177793865562023e+01 6.822879263532217919e+01 5.323920523966531704e+01 6.431874697846237154e+01 3.043573769474261208e+05
2.255031787450123204e+01 6.808319658041946809e+01 5.361585313958263299e+01 6.499042252686786014e+01 3.040118479265109636e+05
2.262885780951728165e+01 6.837687697173643642e+01 5.400128540698638346e+01 6.555592982652292733e+01 3.057335565454252646e+05
2.270739774371238440e+01 6.841805497209122677e+01 5.401911715799806046e+01 6.576983380208858421e+01 3.053900546048465767e+05
2.278593767709502771e+01 6.848838753884514574e+01 5.417061174773654386e+01 6.635292099792037845e+01 3.056713750231516315e+05
2.286447760967358178e+01 6.854796206933677638e+01 5.440371878424222984e+01 6.673900168093828711e+01 3.065675925423626904e+05
2.294301754145629957e+01 6.865296289073042146e+01 5.437759330403866898e+01 6.728530553805987324e+01 3.072784302126544062e+05
2.302155747245133455e+01 6.894480849523070276e+01 5.480162386958512855e+01 6.796049394708084890e+01 3.085078225688402890e+05
2.310009740266672296e+01 6.882379720207102025e+01 5.513552323650995390e+01 6.831283672878042523e+01 3.082488462540166220e+05
2.317863733211038380e+01 6.916699797851136111e+01 5.529366301451681665e+01 6.871001826801403922e+01 3.093691173313918989e+05
2.325717726079013303e+01 6.909459211917591404e+01 5.564917110613621531e+01 6.930121925236049663e+01 3.087802657933246228e+05
2.333571718871368716e+01 6.927768759265079268e+01 5.587467086990695009e+01 6.997238946961851980e+01 3.107508382932848763e+05
2.341425711588865965e+01 6.917101187057834011e+01 5.582803750627415695e+01 7.026789005184055270e+01 3.106357938640160137e+05
2.349279704232255384e+01 6.943388574005240343e+01 5.628246685938749749e+01 7.083835060573174758e+01 3.111619791833337513e+05
2.357133696802278067e+01 6.965193232341059115e+01 5.640039833816439341e+01 7.144822881364606815e+01 3.127071211716516991e+05
2.364987689299664453e+01 6.971693617558828748e+01 5.656653002001040420e+01 7.203384506420043465e+01 3.133125928513519466e+05
2.372841681725136453e+01 6.984555314114824398e+01 5.699070373426243208e+01 7.225409086116469837e+01 3.136920052012467058e+05
2.380695674079405322e+01 7.003015548434382254e+01 5.715370123263479485e+01 7.319626491307340643e+01 3.144342698344140663e+05
2.388549666363174140e+01 7.016996415275480103e+01 5.729965595364470232e+01 7.362773321663844683e+01 3.153049941710081766e+05
2.396403658577134976e+01 7.007457336397033032e+01 5.770009724429540654e+01 7.404077592150549947e+01 3.152391685197922634e+05
2.404257650721972439e+01 7.034905722849087795e+01 5.796183059558690331e+01 7.465141639910098093e+01 3.159880081848423579e+05
2.412111642798362254e+01 7.040615753887961148e+01 5.830791511819305128e+01 7.528498426818066491e+01 3.170097547037734184e+05
2.419965634806970556e+01 7.035340383490363081e+01 5.853315949284031916e+01 7.574600734404663172e+01 3.168372133876031148e+05
2.427819626748454596e+01 7.079868716045385213e+01 5.875599632233586078e+01 7.633869830157419756e+01 3.184366191300540231e+05
2.435673618623464520e+01 7.077555048833055196e+01 5.906151510439580932e+01 7.684404225269398125e+01 3.189716089470754960e+05
2.443527610432640529e+01 7.096118435381207235e+01 5.939909349829286356e+01 7.717833323930128131e+01 3.196976680705836625e+05
2.451381602176616425e+01 7.144994960688649144e+01 5.972871162372867815e+01 7.787868055449055760e+01 3.215487285400639521e+05
2.459235593856016067e+01 7.142986400305819927e+01 5.986456587185105604e+01 7.871486970155517326e+01 3.221677973736167769e+05
2.467089585471456203e+01 7.159872239876402489e+01 6.005263976327718467e+01 7.916193110002234334e+01 3.234849219663117547e+05
2.474943577023546126e+01 7.163592026463767581e+01 6.040175721803759501e+01 7.973951603520586673e+01 3.234584864160069264e+05
2.482797568512887310e+01 7.195811593007708495e+01 6.066886071032178052e+01 8.020661688859080130e+01 3.248233574634043616e+05
2.490651559940072346e+01 7.207087797827828979e+01 6.099826847241089922e+01 8.070195130578760256e+01 3.255192995359264314e+05
2.498505551305688144e+01 7.213293182181537588e+01 6.135506244990926206e+01 8.167141036836252965e+01 3.262648161438932293e+05
2.506359542610313440e+01 7.193351565590531038e+01 6.150586057577533694e+01 8.177861081518659603e+01 3.260647694063398521e+05
2.514213533854519511e+01 7.239896186674845069e+01 6.189007383075439606e+01 8.251590221374242162e+01 3.278466416601634119e+05
2.522067525038871239e+01 7.272013469552585718e+01 6.226766454284135222e+01 8.327017125374659656e+01 3.289036446449182695e+05
2.529921516163925688e+01 7.262355328549998035e+01 6.249204761837317079e+01 8.404629018897954040e+01 3.294362651578339864e+05
2.537775507230233529e+01 7.288453047679922747e+01 6.298369941968278596e+01 8.444857648728131494e+01 3.301969575601989054e+05
2.545629498238338684e+01 7.289146314092232615e+01 6.308586439550018099e+01 8.506970478502563537e+01 3.308165986854510847e+05
2.553483489188777966e+01 7.335055797429373570e+01 6.366652192395114440e+01 8.567804527520964086e+01 3.329836147338587325e+05
2.561337480082082152e+01 7.348517343864379825e+01 6.381397310229622377e+01 8.619069103953400202e+01 3.330634507784357411e+05
2.569191470918774911e+01 7.350806535092694105e+01 6.405614095202047054e+01 8.693292560971613625e+01 3.344929779794251081e+05
2.577045461699373874e+01 7.388559807581350469e+01 6.441545240637744030e+01 8.756186180523427254e+01 3.348233094564453932e+05
2.584899452424390631e+01 7.373236922447026132e+01 6.488221579644361725e+01 8.819565128233023188e+01 3.362333212605621084e+05
2.592753443094329668e+01 7.402967739973071559e+01 6.502460874613763053e+01 8.857220775779224198e+01 3.375147585081569850e+05
2.600607433709690852e+01 7.452828005841047343e+01 6.542177590419126432e+01 8.967457516473461965e+01 3.387111594040681957e+05
2.608461424270966944e+01 7.497517623462356084e+01 6.577467210088815364e+01 8.970448111079008413e+01 3.399687407631907845e+05
2.616315414778644310e+01 7.482625664775169128e+01 6.585626332598587851e+01 9.083532434959208501e+01 3.416679250974279130e+05
2.624169405233205055e+01 7.515785927668358113e+01 6.650881827590423256e+01 9.121045199257956426e+01 3.431494835105663515e+05
2.632023395635124174e+01 7.520645272369513634e+01 6.671935260680518809e+01 9.176321934933039870e+01 3.427138158775187912e+05
2.639877385984871694e+01 7.548100176618517310e+01 6.717507517598312461e+01 9.263532225682411081e+01 3.447703003023541532e+05
2.647731376282911953e+01 7.540014118528351617e+01 6.765398207070512626e+01 9.341281950486468588e+01 3.443045445455451263e+05
2.655585366529703606e+01 7.555220614410652047e+01 6.768269334457608011e+01 9.416379483944622564e+01 3.457166321074669831e+05
2.663439356725699980e+01 7.628859529621313129e+01 6.801675530985632179e+01 9.519740094438229505e+01 3.485840278816031059e+05
2.671293346871349428e+01 7.600862696603968516e+01 6.850133634122636295e+01 9.555847752637112080e+01 3.483960894398839446e+05
2.679147336967094617e+01 7.629667854524778647e+01 6.882724715914531544e+01 9.594237211235011387e+01 3.497508476810972206e+05
2.687001327013372531e+01 7.699759351504707183e+01 6.903069863498988923e+01 9.647252938870208538e+01 3.516014676735941903e+05
2.694855317010616602e+01 7.675946204348880997e+01 6.966752515215493702e+01 9.729247617744593413e+01 3.516335498420862714e+05
2.702709306959254221e+01 7.736311587310788696e+01 6.979982574052434074e+01 9.791016083726093200e+01 3.540929270719659980e+05
2.710563296859707094e+01 7.730197215838313696e+01 7.044688234242217106e+01 9.888425004365370796e+01 3.546547669120485079e+05
2.718417286712393377e+01 7.762373359585512844e+01 7.039731639001203689e+01 9.931325003245460437e+01 3.565579250168783474e+05
2.726271276517725894e+01 7.806334822581889910e+01 7.077673414773910565e+01 1.001451817614727275e+02 3.584909763437288348e+05
2.734125266276112498e+01 7.813048574663507395e+01 7.137381215302914939e+01 1.009828656982307109e+02 3.578978940791890491e+05
2.741979255987956776e+01 7.751411491675244747e+01 7.179878689704692363e+01 1.007300457111544745e+02 3.565979584192112088e+05
2.749833245653658054e+01 7.815080635823126443e+01 7.184514558071036561e+01 1.018876199461363825e+02 3.577099877591872355e+05
2.757687235273609616e+01 7.848314380186417338e+01 7.219948472032083941e+01 1.024843699026952919e+02 3.611999900503603858e+05
2.765541224848202262e+01 7.835746815747843641e+01 7.291700404980744565e+01 1.027505535082759138e+02 3.600238806119538494e+05
2.773395214377820395e+01 7.864363271510083564e+01 7.338559982493384837e+01 1.036729488317735814e+02 3.627176873997194925e+05
2.781249203862845576e+01 7.897468232944299871e+01 7.341627657274194974e+01 1.046250172457773573e+02 3.648709335642724182e+05
2.789103193303654038e+01 7.892286412381157845e+01 7.327868905372193353e+01 1.052819650526022457e+02 3.652088896061501000e+05
2.796957182700618816e+01 7.923716042276049620e+01 7.433642782533264892e+01 1.063317747534152744e+02 3.647375768582673045e+05
2.804811172054107615e+01 7.921875380626386232e+01 7.397637529039350568e+01 1.066269320568877390e+02 3.640063376923629548e+05
2.812665161364485655e+01 7.913739600454930212e+01 7.467993923236178944e+01 1.066496751942353143e+02 3.660215446111054625e+05
2.820519150632112115e+01 7.917786355294083478e+01 7.544134014508526320e+01 1.073986438440104649e+02 3.650108527356162085e+05
2.828373139857343332e+01 7.887607874518252515e+01 7.527514509082030258e+01 1.078044037399559016e+02 3.649906444150609314e+05
2.836227129040531736e+01 7.903965767417234645e+01 7.528980843484460195e+01 1.088707179905124462e+02 3.674048383869550307e+05
2.844081118182025847e+01 7.916525500412501515e+01 7.576865708315611414e+01 1.097020000472788581e+02 3.688312399011283414e+05
2.851935107282169923e+01 7.852649113579548157e+01 7.545069636970345073e+01 1.100250897092735869e+02 3.663253224275948014e+05
2.859789096341304315e+01 7.934301677564535282e+01 7.613223315974143190e+01 1.110817948822361103e+02 3.680632996852318174e+05
2.867643085359765820e+01 7.916648278661149618e+01 7.632871743245144103e+01 1.115201006232862966e+02 3.689087481912202202e+05
2.875497074337888392e+01 7.893867802064838202e+01 7.625022452167715414e+01 1.116683455993629508e+02 3.668799967131032026e+05
2.883351063276001369e+01 7.943979543981943436e+01 7.692806239550068881e+01 1.123366325252668076e+02 3.703714955520018120e+05
2.891205052174430890e+01 7.943075797738887900e+01 7.721809795470879578e+01 1.134403415026351496e+02 3.718499571541283512e+05
2.899059041033499184e+01 7.889615532409787590e+01 7.800467638224954214e+01 1.147177457071283584e+02 3.701504920334299677e+05
2.906913029853525643e+01 7.893438241629661434e+01 7.834852425797735975e+01 1.146737793369301528e+02 3.698534267832916230e+05
2.914767018634825746e+01 7.978528654742227388e+01 7.892688392434601496e+01 1.156374146339894224e+02 3.727869802443154622e+05
2.922621007377712132e+01 7.962580674172093609e+01 7.911087498488939218e+01 1.168938562226503706e+02 3.732788645302150981e+05
2.930474996082492822e+01 7.988178049170223005e+01 7.893725738672370085e+01 1.165437938853821009e+02 3.752174619557692786e+05
2.938328984749474060e+01 8.021428374719167209e+01 7.948235043958892732e+01 1.179522893453922308e+02 3.757097849370526383e+05
2.946182973378957826e+01 7.937666577886628261e+01 7.946296318808516901e+01 1.175243605723651541e+02 3.732040140999528230e+05
2.954036961971243258e+01 7.994185420858507030e+01 8.017833639687086134e+01 1.201048688736172494e+02 3.760482053344877786e+05
2.961890950526625943e+01 7.988173334315450802e+01 8.085972564805909713e+01 1.198882000295052137e+02 3.786664687573596602e+05
2.969744939045398979e+01 8.015066440031949924e+01 8.164713968083736972e+01 1.215254523608828521e+02 3.783350858740920085e+05
2.977598927527852268e+01 8.020402742730084356e+01 8.211741999491047750e+01 1.214908151793233912e+02 3.781886130717672640e+05
2.985452915974272159e+01 8.013854714555539260e+01 8.211623279566674682e+01 1.222459667707410205e+02 3.811757518043541349e+05
2.993306904384942868e+01 8.096185521156392895e+01 8.239213120508657084e+01 1.235395779311019595e+02 3.825053286237613065e+05
3.001160892760143994e+01 8.158672133133053705e+01 8.221391984645715922e+01 1.249247880731167015e+02 3.862523706719509792e+05
3.009014881100154071e+01 8.249279789842867672e+01 8.289304144160394117e+01 1.251066781015625082e+02 3.871797761503120419e+05
3.016868869405248077e+01 8.143559674426006723e+01 8.268019449285949918e+01 1.250023143428362715e+02 3.868491999353821157e+05
3.024722857675697441e+01 8.268126955567770153e+01 8.484979821388174059e+01 1.271259191098472030e+02 3.909950320280100568e+05
3.032576845911771457e+01 8.293740945204147863e+01 8.406611127425171048e+01 1.284157279844363586e+02 3.931644323207905400e+05
3.040430834113736580e+01 8.224658784382121723e+01 8.419888163268578296e+01 1.275026529341204622e+02 3.919308776677250862e+05
3.048284822281856421e+01 8.323684810140981938e+01 8.485632984488114516e+01 1.280691730459195696e+02 3.947023459084721981e+05
3.056138810416392460e+01 8.443488579393290649e+01 8.546800500833967362e+01 1.298609886015869961e+02 4.016864153206750634e+05
3.063992798517602267e+01 8.296566282238602241e+01 8.539025719698723549e+01 1.308141576297688857e+02 3.941702170955705806e+05
3.071846786585741640e+01 8.332703158125772802e+01 8.568886139446773598e+01 1.313448829267451003e+02 3.977112333319374011e+05
3.079700774621063886e+01 8.424805676247231645e+01 8.800325226515521138e+01 1.327224754617325857e+02 3.993083552645099699e+05
3.087554762623818760e+01 8.417292844060359869e+01 8.689646084419305794e+01 1.327304686874961988e+02 4.004501285960503737e+05
3.095408750594254599e+01 8.517945030988646238e+01 8.854651616345553578e+01 1.364846443136454468e+02 4.056639550169997965e+05
3.103262738532617249e+01 8.493338878753168331e+01 8.770218602120883133e+01 1.351994108742981666e+02 4.037316590665107942e+05
3.111116726439149005e+01 8.543217726096280273e+01 8.873539337835782703e+01 1.357392134560113277e+02 4.076725323734251433e+05
3.118970714314090387e+01 8.601350952880078182e+01 8.847290625429744182e+01 1.371337757897508993e+02 4.105647755788745126e+05
3.126824702157679781e+01 8.535840532146107762e+01 8.976853558752142703e+01 1.371309646105020192e+02 4.092234277115497389e+05
3.134678689970152377e+01 8.559858870121668417e+01 8.977729794821382825e+01 1.377258311184154707e+02 4.083531921641703811e+05
3.142532677751741588e+01 8.746948053416977586e+01 9.125055452883844964e+01 1.428229140166458819e+02 4.192852915470366715e+05
3.150386665502678696e+01 8.629527222699341849e+01 9.159196461297997871e+01 1.419781717726475847e+02 4.176071074627456255e+05
3.158240653223192140e+01 8.792688214375817779e+01 9.254894131498036813e+01 1.431911400127308127e+02 4.217647375290780910e+05
3.166094640913508229e+01 8.753575240905010446e+01 9.289779964462702821e+01 1.418648143665179191e+02 4.210660389394018566e+05
3.173948628573851494e+01 8.862675696813721515e+01 9.350253968226982693e+01 1.457840860301998873e+02 4.224342581125403522e+05
3.181802616204443623e+01 8.787963075203495578e+01 9.421402203104250361e+01 1.459751951618033843e+02 4.224109963619775372e+05
3.189656603805504531e+01 8.874455386444627436e+01 9.381466614911575164e+01 1.473971286909823277e+02 4.268313125064128544e+05
3.197510591377251998e+01 8.896384236632815146e+01 9.525243054727457093e+01 1.487579281049696363e+02 4.272840086415277910e+05
3.205364578919900964e+01 9.028010084581450201e+01 9.567321068747304480e+01 1.483075882232872118e+02 4.324720206919352058e+05
3.213218566433665302e+01 8.969665527640653124e+01 9.500737626928079749e+01 1.491844700716248440e+02 4.308462231673959759e+05
3.221072553918755688e+01 8.937124993113539517e+01 9.769164087647577333e+01 1.501620777428919951e+02 4.310687496839458472e+05
3.228926541375382442e+01 9.008917749803110553e+01 9.672822548012696586e+01 1.515201418413379315e+02 4.336862152115539648e+05
3.236780528803751622e+01 8.861923569421125535e+01 9.846818174483233577e+01 1.496586095594715573e+02 4.257339752693162300e+05
3.244634516204068575e+01 9.099494314800340078e+01 9.828180119499623402e+01 1.545677784993039836e+02 4.352342073023139383e+05
3.252488503576537227e+01 9.294505352530914877e+01 9.842084126887451134e+01 1.549938542443263145e+02 4.430597448162039509e+05
3.260342490921358660e+01 9.121511834299751342e+01 9.939897134728354899e+01 1.523747724878900556e+02 4.416660863035160583e+05
3.268196478238731828e+01 9.334091694017132568e+01 9.780182352526723832e+01 1.514457211639039826e+02 4.454659450689264340e+05
3.276050465528854261e+01 9.424017936249225613e+01 1.011066182592947342e+02 1.571200658097573353e+02 4.425984114271491999e+05
3.283904452791921358e+01 9.388763937204414844e+01 1.026038873858079654e+02 1.597887097018881093e+02 4.457062222716314718e+05
3.291758440028127097e+01 9.373040810725403560e+01 1.010509958314453485e+02 1.588356074156845636e+02 4.516381504222244257e+05
3.299612427237663326e+01 9.431754458397874430e+01 1.017624563159790796e+02 1.616564332096790224e+02 4.582571626834931085e+05
3.307466414420719758e+01 9.267697312411361565e+01 1.052762408792050621e+02 1.621227591916546942e+02 4.452223113345575402e+05
3.315320401577483977e+01 9.333635738675930327e+01 1.062805693806285348e+02 1.639419414456678226e+02 4.563387750407952117e+05
3.323174388708143567e+01 9.178442330365183466e+01 1.043235849204753833e+02 1.607288618737741217e+02 4.462933862616950064e+05
3.331028375812883269e+01 9.407689266576512921e+01 1.015253491564068042e+02 1.624693425145050014e+02 4.534382114405162283e+05
3.338882362891884981e+01 9.373812481035164978e+01 1.012101065982237174e+02 1.609777352467710045e+02 4.504881284577651531e+05
3.346736349945329891e+01 9.763148264613407434e+01 1.041036923723424508e+02 1.643255725975009511e+02 4.705501470190206892e+05
3.354590336973399189e+01 9.628937635328038880e+01 1.052274865561824271e+02 1.683129195885541378e+02 4.664712689964885940e+05
3.362444323976268379e+01 1.005600442692589667e+02 1.043106106821597621e+02 1.698801429855589049e+02 4.832999829177333158e+05
3.370298310954115806e+01 1.014242593302554951e+02 1.068090673831265889e+02 1.720580910381636102e+02 4.807457507753846585e+05
3.378152297907114132e+01 9.346914583428687706e+01 1.101091732486797241e+02 1.648879356822342857e+02 4.584160684793382534e+05
3.386006284835436730e+01 9.529261134750196049e+01 1.111624497334660049e+02 1.709338834363151136e+02 4.635388871641521691e+05
3.393860271739255552e+01 1.002098369498295796e+02 1.127354797173712626e+02 1.728140373344574812e+02 4.849025178483821219e+05
3.401714258618739706e+01 9.557227992393593752e+01 1.081570782375400341e+02 1.796431404885090899e+02 4.818893080022178474e+05
3.409568245474058301e+01 1.063970201019646424e+02 1.148193033838858810e+02 1.814092514671200433e+02 4.938903124034000793e+05
3.417422232305376895e+01 1.011289028945551252e+02 1.210317257929970225e+02 1.876200546968433969e+02 5.048696349552182946e+05
3.425276219112861043e+01 1.034907824269569545e+02 1.179659250965532920e+02 1.890730038292974768e+02 5.081299497068785713e+05
3.433130205896674880e+01 1.139322837028448845e+02 1.110842653881867221e+02 1.830958938301131411e+02 5.422113975452448940e+05
3.440984192656979701e+01 1.109787853552814596e+02 1.144403021533212979e+02 1.719990060166606440e+02 5.273175056182645494e+05
3.448838179393936088e+01 1.147693729361644444e+02 1.009076498633218648e+02 1.864244152862919179e+02 5.457890635536698392e+05
3.456692166107702491e+01 1.026912302219066220e+02 1.120991647186220490e+02 2.113218212201651340e+02 4.787567439154690364e+05
3.464546152798438072e+01 1.015600752977442625e+02 9.807777995285681527e+01 1.669431660508671200e+02 4.969210576248623547e+05
3.472400139466299152e+01 7.107559143980137151e+01 1.495351216504172669e+02 1.949864329157286420e+02 4.079292908808936481e+05
