# 0.9953 0.9992
7.871241428633635184e-02 6.366256566884708867e+00 6.215618079902682780e+00 1.746071031159106409e-03 1.480146923339225395e+03
1.618072713909662341e-01 1.727136121700726434e+01 1.665783884165737661e+01 8.994369616395261544e-03 5.922037204385244877e+03
2.418771330418761079e-01 2.226650110974938102e+01 2.157982471992430717e+01 1.110393288590905830e-02 8.136650879880593493e+03
3.211923215201240578e-01 3.166466819259928656e+01 3.042054924768060076e+01 2.714154771806987290e-02 1.579246121926178603e+04
4.002017901256537113e-01 3.862693335629276703e+01 3.681827865052521531e+01 3.885362986808157254e-02 2.240067805780463459e+04
4.790568272527075955e-01 3.877578161659874212e+01 3.702511364987419995e+01 4.845912290989391052e-02 2.190281345800591953e+04
5.578229290343351687e-01 5.288062775210158151e+01 5.039416303501577232e+01 6.777668317123484998e-02 3.198600947580861975e+04
6.365331115321660738e-01 5.662172933803193331e+01 5.376423459139134309e+01 8.906714975980868643e-02 3.412306901071672473e+04
7.152058371535838788e-01 5.632914037747303126e+01 5.331662811359863952e+01 1.079480768953427067e-01 3.937277554158173007e+04
7.938522421846891941e-01 6.005855769495889973e+01 5.687033689708793105e+01 1.270285032512527557e-01 4.075463492211820994e+04
8.724794443688169698e-01 6.470304773155338296e+01 6.125626678209728482e+01 1.500637328011672211e-01 4.423105780378988129e+04
9.510922062407737299e-01 6.924082480953666163e+01 6.542166670428424879e+01 1.678732368537908526e-01 4.845853144628592418e+04
1.029693835175838679e+00 6.959583945138304273e+01 6.566724418677003428e+01 1.983456935294496959e-01 4.968456397422333976e+04
1.108286699878543891e+00 7.474307283687156200e+01 7.077068587526981958e+01 2.226493059973722877e-01 5.161297518749767914e+04
1.186872541411916560e+00 7.453154795796986321e+01 7.050087349102955159e+01 2.553874751697688961e-01 5.471465316291076306e+04
1.265452668213572940e+00 7.697470492834628431e+01 7.290418878907368594e+01 2.752507508365872324e-01 5.761609631630405784e+04
1.344028082638708543e+00 8.127198127487781676e+01 7.650264071808753386e+01 3.125598900422495996e-01 6.254039709788169421e+04
1.422599565533279709e+00 8.128902989088251729e+01 7.676704811419064356e+01 3.268213965496780671e-01 6.217008791588727763e+04
1.501167734229200246e+00 8.221772093448494445e+01 7.737882889398140662e+01 3.858939259979786152e-01 6.554521033330305363e+04
1.579733083222462531e+00 8.434191578542392165e+01 7.926004851263836315e+01 4.147705167435116191e-01 7.095965396486131067e+04
1.658296013281593151e+00 7.837508292974700908e+01 7.355626798666773425e+01 4.404280262090163323e-01 7.136406312067834369e+04
1.736856852652245875e+00 8.351182729393048021e+01 7.838467922786448128e+01 4.891509712905446894e-01 7.194657899129508587e+04
1.815415872753641580e+00 7.735376362987281595e+01 7.237950758556678466e+01 5.158471255050215420e-01 7.473532920304012077e+04
1.893973299967037560e+00 8.184665566783614565e+01 7.667697302233553103e+01 5.615521131456699955e-01 7.777962585517538537e+04
1.972529324606241641e+00 7.651969157152157663e+01 7.121199260396330999e+01 6.047361790872795018e-01 8.118733637153446034e+04
2.051084107826015579e+00 7.600464508974135924e+01 7.061705213558035155e+01 6.566490837988587792e-01 8.331167880295477516e+04
2.129637787001040561e+00 7.609520832240384891e+01 7.020672352293036056e+01 7.141908868172786029e-01 8.725841293000527367e+04
2.208190479956450680e+00 7.332170304669924121e+01 6.759500996898539427e+01 7.670628188431873884e-01 8.837224506038748950e+04
2.286742288326184092e+00 7.080356679530723341e+01 6.516393212339546892e+01 7.841966209672571742e-01 8.863262680089293281e+04
2.365293300241981811e+00 6.996900392466916685e+01 6.409680539089711715e+01 8.455592062485715044e-01 8.925965978180685488e+04
2.443843592503681883e+00 6.818439423100534214e+01 6.233283835700091657e+01 8.811646094999110446e-01 9.359418260334499064e+04
2.522393232343909553e+00 6.604814128604147072e+01 6.008582656212298190e+01 9.631149418905031734e-01 9.636370877111030859e+04
2.600942278872942381e+00 6.435572396788191440e+01 5.797849305014447197e+01 1.023750438785361760e+00 1.002442220752708963e+05
2.679490784269383141e+00 6.092377949197373965e+01 5.478494121470332345e+01 1.068707288953554713e+00 9.943909413247565681e+04
2.758038794767343038e+00 6.016186276738302041e+01 5.382200796593280501e+01 1.117709991205704467e+00 1.025402199097321572e+05
2.836586351479573942e+00 5.820423126956583104e+01 5.159882860250137071e+01 1.201041116933650565e+00 1.068203434192580753e+05
2.915133491087511963e+00 5.695044869326606829e+01 5.051933548937581264e+01 1.235021126185801066e+00 1.055066105908984027e+05
2.993680246422668834e+00 5.724677441871833139e+01 5.048636230517490020e+01 1.298664091177286428e+00 1.065181179560531746e+05
3.072226646958827967e+00 5.462899423191549886e+01 4.770875077487970373e+01 1.386310463163108020e+00 1.112507902908502874e+05
3.150772719230606977e+00 5.296373131900582365e+01 4.616930857244595643e+01 1.435162982950858090e+00 1.121380765659925819e+05
3.229318487190934395e+00 5.137804072713426962e+01 4.464416769663276341e+01 1.490193577640173794e+00 1.113105158712856937e+05
3.307863972517584905e+00 5.082838284840167375e+01 4.393434747919889816e+01 1.566087080726614733e+00 1.139006402949298645e+05
3.386409194877053608e+00 5.016090459422395043e+01 4.313145924134719422e+01 1.641094121530629835e+00 1.172985546744275052e+05
3.464954172152534095e+00 5.045045069448478614e+01 4.314732032225242619e+01 1.707806753637998831e+00 1.191156779462464474e+05
3.543498920641575456e+00 4.927239553783551429e+01 4.191609036318635617e+01 1.795364710854040924e+00 1.216642578489441075e+05
3.622043455228019404e+00 4.869274080735456067e+01 4.122215841086534738e+01 1.847909596547983924e+00 1.227989446718962281e+05
3.700587789532037597e+00 4.811884571495824758e+01 4.047292382209563755e+01 1.931610073599109967e+00 1.252780804557166121e+05
3.779131936041457696e+00 4.817287179283513154e+01 4.057096595720977916e+01 2.038309348703181367e+00 1.259719109317860857e+05
3.857675906227046259e+00 4.808083016225614159e+01 4.028650146734957360e+01 2.045105829306946621e+00 1.275342239434550866e+05
3.936219710643986680e+00 4.750003874740157528e+01 3.954273992424404582e+01 2.160166233913476841e+00 1.300135158713185228e+05
4.014763359021444877e+00 4.747103321024662392e+01 3.916102427313624901e+01 2.244389973367575841e+00 1.294536378432920319e+05
4.093306860341824560e+00 4.755610178607108196e+01 3.915520068769362894e+01 2.335445203358809785e+00 1.334610526124306198e+05
4.171850222911064776e+00 4.720562946826637329e+01 3.866537528407434365e+01 2.429217456368543360e+00 1.336609584873580025e+05
4.250393454421145911e+00 4.645975493397609313e+01 3.809985585524648855e+01 2.478473162867263824e+00 1.334447099101835047e+05
4.328936562005788247e+00 4.708641957298723923e+01 3.837623011209895196e+01 2.566686982683779927e+00 1.382753821942009090e+05
4.407479552290201497e+00 4.671799414202281042e+01 3.805730320485766782e+01 2.663441652488916400e+00 1.392304388211113692e+05
4.486022431435594982e+00 4.687707404489566443e+01 3.796392323535375368e+01 2.732785826680486974e+00 1.391588635291073006e+05
4.564565205179107465e+00 4.629839459071027363e+01 3.736688759229308232e+01 2.839006808265702286e+00 1.421830922909190704e+05
4.643107878869670024e+00 4.708671152578671837e+01 3.798665072661817277e+01 2.916216979307155288e+00 1.442443909046270419e+05
4.721650457500300213e+00 4.639776822928654809e+01 3.745874100987897748e+01 2.988738879711533514e+00 1.443003883691749943e+05
4.800192945737217443e+00 4.704865135876774218e+01 3.749523851058791735e+01 3.132996125478573646e+00 1.471394000732898712e+05
4.878735347946150824e+00 4.715282142333938253e+01 3.748235792216475915e+01 3.188237784425730581e+00 1.482795697516961081e+05
4.957277668216146793e+00 4.717174069500467937e+01 3.749819428532892118e+01 3.318842577903251101e+00 1.490843688915333478e+05
5.035819910381144737e+00 4.688833853251966843e+01 3.723550039427534841e+01 3.417431577817425570e+00 1.496265530096804432e+05
5.114362078039562221e+00 4.703853853200622837e+01 3.711605735654689653e+01 3.500689001103700182e+00 1.522407964345814253e+05
5.192904174572115394e+00 4.708233799137430253e+01 3.699941445373276139e+01 3.594871320040085028e+00 1.536863701138806355e+05
5.271446203158030919e+00 4.744040884834407734e+01 3.715188093692607652e+01 3.729071515211000332e+00 1.557162476570746221e+05
5.349988166789838573e+00 4.734420604175258518e+01 3.704615377639973417e+01 3.784484989462596705e+00 1.557686999008848215e+05
5.428530068286878674e+00 4.745714552099298089e+01 3.684959594702482377e+01 3.928211003798840917e+00 1.584654379163203412e+05
5.507071910307648643e+00 4.695310797463412200e+01 3.652245968573591028e+01 3.971706157568836826e+00 1.585125574948226567e+05
5.585613695361120179e+00 4.758935632844018215e+01 3.672337505258336421e+01 4.180483328833634715e+00 1.624241803090436733e+05
5.664155425817094525e+00 4.741409210300020760e+01 3.663856573072001765e+01 4.262279788522649326e+00 1.620492146906407143e+05
5.742697103915729961e+00 4.724072441083198726e+01 3.635357027046376999e+01 4.332402347089651329e+00 1.632353194745622168e+05
5.821238731776284148e+00 4.709983068287313301e+01 3.612050572234866763e+01 4.443912836089093155e+00 1.648203238976066350e+05
5.899780311405160127e+00 4.707527803285857715e+01 3.606312883574876338e+01 4.547671827422971269e+00 1.653558431148708914e+05
5.978321844703323507e+00 4.703652534441052069e+01 3.597657892178104078e+01 4.624209357905537665e+00 1.658189048971103330e+05
6.056863333473133437e+00 4.745854045627364570e+01 3.611025690386649245e+01 4.723798635744132390e+00 1.688805905236235412e+05
6.135404779424661115e+00 4.744351684668826863e+01 3.582416685893326758e+01 4.933695592470226821e+00 1.713839966447074548e+05
6.213946184181517118e+00 4.715577637451320925e+01 3.573424130711692470e+01 5.006131426340766133e+00 1.717474078130199923e+05
6.292487549286247983e+00 4.738823020667030761e+01 3.565015395551714050e+01 5.086380631790415663e+00 1.736584705222891935e+05
6.371028876205335756e+00 4.731985303011940402e+01 3.551717129432742581e+01 5.258872331749487650e+00 1.723925369434865715e+05
6.449570166333828070e+00 4.723442475543163965e+01 3.549391158117677492e+01 5.384228328094676108e+00 1.767491210511128884e+05
6.528111420999634262e+00 4.739252726890823197e+01 3.540310211135876273e+01 5.484345373104239307e+00 1.768484405668685504e+05
6.606652641467518627e+00 4.714093776803963465e+01 3.510600332800171941e+01 5.642993208631347457e+00 1.778240535439538944e+05
6.685193828942805006e+00 4.776686496050904651e+01 3.548168336841087722e+01 5.721174354678161045e+00 1.778335022427354124e+05
6.763734984574836240e+00 4.709949388998197151e+01 3.504937636565286141e+01 5.843288843400334720e+00 1.780664916456302162e+05
6.842276109460177835e+00 4.743819130288483876e+01 3.505933958547613116e+01 5.950712423589029854e+00 1.802797232806076354e+05
6.920817204645620890e+00 4.696319390182332398e+01 3.481395184235855567e+01 6.063801177179649393e+00 1.808669817018186441e+05
6.999358271130968312e+00 4.778750048276091889e+01 3.520459171567712531e+01 6.254549939205874765e+00 1.830085165750069718e+05
7.077899309871646949e+00 4.757810847306137703e+01 3.502607666803905317e+01 6.356870413858203506e+00 1.859345805937160039e+05
7.156440321781138536e+00 4.745859660133747582e+01 3.487363228501996559e+01 6.471590589955779294e+00 1.846097879210998362e+05
7.234981307733260536e+00 4.765362548000084786e+01 3.470759926187925259e+01 6.686859991245429846e+00 1.860862443599567341e+05
7.313522268564292439e+00 4.725801690533611321e+01 3.454564037163674328e+01 6.765331678717620534e+00 1.858555907555783924e+05
7.392063205074973276e+00 4.764954174957390620e+01 3.471139454669933144e+01 6.889441493730864785e+00 1.864885524108287063e+05
7.470604118032365015e+00 4.714650011857500544e+01 3.422099295939614905e+01 7.036192681766184620e+00 1.885846440872206877e+05
7.549145008171610272e+00 4.771879304597707261e+01 3.471773902167949899e+01 7.163495798243709523e+00 1.893256160557931580e+05
7.627685876197570103e+00 4.809783894258541181e+01 3.488497334670323369e+01 7.346849940568834114e+00 1.910305675772291725e+05
7.706226722786373884e+00 4.795977498030272557e+01 3.459844252062059411e+01 7.460028362618090547e+00 1.918081081699750794e+05
7.784767548586863484e+00 4.785881295733274499e+01 3.446675038229400201e+01 7.595541031442056834e+00 1.918026141225703177e+05
7.863308354221953955e+00 4.795485890776408411e+01 3.460201092603524842e+01 7.663325473510215424e+00 1.924740691988595645e+05
7.941849140289923170e+00 4.832298917261214655e+01 3.472996528785581916e+01 7.866316224572905469e+00 1.927695090952971077e+05
8.020389907365611748e+00 4.813902935264564320e+01 3.440071006047661228e+01 7.976193645052187087e+00 1.963828533043733041e+05
8.098930656001561701e+00 4.813550957599406388e+01 3.439061583265934985e+01 8.162839773323115722e+00 1.968965170127343154e+05
8.177471386729090241e+00 4.809729545949140572e+01 3.446315631397199297e+01 8.239835868327826773e+00 1.966561940520337375e+05
8.256012100059292536e+00 4.844416609490964731e+01 3.462177795393330371e+01 8.442239572781028656e+00 1.978334077187131043e+05
8.334552796484000936e+00 4.805997358965267807e+01 3.430281242702223921e+01 8.537439707149809820e+00 1.987218090651728271e+05
8.413093476476680266e+00 4.882452975494233272e+01 3.445605303730923907e+01 8.723897203408624179e+00 1.999675151429276739e+05
8.491634140493276917e+00 4.853557156618590795e+01 3.444206971620593549e+01 8.842278233644696783e+00 1.998548527754473616e+05
8.570174788973028868e+00 4.871070410655453742e+01 3.424734455132538358e+01 9.072334088014823550e+00 2.007492469204709632e+05
8.648715422339215309e+00 4.884069236371373535e+01 3.455968582003810496e+01 9.144362743705224617e+00 2.024278022180587868e+05
8.727256040999876063e+00 4.858091206376885651e+01 3.429017810451065174e+01 9.276867613573477556e+00 2.030090950976852037e+05
8.805796645348495488e+00 4.884697780520447452e+01 3.440935295057013832e+01 9.435376576658693892e+00 2.029301582594365755e+05
8.884337235764643737e+00 4.887496485094678178e+01 3.429442717700987941e+01 9.637998120624388321e+00 2.033821249104363378e+05
8.962877812614589601e+00 4.903868669483752285e+01 3.449688249149414077e+01 9.809295292277194989e+00 2.035499202621099830e+05
9.041418376251867173e+00 4.929214607302461815e+01 3.452478512464129068e+01 9.916897406636470791e+00 2.060752815773056063e+05
9.119958927017840722e+00 4.911409384581435944e+01 3.446535038837122045e+01 1.007468346537358705e+01 2.072620547146382160e+05
9.198499465242209183e+00 4.916797975764333017e+01 3.440662761415273252e+01 1.025096688247785970e+01 2.070522388533332560e+05
9.277039991243508865e+00 4.942263820449155531e+01 3.446371152281302841e+01 1.045725325085216539e+01 2.077772048041414819e+05
9.355580505329580632e+00 4.954108035044997393e+01 3.436671165994222577e+01 1.062876651563991359e+01 2.088757748516478459e+05
9.434121007798012215e+00 4.963414333263960998e+01 3.455476990158443584e+01 1.075129479462255766e+01 2.092295293769821874e+05
9.512661498936562765e+00 4.969311652852397287e+01 3.450484927294773030e+01 1.091559392253947358e+01 2.103166876018401817e+05
9.591201979023569635e+00 4.978287423943348955e+01 3.451158621186635145e+01 1.107886364834811488e+01 2.109790270277962845e+05
9.669742448328321416e+00 4.951909888353631572e+01 3.423694307878093213e+01 1.126587723130541896e+01 2.103576731859567517e+05
9.748282907111432749e+00 4.994459605314511208e+01 3.447568992672574950e+01 1.139357236464681478e+01 2.129228403775207407e+05
9.826823355625185386e+00 4.976959315939724604e+01 3.435640506863954613e+01 1.153043558407802394e+01 2.117975539006205217e+05
9.905363794113858589e+00 4.998669969018335735e+01 3.452494864761286664e+01 1.176337267716301760e+01 2.126399512831379252e+05
9.983904222814045326e+00 5.005078464842216590e+01 3.449229039451819290e+01 1.192721853295561729e+01 2.133769131460986391e+05
1.006244464195495070e+01 5.032747697763018380e+01 3.477882388355551058e+01 1.210048700741079664e+01 2.145521758662480570e+05
1.014098505175868148e+01 5.005273828219137044e+01 3.453906310829668769e+01 1.225049996315431855e+01 2.135045656325938762e+05
1.021952545244051613e+01 5.051537511573795314e+01 3.455590313200059427e+01 1.245461649647948654e+01 2.156483112357787613e+05
1.029806584420916415e+01 5.048447131385164965e+01 3.453816817980141707e+01 1.274096388449207851e+01 2.173498117256801634e+05
1.037660622726701654e+01 5.016883063249782992e+01 3.445303166377134829e+01 1.280009075643219596e+01 2.166209531476078264e+05
1.045514660181038380e+01 5.064500816866061683e+01 3.466621657699359105e+01 1.303692662977903716e+01 2.159423327891068184e+05
1.053368696802971982e+01 5.057880156539971495e+01 3.464700268071997158e+01 1.321191894806144518e+01 2.174176792853950174e+05
1.061222732610984210e+01 5.088809428295550674e+01 3.464902417435759219e+01 1.333144377533051816e+01 2.192386386082713143e+05
1.069076767623013779e+01 5.072106129607931990e+01 3.463720440033110748e+01 1.355853082599989889e+01 2.197161639182855433e+05
1.076930801856475739e+01 5.087273354548071325e+01 3.468827895655820015e+01 1.367893353888574204e+01 2.198204164256619988e+05
1.084784835328281005e+01 5.129161647539103797e+01 3.495002201029505073e+01 1.388502433726921659e+01 2.201479543371027394e+05
1.092638868054854306e+01 5.100245453752062019e+01 3.477666147949003772e+01 1.410326219250674207e+01 2.200490103538336116e+05
1.100492900052151413e+01 5.121617990933565778e+01 3.485014119758204032e+01 1.428105199058394348e+01 2.210446239281314774e+05
1.108346931335675833e+01 5.136739353607561753e+01 3.493279448494049433e+01 1.443232360070052245e+01 2.206560754745619779e+05
1.116200961920494805e+01 5.129388622971821832e+01 3.481718224059575562e+01 1.465270423971233171e+01 2.216551827091911982e+05
1.124054991821254212e+01 5.128433941858974521e+01 3.478530616246705875e+01 1.480642761310356370e+01 2.213836391058114241e+05
1.131909021052193687e+01 5.145615996418281668e+01 3.488301412494227094e+01 1.500617620574672628e+01 2.224043654734558659e+05
1.139763049627160285e+01 5.128103442979151794e+01 3.490136334169181964e+01 1.517217103951839263e+01 2.226755139687616902e+05
1.147617077559622167e+01 5.189156531953043583e+01 3.504723154743628299e+01 1.544214196018421426e+01 2.234317148614825564e+05
1.155471104862680853e+01 5.176724718515388446e+01 3.505219012969897108e+01 1.557992108109423057e+01 2.242537066197207605e+05
1.163325131549084368e+01 5.161663110770638951e+01 3.496377423919247462e+01 1.576637815985012026e+01 2.243162246246475552e+05
1.171179157631238787e+01 5.184752767130224527e+01 3.523978208983134408e+01 1.600339050788417339e+01 2.235766495953793055e+05
1.179033183121219608e+01 5.185995328704940022e+01 3.518615534110397647e+01 1.617232563831895220e+01 2.250213247078257264e+05
1.186887208030782759e+01 5.176200518135534168e+01 3.502335585304219023e+01 1.640291093652511023e+01 2.251457305861074128e+05
1.194741232371374728e+01 5.229350015488510195e+01 3.524839979168655901e+01 1.666093020040183248e+01 2.264829191213951854e+05
1.202595256154143222e+01 5.188201069103770635e+01 3.519717014647579134e+01 1.674277880983823152e+01 2.251012949035589700e+05
1.210449279389946753e+01 5.216840779014768970e+01 3.521774485430471913e+01 1.704664433228759535e+01 2.269197970153756614e+05
1.218303302089363527e+01 5.219389078523958858e+01 3.526368222153922005e+01 1.724142336669495279e+01 2.260606206675511203e+05
1.226157324262700676e+01 5.226201166926602326e+01 3.534227657020417723e+01 1.734308938827957647e+01 2.276295358310251031e+05
1.234011345920003322e+01 5.244170764288314501e+01 3.526394530272649064e+01 1.763066516564639841e+01 2.276455611090490420e+05
1.241865367071062565e+01 5.206587950318824909e+01 3.511088484126914722e+01 1.778665784616081424e+01 2.282562334052087681e+05
1.249719387725422415e+01 5.252711996625978230e+01 3.541409749053030964e+01 1.799568742310896141e+01 2.279085010534504545e+05
1.257573407892389383e+01 5.262852815846127896e+01 3.543133116669124405e+01 1.818528411877991502e+01 2.284447345617629471e+05
1.265427427581038877e+01 5.249056695075133661e+01 3.535375404879402339e+01 1.841089614533307994e+01 2.285380909503180883e+05
1.273281446800221772e+01 5.250061150555251999e+01 3.542296029719270933e+01 1.861831507881223402e+01 2.283593346849111840e+05
1.281135465558572584e+01 5.256435546916656421e+01 3.543035088190249127e+01 1.889006747363877992e+01 2.297679777648450981e+05
1.288989483864514796e+01 5.252510686106771942e+01 3.540034062235272216e+01 1.913627696646572929e+01 2.302392041600004304e+05
1.296843501726268322e+01 5.284581915709539857e+01 3.556900789408233976e+01 1.924983234352792749e+01 2.299820671348833712e+05
1.304697519151855190e+01 5.279792187280468596e+01 3.551075277655221640e+01 1.951609445592709946e+01 2.298406935439968656e+05
1.312551536149104692e+01 5.301687159895583790e+01 3.555449730010759879e+01 1.975019897678548020e+01 2.308862687209548894e+05
1.320405552725660492e+01 5.293115860847788667e+01 3.564942985666262842e+01 1.990853893874713521e+01 2.307714238349194347e+05
1.328259568888985243e+01 5.293707127935110179e+01 3.562136120068893064e+01 2.029684702621527848e+01 2.307641724916669191e+05
1.336113584646366270e+01 5.306708231844203993e+01 3.567028072259241611e+01 2.051102622489456095e+01 2.317855869417040667e+05
1.343967600004920548e+01 5.303015862167263350e+01 3.570756021965673455e+01 2.074519916239194472e+01 2.318265191538504441e+05
1.351821614971599317e+01 5.310072784628893316e+01 3.573071979688699429e+01 2.088903941051253810e+01 2.320490951109418529e+05
1.359675629553193588e+01 5.312681302569107800e+01 3.590740243912711804e+01 2.114252374563112724e+01 2.322078201865511364e+05
1.367529643756338231e+01 5.304549011230409405e+01 3.576698669501887196e+01 2.132677503716083223e+01 2.323030704236760212e+05
1.375383657587516595e+01 5.349136455423418113e+01 3.595248426902195149e+01 2.167550148085230788e+01 2.325808838895695517e+05
1.383237671053064766e+01 5.336751871945718051e+01 3.600611595156279776e+01 2.185605917798166686e+01 2.330188234583501471e+05
1.391091684159175834e+01 5.351874580440306772e+01 3.605003020722168827e+01 2.215632416794259285e+01 2.339287551771020808e+05
1.398945696911903269e+01 5.319821263076708817e+01 3.599684289896197953e+01 2.227052219269176447e+01 2.331944579293832066e+05
1.406799709317166069e+01 5.330457962374990899e+01 3.596014383060416719e+01 2.250359500109034272e+01 2.339321139689198171e+05
1.414653721380751428e+01 5.368007887308524317e+01 3.615890045152132615e+01 2.282463504449782477e+01 2.349809265928660170e+05
1.422507733108318817e+01 5.361467871727899137e+01 3.624821805930409369e+01 2.308571726193109086e+01 2.340867291121743037e+05
1.430361744505403543e+01 5.367219676853928689e+01 3.631539452841840898e+01 2.321716811322884411e+01 2.341790318369938759e+05
1.438215755577419586e+01 5.364958581220578537e+01 3.622336454229635905e+01 2.345433439598828684e+01 2.355246708627307089e+05
1.446069766329663686e+01 5.367240829502731714e+01 3.631459674079394517e+01 2.364104563402499437e+01 2.352007008219801646e+05
1.453923776767318010e+01 5.386609615111111538e+01 3.632370538926874559e+01 2.397858180391230221e+01 2.361617644720735843e+05
1.461777786895453346e+01 5.386369630675699938e+01 3.634506934467228945e+01 2.413895540462624822e+01 2.355828753738675732e+05
1.469631796719032302e+01 5.385602668930960846e+01 3.653204928050940481e+01 2.447364914128623781e+01 2.352860683300111559e+05
1.477485806242911437e+01 5.392947301633716251e+01 3.646997873361752340e+01 2.474140534595778007e+01 2.363405062306867912e+05
1.485339815471844993e+01 5.398900922909693634e+01 3.670058985330134504e+01 2.491220897736673834e+01 2.360471793319958088e+05
1.493193824410487203e+01 5.395139687953384566e+01 3.667939008543835655e+01 2.523006552024634885e+01 2.364919248317578458e+05
1.501047833063394421e+01 5.407035774732253230e+01 3.679149409762779754e+01 2.550744631099491144e+01 2.372384301249159034e+05
1.508901841435028857e+01 5.426223547610452158e+01 3.699058408682900279e+01 2.573637775292056062e+01 2.372063650886635878e+05
1.516755849529759992e+01 5.454609499641868808e+01 3.704068849553201659e+01 2.611292074179843326e+01 2.386194887941555353e+05
1.524609857351867070e+01 5.432196098031125331e+01 3.686709911440576803e+01 2.635090190559844103e+01 2.377222457563132630e+05
1.532463864905541762e+01 5.434138689583202364e+01 3.704642561112704868e+01 2.650081564498078990e+01 2.373361791591055226e+05
1.540317872194890292e+01 5.441055053624902627e+01 3.704661737478759420e+01 2.687682491193857359e+01 2.383344780406588688e+05
1.548171879223935399e+01 5.428493627077723716e+01 3.703190429464611100e+01 2.703599109395551636e+01 2.383249978731589217e+05
1.556025885996618996e+01 5.458445783557517927e+01 3.719766605119387748e+01 2.739132434325392396e+01 2.398191547751520993e+05
1.563879892516803238e+01 5.477568205485601283e+01 3.743008214843529657e+01 2.761842903249940306e+01 2.394251068551537173e+05
1.571733898788273187e+01 5.458165615887151034e+01 3.738533616159094919e+01 2.781004909115899792e+01 2.392042366523940873e+05
1.579587904814739119e+01 5.473519106662455869e+01 3.744449316434481290e+01 2.824469685747923364e+01 2.403015511490217468e+05
1.587441910599837769e+01 5.474913454995221684e+01 3.749056861983489597e+01 2.840150913407754274e+01 2.388997080477119016e+05
1.595295916147133575e+01 5.493923754993451780e+01 3.760710679323673133e+01 2.873012170577093727e+01 2.404256236609281914e+05
1.603149921460121874e+01 5.497766916673576532e+01 3.764712858302283394e+01 2.896098245474700761e+01 2.410858535195701697e+05
1.611003926542229436e+01 5.511438046148649050e+01 3.770787022338645045e+01 2.934389305333838749e+01 2.417066235071882256e+05
1.618857931396816596e+01 5.504803948178388140e+01 3.779605359190209413e+01 2.951232582606166233e+01 2.414510622527360974e+05
1.626711936027179561e+01 5.522721060502647106e+01 3.801204705150410490e+01 2.984106683887302580e+01 2.417775731776229222e+05
1.634565940436549525e+01 5.537643481851733185e+01 3.798398592098921256e+01 3.016985666693828350e+01 2.420566765674605267e+05
1.642419944628097639e+01 5.541077916043337126e+01 3.825619109483522351e+01 3.040592666849385139e+01 2.418418667074251571e+05
1.650273948604932883e+01 5.529554808042870917e+01 3.831549614458959496e+01 3.072116324357226702e+01 2.419361967970432597e+05
1.658127952370107394e+01 5.552938593583328952e+01 3.839698884163495762e+01 3.109679256432597683e+01 2.432475152601691370e+05
1.665981955926614333e+01 5.565768282859114890e+01 3.839553275075408578e+01 3.143953685346905047e+01 2.435573294228864834e+05
1.673835959277390728e+01 5.569255255435039942e+01 3.840738277624081576e+01 3.173464652041182532e+01 2.438698359195108351e+05
1.681689962425318896e+01 5.576966350292700270e+01 3.853410429947517457e+01 3.209502568888358809e+01 2.444708127425858402e+05
1.689543965373228218e+01 5.610663690314092378e+01 3.888790342233552622e+01 3.239546237200080014e+01 2.457132422566843452e+05
1.697397968123895495e+01 5.597430431280112373e+01 3.872421463746159986e+01 3.263051295705525234e+01 2.453478941769247176e+05
1.705251970680045304e+01 5.596213081628749109e+01 3.887794220994467764e+01 3.284981580235587018e+01 2.452360305481794931e+05
1.713105973044353902e+01 5.611742585365136193e+01 3.915305405023411112e+01 3.324477065399036491e+01 2.456113771557111177e+05
1.720959975219447102e+01 5.634685316260326005e+01 3.923496840052617785e+01 3.360776572434797060e+01 2.460005913839819550e+05
1.728813977207903463e+01 5.633930998119485878e+01 3.943353903645911629e+01 3.395517430988220298e+01 2.469774295485377952e+05
1.736667979012256424e+01 5.642392735917516688e+01 3.939651285212589471e+01 3.419399209979958698e+01 2.470784061663411558e+05
1.744521980634991110e+01 5.665411818722282788e+01 3.953104209100899169e+01 3.456123120783168901e+01 2.480617096893780108e+05
1.752375982078550365e+01 5.662428172476720789e+01 3.967808412675471175e+01 3.495144839556108707e+01 2.485127766860556148e+05
1.760229983345331917e+01 5.680038786331418521e+01 3.989092704589439364e+01 3.519228400491956421e+01 2.486780509732400533e+05
1.768083984437692635e+01 5.700433154294280769e+01 4.009554300897410428e+01 3.556819201042758039e+01 2.494895036806245334e+05
1.775937985357945692e+01 5.706805172043504371e+01 4.004239961134758374e+01 3.587068418655860569e+01 2.500551499863916251e+05
1.783791986108364824e+01 5.738751948843850670e+01 4.028178745182558629e+01 3.630150825410993320e+01 2.510316482332376763e+05
1.791645986691183268e+01 5.720766872413892656e+01 4.034020768669535073e+01 3.655342081250378072e+01 2.506575540701470454e+05
1.799499987108595889e+01 5.736867909611665795e+01 4.065641962999789882e+01 3.695364465794521891e+01 2.511502273691828304e+05
1.807353987362759185e+01 5.764660655990005012e+01 4.076047221583294089e+01 3.733147593836780942e+01 2.527342516792186943e+05
1.815207987455791638e+01 5.771905979849210411e+01 4.087566395913536610e+01 3.768991385276827799e+01 2.530807470759153657e+05
1.823061987389775851e+01 5.798601498035121438e+01 4.109064878738016091e+01 3.808666909151165214e+01 2.534081354620206112e+05
1.830915987166758541e+01 5.804229427907657879e+01 4.122307277036130557e+01 3.836337639907888786e+01 2.541257349343551032e+05
1.838769986788751964e+01 5.835688705696568945e+01 4.128764167552684228e+01 3.883844372757118890e+01 2.549598929038576898e+05
1.846623986257733563e+01 5.815806897676734621e+01 4.144156827000495724e+01 3.911951960987448018e+01 2.554820790479620337e+05
1.854477985575647381e+01 5.843756436696791212e+01 4.174926756827544949e+01 3.951276797099635019e+01 2.560881924515379942e+05
1.862331984744404423e+01 5.870589799091870731e+01 4.187460391111664393e+01 3.988405862934726542e+01 2.574554136085575155e+05
1.870185983765884075e+01 5.890112461718062775e+01 4.205147656191607553e+01 4.030487477173245736e+01 2.583997921881671064e+05
1.878039982641934458e+01 5.888948742090301636e+01 4.222828401700292034e+01 4.068552228071816756e+01 2.589421428777727997e+05
1.885893981374372075e+01 5.923306499328624142e+01 4.239066719474423195e+01 4.113634725002648196e+01 2.602430903060770361e+05
1.893747979964983941e+01 5.940213823831156503e+01 4.262253580217274163e+01 4.134259675420622671e+01 2.601913420529896975e+05
1.901601978415527228e+01 5.962216850202043616e+01 4.277338355265970904e+01 4.164683699542018758e+01 2.618550643956739805e+05
1.909455976727730331e+01 5.986551060038896566e+01 4.299310570013275878e+01 4.216043492716490704e+01 2.621192600587517372e+05
1.917309974903293579e+01 5.996486116393381849e+01 4.316452816002913551e+01 4.252983022012676173e+01 2.632222403954729671e+05
1.925163972943889235e+01 5.993050208618419106e+01 4.331558950563231747e+01 4.293433530558520772e+01 2.630263741904142080e+05
1.933017970851161849e+01 6.046114080496079168e+01 4.369953660521301941e+01 4.347468071808262380e+01 2.652643328655905207e+05
1.940871968626730748e+01 6.072157146875198919e+01 4.391136045389534814e+01 4.386825794717328364e+01 2.663319840187840746e+05
1.948725966272188259e+01 6.099305588228416042e+01 4.405534852605317298e+01 4.411341790033804244e+01 2.673061031418600469e+05
1.956579963789100773e+01 6.105376952069507723e+01 4.431347428480192008e+01 4.467248315616333798e+01 2.680307890149388113e+05
1.964433961179010524e+01 6.134621072681292020e+01 4.447859943873559274e+01 4.512349609273309170e+01 2.696263006227572914e+05
1.972287958443434519e+01 6.170053661365121656e+01 4.489482652905576998e+01 4.558685784720555745e+01 2.706147051113551715e+05
1.980141955583865965e+01 6.199535275077696639e+01 4.508332831108545236e+01 4.577066468040186464e+01 2.716477604695270420e+05
1.987995952601774619e+01 6.193425281967181917e+01 4.520342814347893778e+01 4.631859291522940225e+01 2.720933084475417854e+05
1.995849949498606790e+01 6.232464668289374998e+01 4.549465957953687223e+01 4.674524364787698261e+01 2.734733488912839675e+05
2.003703946275786052e+01 6.242136361329374239e+01 4.562824104728223062e+01 4.703304057602608879e+01 2.743465503745499882e+05
2.011557942934713950e+01 6.281251008492749577e+01 4.609587940437232589e+01 4.763153315723938164e+01 2.757775899321663892e+05
2.019411939476770712e+01 6.302748302276903303e+01 4.621021691024871103e+01 4.804459890769562946e+01 2.768852278412744636e+05
2.027265935903314542e+01 6.288539310274600069e+01 4.627183673547405363e+01 4.832425414917919682e+01 2.760716578580589849e+05
2.035119932215682326e+01 6.291382116031826399e+01 4.646077435214878903e+01 4.880889646749285049e+01 2.765694525319818640e+05
2.042973928415191054e+01 6.290263862994367372e+01 4.645351254898928062e+01 4.895084729340806717e+01 2.761222486779965693e+05
2.050827924503137467e+01 6.297811033807003867e+01 4.667084599983633098e+01 4.954525250742224074e+01 2.770722822156159091e+05
2.058681920480798766e+01 6.324982018321482258e+01 4.673409308858084898e+01 4.986355642000239641e+01 2.775266199748131912e+05
2.066535916349431901e+01 6.318068141503161428e+01 4.695593767630663962e+01 5.041582258408443096e+01 2.774202197216859786e+05
2.074389912110275347e+01 6.317145227088056458e+01 4.698589191878367899e+01 5.067802448458922271e+01 2.781347360779236187e+05
2.082243907764548752e+01 6.310728987493806841e+01 4.725872007143805575e+01 5.093834706449585781e+01 2.775940519587718300e+05
2.090097903313453642e+01 6.332068460834238977e+01 4.728075176888719966e+01 5.143426072043887842e+01 2.788246416740792920e+05
2.097951898758173783e+01 6.355018472087500214e+01 4.749616430768901409e+01 5.183883149917998168e+01 2.791753101320037968e+05
2.105805894099874109e+01 6.336206767479756508e+01 4.759364385061326885e+01 5.223357511349411908e+01 2.791261303957107011e+05
2.113659889339703568e+01 6.342990613263247468e+01 4.789194136281917480e+01 5.263401649905232205e+01 2.792598969489516458e+05
2.121513884478793344e+01 6.339046538467302128e+01 4.805515702607340245e+01 5.306588486868704280e+01 2.797450024553081021e+05
2.129367879518258277e+01 6.343708579298662897e+01 4.810789929925126529e+01 5.345954493680481789e+01 2.796902391481839004e+05
2.137221874459196869e+01 6.365611263041476064e+01 4.825284723102011952e+01 5.398526767647726388e+01 2.809724441769671976e+05
2.145075869302691274e+01 6.358097678347643722e+01 4.840484663055064374e+01 5.431460802200648175e+01 2.803982571297378163e+05
2.152929864049807307e+01 6.361432846577631750e+01 4.855449012811205733e+01 5.476353799366876274e+01 2.810661677237970871e+05
2.160783858701596571e+01 6.389271417824585342e+01 4.867270643377830197e+01 5.521425299832644384e+01 2.814238395140596549e+05
2.168637853259094683e+01 6.364640629559739438e+01 4.882355518504917313e+01 5.540387919980515363e+01 2.809371169642761233e+05
2.176491847723321982e+01 6.384701148389213898e+01 4.910305115745462246e+01 5.591241685255061356e+01 2.814991307338775950e+05
2.184345842095285306e+01 6.382914289940124775e+01 4.922862401690194645e+01 5.646237829991470392e+01 2.824103152590455138e+05
2.192199836375975508e+01 6.407865399616873958e+01 4.948503579396480490e+01 5.704230297893098367e+01 2.833775588093530969e+05
2.200053830566371005e+01 6.418073579414202356e+01 4.970433877674658874e+01 5.734628263822747840e+01 2.833525560415675282e+05
2.207907824667434582e+01 6.411443851523232240e+01 4.965051248994487310e+01 5.772816425048061006e+01 2.831293410215416807e+05
2.215761818680116590e+01 6.399144724706366816e+01 4.975636274489679778e+01 5.801317891832488982e+01 2.832436667511736741e+05
2.223615812605353526e+01 6.416109867141288703e+01 4.999448435952138681e+01 5.865867864534064324e+01 2.839330800319459522e+05
2.231469806444068738e+01 6.467144371698516636e+01 5.032058895776191321e+01 5.914448508547044270e+01 2.850834490807615803e+05
2.239323800197172432e+01 6.439362452863893793e+01 5.051350598015403648e+01 5.961856174325283320e+01 2.853078210552712553e+05
2.247177793865562023e+01 6.457189251226050430e+01 5.049851705400018176e+01 5.996553813126339350e+01 2.860413912524133339e+05
2.255031787450123204e+01 6.442231062864080116e+01 5.069320468317034312e+01 6.051459673670844097e+01 2.855313069440050167e+05
2.262885780951728165e+01 6.471914282836176824e+01 5.111229379442718113e+01 6.100780789065378684e+01 2.872119918723939336e+05
2.270739774371238440e+01 6.476892465797602938e+01 5.116961616597356510e+01 6.130713016882248922e+01 2.867516608129250235e+05
2.278593767709502771e+01 6.481063988860505276e+01 5.131216130281727317e+01 6.188722753645051711e+01 2.869467072948847199e+05
2.286447760967358178e+01 6.484711562375103711e+01 5.154349207347674877e+01 6.214688073594764006e+01 2.876401980702863075e+05
2.294301754145629957e+01 6.498600805601155628e+01 5.150976513950540436e+01 6.263789384965217266e+01 2.885497905781722511e+05
2.302155747245133455e+01 6.523096115751802415e+01 5.187051799614680903e+01 6.321724656843073831e+01 2.895476916091022431e+05
2.310009740266672296e+01 6.508494508543526536e+01 5.215268483908242558e+01 6.366313872144014852e+01 2.892582672180147492e+05
2.317863733211038380e+01 6.539939856151612219e+01 5.239697984614475246e+01 6.405530189020140597e+01 2.902125023329220130e+05
2.325717726079013303e+01 6.533129701895384756e+01 5.272386667664737558e+01 6.455006436402095460e+01 2.895151280757395434e+05
2.333571718871368716e+01 6.549090067253430902e+01 5.286647012478466934e+01 6.522914666350962420e+01 2.913212132616414456e+05
2.341425711588865965e+01 6.541070696415106056e+01 5.288915700469865300e+01 6.547834905560273455e+01 2.911850911881360807e+05
2.349279704232255384e+01 6.563213553151155111e+01 5.316939537617833622e+01 6.607174174299396441e+01 2.917113012813533423e+05
2.357133696802278067e+01 6.584550970967812589e+01 5.324732413086397997e+01 6.654104259604099525e+01 2.930152946048754966e+05
2.364987689299664453e+01 6.587108667393069084e+01 5.349001845200561434e+01 6.713240776378397356e+01 2.934951663697520271e+05
2.372841681725136453e+01 6.604231586795521025e+01 5.389415257584365548e+01 6.734110024491212698e+01 2.937339361185483867e+05
2.380695674079405322e+01 6.620211927238703709e+01 5.399073329648123121e+01 6.808879176331899430e+01 2.942274101753502036e+05
2.388549666363174140e+01 6.633033524892941557e+01 5.424266805167142991e+01 6.852130135910041986e+01 2.952147645009742118e+05
2.396403658577134976e+01 6.623655159522874669e+01 5.451731661478942215e+01 6.896381217284012166e+01 2.950508173031989718e+05
2.404257650721972439e+01 6.648175063105912841e+01 5.475451266073935841e+01 6.947468114684737372e+01 2.958509753174322541e+05
2.412111642798362254e+01 6.653214875307838838e+01 5.506003563768404518e+01 7.011792690450901944e+01 2.965912135526227648e+05
2.419965634806970556e+01 6.641733609924466464e+01 5.520300869549564027e+01 7.045829758010839328e+01 2.963353276432729908e+05
2.427819626748454596e+01 6.684972255233550698e+01 5.545391779825057910e+01 7.105790871734046732e+01 2.976514319714885205e+05
2.435673618623464520e+01 6.682561230376087735e+01 5.572528483171036839e+01 7.150929938394992291e+01 2.983012082511596382e+05
2.443527610432640529e+01 6.704607384345246146e+01 5.608044294127640228e+01 7.189364586689966075e+01 2.992111420828799019e+05
2.451381602176616425e+01 6.753722962727482582e+01 5.646764437700768724e+01 7.267696750526856420e+01 3.008073597297931556e+05
2.459235593856016067e+01 6.748210065006414027e+01 5.655833049287733871e+01 7.342525155086383393e+01 3.011996216539102024e+05
2.467089585471456203e+01 6.757065107347305855e+01 5.673627198110987990e+01 7.378458905368751175e+01 3.022747179550647270e+05
2.474943577023546126e+01 6.762846735832626166e+01 5.704204591561375537e+01 7.431230562175656473e+01 3.022072232734697172e+05
2.482797568512887310e+01 6.798354195493961072e+01 5.727040752277390112e+01 7.476757450455585285e+01 3.036293318368449691e+05
2.490651559940072346e+01 6.807723630701262607e+01 5.766040550186503566e+01 7.519920366837300207e+01 3.040426590098857414e+05
2.498505551305688144e+01 6.811717519338137095e+01 5.789980226403400820e+01 7.607761827768092644e+01 3.048472561288658180e+05
2.506359542610313440e+01 6.785841749427146397e+01 5.809109648602900222e+01 7.621208504891413327e+01 3.044967057068997528e+05
2.514213533854519511e+01 6.832445065944426688e+01 5.843303567450983138e+01 7.697589877349820142e+01 3.062352325763622066e+05
2.522067525038871239e+01 6.864797694517113769e+01 5.866533222768256906e+01 7.740543326432550941e+01 3.071972384308415349e+05
2.529921516163925688e+01 6.853857796320758666e+01 5.895655884255567258e+01 7.826678242253369433e+01 3.072714030841248459e+05
2.537775507230233529e+01 6.874012554219933691e+01 5.928089411037356626e+01 7.845391384864254292e+01 3.080521755632490385e+05
2.545629498238338684e+01 6.881160831796773891e+01 5.948683811133545163e+01 7.918600334722893308e+01 3.088522556627038866e+05
2.553483489188777966e+01 6.921898081675189474e+01 6.001521566941924135e+01 7.991230622962802954e+01 3.105526682982803322e+05
2.561337480082082152e+01 6.930928516182717658e+01 6.022975911099796775e+01 8.014487517328174704e+01 3.103127581205628230e+05
2.569191470918774911e+01 6.930665664391685254e+01 6.033081797774055133e+01 8.077677575341223815e+01 3.118964438554545632e+05
2.577045461699373874e+01 6.969213076958800457e+01 6.076604411970001962e+01 8.149074269496546208e+01 3.122410061148800887e+05
2.584899452424390631e+01 6.951102988590687914e+01 6.117542958726683366e+01 8.201982947963094261e+01 3.131323775123198284e+05
2.592753443094329668e+01 6.979914326496630395e+01 6.121160791486024522e+01 8.262207101035269829e+01 3.145093633267616970e+05
2.600607433709690852e+01 7.032316616945423959e+01 6.156785011820744558e+01 8.325930156371809687e+01 3.157830499126341892e+05
2.608461424270966944e+01 7.076133316502630066e+01 6.192087874448151297e+01 8.333662368610953308e+01 3.167869498273216886e+05
2.616315414778644310e+01 7.053064263524994715e+01 6.209765273636053706e+01 8.434664264848532866e+01 3.181039515560356085e+05
2.624169405233205055e+01 7.086902259379881741e+01 6.290978875426736039e+01 8.498540387892731474e+01 3.199949991829275968e+05
2.632023395635124174e+01 7.094442530378478295e+01 6.285616666051843282e+01 8.538855677262971255e+01 3.191729100824426278e+05
2.639877385984871694e+01 7.113963343195109701e+01 6.324119333795638909e+01 8.620879956069752836e+01 3.208918936578009743e+05
2.647731376282911953e+01 7.111694667350006682e+01 6.388708843439197693e+01 8.706085481575962604e+01 3.203048148859600187e+05
2.655585366529703606e+01 7.129398657197505429e+01 6.382437253651338693e+01 8.766517225584088635e+01 3.216490295334459515e+05
2.663439356725699980e+01 7.193152618807070553e+01 6.420125887406106813e+01 8.844454545431555914e+01 3.243406093387065921e+05
2.671293346871349428e+01 7.164595134629018958e+01 6.434462030871965510e+01 8.900106979252338135e+01 3.243459072847256321e+05
2.679147336967094617e+01 7.194241199615386506e+01 6.484233977449024167e+01 8.948406756638276249e+01 3.257046849785067025e+05
2.687001327013372531e+01 7.255351409157169940e+01 6.493722734221751125e+01 8.979605269362299680e+01 3.270667566082962439e+05
2.694855317010616602e+01 7.232257210085545296e+01 6.567139330808392117e+01 9.034254477562801355e+01 3.271639340111042839e+05
2.702709306959254221e+01 7.293010148212447064e+01 6.567632087362338211e+01 9.089215102872445584e+01 3.294577013301630504e+05
2.710563296859707094e+01 7.281161594541308091e+01 6.618451866200040001e+01 9.184490922492604170e+01 3.295597613673969754e+05
2.718417286712393377e+01 7.318226385499676212e+01 6.627477405138671429e+01 9.246390447031681958e+01 3.315883118739778292e+05
2.726271276517725894e+01 7.356233035878946680e+01 6.654971082245275227e+01 9.302153423432189072e+01 3.330845739783293102e+05
2.734125266276112498e+01 7.352517354998649068e+01 6.698623302209978192e+01 9.344504506414619982e+01 3.324903969314694987e+05
2.741979255987956776e+01 7.300984101394359982e+01 6.738534100473681576e+01 9.358718007461480681e+01 3.314280997252605157e+05
2.749833245653658054e+01 7.361005310777987631e+01 6.744719078945989565e+01 9.453049021969268040e+01 3.324099813992736163e+05
2.757687235273609616e+01 7.401598413775693075e+01 6.783014521234376559e+01 9.508436601803856547e+01 3.357094977750844555e+05
2.765541224848202262e+01 7.383318588628536361e+01 6.871270140810416649e+01 9.568011438400858992e+01 3.347399875032981508e+05
2.773395214377820395e+01 7.412622418680595615e+01 6.896746546507320375e+01 9.646160398941839276e+01 3.372881194901841227e+05
2.781249203862845576e+01 7.433278875184586809e+01 6.900578358802835055e+01 9.723330075259892169e+01 3.390004706786391907e+05
2.789103193303654038e+01 7.434920697922711952e+01 6.903716136222911359e+01 9.797271476381477839e+01 3.390491694408712792e+05
2.796957182700618816e+01 7.469696646439206233e+01 6.986838892181360450e+01 9.887800178447760402e+01 3.392225626878353651e+05
2.804811172054107615e+01 7.463186331341677260e+01 6.996033998620060856e+01 9.905046460430942545e+01 3.380673485439862125e+05
2.812665161364485655e+01 7.439035301856966953e+01 7.016438540584834982e+01 9.917002312559645816e+01 3.392088251687172451e+05
2.820519150632112115e+01 7.454082883335674126e+01 7.100643985182124140e+01 9.980671938435655477e+01 3.386928420455964515e+05
2.828373139857343332e+01 7.435234484497070184e+01 7.092356606535346941e+01 1.003115924689156202e+02 3.390623945653616684e+05
2.836227129040531736e+01 7.429987729617656100e+01 7.103645058618286612e+01 1.015877610908483177e+02 3.407470910334131913e+05
2.844081118182025847e+01 7.448335932610811483e+01 7.139608612213088179e+01 1.020913132311132330e+02 3.422849349379009800e+05
2.851935107282169923e+01 7.406574430198966752e+01 7.090093636389242704e+01 1.020481389437886151e+02 3.404555144358156831e+05
2.859789096341304315e+01 7.476617976920616115e+01 7.184451994487147886e+01 1.033643283337283378e+02 3.415287903549396433e+05
2.867643085359765820e+01 7.457317029136943631e+01 7.197937322563738860e+01 1.035894680731336308e+02 3.425983770087279263e+05
2.875497074337888392e+01 7.424554567732869259e+01 7.146549894959566984e+01 1.038408065263095921e+02 3.404174082213296206e+05
2.883351063276001369e+01 7.460382755646747910e+01 7.232141483833214579e+01 1.042594266573076567e+02 3.432311666866603191e+05
2.891205052174430890e+01 7.464352254928807895e+01 7.248383027475632900e+01 1.054398759249397415e+02 3.442851200597769930e+05
2.899059041033499184e+01 7.422619848867016401e+01 7.328183579287197347e+01 1.060583262742944726e+02 3.433076081105259364e+05
2.906913029853525643e+01 7.420264046943721326e+01 7.403809804734079592e+01 1.067539974460442807e+02 3.431641979120848118e+05
2.914767018634825746e+01 7.506052997746543554e+01 7.418395930299806196e+01 1.076209710538750954e+02 3.455095822519429494e+05
2.922621007377712132e+01 7.493434900552638567e+01 7.415874589673721573e+01 1.082684378675294283e+02 3.455875090971488971e+05
2.930474996082492822e+01 7.509078227331264088e+01 7.415440185742183132e+01 1.082559666318374951e+02 3.470438213915813831e+05
2.938328984749474060e+01 7.553724211053949489e+01 7.460715339839796911e+01 1.094876436711255820e+02 3.485779666657873895e+05
2.946182973378957826e+01 7.468102498701342995e+01 7.438100394852266106e+01 1.089307012830651189e+02 3.460247970746545470e+05
2.954036961971243258e+01 7.535332088390818228e+01 7.534099135314363593e+01 1.114363342846506697e+02 3.483681953354887664e+05
2.961890950526625943e+01 7.521117953962303204e+01 7.596500109295116943e+01 1.115353995254630064e+02 3.505301890642857179e+05
2.969744939045398979e+01 7.541565796565886615e+01 7.646377469314697350e+01 1.128453579401321747e+02 3.502702288093141979e+05
2.977598927527852268e+01 7.543909580947288873e+01 7.706848358474690031e+01 1.132274131766064755e+02 3.507862141479957500e+05
2.985452915974272159e+01 7.543018818433637307e+01 7.695365009700613257e+01 1.135831447514989776e+02 3.526436966875792714e+05
2.993306904384942868e+01 7.631286740420804904e+01 7.696989811686191274e+01 1.143018090686496180e+02 3.540186404720738647e+05
3.001160892760143994e+01 7.670514439822569841e+01 7.726849304138744401e+01 1.158966825158497045e+02 3.577731115263803513e+05
3.009014881100154071e+01 7.770354398798400553e+01 7.771435965278301694e+01 1.158482060696204599e+02 3.590516022709733807e+05
3.016868869405248077e+01 7.676137315836670894e+01 7.761217932272252540e+01 1.163822514058138324e+02 3.581681099663229543e+05
3.024722857675697441e+01 7.766269113859279116e+01 7.935598074763737486e+01 1.181571824546132490e+02 3.615535803177959751e+05
3.032576845911771457e+01 7.779749891267567818e+01 7.858883006094022505e+01 1.185334742501781449e+02 3.627446354291947209e+05
3.040430834113736580e+01 7.748833399376036368e+01 7.856962428696580503e+01 1.178546676859756843e+02 3.621677571618501097e+05
3.048284822281856421e+01 7.821727570653435180e+01 7.950225430414226935e+01 1.189844631907121908e+02 3.639897397031870205e+05
3.056138810416392460e+01 7.933018336811866789e+01 8.046068786283765917e+01 1.206777604160925534e+02 3.705427866578139947e+05
3.063992798517602267e+01 7.818802300770514080e+01 8.018797291480190381e+01 1.215579171500804279e+02 3.640487310407341574e+05
3.071846786585741640e+01 7.831969316246917856e+01 8.016174265873647187e+01 1.218298442620019983e+02 3.669229813647560659e+05
3.079700774621063886e+01 7.932115430922334554e+01 8.249026780360443922e+01 1.232726639392312364e+02 3.693530585191503633e+05
3.087554762623818760e+01 7.911365897009649473e+01 8.187176619072120332e+01 1.235654081869178071e+02 3.695871888198212255e+05
3.095408750594254599e+01 8.013032935975583371e+01 8.293055423107513491e+01 1.259200683626938542e+02 3.739465437135033426e+05
3.103262738532617249e+01 7.994384565537490062e+01 8.228744302234522934e+01 1.247058825005877765e+02 3.722455440471525653e+05
3.111116726439149005e+01 8.018800218865385432e+01 8.276111626175109848e+01 1.251682822474635515e+02 3.745575965441216249e+05
3.118970714314090387e+01 8.074112317934607574e+01 8.222702670702376793e+01 1.254564093298185270e+02 3.786990408574354369e+05
3.126824702157679781e+01 8.031075621345354421e+01 8.406863817351126045e+01 1.261765344454206002e+02 3.775305612048191251e+05
3.134678689970152377e+01 8.060250060844821007e+01 8.368135610257790802e+01 1.272905499853393962e+02 3.765057038790502120e+05
3.142532677751741588e+01 8.246418312881424129e+01 8.557620514315647142e+01 1.320131372745804015e+02 3.850486825571259833e+05
3.150386665502678696e+01 8.116473342686825276e+01 8.521279638196224937e+01 1.299618683497868687e+02 3.848779104639008874e+05
3.158240653223192140e+01 8.262605581963423163e+01 8.644820881216475073e+01 1.326780976353068411e+02 3.876021497879515518e+05
3.166094640913508229e+01 8.237275703570261953e+01 8.644631587968169129e+01 1.303046406536372217e+02 3.888730435519146267e+05
3.173948628573851494e+01 8.338992787776130911e+01 8.741454957858597652e+01 1.345933859353628463e+02 3.889131618391158991e+05
3.181802616204443623e+01 8.265202231814640754e+01 8.771234134562290308e+01 1.344970223197043140e+02 3.891083459356987150e+05
3.189656603805504531e+01 8.346497634981737690e+01 8.767871080574074938e+01 1.360093120156063833e+02 3.928811883909502649e+05
3.197510591377251998e+01 8.372604630435559159e+01 9.018927277133266784e+01 1.381552725249244702e+02 3.941852427918090252e+05
3.205364578919900964e+01 8.516051470035816351e+01 8.928806048628038639e+01 1.369110522144603976e+02 3.995928709544509766e+05
3.213218566433665302e+01 8.431884819510612772e+01 8.836794651279122093e+01 1.371431420068285263e+02 3.967438811526750796e+05
3.221072553918755688e+01 8.422878850248092419e+01 9.091112038979818522e+01 1.392550052391788427e+02 3.971337696751840413e+05
3.228926541375382442e+01 8.462813503250175984e+01 9.037859670730387052e+01 1.394213242401073671e+02 3.993277153552720556e+05
3.236780528803751622e+01 8.342291514366361582e+01 9.243444222899258023e+01 1.392332371592603977e+02 3.948551227623132290e+05
3.244634516204068575e+01 8.548561457110265849e+01 9.178782941782601767e+01 1.427135113691295487e+02 4.019814233346328256e+05
3.252488503576537227e+01 8.762876761830372629e+01 9.272129135940251388e+01 1.445788494183310320e+02 4.089227176228357712e+05
3.260342490921358660e+01 8.600069058183419202e+01 9.235003793444579401e+01 1.411451103574106298e+02 4.110409859154106234e+05
3.268196478238731828e+01 8.737208899060767919e+01 9.139862750717927042e+01 1.403621797305278562e+02 4.102831569767274195e+05
3.276050465528854261e+01 8.866318233009492644e+01 9.476563254811036074e+01 1.451912191956825779e+02 4.102319975918335840e+05
3.283904452791921358e+01 8.810586254303612463e+01 9.523478251457729016e+01 1.462397705149492140e+02 4.106213161609851522e+05
3.291758440028127097e+01 8.821002811738651417e+01 9.342476146172681695e+01 1.454484648347269626e+02 4.168532184933378594e+05
3.299612427237663326e+01 8.876149612076112305e+01 9.410117562224287724e+01 1.474211539149002306e+02 4.212085008054377977e+05
3.307466414420719758e+01 8.698197651952170872e+01 9.751680372010592635e+01 1.474495385029604506e+02 4.116296078753960319e+05
3.315320401577483977e+01 8.751965871499562866e+01 9.767321989030025975e+01 1.498653135845273425e+02 4.181992964826379321e+05
3.323174388708143567e+01 8.675099153342674185e+01 9.573784834081899930e+01 1.456771328033653390e+02 4.112678740847121226e+05
3.331028375812883269e+01 8.782713937671348958e+01 9.461578867621008726e+01 1.497965236656667969e+02 4.189816217563588289e+05
3.338882362891884981e+01 8.861065782840827865e+01 9.581591675867743163e+01 1.496311691768429739e+02 4.152089772574035451e+05
3.346736349945329891e+01 9.217579106376598475e+01 9.716558661391231055e+01 1.530637536875352396e+02 4.351241473616912845e+05
3.354590336973399189e+01 9.070778217655701781e+01 1.012373326341738817e+02 1.565107098032225963e+02 4.315685472568532568e+05
3.362444323976268379e+01 9.426592071228499492e+01 1.002827329176426900e+02 1.594228200605560062e+02 4.424728738809871138e+05
3.370298310954115806e+01 9.537367106713057296e+01 1.017529494122643570e+02 1.614091668872520984e+02 4.471482500611844007e+05
3.378152297907114132e+01 8.738476498579709073e+01 1.031825668480129252e+02 1.514898693928605553e+02 4.196669231272075558e+05
3.386006284835436730e+01 9.044168410399599622e+01 1.012787912478949579e+02 1.553995909164705154e+02 4.322568940164973610e+05
3.393860271739255552e+01 9.365784504978596203e+01 1.072635922124220116e+02 1.611995115569083907e+02 4.388850072897585342e+05
3.401714258618739706e+01 8.979007638249008494e+01 1.012881220074707329e+02 1.617961573359444003e+02 4.479578380936541944e+05
3.409568245474058301e+01 1.003906573472135051e+02 1.049502573899455342e+02 1.646108255935558304e+02 4.596635208285042318e+05
3.417422232305376895e+01 9.625369003176237470e+01 1.089353911644918185e+02 1.600711068204744549e+02 4.728449768907547696e+05
3.425276219112861043e+01 9.872148089555784622e+01 1.109914961366130228e+02 1.776955217454937497e+02 4.828986908423315035e+05
3.433130205896674880e+01 1.066584554701137080e+02 1.019872943136213763e+02 1.679122234351330292e+02 5.030795730415942380e+05
3.440984192656979701e+01 1.034952079585158771e+02 1.087627156301204820e+02 1.626605382195486129e+02 4.992828845230226289e+05
3.448838179393936088e+01 1.101293810365275903e+02 9.709543299688515106e+01 1.748955606102103388e+02 5.205749730973567930e+05
3.456692166107702491e+01 1.002613647406454191e+02 1.076442208356396861e+02 2.003027042434083000e+02 4.519815039643562632e+05
3.464546152798438072e+01 9.588080129786565919e+01 9.447601040471656120e+01 1.642198259708931971e+02 4.671380166662148549e+05
3.472400139466299152e+01 6.480984075352361629e+01 1.288858455450632050e+02 1.831365329296703237e+02 4.275914100000170292e+05
