# 0.9986 0.9998
7.871241428633635184e-02 1.835510878051343830e+00 1.819637338076908417e+00 2.628283590696216363e-04 1.147351977593404854e+03
1.618072713909662341e-01 5.608982388826828647e+00 5.502269142161708260e+00 1.407212808195132479e-03 4.582862295214194091e+03
2.418771330418761079e-01 1.050746834535665819e+01 1.035106651149411405e+01 1.693272395708476192e-03 6.288913571387424781e+03
3.211923215201240578e-01 1.277769360825492662e+01 1.255483644712113289e+01 4.241141133542583597e-03 1.224946267284344685e+04
4.002017901256537113e-01 1.349355879755407450e+01 1.314858223251689395e+01 5.908467552959652605e-03 1.732157044029569079e+04
4.790568272527075955e-01 1.725054614126398889e+01 1.680588732052439838e+01 8.459709849936269954e-03 1.697187209051391983e+04
5.578229290343351687e-01 2.213725425291214322e+01 2.151960331590220576e+01 1.166032504631057953e-02 2.462713148334090511e+04
6.365331115321660738e-01 2.490982930472903334e+01 2.413652423676916925e+01 1.609682612406945074e-02 2.629487977234981736e+04
7.152058371535838788e-01 2.356153401258680802e+01 2.274671398769014274e+01 2.045605124687576923e-02 3.021711750221689726e+04
7.938522421846891941e-01 2.533995767157552947e+01 2.437552638078124545e+01 2.491451730930019717e-02 3.151015600606532098e+04
8.724794443688169698e-01 2.959753311809242149e+01 2.849190763119190350e+01 2.891044852270688303e-02 3.392122818721196381e+04
9.510922062407737299e-01 3.206996585252429099e+01 3.086187028202495242e+01 3.319026309318266060e-02 3.710033710256154882e+04
1.029693835175838679e+00 3.673742635615151642e+01 3.529966739651099772e+01 4.083383211105356958e-02 3.789611479505018360e+04
1.108286699878543891e+00 3.982070030657632742e+01 3.831505208508407634e+01 4.608423290808373596e-02 3.909917559585432173e+04
1.186872541411916560e+00 4.028858847781202712e+01 3.870418609611387240e+01 5.460241280085736948e-02 4.150441812132204359e+04
1.265452668213572940e+00 4.222244142133078526e+01 4.057265080535540136e+01 6.002029467572744109e-02 4.381974239884190320e+04
1.344028082638708543e+00 4.496374135615629086e+01 4.317148649440270702e+01 6.873954535296025736e-02 4.754941640111160086e+04
1.422599565533279709e+00 4.794885333986577081e+01 4.612230960014743175e+01 7.315830939187453752e-02 4.708097939263789885e+04
1.501167734229200246e+00 5.109048457263406107e+01 4.899739998725129908e+01 8.589157429482330297e-02 4.967625727795020066e+04
1.579733083222462531e+00 5.214597969913513964e+01 5.001100661972846950e+01 9.492668301640348749e-02 5.351502922838610539e+04
1.658296013281593151e+00 5.302323196090703306e+01 5.094043302591619238e+01 1.001808333587612815e-01 5.394690097045880975e+04
1.736856852652245875e+00 5.604628732135549996e+01 5.371270857863490278e+01 1.132844397569797712e-01 5.405098725166021177e+04
1.815415872753641580e+00 5.581909163030978505e+01 5.344718354803875826e+01 1.225586026355978131e-01 5.651198567059708148e+04
1.893973299967037560e+00 5.876282922794356267e+01 5.636485063107042492e+01 1.351165913268864427e-01 5.822293507464000140e+04
1.972529324606241641e+00 5.846351522279854152e+01 5.595590296184168011e+01 1.460530643950062879e-01 6.090411216831922502e+04
2.051084107826015579e+00 5.897422158723035324e+01 5.643426116287454875e+01 1.585860659920609872e-01 6.244967243720287661e+04
2.129637787001040561e+00 6.105887554189813216e+01 5.834352056908874573e+01 1.729330708525419480e-01 6.500610588529635424e+04
2.208190479956450680e+00 6.078406465139921266e+01 5.810604241717602747e+01 1.873852413753319124e-01 6.586629526160484238e+04
2.286742288326184092e+00 6.098622382991813851e+01 5.830446801558689174e+01 1.969532281876074653e-01 6.607637177821194928e+04
2.365293300241981811e+00 6.098566954976001853e+01 5.816319093397894591e+01 2.127098702768513983e-01 6.682477131571582868e+04
2.443843592503681883e+00 5.995662131540570527e+01 5.724868572371116215e+01 2.252529110498061038e-01 6.992641580443785642e+04
2.522393232343909553e+00 6.056322752566634193e+01 5.765066766821217215e+01 2.437236870415213918e-01 7.143168669819473871e+04
2.600942278872942381e+00 6.039137121775633688e+01 5.742506786138452668e+01 2.607842248097581028e-01 7.418471715858409880e+04
2.679490784269383141e+00 5.864214916205656181e+01 5.556199269528219986e+01 2.729508834498332037e-01 7.338034595812670887e+04
2.758038794767343038e+00 5.824205805227966692e+01 5.532296705731489794e+01 2.880751128359171354e-01 7.568319157740361698e+04
2.836586351479573942e+00 5.750421139107700697e+01 5.443753744820580209e+01 3.092866790081255091e-01 7.862147909106292354e+04
2.915133491087511963e+00 5.715570561075534073e+01 5.407116288936345683e+01 3.239324979646037161e-01 7.787488455260066257e+04
2.993680246422668834e+00 5.692506347157145541e+01 5.384381743838630285e+01 3.422806362812599867e-01 7.822588835509185446e+04
3.072226646958827967e+00 5.472993327843074951e+01 5.149222898018951611e+01 3.664758440306557508e-01 8.143496571592804685e+04
3.150772719230606977e+00 5.365238726813412029e+01 5.052115627824373689e+01 3.802183367417107385e-01 8.190566186290368205e+04
3.229318487190934395e+00 5.246006338325196339e+01 4.933371803505039566e+01 4.063739169668066920e-01 8.171818471329110616e+04
3.307863972517584905e+00 5.094503618182233851e+01 4.778984571738252640e+01 4.225475377644329344e-01 8.340806042910680117e+04
3.386409194877053608e+00 5.039910326305969335e+01 4.724482472912287534e+01 4.487009494696278522e-01 8.600983410130435368e+04
3.464954172152534095e+00 4.950435832698253336e+01 4.629320773435907199e+01 4.627066444595800410e-01 8.655808629405872489e+04
3.543498920641575456e+00 4.779535478606289445e+01 4.464355728017036284e+01 4.878597525454308470e-01 8.864976853323783143e+04
3.622043455228019404e+00 4.713022325873437524e+01 4.398039799151794682e+01 5.079589484375950370e-01 8.900639906994790363e+04
3.700587789532037597e+00 4.591827967584323744e+01 4.273538193317598655e+01 5.362371452203816835e-01 9.050605260470777284e+04
3.779131936041457696e+00 4.499102598281180576e+01 4.179520753223325613e+01 5.629693045179009481e-01 9.144917553958814824e+04
3.857675906227046259e+00 4.426455673293767745e+01 4.113183878280427308e+01 5.749153270284494965e-01 9.271256393645101343e+04
3.936219710643986680e+00 4.344535948611808607e+01 4.024944107043745589e+01 6.092642595289493590e-01 9.383336144871138094e+04
4.014763359021444877e+00 4.280704428088152014e+01 3.951451940268697882e+01 6.324799462439876230e-01 9.328887671671342105e+04
4.093306860341824560e+00 4.185636318303256331e+01 3.856288503386918620e+01 6.595672023384903104e-01 9.591178709545898892e+04
4.171850222911064776e+00 4.171195109183334182e+01 3.839498734090419418e+01 6.812534095785117705e-01 9.623312011831285781e+04
4.250393454421145911e+00 4.037612226493818213e+01 3.706491313136027799e+01 7.103802243976620190e-01 9.631007613068565843e+04
4.328936562005788247e+00 4.043588458807427344e+01 3.714229044214470576e+01 7.345898378174190446e-01 9.936950726768383174e+04
4.407479552290201497e+00 3.992494412468391118e+01 3.650815066080426163e+01 7.615083653031670119e-01 9.932826307093027572e+04
4.486022431435594982e+00 3.894954075887084599e+01 3.569427878007304145e+01 7.797269272570547249e-01 1.001343516775024764e+05
4.564565205179107465e+00 3.910299899641463384e+01 3.570106638724389825e+01 8.179757045904055834e-01 1.016872565542661468e+05
4.643107878869670024e+00 3.882259409844426301e+01 3.540914964512124641e+01 8.431543567793342575e-01 1.030219677966559102e+05
4.721650457500300213e+00 3.779567302335210144e+01 3.432666661066570413e+01 8.660940906379349657e-01 1.028515511100309959e+05
4.800192945737217443e+00 3.817149319938842211e+01 3.460119198021079256e+01 9.030735374828743334e-01 1.046596770251696726e+05
4.878735347946150824e+00 3.764061949506471905e+01 3.409405624573281557e+01 9.170324782825284293e-01 1.057493899311516579e+05
4.957277668216146793e+00 3.768098548798518976e+01 3.411423248820236864e+01 9.768928927549478392e-01 1.059853811207768449e+05
5.035819910381144737e+00 3.761810707125808051e+01 3.396270520347889743e+01 9.930214425673775658e-01 1.058894583676218899e+05
5.114362078039562221e+00 3.715825876646075443e+01 3.342509819626052092e+01 1.027756959606814346e+00 1.077196058038592164e+05
5.192904174572115394e+00 3.678438409030238887e+01 3.304369424775421749e+01 1.059539222357669397e+00 1.088282883675948542e+05
5.271446203158030919e+00 3.668072250549608526e+01 3.295860383710774499e+01 1.096138831679961623e+00 1.100025300827336614e+05
5.349988166789838573e+00 3.655696683863730101e+01 3.273831351083577346e+01 1.122767563325507645e+00 1.098898589458350471e+05
5.428530068286878674e+00 3.683671947326055829e+01 3.288766672791646073e+01 1.169180373743129442e+00 1.114916366207447427e+05
5.507071910307648643e+00 3.645010415076060895e+01 3.256265551727209129e+01 1.194281715864571769e+00 1.116500171494877723e+05
5.585613695361120179e+00 3.654017842756232426e+01 3.247552314185722366e+01 1.252516356213239757e+00 1.142738638372078276e+05
5.664155425817094525e+00 3.659205938247994538e+01 3.251016876472341721e+01 1.272034554528089334e+00 1.135500344926096586e+05
5.742697103915729961e+00 3.640623314565215196e+01 3.230791114079630688e+01 1.294345782734162897e+00 1.142512690410586365e+05
5.821238731776284148e+00 3.634976588421016430e+01 3.226971574193782999e+01 1.326378760605742446e+00 1.148970409723179764e+05
5.899780311405160127e+00 3.648062266634003237e+01 3.228358861597472185e+01 1.372938594646465393e+00 1.158311719267633016e+05
5.978321844703323507e+00 3.670915168683362850e+01 3.240060250957042598e+01 1.402899796862547843e+00 1.163069084705106361e+05
6.056863333473133437e+00 3.654719507130558043e+01 3.226150412103528708e+01 1.434865037978896973e+00 1.180761683609340398e+05
6.135404779424661115e+00 3.650942707925072028e+01 3.208148196563142562e+01 1.503666823470549030e+00 1.192362977019358514e+05
6.213946184181517118e+00 3.672015045136350864e+01 3.233543359347024193e+01 1.527938329565892817e+00 1.196204224063869187e+05
6.292487549286247983e+00 3.694604266376436641e+01 3.235957278080488209e+01 1.565433350462850592e+00 1.207704893235896161e+05
6.371028876205335756e+00 3.685412397459332823e+01 3.225030520053715577e+01 1.593033336298658620e+00 1.198212851671773387e+05
6.449570166333828070e+00 3.681161745261590568e+01 3.219531815648942796e+01 1.645471724585798379e+00 1.223927024737405154e+05
6.528111420999634262e+00 3.693991449401864458e+01 3.219251191128149259e+01 1.683126099668293296e+00 1.218636004561991140e+05
6.606652641467518627e+00 3.672101117340782395e+01 3.201679523881954026e+01 1.720091624432853905e+00 1.228219610933604708e+05
6.685193828942805006e+00 3.718533988283132885e+01 3.227123261917116537e+01 1.762563222869420576e+00 1.224119277811408683e+05
6.763734984574836240e+00 3.681553148625895489e+01 3.201632435583982073e+01 1.794383726624593001e+00 1.223309061217649287e+05
6.842276109460177835e+00 3.673677580537744092e+01 3.181162463208812596e+01 1.841665113964357392e+00 1.240684538383577747e+05
6.920817204645620890e+00 3.675218725757662952e+01 3.186307095616705709e+01 1.890179086185137969e+00 1.248682012223752972e+05
6.999358271130968312e+00 3.717837885382768093e+01 3.217011068474560886e+01 1.942628492419113728e+00 1.257423583843267115e+05
7.077899309871646949e+00 3.695551140160636550e+01 3.194711666599008026e+01 1.982406979218081178e+00 1.272355704758529464e+05
7.156440321781138536e+00 3.726061069923298419e+01 3.219251212890667091e+01 2.018519112766682611e+00 1.260657138684820675e+05
7.234981307733260536e+00 3.739401615470777074e+01 3.209497318601274429e+01 2.100663750465802782e+00 1.271503412059471302e+05
7.313522268564292439e+00 3.706720768125085641e+01 3.179251638178433126e+01 2.118164149720437539e+00 1.268053841618303559e+05
7.392063205074973276e+00 3.729483184062484469e+01 3.204066723553096097e+01 2.158186097069585863e+00 1.269730151448971737e+05
7.470604118032365015e+00 3.706327365954964392e+01 3.177182293814665925e+01 2.217982654192641068e+00 1.286540579115897272e+05
7.549145008171610272e+00 3.725028710814888910e+01 3.192557370064131916e+01 2.263569219228356300e+00 1.291121101353236445e+05
7.627685876197570103e+00 3.710540870044187756e+01 3.171426179077097274e+01 2.312409500097986292e+00 1.298387287406375108e+05
7.706226722786373884e+00 3.745982156502299176e+01 3.193369883134900533e+01 2.348869998647616697e+00 1.298630536948081863e+05
7.784767548586863484e+00 3.709629908696183520e+01 3.167651556475763641e+01 2.393538667674055542e+00 1.294425998412283807e+05
7.863308354221953955e+00 3.743935411945025749e+01 3.193195291475213793e+01 2.423858313396366260e+00 1.308854307340091327e+05
7.941849140289923170e+00 3.759877930301463778e+01 3.198490147607560274e+01 2.484797614260435328e+00 1.299394327212174248e+05
8.020389907365611748e+00 3.729845424701365886e+01 3.175226430012961387e+01 2.536956235666267823e+00 1.328257731781701441e+05
8.098930656001561701e+00 3.723767657209068460e+01 3.158117055986624777e+01 2.593139685689678231e+00 1.323507790640595194e+05
8.177471386729090241e+00 3.734274895171726172e+01 3.173502999562703408e+01 2.641811137902275064e+00 1.324882624768230598e+05
8.256012100059292536e+00 3.746706220468247039e+01 3.166760243510047346e+01 2.688903010904655666e+00 1.329477039895603084e+05
8.334552796484000936e+00 3.708240604544416641e+01 3.143188808470288009e+01 2.748009651771506245e+00 1.336414891564895515e+05
8.413093476476680266e+00 3.740921752010818579e+01 3.155117931314729418e+01 2.789385235215680048e+00 1.334717145375414402e+05
8.491634140493276917e+00 3.730590524506794736e+01 3.144516699800543336e+01 2.849640593769457553e+00 1.336443258446042018e+05
8.570174788973028868e+00 3.723713547984337424e+01 3.129853165029605933e+01 2.905442295864868019e+00 1.340712304900455056e+05
8.648715422339215309e+00 3.739133842676327646e+01 3.151260986201099712e+01 2.949122507320605102e+00 1.351459743851371750e+05
8.727256040999876063e+00 3.720551628941790057e+01 3.134922390477624887e+01 2.985080219839390203e+00 1.349850480312165164e+05
8.805796645348495488e+00 3.735490368745493583e+01 3.141692249838683182e+01 3.059027976935838389e+00 1.344442895807665482e+05
8.884337235764643737e+00 3.736848666316324596e+01 3.132429791512540973e+01 3.103069252465861183e+00 1.350387852638090553e+05
8.962877812614589601e+00 3.741045125867430698e+01 3.137268535100004030e+01 3.158586953220333005e+00 1.357960532656284340e+05
9.041418376251867173e+00 3.747760431335187548e+01 3.144626687225846595e+01 3.193968683819135013e+00 1.369189134367128718e+05
9.119958927017840722e+00 3.693765564081117247e+01 3.101432972377596897e+01 3.275059580507898360e+00 1.369301577734675666e+05
9.198499465242209183e+00 3.722821722072303885e+01 3.109708696335062683e+01 3.358295290126230181e+00 1.371299552636721346e+05
9.277039991243508865e+00 3.702124810156050216e+01 3.089030364370192316e+01 3.388744717093257197e+00 1.368038263382572040e+05
9.355580505329580632e+00 3.720690695666297643e+01 3.105514652273461351e+01 3.452722387978118590e+00 1.375047323259571567e+05
9.434121007798012215e+00 3.720472468827754398e+01 3.103549882745354793e+01 3.480656180017863477e+00 1.377501866125459783e+05
9.512661498936562765e+00 3.731813020302311656e+01 3.107552480764498171e+01 3.570044021427821512e+00 1.383841783746540605e+05
9.591201979023569635e+00 3.708699153092171485e+01 3.090048768814267532e+01 3.601003411279215971e+00 1.382025757560046623e+05
9.669742448328321416e+00 3.695076289798373637e+01 3.076293677770023649e+01 3.681873598422432448e+00 1.376334229999948875e+05
9.748282907111432749e+00 3.704123984318039930e+01 3.073966434650402135e+01 3.734766960215417431e+00 1.392273330842902360e+05
9.826823355625185386e+00 3.706850268197851506e+01 3.072284645388536717e+01 3.782404731906474193e+00 1.387522974759941862e+05
9.905363794113858589e+00 3.712285594250282372e+01 3.074239116724536558e+01 3.870654164586147861e+00 1.386963269361601560e+05
9.983904222814045326e+00 3.689517850703734325e+01 3.058916364986462355e+01 3.910019854384044535e+00 1.389463631011719990e+05
1.006244464195495070e+01 3.708623161743769714e+01 3.067131936433608885e+01 3.980624765196806969e+00 1.395832749944688403e+05
1.014098505175868148e+01 3.678380057954883853e+01 3.040487209640439659e+01 4.035306737460992110e+00 1.389086679861352604e+05
1.021952545244051613e+01 3.682575483866223465e+01 3.039094201044190058e+01 4.080604304453993691e+00 1.400814527039968234e+05
1.029806584420916415e+01 3.675836838031199250e+01 3.030040221647609044e+01 4.166157626549347626e+00 1.401127894210791856e+05
1.037660622726701654e+01 3.674305014085843624e+01 3.025726717214001482e+01 4.226667946141266619e+00 1.403251387169954251e+05
1.045514660181038380e+01 3.688885412239919503e+01 3.035946480061005914e+01 4.292218322466451852e+00 1.396567380579115124e+05
1.053368696802971982e+01 3.672987703580054131e+01 3.024015913169862557e+01 4.334280239195105189e+00 1.404463760642824345e+05
1.061222732610984210e+01 3.667483590657680281e+01 3.014350930548853924e+01 4.409661178254606462e+00 1.408353868864124524e+05
1.069076767623013779e+01 3.663804292650607408e+01 3.005898993848695611e+01 4.494324952408490503e+00 1.414266832122708729e+05
1.076930801856475739e+01 3.688170260662690936e+01 3.018549770341798677e+01 4.531583604688866451e+00 1.413729045846678200e+05
1.084784835328281005e+01 3.672679535383439031e+01 3.003686028554212228e+01 4.617468910947337690e+00 1.406111774296630756e+05
1.092638868054854306e+01 3.652261936480340410e+01 2.991576203624575214e+01 4.659731493429459803e+00 1.410580128420935653e+05
1.100492900052151413e+01 3.663501989486333343e+01 2.999077927472843186e+01 4.769722465098250375e+00 1.413135859818073513e+05
1.108346931335675833e+01 3.683924834569834417e+01 3.010028327136827286e+01 4.796751563193152101e+00 1.405485331306180742e+05
1.116200961920494805e+01 3.645047882283228091e+01 2.971841546130346856e+01 4.888028949604327877e+00 1.410869008154041949e+05
1.124054991821254212e+01 3.653181364136387543e+01 2.979466110573906334e+01 4.929253250600625691e+00 1.408424113141579728e+05
1.131909021052193687e+01 3.657679855501730515e+01 2.977245129373460131e+01 5.011978348841465092e+00 1.415905020883148536e+05
1.139763049627160285e+01 3.654607958506032617e+01 2.979833413304312373e+01 5.054793305479972965e+00 1.408918430712110421e+05
1.147617077559622167e+01 3.635853060776687329e+01 2.958699527220040792e+01 5.143345301148402271e+00 1.415247017320663726e+05
1.155471104862680853e+01 3.652843150359515789e+01 2.967072867187447116e+01 5.227538399470400776e+00 1.414727260766869585e+05
1.163325131549084368e+01 3.636873853048022909e+01 2.950843000791793713e+01 5.301825979129975330e+00 1.420664619615078554e+05
1.171179157631238787e+01 3.655825383879211898e+01 2.967130989304332900e+01 5.350382088386077761e+00 1.411222678252201295e+05
1.179033183121219608e+01 3.642051934734222840e+01 2.952913444983236246e+01 5.432328196389495822e+00 1.413167774882956583e+05
1.186887208030782759e+01 3.627755721333539185e+01 2.932629821460887953e+01 5.525450021181765869e+00 1.413676442597197019e+05
1.194741232371374728e+01 3.644123159786533961e+01 2.945015172999894304e+01 5.584924933328636598e+00 1.420079460816412757e+05
1.202595256154143222e+01 3.618169989636697181e+01 2.928226235262142652e+01 5.649938073382609005e+00 1.412753784510740661e+05
1.210449279389946753e+01 3.642221146763550621e+01 2.939999067224385243e+01 5.733548853728022365e+00 1.418091621503232745e+05
1.218303302089363527e+01 3.627645701757450780e+01 2.921692970966717695e+01 5.803448921684434048e+00 1.415192862877630978e+05
1.226157324262700676e+01 3.628684908736784820e+01 2.938700716924414635e+01 5.858680500115778678e+00 1.417353304769415990e+05
1.234011345920003322e+01 3.632465852800012129e+01 2.920766367119533413e+01 5.947977030463508008e+00 1.416288016511109017e+05
1.241865367071062565e+01 3.601870119031656259e+01 2.903825858137413363e+01 6.031769861013716039e+00 1.419732010997217149e+05
1.249719387725422415e+01 3.641376487621509028e+01 2.928655155981488534e+01 6.091015095220961406e+00 1.421322103820716438e+05
1.257573407892389383e+01 3.619166372550031241e+01 2.909046950888131633e+01 6.183335585937370205e+00 1.413337940669623786e+05
1.265427427581038877e+01 3.628714845723715143e+01 2.908501387090822021e+01 6.265578356728452647e+00 1.412324885588394827e+05
1.273281446800221772e+01 3.607877933812787319e+01 2.897135787524803874e+01 6.344145261265000002e+00 1.414348016459675855e+05
1.281135465558572584e+01 3.614836770945585442e+01 2.900311626948011678e+01 6.423405075552567567e+00 1.418855994827113755e+05
1.288989483864514796e+01 3.607745185099056329e+01 2.882575679101204713e+01 6.491912850582971295e+00 1.417365742594682088e+05
1.296843501726268322e+01 3.634666792945898806e+01 2.908057376144960315e+01 6.576125570248072982e+00 1.411077562455693551e+05
1.304697519151855190e+01 3.621148682485853243e+01 2.898508542760959728e+01 6.693818199258990909e+00 1.411327889912519895e+05
1.312551536149104692e+01 3.614134470859915638e+01 2.889453216688600534e+01 6.742790072981071248e+00 1.414310611238238344e+05
1.320405552725660492e+01 3.610198165052288033e+01 2.889380573469892610e+01 6.787797716061009012e+00 1.410984620592425927e+05
1.328259568888985243e+01 3.609033844471215957e+01 2.883163368709175245e+01 6.876133044678217843e+00 1.411534265823923051e+05
1.336113584646366270e+01 3.601905119256704069e+01 2.869949906678115070e+01 6.974754541939444330e+00 1.412224231676206109e+05
1.343967600004920548e+01 3.579022265469303221e+01 2.851523571216139530e+01 7.089602633400253318e+00 1.408832023250639904e+05
1.351821614971599317e+01 3.595611636519059573e+01 2.865620061077247627e+01 7.131533296090347918e+00 1.407199656288797851e+05
1.359675629553193588e+01 3.581061689984447582e+01 2.860762505696611768e+01 7.201834983890798902e+00 1.407077466300651140e+05
1.367529643756338231e+01 3.579579080620951004e+01 2.855045005883281917e+01 7.281004177509586839e+00 1.404678655254454061e+05
1.375383657587516595e+01 3.588706378065252522e+01 2.861744030307920283e+01 7.387209799237550278e+00 1.410028508571165148e+05
1.383237671053064766e+01 3.585688786478293366e+01 2.855326871579904946e+01 7.454050899070077563e+00 1.405912753276000149e+05
1.391091684159175834e+01 3.598263923523074936e+01 2.859045549816552167e+01 7.580693161200659169e+00 1.409246649192675541e+05
1.398945696911903269e+01 3.585811364997677941e+01 2.853469365202428776e+01 7.621265056689039419e+00 1.401156828950234631e+05
1.406799709317166069e+01 3.584352184544050601e+01 2.843706175606647690e+01 7.737646502315033814e+00 1.410901206603556639e+05
1.414653721380751428e+01 3.564193576438311339e+01 2.827957096254749558e+01 7.809932243300640842e+00 1.405143332915716746e+05
1.422507733108318817e+01 3.594123684309510480e+01 2.845954695806620549e+01 7.877220536459438094e+00 1.400814363171642472e+05
1.430361744505403543e+01 3.576584467406364354e+01 2.839627525963220123e+01 7.982098638778622579e+00 1.404007163057911093e+05
1.438215755577419586e+01 3.568497301048851256e+01 2.832103799164744018e+01 8.067388637108662053e+00 1.401730711234368500e+05
1.446069766329663686e+01 3.556909278540661035e+01 2.825140465115028121e+01 8.150794247067077336e+00 1.396703730879671930e+05
1.453923776767318010e+01 3.570705920985427895e+01 2.825172214795834336e+01 8.278089398595628978e+00 1.399566437589693232e+05
1.461777786895453346e+01 3.558045613412780739e+01 2.822442146204145530e+01 8.344398592663377912e+00 1.398873523604693473e+05
1.469631796719032302e+01 3.575842466500563432e+01 2.834275453786012022e+01 8.429335957381452360e+00 1.393827362820756680e+05
1.477485806242911437e+01 3.564544255476949530e+01 2.828547260005504782e+01 8.526161041237129368e+00 1.394543890879054088e+05
1.485339815471844993e+01 3.559787658982060776e+01 2.820274233972653377e+01 8.630476409262234583e+00 1.391622799565700116e+05
1.493193824410487203e+01 3.552522470747359051e+01 2.809195353694925856e+01 8.732345008799516251e+00 1.399017305932580493e+05
1.501047833063394421e+01 3.550247721796336009e+01 2.815910779440526923e+01 8.824279033632258518e+00 1.395540919026162301e+05
1.508901841435028857e+01 3.554236931185788961e+01 2.816036424236689939e+01 8.916355349524545559e+00 1.393336491056698142e+05
1.516755849529759992e+01 3.562410848106748773e+01 2.806091177032616457e+01 9.005334705702436437e+00 1.391761032234784216e+05
1.524609857351867070e+01 3.540809505715090921e+01 2.803603700115635888e+01 9.098698386471930633e+00 1.390406736221299216e+05
1.532463864905541762e+01 3.542560380113630458e+01 2.804270172270987516e+01 9.178980569412095392e+00 1.385214071961672744e+05
1.540317872194890292e+01 3.535840170837349916e+01 2.798910323355195828e+01 9.268614080854876036e+00 1.389290147078841983e+05
1.548171879223935399e+01 3.530925677860979306e+01 2.791314406480647747e+01 9.357676787898050463e+00 1.384479351800225850e+05
1.556025885996618996e+01 3.546711546755359734e+01 2.803910380692671467e+01 9.496395988642859720e+00 1.391022654463971849e+05
1.563879892516803238e+01 3.537465961050967422e+01 2.800661941579876668e+01 9.571057892771438702e+00 1.385676460248029616e+05
1.571733898788273187e+01 3.535786587868423680e+01 2.801062638381000625e+01 9.686077254064265674e+00 1.381339879056811042e+05
1.579587904814739119e+01 3.543727255329297776e+01 2.801156337095523341e+01 9.791129618144982061e+00 1.389543380949931743e+05
1.587441910599837769e+01 3.529589098690617277e+01 2.795044318588414711e+01 9.867049891255369687e+00 1.381970717197376071e+05
1.595295916147133575e+01 3.528096721516739365e+01 2.790406759436636364e+01 9.972820410499737775e+00 1.382382200191562879e+05
1.603149921460121874e+01 3.529459014466000610e+01 2.787268281404043790e+01 1.008366011458842770e+01 1.382399834847631573e+05
1.611003926542229436e+01 3.533458172740758130e+01 2.788352543478917056e+01 1.021899152182872150e+01 1.385576722230214509e+05
1.618857931396816596e+01 3.528332256130031652e+01 2.785757206812958842e+01 1.032622369507513405e+01 1.384697842109437333e+05
1.626711936027179561e+01 3.526214201860577901e+01 2.795312034060446038e+01 1.038387439509081922e+01 1.379226835456753906e+05
1.634565940436549525e+01 3.523233678630749921e+01 2.784365758097590771e+01 1.053651559061970744e+01 1.380282204624853039e+05
1.642419944628097639e+01 3.528804504280296328e+01 2.786793727398789500e+01 1.063591554702895614e+01 1.375221502073640586e+05
1.650273948604932883e+01 3.529677291346814627e+01 2.791997982426320846e+01 1.074730304602281805e+01 1.376699212552882382e+05
1.658127952370107394e+01 3.524075342060415039e+01 2.781709955998076467e+01 1.085866358975208890e+01 1.380323292782952485e+05
1.665981955926614333e+01 3.529807342889779420e+01 2.786867342931965652e+01 1.099766946404341361e+01 1.381755266247372783e+05
1.673835959277390728e+01 3.529381213009032336e+01 2.786235177497695759e+01 1.108478614730964651e+01 1.378660867473135004e+05
1.681689962425318896e+01 3.525307638314840375e+01 2.778115744883230320e+01 1.121556148536125619e+01 1.377073962302475702e+05
1.689543965373228218e+01 3.525865168841649222e+01 2.782800140320153659e+01 1.132439942295026825e+01 1.381678112245128141e+05
1.697397968123895495e+01 3.515136132260666102e+01 2.779461174978858651e+01 1.137993520630457134e+01 1.376809653624065395e+05
1.705251970680045304e+01 3.519909381262686310e+01 2.777646220169370395e+01 1.151420477134166553e+01 1.375965984067091485e+05
1.713105973044353902e+01 3.509902995587466279e+01 2.778071205355149331e+01 1.162121701389465933e+01 1.376053249263032340e+05
1.720959975219447102e+01 3.528183140028426124e+01 2.787959148150374133e+01 1.174056139266499699e+01 1.375041067806844076e+05
1.728813977207903463e+01 3.520006928877491958e+01 2.785903115857376022e+01 1.185892183007743483e+01 1.379763345662835054e+05
1.736667979012256424e+01 3.526085152975608850e+01 2.785485081398758211e+01 1.197132843605460728e+01 1.379261461058664427e+05
1.744521980634991110e+01 3.527441512104484644e+01 2.786365745177772268e+01 1.212724601619974507e+01 1.378914518609513761e+05
1.752375982078550365e+01 3.518632791547215533e+01 2.781147613953981335e+01 1.223553329422132308e+01 1.373765530488736113e+05
1.760229983345331917e+01 3.520613099007196212e+01 2.783299560467959566e+01 1.234147977252522033e+01 1.376691973023213213e+05
1.768083984437692635e+01 3.538537647053153279e+01 2.800611445479639272e+01 1.246958739421117102e+01 1.379140222496176430e+05
1.775937985357945692e+01 3.535862310851126011e+01 2.799456566951523939e+01 1.258543405859720643e+01 1.381110351344706432e+05
1.783791986108364824e+01 3.542656189327171745e+01 2.799432169298298945e+01 1.273440896642345876e+01 1.379619241295856191e+05
1.791645986691183268e+01 3.537291214727903821e+01 2.795699351988428560e+01 1.286259237211017137e+01 1.382253941071235749e+05
1.799499987108595889e+01 3.528273664004065324e+01 2.797331497355253305e+01 1.297878968775114927e+01 1.381489356950046204e+05
1.807353987362759185e+01 3.546004950028375191e+01 2.803305661090146117e+01 1.310602256165854129e+01 1.382713215866923565e+05
1.815207987455791638e+01 3.547326865085694436e+01 2.806349160090100625e+01 1.320408365296706599e+01 1.384217437828499533e+05
1.823061987389775851e+01 3.559517938669874582e+01 2.821573832295335293e+01 1.338867255375774512e+01 1.383474094673944055e+05
1.830915987166758541e+01 3.551684274985937151e+01 2.815031805577847379e+01 1.355061650183023225e+01 1.389785688570045168e+05
1.838769986788751964e+01 3.567845596864590618e+01 2.824457994557356244e+01 1.362645838129886755e+01 1.387944859290248714e+05
1.846623986257733563e+01 3.556402661845609003e+01 2.822408997261210928e+01 1.376175046000776447e+01 1.388776998154248286e+05
1.854477985575647381e+01 3.564978382521763933e+01 2.828240283531698651e+01 1.388519937274185523e+01 1.386700718728582142e+05
1.862331984744404423e+01 3.570936314936285783e+01 2.827308965684443365e+01 1.402875070825455239e+01 1.390839514513556787e+05
1.870185983765884075e+01 3.582721569410057327e+01 2.843925957461343401e+01 1.421678459454583709e+01 1.394266318337174016e+05
1.878039982641934458e+01 3.574055548242011326e+01 2.839004005246446738e+01 1.432435195131294670e+01 1.400442680968815403e+05
1.885893981374372075e+01 3.585879420819210850e+01 2.841283816660314798e+01 1.447319550219999051e+01 1.402462942234915972e+05
1.893747979964983941e+01 3.599184728223437446e+01 2.849429425557548612e+01 1.461600925136078466e+01 1.402244483676406089e+05
1.901601978415527228e+01 3.604850706769790492e+01 2.862495150068815875e+01 1.472040717546463284e+01 1.404944520873250731e+05
1.909455976727730331e+01 3.623402903112261697e+01 2.875699036094379224e+01 1.492235012683780049e+01 1.404646692049070843e+05
1.917309974903293579e+01 3.624376939817084775e+01 2.867498173841533671e+01 1.502666987045132885e+01 1.412958518665608135e+05
1.925163972943889235e+01 3.614409596869005981e+01 2.876337135515548127e+01 1.514205194510086550e+01 1.407181340233524970e+05
1.933017970851161849e+01 3.636591086239644000e+01 2.889186658770734795e+01 1.533975856207507427e+01 1.419269239618512220e+05
1.940871968626730748e+01 3.638022031316181426e+01 2.892659550641421617e+01 1.544416014746072996e+01 1.422752834714090568e+05
1.948725966272188259e+01 3.651338472206875707e+01 2.902319078228530458e+01 1.556911957069612740e+01 1.420398386544972600e+05
1.956579963789100773e+01 3.655570627876968359e+01 2.907912111051624748e+01 1.573589477420968485e+01 1.424655539877552947e+05
1.964433961179010524e+01 3.656977934273297137e+01 2.912697795708622195e+01 1.587520855087258020e+01 1.429899335063663893e+05
1.972287958443434519e+01 3.675943513155494458e+01 2.924511987957507486e+01 1.604638291214032719e+01 1.434645266453451186e+05
1.980141955583865965e+01 3.705367548642200148e+01 2.951677305177031130e+01 1.621688695890142640e+01 1.431331207215991162e+05
1.987995952601774619e+01 3.700627355342669489e+01 2.951094957524255591e+01 1.631912419493206201e+01 1.438104113608390035e+05
1.995849949498606790e+01 3.719411324984250200e+01 2.963330121951961615e+01 1.647597303710127292e+01 1.446667142313673685e+05
2.003703946275786052e+01 3.725958741370075700e+01 2.969200128233751812e+01 1.663639025495415069e+01 1.445659540410933259e+05
2.011557942934713950e+01 3.727868700139809022e+01 2.982211581210111717e+01 1.680740846287458723e+01 1.451235365006747597e+05
2.019411939476770712e+01 3.740023011678209741e+01 2.986567474907975495e+01 1.696677796296835794e+01 1.451820938304537267e+05
2.027265935903314542e+01 3.739116785439028234e+01 2.993488246563055455e+01 1.714588072944890484e+01 1.450866215519875113e+05
2.035119932215682326e+01 3.735076072560424620e+01 2.997438769776695011e+01 1.726084005619013340e+01 1.448418549986373400e+05
2.042973928415191054e+01 3.723130562672312749e+01 2.992102785191126557e+01 1.740739768546923827e+01 1.442569095815110777e+05
2.050827924503137467e+01 3.733622024360643366e+01 2.997138519003395274e+01 1.758734814493685406e+01 1.444072885535078240e+05
2.058681920480798766e+01 3.736047854460209550e+01 2.992380624357937080e+01 1.773792782080860420e+01 1.444636181027290877e+05
2.066535916349431901e+01 3.716722399946831956e+01 2.993752915202577825e+01 1.780262487705406826e+01 1.443146161225978867e+05
2.074389912110275347e+01 3.711826690657444772e+01 2.993261646581035151e+01 1.796219760664062548e+01 1.444481539692906372e+05
2.082243907764548752e+01 3.715046513105856718e+01 2.991466560061104119e+01 1.803988745861651921e+01 1.441342461882040952e+05
2.090097903313453642e+01 3.718167652520972410e+01 2.997849830439312058e+01 1.818756830259880530e+01 1.440556723388938699e+05
2.097951898758173783e+01 3.722704406094253216e+01 2.998214168831478332e+01 1.844684119270880274e+01 1.434196764350850717e+05
2.105805894099874109e+01 3.707563197534287269e+01 3.001018262433212058e+01 1.846651013422407317e+01 1.435107614954591845e+05
2.113659889339703568e+01 3.709118978066584305e+01 2.998821876698784905e+01 1.873497666560131947e+01 1.434890936018754146e+05
2.121513884478793344e+01 3.711524157435564319e+01 3.005556077212782995e+01 1.883372504533515013e+01 1.435724856723765843e+05
2.129367879518258277e+01 3.709972083967253553e+01 2.998035108676679172e+01 1.898541740039344816e+01 1.433408601232084620e+05
2.137221874459196869e+01 3.707461215957633272e+01 3.000832366097093740e+01 1.909886724424375615e+01 1.429401502742708544e+05
2.145075869302691274e+01 3.688044355140704056e+01 2.997584540116253038e+01 1.926597583448024054e+01 1.429388830808325729e+05
2.152929864049807307e+01 3.695562639130699267e+01 3.013817460328468556e+01 1.944246747200486070e+01 1.431548116791226203e+05
2.160783858701596571e+01 3.706975981787209662e+01 3.018922033577892350e+01 1.961326985770946862e+01 1.434725416800613457e+05
2.168637853259094683e+01 3.709307240240273273e+01 3.023572480911889571e+01 1.968870548370428608e+01 1.429390404916680418e+05
2.176491847723321982e+01 3.696285903200413259e+01 3.020995134108965630e+01 1.988843390840637682e+01 1.429475009770643665e+05
2.184345842095285306e+01 3.695748222728747834e+01 3.023921616058578721e+01 2.009412888902848948e+01 1.430415584460875834e+05
2.192199836375975508e+01 3.697741274661011346e+01 3.030334888430270723e+01 2.023274827506392981e+01 1.426855385752898001e+05
2.200053830566371005e+01 3.702312926672384208e+01 3.027658378180510823e+01 2.037566499370034023e+01 1.425572593925346446e+05
2.207907824667434582e+01 3.696830468384949597e+01 3.033568140216175735e+01 2.053110818618440803e+01 1.425484344397147070e+05
2.215761818680116590e+01 3.680257883106960293e+01 3.031473834771183462e+01 2.069274786371915908e+01 1.422771419277588720e+05
2.223615812605353526e+01 3.690474747773851050e+01 3.039865476143346257e+01 2.087878272631838072e+01 1.426378607379337773e+05
2.231469806444068738e+01 3.697901528720203856e+01 3.045948503615525738e+01 2.098062091408079866e+01 1.424769636169810256e+05
2.239323800197172432e+01 3.697866770198785957e+01 3.044707975222829077e+01 2.119411137502811826e+01 1.426697519089878479e+05
2.247177793865562023e+01 3.692878052595963112e+01 3.048879191612165229e+01 2.139007618737446137e+01 1.424714781002682575e+05
2.255031787450123204e+01 3.698895682958106335e+01 3.050628965236041878e+01 2.152680036069568104e+01 1.421947532361614576e+05
2.262885780951728165e+01 3.691861448111871624e+01 3.045204336994677519e+01 2.176693920815079153e+01 1.426213812094596215e+05
2.270739774371238440e+01 3.694812810185818819e+01 3.056609113979634529e+01 2.183523172030857395e+01 1.418325065754371462e+05
2.278593767709502771e+01 3.698621312176194920e+01 3.061696979978943745e+01 2.204442365044277352e+01 1.425780223718253546e+05
2.286447760967358178e+01 3.701339266041037490e+01 3.069934323976708157e+01 2.219698115352936085e+01 1.420208095766053884e+05
2.294301754145629957e+01 3.691252227199157687e+01 3.071524345441524417e+01 2.242749234187353480e+01 1.422813654325283715e+05
2.302155747245133455e+01 3.688680646279956221e+01 3.079213764559651878e+01 2.253457745172800841e+01 1.421320044405720255e+05
2.310009740266672296e+01 3.685266672889271433e+01 3.075971406918071693e+01 2.276747497732720404e+01 1.422575758865063835e+05
2.317863733211038380e+01 3.694405250214411751e+01 3.083905546926719055e+01 2.288317995036967289e+01 1.423549266429987911e+05
2.325717726079013303e+01 3.691336217005143538e+01 3.098785499834813706e+01 2.300266580453400778e+01 1.419148179890964529e+05
2.333571718871368716e+01 3.699431230739212140e+01 3.101869629371700299e+01 2.328932519334362894e+01 1.422242725750303653e+05
2.341425711588865965e+01 3.684901371756910748e+01 3.104777148347173465e+01 2.347430721716329316e+01 1.423338310816042358e+05
2.349279704232255384e+01 3.699074320821738837e+01 3.108289671639708729e+01 2.361702424867527128e+01 1.423028007648126513e+05
2.357133696802278067e+01 3.699529311295532352e+01 3.121183368046353834e+01 2.378421224279634316e+01 1.424079999368467252e+05
2.364987689299664453e+01 3.690619296734715959e+01 3.115409020097849790e+01 2.396895539008689724e+01 1.421574288453201880e+05
2.372841681725136453e+01 3.710126510173414260e+01 3.126017830488289562e+01 2.420026818645719757e+01 1.424108552540359669e+05
2.380695674079405322e+01 3.718083958574505488e+01 3.136355300812856228e+01 2.439737212277592704e+01 1.417431220231400803e+05
2.388549666363174140e+01 3.722623142831651677e+01 3.149466287217121874e+01 2.454214120145196532e+01 1.424948539208287257e+05
2.396403658577134976e+01 3.711355990703985697e+01 3.148085257011092253e+01 2.474345343259590635e+01 1.422174585636727279e+05
2.404257650721972439e+01 3.713646709406117452e+01 3.159966686190554341e+01 2.492647150775550102e+01 1.424346240016454249e+05
2.412111642798362254e+01 3.724751987927784569e+01 3.164576047804160552e+01 2.519771839078895681e+01 1.430244632856523676e+05
2.419965634806970556e+01 3.718643432901433243e+01 3.178007380008304139e+01 2.529233980186211284e+01 1.423143300589571299e+05
2.427819626748454596e+01 3.727448701189339886e+01 3.185382559159016580e+01 2.549279897091239633e+01 1.425721192547387618e+05
2.435673618623464520e+01 3.726638944885220184e+01 3.192941737503108257e+01 2.565971084581849126e+01 1.427627403478880587e+05
2.443527610432640529e+01 3.738803346512126780e+01 3.203550308470424568e+01 2.587601356329001590e+01 1.428883652020953596e+05
2.451381602176616425e+01 3.746308745854165068e+01 3.212089593351186068e+01 2.615828808539637151e+01 1.431333115203684429e+05
2.459235593856016067e+01 3.737330594968582176e+01 3.212841150847530258e+01 2.632975719214991628e+01 1.430740416925701138e+05
2.467089585471456203e+01 3.744360470026386878e+01 3.214193536123907791e+01 2.647668133052926365e+01 1.434554222245001874e+05
2.474943577023546126e+01 3.759023744084493757e+01 3.231515551390005214e+01 2.670549881670845593e+01 1.434900730770770751e+05
2.482797568512887310e+01 3.753933044636536920e+01 3.237897244039692168e+01 2.694502961498914217e+01 1.438396742222016619e+05
2.490651559940072346e+01 3.764977866451716437e+01 3.243379072689476317e+01 2.724753227821262769e+01 1.445048638000307546e+05
2.498505551305688144e+01 3.758834188755050576e+01 3.247432835383055050e+01 2.741249349235986799e+01 1.434322337344306870e+05
2.506359542610313440e+01 3.780148401654528101e+01 3.256900893740051828e+01 2.772241381297894591e+01 1.443152111744476133e+05
2.514213533854519511e+01 3.773677697818201437e+01 3.271159034018999279e+01 2.780669344085619699e+01 1.440068788208411133e+05
2.522067525038871239e+01 3.785629033389118092e+01 3.277458308979044688e+01 2.799432426956125042e+01 1.445599818188106001e+05
2.529921516163925688e+01 3.782985550431877897e+01 3.284622422230884808e+01 2.819227945570932903e+01 1.444059218330473814e+05
2.537775507230233529e+01 3.801404327847695441e+01 3.293576706576115498e+01 2.838610123041008748e+01 1.445398494809411932e+05
2.545629498238338684e+01 3.810062787407698437e+01 3.313085289615298734e+01 2.858948610408105395e+01 1.453674801551381533e+05
2.553483489188777966e+01 3.808552312444358279e+01 3.312009163375537923e+01 2.882560604889057743e+01 1.454587616238368209e+05
2.561337480082082152e+01 3.800741629342731187e+01 3.328520971094700087e+01 2.896849219795935326e+01 1.449303201294187165e+05
2.569191470918774911e+01 3.807373723080051064e+01 3.330149468284666625e+01 2.914161181253102839e+01 1.449074684591365221e+05
2.577045461699373874e+01 3.831196039607095116e+01 3.360147440266484153e+01 2.952340414705669147e+01 1.455616251096627093e+05
2.584899452424390631e+01 3.823116915209534739e+01 3.346398129593611515e+01 2.974513074351137121e+01 1.462009268429353833e+05
2.592753443094329668e+01 3.821909898282257956e+01 3.365476756410615877e+01 2.989179556963136619e+01 1.460215315311830782e+05
2.600607433709690852e+01 3.848412112291722309e+01 3.370045580115981920e+01 3.020938992696658332e+01 1.472422551229588862e+05
2.608461424270966944e+01 3.849836447475010459e+01 3.393163100211079097e+01 3.042239305459210996e+01 1.470661513687399856e+05
2.616315414778644310e+01 3.864800137138854552e+01 3.399789166196246271e+01 3.048008281986442114e+01 1.466595954944056284e+05
2.624169405233205055e+01 3.863127393576998969e+01 3.410413429931089269e+01 3.080974076149846752e+01 1.477281568208126700e+05
2.632023395635124174e+01 3.874284469742065795e+01 3.423260053561376992e+01 3.118680784594174682e+01 1.479669645638919028e+05
2.639877385984871694e+01 3.877835250328826788e+01 3.435293557057138969e+01 3.134495045664552038e+01 1.475978175776443677e+05
2.647731376282911953e+01 3.892806560637480828e+01 3.449761340054620007e+01 3.159064554967090643e+01 1.476657681174302706e+05
2.655585366529703606e+01 3.897633248074261303e+01 3.461855104465017519e+01 3.173998317118238432e+01 1.479763504781604279e+05
2.663439356725699980e+01 3.901594073498526427e+01 3.468316793388245145e+01 3.200420764340026381e+01 1.492874167641678941e+05
2.671293346871349428e+01 3.922052382518771907e+01 3.489451007744629152e+01 3.227549673459868274e+01 1.495607966352173244e+05
2.679147336967094617e+01 3.923647698509240911e+01 3.500309651912613162e+01 3.249948650305032061e+01 1.492334104010126612e+05
2.687001327013372531e+01 3.931795250811576636e+01 3.504295866854167230e+01 3.281160914431325892e+01 1.499973182532900537e+05
2.694855317010616602e+01 3.926238365308537936e+01 3.520884452021082467e+01 3.284432160630163366e+01 1.501813225851988827e+05
2.702709306959254221e+01 3.954153339898591213e+01 3.538377463620370378e+01 3.293838945481690672e+01 1.501415863815052435e+05
2.710563296859707094e+01 3.949001820930918427e+01 3.541014604223317264e+01 3.336945093184680644e+01 1.502899093416269461e+05
2.718417286712393377e+01 3.961454748157323991e+01 3.556309316900187412e+01 3.344546633256511825e+01 1.504989091280294815e+05
2.726271276517725894e+01 3.978455865981894135e+01 3.580466193549446530e+01 3.372611540349480919e+01 1.500944000595792313e+05
2.734125266276112498e+01 3.956924855325623014e+01 3.569641736048074421e+01 3.404460601348152693e+01 1.506167242842257547e+05
2.741979255987956776e+01 3.991451454930834331e+01 3.613737436058011099e+01 3.423763971868191902e+01 1.518736567014893808e+05
2.749833245653658054e+01 3.998263138915338288e+01 3.611002336834676640e+01 3.441606676523353059e+01 1.519615696455220459e+05
2.757687235273609616e+01 3.979022439876042938e+01 3.609019242995545085e+01 3.462147150739506429e+01 1.520720167237975402e+05
2.765541224848202262e+01 3.995856938137274028e+01 3.635287875913660827e+01 3.470880763983978312e+01 1.517532437038002536e+05
2.773395214377820395e+01 4.000533557121674022e+01 3.646912747095579732e+01 3.532929975186677041e+01 1.520261626121192530e+05
2.781249203862845576e+01 3.987339274808901735e+01 3.631013294414429282e+01 3.537845281866096769e+01 1.521299623096071300e+05
2.789103193303654038e+01 4.014491365240390763e+01 3.652247126500643049e+01 3.574880149372988569e+01 1.523204309258507274e+05
2.796957182700618816e+01 4.001182756415197872e+01 3.682155967534595220e+01 3.591128750329170316e+01 1.519144385372024262e+05
2.804811172054107615e+01 4.008454041304066351e+01 3.679762351238882445e+01 3.615577362691315244e+01 1.521537203868654615e+05
2.812665161364485655e+01 4.006274825455657407e+01 3.670885416867401574e+01 3.623009842227617128e+01 1.522657520213763637e+05
2.820519150632112115e+01 4.003530279738690467e+01 3.698837181723013856e+01 3.646602963889466764e+01 1.514021518427355040e+05
2.828373139857343332e+01 3.982737933214258419e+01 3.675001644840248360e+01 3.676792740603720944e+01 1.525577740227302420e+05
2.836227129040531736e+01 3.990032964140829819e+01 3.714015306523327098e+01 3.696565353403141074e+01 1.514847150499736599e+05
2.844081118182025847e+01 4.009639163554676600e+01 3.686955695968290314e+01 3.719679253248102668e+01 1.520830628211671137e+05
2.851935107282169923e+01 3.989721593190621718e+01 3.693621741296899330e+01 3.722036366173266941e+01 1.506207872114389029e+05
2.859789096341304315e+01 3.965799936416163973e+01 3.697536311482644322e+01 3.740779851245805787e+01 1.493667019293234916e+05
2.867643085359765820e+01 3.967769929600191858e+01 3.701295245691045466e+01 3.741944003305252409e+01 1.503841522134305851e+05
2.875497074337888392e+01 3.964680073744460032e+01 3.753042828301298783e+01 3.838122905737816382e+01 1.509447175326261495e+05
2.883351063276001369e+01 3.970669108842154316e+01 3.730434868222369005e+01 3.831576489842717592e+01 1.504776863486726943e+05
2.891205052174430890e+01 3.958683792947836366e+01 3.731894697201003197e+01 3.854625291815651167e+01 1.505104904559291317e+05
2.899059041033499184e+01 3.969412788596277863e+01 3.726384406687480322e+01 3.900827425033345008e+01 1.517354746385915205e+05
2.906913029853525643e+01 3.983460874543978747e+01 3.753039665611154874e+01 3.909131699330082199e+01 1.513431907052743481e+05
2.914767018634825746e+01 3.970874411596114584e+01 3.760813159347397061e+01 3.932578100287063450e+01 1.505123595524152042e+05
2.922621007377712132e+01 3.977833021677217573e+01 3.764154878079910560e+01 3.952568795916760536e+01 1.511858818616671488e+05
2.930474996082492822e+01 3.976265952504098067e+01 3.804364352977861330e+01 3.962328446731057596e+01 1.514374979527541436e+05
2.938328984749474060e+01 3.977419249195113338e+01 3.807664543713219274e+01 3.986225161130638384e+01 1.508904271587671246e+05
2.946182973378957826e+01 3.964333932322927012e+01 3.791613108590093617e+01 3.999409653065500692e+01 1.495912987815740926e+05
2.954036961971243258e+01 3.986184185430257543e+01 3.796365609313168932e+01 4.036075996342476913e+01 1.508292412027071696e+05
2.961890950526625943e+01 3.989375672687198460e+01 3.806182275046985808e+01 4.068377934720376743e+01 1.510038238308871805e+05
2.969744939045398979e+01 4.013853730644676432e+01 3.836868041393888262e+01 4.127685363718374845e+01 1.513417209407136834e+05
2.977598927527852268e+01 3.970704597747820230e+01 3.817379877433278068e+01 4.081654017286432889e+01 1.511579532182436378e+05
2.985452915974272159e+01 4.008415517121645166e+01 3.892818144556358817e+01 4.139055233349154150e+01 1.512750634221562359e+05
2.993306904384942868e+01 3.997052256224508682e+01 3.859140248278832530e+01 4.131797785110633470e+01 1.518610280860709317e+05
3.001160892760143994e+01 4.012021250075996903e+01 3.861381622789860302e+01 4.163354028579359323e+01 1.520793991207112558e+05
3.009014881100154071e+01 4.037474431820344734e+01 3.905479050273718400e+01 4.251384271884285226e+01 1.532935482326975034e+05
3.016868869405248077e+01 4.045326229634792270e+01 3.919747256592458484e+01 4.271449593401213463e+01 1.540880859919653449e+05
3.024722857675697441e+01 4.043713403976823884e+01 3.918514532036738274e+01 4.265613364593911427e+01 1.546662584268721694e+05
3.032576845911771457e+01 4.028198380266558587e+01 4.004106065064909359e+01 4.341290378690842289e+01 1.533218239129473222e+05
3.040430834113736580e+01 4.058370690038558593e+01 3.961631948178575868e+01 4.401657106736927005e+01 1.548499957394886587e+05
3.048284822281856421e+01 4.015991885845443221e+01 3.949500608954501502e+01 4.384589141992302785e+01 1.527085257887123735e+05
3.056138810416392460e+01 4.093670877151706122e+01 3.985373789068479056e+01 4.400320390526598402e+01 1.541644214744421479e+05
3.063992798517602267e+01 4.072982908873618157e+01 3.989542013630889272e+01 4.419973246856636706e+01 1.541968295035118645e+05
3.071846786585741640e+01 4.056051351655729320e+01 4.021986740492771162e+01 4.519987813664885579e+01 1.552146263896185555e+05
3.079700774621063886e+01 4.151423348413193537e+01 4.020147020767797841e+01 4.520075319050869922e+01 1.562839697281230474e+05
3.087554762623818760e+01 4.106360027158136461e+01 4.081741792665550150e+01 4.584324751277864607e+01 1.549104965513937059e+05
3.095408750594254599e+01 4.107524741506892951e+01 4.033225377133403100e+01 4.594377223691751055e+01 1.558706354143178905e+05
3.103262738532617249e+01 4.172135977014714570e+01 4.092642521456529181e+01 4.587479785408562094e+01 1.568306444100042281e+05
3.111116726439149005e+01 4.164941148909062463e+01 4.068358865867033813e+01 4.649069980430122229e+01 1.561462908868397935e+05
3.118970714314090387e+01 4.208279460811380801e+01 4.101661259614766664e+01 4.685878186034918969e+01 1.579192453309695702e+05
3.126824702157679781e+01 4.208062137752404652e+01 4.149199721555437748e+01 4.757765366240986538e+01 1.578249979444982600e+05
3.134678689970152377e+01 4.197532211091774457e+01 4.166764173805700011e+01 4.741674838808063441e+01 1.582855692920426372e+05
3.142532677751741588e+01 4.237555722722435547e+01 4.172474121548178516e+01 4.831074993994993605e+01 1.608657321688109951e+05
3.150386665502678696e+01 4.257594641230212318e+01 4.165870205829303075e+01 4.825485808287793787e+01 1.604429737176789204e+05
3.158240653223192140e+01 4.263594279477678839e+01 4.272270670342258825e+01 4.901830016749175201e+01 1.614102177721847547e+05
3.166094640913508229e+01 4.253978802771597145e+01 4.222320396225386929e+01 4.853366259629743240e+01 1.625064809432622278e+05
3.173948628573851494e+01 4.262356453815567647e+01 4.222198451013936449e+01 4.932271145432403614e+01 1.621314766674205021e+05
3.181802616204443623e+01 4.271659239285846610e+01 4.236686386772843349e+01 4.943129312102371387e+01 1.610346212235900748e+05
3.189656603805504531e+01 4.282853986577640626e+01 4.257393865151884427e+01 5.001270076401977605e+01 1.631193516885367571e+05
3.197510591377251998e+01 4.384417616049861266e+01 4.354630301017387950e+01 5.056769985955307334e+01 1.650553134076114802e+05
3.205364578919900964e+01 4.390140730667638991e+01 4.366669341224906020e+01 5.158024664690981353e+01 1.665713326414209150e+05
3.213218566433665302e+01 4.355892325420128230e+01 4.306363139199957857e+01 5.102817317114094209e+01 1.667873871838561026e+05
3.221072553918755688e+01 4.363692935382953664e+01 4.345480236936989371e+01 5.222042710217682071e+01 1.636347827912627254e+05
3.228926541375382442e+01 4.382709793086048933e+01 4.437446268519584436e+01 5.218156245743728761e+01 1.659216907284649787e+05
3.236780528803751622e+01 4.421807098527322921e+01 4.437622210175161541e+01 5.206072628998984442e+01 1.672231982334670029e+05
3.244634516204068575e+01 4.476262417783935632e+01 4.444293862358018288e+01 5.218225343788015635e+01 1.687074060011063120e+05
3.252488503576537227e+01 4.458520535155690112e+01 4.420597112033193099e+01 5.246738328681443875e+01 1.677420617539684754e+05
3.260342490921358660e+01 4.466244981082910925e+01 4.407090025897350927e+01 5.258508398927681071e+01 1.694689646562822163e+05
3.268196478238731828e+01 4.501501079873443700e+01 4.467579435523377640e+01 5.243545922547743743e+01 1.692303847606922500e+05
3.276050465528854261e+01 4.548000092329149879e+01 4.600412846497185626e+01 5.330510261882040624e+01 1.763068293371417094e+05
3.283904452791921358e+01 4.570545805099315828e+01 4.573271214661544093e+01 5.381066603983051522e+01 1.732407626956814784e+05
3.291758440028127097e+01 4.669586750366983097e+01 4.547889105954462963e+01 5.340505464144452930e+01 1.725869109925936791e+05
3.299612427237663326e+01 4.591704827108242881e+01 4.561658230820490445e+01 5.446932181644267956e+01 1.744768249214038078e+05
3.307466414420719758e+01 4.520021753725975344e+01 4.537710096004160221e+01 5.275096010745236441e+01 1.726266610110145994e+05
3.315320401577483977e+01 4.731579842199506203e+01 4.807456478426669833e+01 5.548791548169141663e+01 1.760660314305862412e+05
3.323174388708143567e+01 4.516415362868087868e+01 4.819020100881754587e+01 5.644381347884836941e+01 1.727405075166925672e+05
3.331028375812883269e+01 4.730016467809960545e+01 4.697001876658529085e+01 5.451712571510689287e+01 1.789551804437133542e+05
3.338882362891884981e+01 4.801962721798637546e+01 4.806468191667736534e+01 5.753648742180051556e+01 1.797613056135257939e+05
3.346736349945329891e+01 4.704426581684461439e+01 4.775238974205757359e+01 5.564796549856686170e+01 1.700518662373316183e+05
3.354590336973399189e+01 4.744318194537610367e+01 4.806870756295631963e+01 5.749591277309401249e+01 1.818064396411333291e+05
3.362444323976268379e+01 5.033938137237624488e+01 4.712291028553319450e+01 5.654930899352314810e+01 1.825618679928337806e+05
3.370298310954115806e+01 4.685564317060005379e+01 4.786035573135959709e+01 6.039667104412542642e+01 1.805420187845156761e+05
3.378152297907114132e+01 4.797818814962157319e+01 4.957618594876372242e+01 5.889864966704287497e+01 1.808102665125268977e+05
3.386006284835436730e+01 4.813571961972954938e+01 4.978799369568626076e+01 5.920071172308486496e+01 1.824000829058724921e+05
3.393860271739255552e+01 4.910718355465390772e+01 4.730381846311632899e+01 5.767424945773298361e+01 1.814138592221899889e+05
3.401714258618739706e+01 5.052582142780934760e+01 4.974534384411651189e+01 6.104428740992920410e+01 1.745448705852339335e+05
3.409568245474058301e+01 5.306154967223673680e+01 5.085058727967928149e+01 6.256173973415555878e+01 1.970336668365071237e+05
3.417422232305376895e+01 4.865977698558017295e+01 5.001935354502251840e+01 5.811804074180651014e+01 1.744354262636645872e+05
3.425276219112861043e+01 5.085940537084362489e+01 5.303166941392576206e+01 6.069598732830340992e+01 1.994575471980526927e+05
3.433130205896674880e+01 5.680465930576422551e+01 5.271280722171093913e+01 6.311744871160775716e+01 1.982302770920595212e+05
3.440984192656979701e+01 5.549136914413457333e+01 5.162828299944661836e+01 6.370012503439173202e+01 2.092466658379637520e+05
3.448838179393936088e+01 6.050208485293213556e+01 4.963515994905792184e+01 5.981232567703946756e+01 2.262486833826242946e+05
3.456692166107702491e+01 5.409674893932812978e+01 5.146310003655649012e+01 5.736902443624016001e+01 2.270278558338607254e+05
3.464546152798438072e+01 7.434507327832552903e+01 3.843334375025418126e+01 5.897896711580517604e+01 1.624681559835007647e+05
3.472400139466299152e+01 4.119380080708132397e+01 6.972400599991179604e+01 9.441996618806166452e+01 1.904167023019145709e+05
