# 0.9983 0.9997
7.871241428633635184e-02 3.199575971795153517e+00 3.164130875097431961e+00 3.958813899050983879e-04 1.207296952243724036e+03
1.618072713909662341e-01 9.494529593191504802e+00 9.301360305108440585e+00 2.139418503320764976e-03 4.823873413451534361e+03
2.418771330418761079e-01 1.588930538088647992e+01 1.563604936893481323e+01 2.563904552972032409e-03 6.621127597519870505e+03
3.211923215201240578e-01 1.984730413141647887e+01 1.945193831770381365e+01 6.415684762185621531e-03 1.288799790067564754e+04
4.002017901256537113e-01 2.159415206051785319e+01 2.099766016309539651e+01 8.956773728831296869e-03 1.823512240416725399e+04
4.790568272527075955e-01 2.619466998915715905e+01 2.548683017713956644e+01 1.241439910238705327e-02 1.785870374672564139e+04
5.578229290343351687e-01 3.460592454338311086e+01 3.362925827259177680e+01 1.707638832655355987e-02 2.594560327592492467e+04
6.365331115321660738e-01 3.693640857685532097e+01 3.574907123866798742e+01 2.350185691704771360e-02 2.769670582783645295e+04
7.152058371535838788e-01 3.609503867162507618e+01 3.483184738032820604e+01 2.980317407932998874e-02 3.185538264907390840e+04
7.938522421846891941e-01 3.808212276121273021e+01 3.665602106003333205e+01 3.565559889943769462e-02 3.316998718697118602e+04
8.724794443688169698e-01 4.436665308384682760e+01 4.274531142413120222e+01 4.198035620005290125e-02 3.576238134533295670e+04
9.510922062407737299e-01 4.820555040844990202e+01 4.642920171239572369e+01 4.731228104260232908e-02 3.912730448672402417e+04
1.029693835175838679e+00 5.297848229337025572e+01 5.096703996006190351e+01 5.788516365950630016e-02 3.999476847474724491e+04
1.108286699878543891e+00 5.850302284704562084e+01 5.638067680703202456e+01 6.551817401088318171e-02 4.131331562868136825e+04
1.186872541411916560e+00 5.779352951012195660e+01 5.563670906110201742e+01 7.696595370625936017e-02 4.384581087635352742e+04
1.265452668213572940e+00 6.077712735728898963e+01 5.855331344076922306e+01 8.386675002188050121e-02 4.626646076176095085e+04
1.344028082638708543e+00 6.465454036453570552e+01 6.222696505930434796e+01 9.574180535970691630e-02 5.020915372642105649e+04
1.422599565533279709e+00 6.783926547935294593e+01 6.538778178010994679e+01 1.013827227470237707e-01 4.974768139432738099e+04
1.501167734229200246e+00 7.145529072040388030e+01 6.868453791374278694e+01 1.204303134157743010e-01 5.247999786637083889e+04
1.579733083222462531e+00 7.350417836115194348e+01 7.065529824292458727e+01 1.304588041730456449e-01 5.659507955760176992e+04
1.658296013281593151e+00 7.316262410738059430e+01 7.042782053339745119e+01 1.388260725927279449e-01 5.702405911587469745e+04
1.736856852652245875e+00 7.675094621642203663e+01 7.372838288787879435e+01 1.562034691773551698e-01 5.719677723376225913e+04
1.815415872753641580e+00 7.496519306198058530e+01 7.193597118357871523e+01 1.685671868966766296e-01 5.972772865708739118e+04
1.893973299967037560e+00 7.898311242407049804e+01 7.595066631771915411e+01 1.853480740199437427e-01 6.165643035306030652e+04
1.972529324606241641e+00 7.718127994322055940e+01 7.398927436898094356e+01 1.994885637077384033e-01 6.447322928845974093e+04
2.051084107826015579e+00 7.840243701500955353e+01 7.523237995264443612e+01 2.177338222417864455e-01 6.611035161982527643e+04
2.129637787001040561e+00 8.026005392288415408e+01 7.685995710269556014e+01 2.367983004949050507e-01 6.889443360342348751e+04
2.208190479956450680e+00 7.889028465968304715e+01 7.553698631651779749e+01 2.567080861232662881e-01 6.980212978486729844e+04
2.286742288326184092e+00 7.841693269957838197e+01 7.510702782117377296e+01 2.677853656068646671e-01 7.001776558577697142e+04
2.365293300241981811e+00 7.798384654109528924e+01 7.449875578649738372e+01 2.888100894716794098e-01 7.075541378681124479e+04
2.443843592503681883e+00 7.641414744001018278e+01 7.308618864504994406e+01 3.062709718405187131e-01 7.407359569158370141e+04
2.522393232343909553e+00 7.552807121222083708e+01 7.199558521083120866e+01 3.303863724537909885e-01 7.577847948969312711e+04
2.600942278872942381e+00 7.496677070235325857e+01 7.134927499861011313e+01 3.538490834320338618e-01 7.871784611311821209e+04
2.679490784269383141e+00 7.235827472974501973e+01 6.864345935721100034e+01 3.687611675478826290e-01 7.790650012839019473e+04
2.758038794767343038e+00 7.152214635363047535e+01 6.798210461157756868e+01 3.898598348585159412e-01 8.033888382993864070e+04
2.836586351479573942e+00 6.949511873229630510e+01 6.582405554797352920e+01 4.174569499630216285e-01 8.351388357891670603e+04
2.915133491087511963e+00 6.878011532072319767e+01 6.507012523413403926e+01 4.394651913916196029e-01 8.266913733752182452e+04
2.993680246422668834e+00 6.783583384744254374e+01 6.408849487195814731e+01 4.636427931862617258e-01 8.312701454586755426e+04
3.072226646958827967e+00 6.441258294715838417e+01 6.053637224939880213e+01 4.940235569597646315e-01 8.658573772843470215e+04
3.150772719230606977e+00 6.323357350558595158e+01 5.949108683295000333e+01 5.107114936353879253e-01 8.712943034668470500e+04
3.229318487190934395e+00 6.175602633062895563e+01 5.798715387216041961e+01 5.435407755953026721e-01 8.681272341878818406e+04
3.307863972517584905e+00 5.944187659052819583e+01 5.570669720720734830e+01 5.660999312874241962e-01 8.866837626344220189e+04
3.386409194877053608e+00 5.870154433236442060e+01 5.494800066980907616e+01 5.980572072597015731e-01 9.141166206985089229e+04
3.464954172152534095e+00 5.740067624146313108e+01 5.352496950950359178e+01 6.169466043752049877e-01 9.216027015699213371e+04
3.543498920641575456e+00 5.509855450240430486e+01 5.131999984244919943e+01 6.527592710468469450e-01 9.434576665111089824e+04
3.622043455228019404e+00 5.420463407396623978e+01 5.042670803340737251e+01 6.760965904737490373e-01 9.480990593990507477e+04
3.700587789532037597e+00 5.282520451288159791e+01 4.898228967071898410e+01 7.120381390953006706e-01 9.647136806045645790e+04
3.779131936041457696e+00 5.176626878157806289e+01 4.798246192139504984e+01 7.471356572324356904e-01 9.736984502595440426e+04
3.857675906227046259e+00 5.086442472834772133e+01 4.710797432054187794e+01 7.630391489860733900e-01 9.870363843370703398e+04
3.936219710643986680e+00 4.977249436197028132e+01 4.591608156223048809e+01 8.089470018927980011e-01 1.000098652767589228e+05
4.014763359021444877e+00 4.928904909353520480e+01 4.530340212995264437e+01 8.364901253596815911e-01 9.947006657282471133e+04
4.093306860341824560e+00 4.798492987162651957e+01 4.398034307185693592e+01 8.798726777604999327e-01 1.023253346595849289e+05
4.171850222911064776e+00 4.764578200237338734e+01 4.363011944646810747e+01 9.056310013308025431e-01 1.025990074647322035e+05
4.250393454421145911e+00 4.650546955058551646e+01 4.250107017704589651e+01 9.395148942625940469e-01 1.026499520721020817e+05
4.328936562005788247e+00 4.643061966647062633e+01 4.238863174912514609e+01 9.714095257181853960e-01 1.060151766876884794e+05
4.407479552290201497e+00 4.604007446539266368e+01 4.187113380982893318e+01 1.006775329297990185e+00 1.061154831231880235e+05
4.486022431435594982e+00 4.495996868517013922e+01 4.092810009221214074e+01 1.034097071936988188e+00 1.067917259774523700e+05
4.564565205179107465e+00 4.508919112247603778e+01 4.090196585200480683e+01 1.081302225743778100e+00 1.085607267313955963e+05
4.643107878869670024e+00 4.492528186855585659e+01 4.069134700268566718e+01 1.113937928041563108e+00 1.100256621437218855e+05
4.721650457500300213e+00 4.353937937437612504e+01 3.928048014546746458e+01 1.147589060964825380e+00 1.098698268949956109e+05
4.800192945737217443e+00 4.423174818628311300e+01 3.978060768603294406e+01 1.196171579027187848e+00 1.118502817161226703e+05
4.878735347946150824e+00 4.381702390517745727e+01 3.938347688941468761e+01 1.210115298556628582e+00 1.129785306434122613e+05
4.957277668216146793e+00 4.383073160415687397e+01 3.938603269665344442e+01 1.283021489753982003e+00 1.132959311221835524e+05
5.035819910381144737e+00 4.390234592665498781e+01 3.931366860386950179e+01 1.313291304808962057e+00 1.132746289521045837e+05
5.114362078039562221e+00 4.336330843300031290e+01 3.868220719947991881e+01 1.353337847034275176e+00 1.152140372308059304e+05
5.192904174572115394e+00 4.302011893386724495e+01 3.830745816102999868e+01 1.393057274156910719e+00 1.164268678110512992e+05
5.271446203158030919e+00 4.283033031806876778e+01 3.815623528780857043e+01 1.435399010680143528e+00 1.177307981727426231e+05
5.349988166789838573e+00 4.280845220029758735e+01 3.803850363473212326e+01 1.469908120792846162e+00 1.175914723468840675e+05
5.428530068286878674e+00 4.317304560283562154e+01 3.817833437043832134e+01 1.531976469947858410e+00 1.194105453062623710e+05
5.507071910307648643e+00 4.264327602011849194e+01 3.773181931953514834e+01 1.563678649266432519e+00 1.195260639919520763e+05
5.585613695361120179e+00 4.280648020739831594e+01 3.767074159268688049e+01 1.640278733701365121e+00 1.223819824664617772e+05
5.664155425817094525e+00 4.264558123498635922e+01 3.751675172036821948e+01 1.664448593080458672e+00 1.216592489400600898e+05
5.742697103915729961e+00 4.260594508151596926e+01 3.741914241872355973e+01 1.698532542364577846e+00 1.224723052086487878e+05
5.821238731776284148e+00 4.259573760638155449e+01 3.737822741080675115e+01 1.734184442908973001e+00 1.232495153135428845e+05
5.899780311405160127e+00 4.260036485724111799e+01 3.731379402658255628e+01 1.792200327826192430e+00 1.241195294219239440e+05
5.978321844703323507e+00 4.283595265996364532e+01 3.738312911052965148e+01 1.829265107183906114e+00 1.245809852344184183e+05
6.056863333473133437e+00 4.276145963895800861e+01 3.731309339916794698e+01 1.874090730495209911e+00 1.265911903420770541e+05
6.135404779424661115e+00 4.258443252565322013e+01 3.702477710917443687e+01 1.960511115950795080e+00 1.279400071922727948e+05
6.213946184181517118e+00 4.282974356415090256e+01 3.727063442686242922e+01 1.994220120967131304e+00 1.283427926053810515e+05
6.292487549286247983e+00 4.298950773805764669e+01 3.721988775160347274e+01 2.030959677530898677e+00 1.296039670874750882e+05
6.371028876205335756e+00 4.294848080750907826e+01 3.712472529418352707e+01 2.082889372063629008e+00 1.285380581062206038e+05
6.449570166333828070e+00 4.283174543325979755e+01 3.700962784817716766e+01 2.143990423369829035e+00 1.314554980313418491e+05
6.528111420999634262e+00 4.290508796779965905e+01 3.695664955919005479e+01 2.196248207516365181e+00 1.310091018273586087e+05
6.606652641467518627e+00 4.261134294966159786e+01 3.667398520515278904e+01 2.251928859387096082e+00 1.319824132303957304e+05
6.685193828942805006e+00 4.302615187648620321e+01 3.689046802244536849e+01 2.303134901311965965e+00 1.315974174794841383e+05
6.763734984574836240e+00 4.266229146208620193e+01 3.667960378946632005e+01 2.338330049714469006e+00 1.315332676662349259e+05
6.842276109460177835e+00 4.247145024897669430e+01 3.630346463795122247e+01 2.402926470761563849e+00 1.333865893002281082e+05
6.920817204645620890e+00 4.242291348568286224e+01 3.631937667062862118e+01 2.456655550406533273e+00 1.341574183795439312e+05
6.999358271130968312e+00 4.294621366080649238e+01 3.667239660504635168e+01 2.519966914040606021e+00 1.352136848254642682e+05
7.077899309871646949e+00 4.259204290027224715e+01 3.635190621309034498e+01 2.573295932804736452e+00 1.369914507090907719e+05
7.156440321781138536e+00 4.281197645786957651e+01 3.652143500695943601e+01 2.632022604584458136e+00 1.357457965699291672e+05
7.234981307733260536e+00 4.294454156299006087e+01 3.639469582719803498e+01 2.726965401100330588e+00 1.369000092985790106e+05
7.313522268564292439e+00 4.244988927033196546e+01 3.594003801619718530e+01 2.750249130796943664e+00 1.365175207013884210e+05
7.392063205074973276e+00 4.281780209234968027e+01 3.631151835653000859e+01 2.804409857525391292e+00 1.367363448407406977e+05
7.470604118032365015e+00 4.243038670109592658e+01 3.590977084260293140e+01 2.881631533345542007e+00 1.385363356633862422e+05
7.549145008171610272e+00 4.257604688953593808e+01 3.600340347701679633e+01 2.935792385527162818e+00 1.390159473310655158e+05
7.627685876197570103e+00 4.245308491095151737e+01 3.579737878847228671e+01 3.009320915067725810e+00 1.399233275276380009e+05
7.706226722786373884e+00 4.275357739743055419e+01 3.595890979091180384e+01 3.051938810716877004e+00 1.400136669127804344e+05
7.784767548586863484e+00 4.237763483999678016e+01 3.565258236440106998e+01 3.111154412014059290e+00 1.396593840546637948e+05
7.863308354221953955e+00 4.262414216365257857e+01 3.581706723939970516e+01 3.153090444171492646e+00 1.410209917527381622e+05
7.941849140289923170e+00 4.287830732642304810e+01 3.596282262019337850e+01 3.227538136326503881e+00 1.402266352734029060e+05
8.020389907365611748e+00 4.243510033088190880e+01 3.561133400189346077e+01 3.296734954269799900e+00 1.432841183046805381e+05
8.098930656001561701e+00 4.220543750645765613e+01 3.528736941740861965e+01 3.361931070493635598e+00 1.428841584644395334e+05
8.177471386729090241e+00 4.230961306657010113e+01 3.542121035251445704e+01 3.418482986373917232e+00 1.430301362072128395e+05
8.256012100059292536e+00 4.241947307620778673e+01 3.535488954246224580e+01 3.473936074964191878e+00 1.435381429562879784e+05
8.334552796484000936e+00 4.199826370853506319e+01 3.509908030207809304e+01 3.545538431933128010e+00 1.443335072061729443e+05
8.413093476476680266e+00 4.238097710782319893e+01 3.522467139943264414e+01 3.603014851407828623e+00 1.443115422760095098e+05
8.491634140493276917e+00 4.219072888280458500e+01 3.503232058108529401e+01 3.674504939785181001e+00 1.444375066948831663e+05
8.570174788973028868e+00 4.211117699763911304e+01 3.484930721130117348e+01 3.755814322766339419e+00 1.449426872583909135e+05
8.648715422339215309e+00 4.223123964056189550e+01 3.501902427259429373e+01 3.803256069977564824e+00 1.460699377490969200e+05
8.727256040999876063e+00 4.210883688951212633e+01 3.489626202670052635e+01 3.856043937504712638e+00 1.460598544059656851e+05
8.805796645348495488e+00 4.212522909702742879e+01 3.488019812791865348e+01 3.941965568247346674e+00 1.455479612731250236e+05
8.884337235764643737e+00 4.219569697096799388e+01 3.477921407375588103e+01 4.025119104513208868e+00 1.461236896716758783e+05
8.962877812614589601e+00 4.219760841369498650e+01 3.479264131018478423e+01 4.086548110117532495e+00 1.467431946008885570e+05
9.041418376251867173e+00 4.228767361251590273e+01 3.489377113455949342e+01 4.120513009997655018e+00 1.480986719620743825e+05
9.119958927017840722e+00 4.155152128069418893e+01 3.433506039852670710e+01 4.225232960473898736e+00 1.483500077234034834e+05
9.198499465242209183e+00 4.187554387923324128e+01 3.443317842344710300e+01 4.325702742150465241e+00 1.484556267327919195e+05
9.277039991243508865e+00 4.168716811014388668e+01 3.418548993054255192e+01 4.378141362560303840e+00 1.482889890882681357e+05
9.355580505329580632e+00 4.191611331533621154e+01 3.442683350548344379e+01 4.452066529900728042e+00 1.489815131600151071e+05
9.434121007798012215e+00 4.183710671077291465e+01 3.430723359044033316e+01 4.501614944832571297e+00 1.492744758544777578e+05
9.512661498936562765e+00 4.197043376636680279e+01 3.438217341095440815e+01 4.592370417305787988e+00 1.499741848668101302e+05
9.591201979023569635e+00 4.171042104716151044e+01 3.413669663159959100e+01 4.653636442589792921e+00 1.499249653680721822e+05
9.669742448328321416e+00 4.146055115064325491e+01 3.389036499477217745e+01 4.747480600420284524e+00 1.492604374619205191e+05
9.748282907111432749e+00 4.162848585392784884e+01 3.392251663522917227e+01 4.818358122326912962e+00 1.511318280676940340e+05
9.826823355625185386e+00 4.162905475816876333e+01 3.388895739739587754e+01 4.873745100052469859e+00 1.505392996724388795e+05
9.905363794113858589e+00 4.171907774846653183e+01 3.388607677288960929e+01 4.970468966227596042e+00 1.505973147093240696e+05
9.983904222814045326e+00 4.148215934037509811e+01 3.377301420427862411e+01 5.024079133983297751e+00 1.508718461218381708e+05
1.006244464195495070e+01 4.170601740586886308e+01 3.390234390430236289e+01 5.114299071294823307e+00 1.516625607574670285e+05
1.014098505175868148e+01 4.128026925291763405e+01 3.347865983855501071e+01 5.181754274496441326e+00 1.508402354007495451e+05
1.021952545244051613e+01 4.135464104789832618e+01 3.346837866536111505e+01 5.248155569109880680e+00 1.521972804475488956e+05
1.029806584420916415e+01 4.124374558569274996e+01 3.334119602027956120e+01 5.358853436690645289e+00 1.524634757486324233e+05
1.037660622726701654e+01 4.126831297792097786e+01 3.336079043822418555e+01 5.414605736926316304e+00 1.524702560712463455e+05
1.045514660181038380e+01 4.140590439129414335e+01 3.340462387475477612e+01 5.509918147298156654e+00 1.518163957212124078e+05
1.053368696802971982e+01 4.119915322625126208e+01 3.325401089992153913e+01 5.553981888053195703e+00 1.527528369217076397e+05
1.061222732610984210e+01 4.117028929752488864e+01 3.316069336805781376e+01 5.644683812101016329e+00 1.533183108606060559e+05
1.069076767623013779e+01 4.111699022576013363e+01 3.309814245598601445e+01 5.761079555728984225e+00 1.539265517344005057e+05
1.076930801856475739e+01 4.147730183316435415e+01 3.330897236432495134e+01 5.822657002843577345e+00 1.538968708231358905e+05
1.084784835328281005e+01 4.121211658857478000e+01 3.304928332286962700e+01 5.931100113629848458e+00 1.531911925007893296e+05
1.092638868054854306e+01 4.092983813077047017e+01 3.284808252720691257e+01 5.967031187530127845e+00 1.536112163632692245e+05
1.100492900052151413e+01 4.107462552676913958e+01 3.293568320102040303e+01 6.097771934177271369e+00 1.539833933897519019e+05
1.108346931335675833e+01 4.130279364616417581e+01 3.306890214741567036e+01 6.144331030901073909e+00 1.531819921298596892e+05
1.116200961920494805e+01 4.093638893721253424e+01 3.271956814596822483e+01 6.250780775361810981e+00 1.538787134213948448e+05
1.124054991821254212e+01 4.095427108341545619e+01 3.270352914319607862e+01 6.307367411058076634e+00 1.535646161719608644e+05
1.131909021052193687e+01 4.101908659177050254e+01 3.270032163933726110e+01 6.405521379937106019e+00 1.544240403075478098e+05
1.139763049627160285e+01 4.102081219098804610e+01 3.277448516920797772e+01 6.487304712784514926e+00 1.537705936504087003e+05
1.147617077559622167e+01 4.090587306191411443e+01 3.262931702509570187e+01 6.583389477827532588e+00 1.544563921825226280e+05
1.155471104862680853e+01 4.098536829380681468e+01 3.265126705384670203e+01 6.681794921969470558e+00 1.545236730333366140e+05
1.163325131549084368e+01 4.081382839909767313e+01 3.248007279687080739e+01 6.788682341022401978e+00 1.550551955522168428e+05
1.171179157631238787e+01 4.098898542412100454e+01 3.261161643995675519e+01 6.841347719527739457e+00 1.540885274533904449e+05
1.179033183121219608e+01 4.090230791644726338e+01 3.247490789391384425e+01 6.942634882826380860e+00 1.544474937615151866e+05
1.186887208030782759e+01 4.067901053892219210e+01 3.226159613800788861e+01 7.060043684283154874e+00 1.545349087865149777e+05
1.194741232371374728e+01 4.094533982537230798e+01 3.235949692580342685e+01 7.149634386420449239e+00 1.552334133803346485e+05
1.202595256154143222e+01 4.066248664977902649e+01 3.224038424828670202e+01 7.229841012258626520e+00 1.544416253146225936e+05
1.210449279389946753e+01 4.088329829839836549e+01 3.234801620740119432e+01 7.329790907511623210e+00 1.551659959474814532e+05
1.218303302089363527e+01 4.069052347736406716e+01 3.210304096506525440e+01 7.402737169105834347e+00 1.547624619589810609e+05
1.226157324262700676e+01 4.075161978616426239e+01 3.232746902094991981e+01 7.460317601581141211e+00 1.551704841899827588e+05
1.234011345920003322e+01 4.077625546960874203e+01 3.210761674324260184e+01 7.598170121966338009e+00 1.551320628318351810e+05
1.241865367071062565e+01 4.036535788979232819e+01 3.186603984433652670e+01 7.695410836291067369e+00 1.554898020298818592e+05
1.249719387725422415e+01 4.084315723321405756e+01 3.216466631982231661e+01 7.776769421274183358e+00 1.556101159822575282e+05
1.257573407892389383e+01 4.065537545121154039e+01 3.200690804222524122e+01 7.896839084292897049e+00 1.549218202104497468e+05
1.265427427581038877e+01 4.068724519914218973e+01 3.196117083417296456e+01 7.990263575039080024e+00 1.549010982613046071e+05
1.273281446800221772e+01 4.048820754642077446e+01 3.181996281048682462e+01 8.065311364589938137e+00 1.549425231505761330e+05
1.281135465558572584e+01 4.057721915042510119e+01 3.185636973065285105e+01 8.193742964992170030e+00 1.556308174099952157e+05
1.288989483864514796e+01 4.050418808680488780e+01 3.169786259467457512e+01 8.291975284819379510e+00 1.555712074266039708e+05
1.296843501726268322e+01 4.077611680757334511e+01 3.194954987354368825e+01 8.393143410527104109e+00 1.549555243661359709e+05
1.304697519151855190e+01 4.063338421662117383e+01 3.186287731270168777e+01 8.518426196260129757e+00 1.549457701521868876e+05
1.312551536149104692e+01 4.058478446087959668e+01 3.175128615887031458e+01 8.603487209142311798e+00 1.553165113917559211e+05
1.320405552725660492e+01 4.049167291143329095e+01 3.172287589211035197e+01 8.656781367981864150e+00 1.550679843644741632e+05
1.328259568888985243e+01 4.052516550893588487e+01 3.168838128951023592e+01 8.781201149415540641e+00 1.550162172436051187e+05
1.336113584646366270e+01 4.041377146298629697e+01 3.152971269294056000e+01 8.901575533164132636e+00 1.552703522061608383e+05
1.343967600004920548e+01 4.015464800067532991e+01 3.137184492095339294e+01 9.013147499857621980e+00 1.549179832618911169e+05
1.351821614971599317e+01 4.031718084108939593e+01 3.146916859660079524e+01 9.093661981772108049e+00 1.547817572840083740e+05
1.359675629553193588e+01 4.018306066608483462e+01 3.144982260153732767e+01 9.181816474642328529e+00 1.547503246062293765e+05
1.367529643756338231e+01 4.013480041434685575e+01 3.132598774739295777e+01 9.287059940219977605e+00 1.545308894403272425e+05
1.375383657587516595e+01 4.030596929701206932e+01 3.144368242747790987e+01 9.418172844554236534e+00 1.552535811315618630e+05
1.383237671053064766e+01 4.022715332347162587e+01 3.133525338946407857e+01 9.494628247765009021e+00 1.548320051817821222e+05
1.391091684159175834e+01 4.029554908495216381e+01 3.132711375869825332e+01 9.634448234798531630e+00 1.552222027086283779e+05
1.398945696911903269e+01 4.019586928689693650e+01 3.136692481985503278e+01 9.715234331666255940e+00 1.544326662128016178e+05
1.406799709317166069e+01 4.014751636931137568e+01 3.116323895726179316e+01 9.836168190269145128e+00 1.555285584602724703e+05
1.414653721380751428e+01 4.004765025901570397e+01 3.111355947733083482e+01 9.958893522316559554e+00 1.550175372983083944e+05
1.422507733108318817e+01 4.028706115824068945e+01 3.125068235321677079e+01 1.001565256180366781e+01 1.544913907292176154e+05
1.430361744505403543e+01 4.008063326580979435e+01 3.113612419407253995e+01 1.015150022136821306e+01 1.548186403589483525e+05
1.438215755577419586e+01 3.993048041260236403e+01 3.098072872776251430e+01 1.023979580577222492e+01 1.548072972583328374e+05
1.446069766329663686e+01 3.984674972886788424e+01 3.100318975385023279e+01 1.035106569541918198e+01 1.542433041003983235e+05
1.453923776767318010e+01 4.001657394804549739e+01 3.097144065124732393e+01 1.053708307713613301e+01 1.545880564329098270e+05
1.461777786895453346e+01 3.985863039837040134e+01 3.095783473551772147e+01 1.058424164413604984e+01 1.545603176653377013e+05
1.469631796719032302e+01 4.003190803280206467e+01 3.108456870573860442e+01 1.073367684943846712e+01 1.540097189431623265e+05
1.477485806242911437e+01 3.991971339907961891e+01 3.098528400190857468e+01 1.080434276796693283e+01 1.541419238223996072e+05
1.485339815471844993e+01 3.985454078461905425e+01 3.094515741059363734e+01 1.092380843193059725e+01 1.538838486223545333e+05
1.493193824410487203e+01 3.976578474029810906e+01 3.083461327890590553e+01 1.106486426850741367e+01 1.546256915668310248e+05
1.501047833063394421e+01 3.972474782892700063e+01 3.082976512210885645e+01 1.118374012458306055e+01 1.543032730247233412e+05
1.508901841435028857e+01 3.980847419660332775e+01 3.084381815853243580e+01 1.128934566770057657e+01 1.540966753374321561e+05
1.516755849529759992e+01 3.989211551552993740e+01 3.075072848450524887e+01 1.146532270172848733e+01 1.543127735095793032e+05
1.524609857351867070e+01 3.964839028550392896e+01 3.071217234922950112e+01 1.156903830000059230e+01 1.539611638735806919e+05
1.532463864905541762e+01 3.965127558317180956e+01 3.074892960416524801e+01 1.163722822277673785e+01 1.534597318293727876e+05
1.540317872194890292e+01 3.956688413658290671e+01 3.063545217666420228e+01 1.177850863382269964e+01 1.540171250536874286e+05
1.548171879223935399e+01 3.950876170631010353e+01 3.055921819591346278e+01 1.186283735817122675e+01 1.535429882296045835e+05
1.556025885996618996e+01 3.971011734097348267e+01 3.075076593572270411e+01 1.201569189149565275e+01 1.543952174919121317e+05
1.563879892516803238e+01 3.961726990678130988e+01 3.070967557803020398e+01 1.214073352054004040e+01 1.537827567903599702e+05
1.571733898788273187e+01 3.953231288758698980e+01 3.065908372819268735e+01 1.226098516684614737e+01 1.531651347712442221e+05
1.579587904814739119e+01 3.964051992505712008e+01 3.066393465744531355e+01 1.239830454885520084e+01 1.542338884121911251e+05
1.587441910599837769e+01 3.951962102325218495e+01 3.066473426620454745e+01 1.252644365816726513e+01 1.534082122799811186e+05
1.595295916147133575e+01 3.944270023023598526e+01 3.058245036494353997e+01 1.264232779915442251e+01 1.536092515214698215e+05
1.603149921460121874e+01 3.947951023632126777e+01 3.053607833729757104e+01 1.279687536956320670e+01 1.535816198827751214e+05
1.611003926542229436e+01 3.954377127340935516e+01 3.054739643079085809e+01 1.294549773340360233e+01 1.540867494720230752e+05
1.618857931396816596e+01 3.944333916273330942e+01 3.055585225806245830e+01 1.307289627936059162e+01 1.539037775068505725e+05
1.626711936027179561e+01 3.944181990934759341e+01 3.063828787745575255e+01 1.312253749909826084e+01 1.534871690970504424e+05
1.634565940436549525e+01 3.942114907859255624e+01 3.053936345398102858e+01 1.331933786431618039e+01 1.535292643486422603e+05
1.642419944628097639e+01 3.949036104488511256e+01 3.054297606524947284e+01 1.346677829054744890e+01 1.530255198173264216e+05
1.650273948604932883e+01 3.950850945763876609e+01 3.057418910881268559e+01 1.360046305377200682e+01 1.531864001490179799e+05
1.658127952370107394e+01 3.946158508876440862e+01 3.052749226146096362e+01 1.375721098210532212e+01 1.537621154828055005e+05
1.665981955926614333e+01 3.954192482447558632e+01 3.054373931382111351e+01 1.390347130336465575e+01 1.540042542442387494e+05
1.673835959277390728e+01 3.949217594797252673e+01 3.054741203416327977e+01 1.402834849252784011e+01 1.536312307373374060e+05
1.681689962425318896e+01 3.946410880795436782e+01 3.045890122760083685e+01 1.419684793431360070e+01 1.535589663801673159e+05
1.689543965373228218e+01 3.945577831341697816e+01 3.048660152380617205e+01 1.432888700169088203e+01 1.541689557513797481e+05
1.697397968123895495e+01 3.938888993713581499e+01 3.047085479584020362e+01 1.438037551324266339e+01 1.536639637813834124e+05
1.705251970680045304e+01 3.940280039885493579e+01 3.047375529607906586e+01 1.453158303199900914e+01 1.534673359886567923e+05
1.713105973044353902e+01 3.930292379606206765e+01 3.047759824530076500e+01 1.466093388218525284e+01 1.535690657246812480e+05
1.720959975219447102e+01 3.950073379260679474e+01 3.053757811637139952e+01 1.481949559657899407e+01 1.535374350360811513e+05
1.728813977207903463e+01 3.945012543313742270e+01 3.059048399808070684e+01 1.499220515098885187e+01 1.541129463266026869e+05
1.736667979012256424e+01 3.945889787197493348e+01 3.058136766631413295e+01 1.511127886885303973e+01 1.541179288633266406e+05
1.744521980634991110e+01 3.948865157933318670e+01 3.055508395411582256e+01 1.528259080130575143e+01 1.542521039730971097e+05
1.752375982078550365e+01 3.940987089627818563e+01 3.052848008350435549e+01 1.544278774852030445e+01 1.537220680983701604e+05
1.760229983345331917e+01 3.944098762164900762e+01 3.052079143917421433e+01 1.556211825070492338e+01 1.540080230521658086e+05
1.768083984437692635e+01 3.966281260698717404e+01 3.076124651874522087e+01 1.573293153834958069e+01 1.543676901331125991e+05
1.775937985357945692e+01 3.961398451885418837e+01 3.074750418025937293e+01 1.587332054954037552e+01 1.546111067978752835e+05
1.783791986108364824e+01 3.973760112790301235e+01 3.079694580215332067e+01 1.608512546933381770e+01 1.545585399592976028e+05
1.791645986691183268e+01 3.960600527596576370e+01 3.072063096049437547e+01 1.621520961521616755e+01 1.547329981216967280e+05
1.799499987108595889e+01 3.953858929721637594e+01 3.076932539086734764e+01 1.638067967027923189e+01 1.548030919467064959e+05
1.807353987362759185e+01 3.970214952357332550e+01 3.081246651610926790e+01 1.650828107233441244e+01 1.550379942879613664e+05
1.815207987455791638e+01 3.975625696385019836e+01 3.089047083767454183e+01 1.664570100383216555e+01 1.553135187231468153e+05
1.823061987389775851e+01 3.986836277145735608e+01 3.099868543839435731e+01 1.691362960513141900e+01 1.552238555120321689e+05
1.830915987166758541e+01 3.981378843307555115e+01 3.094203858738537960e+01 1.709081898517041154e+01 1.557992556239366822e+05
1.838769986788751964e+01 3.998470544733867627e+01 3.106651587798721792e+01 1.719224003613589957e+01 1.557158498981031298e+05
1.846623986257733563e+01 3.982404361907330781e+01 3.100467147193008444e+01 1.735927269545872065e+01 1.558636021636330697e+05
1.854477985575647381e+01 4.001702814015157372e+01 3.112614570893722643e+01 1.751278921901133856e+01 1.557494023478032323e+05
1.862331984744404423e+01 4.008369978271647227e+01 3.114739012047127176e+01 1.768267971485472856e+01 1.563088793424641481e+05
1.870185983765884075e+01 4.014964841776479432e+01 3.126849051900708432e+01 1.793150315038697329e+01 1.567050454879012541e+05
1.878039982641934458e+01 4.007812787723794656e+01 3.127312624869854929e+01 1.808925083942130030e+01 1.574324493061779940e+05
1.885893981374372075e+01 4.026317352312155151e+01 3.129698227061870242e+01 1.827005598748016268e+01 1.577279590606771526e+05
1.893747979964983941e+01 4.037640655546834978e+01 3.138911224466999883e+01 1.842775064956946096e+01 1.577733523655520112e+05
1.901601978415527228e+01 4.040637591502211023e+01 3.154131470256152170e+01 1.856394214391798769e+01 1.580507138650200504e+05
1.909455976727730331e+01 4.064776510239917684e+01 3.167422616514403799e+01 1.878797196964382366e+01 1.580713628267080057e+05
1.917309974903293579e+01 4.063359704827795582e+01 3.158183426382647241e+01 1.896041920922438351e+01 1.589758121565901383e+05
1.925163972943889235e+01 4.052598950349121765e+01 3.170115237914113493e+01 1.913403669387480477e+01 1.584206411791969149e+05
1.933017970851161849e+01 4.079605871546073104e+01 3.183327871107093543e+01 1.933639784316468280e+01 1.598512609533768846e+05
1.940871968626730748e+01 4.085326851133869042e+01 3.194119425693326519e+01 1.949980793315399907e+01 1.604354378829328925e+05
1.948725966272188259e+01 4.097213983201876886e+01 3.198814381206155488e+01 1.965871663827504534e+01 1.602800822657941608e+05
1.956579963789100773e+01 4.101577710308181679e+01 3.208352744928568256e+01 1.981216084432460178e+01 1.605473398064993962e+05
1.964433961179010524e+01 4.100107636786798793e+01 3.215777932619278090e+01 2.002121853599693679e+01 1.613046241077339218e+05
1.972287958443434519e+01 4.125767983323573418e+01 3.226146547452209745e+01 2.025670310317872236e+01 1.618922847814093111e+05
1.980141955583865965e+01 4.155498672524500137e+01 3.253943625391442396e+01 2.046492463702637821e+01 1.616317936068064882e+05
1.987995952601774619e+01 4.153310494100012562e+01 3.256822030837334125e+01 2.058927269601716858e+01 1.623375256881836394e+05
1.995849949498606790e+01 4.177989099089447933e+01 3.272283237941965695e+01 2.075326417891675490e+01 1.633798539191317104e+05
2.003703946275786052e+01 4.176382132943167136e+01 3.276946112384953125e+01 2.102533378978700540e+01 1.632908058207218128e+05
2.011557942934713950e+01 4.183375584364666366e+01 3.288958515996894505e+01 2.119517564538334398e+01 1.639371303227749013e+05
2.019411939476770712e+01 4.197694160327075252e+01 3.298118232502248759e+01 2.145414009110893971e+01 1.641727443769209494e+05
2.027265935903314542e+01 4.194255875120053645e+01 3.307464026467923190e+01 2.160274647276652615e+01 1.639975394621710293e+05
2.035119932215682326e+01 4.193250487047237129e+01 3.312460101801671186e+01 2.182613606831370490e+01 1.637840408799513534e+05
2.042973928415191054e+01 4.179363117280199447e+01 3.307783764686897854e+01 2.189685612456506902e+01 1.630782719904286787e+05
2.050827924503137467e+01 4.190411276342859281e+01 3.315681937420659153e+01 2.215178840956961182e+01 1.634071026050770597e+05
2.058681920480798766e+01 4.194940453685000392e+01 3.313411588130965413e+01 2.232510366257669432e+01 1.634676935072891065e+05
2.066535916349431901e+01 4.177334915399958959e+01 3.316577441047269303e+01 2.244449796935074559e+01 1.632837165806150006e+05
2.074389912110275347e+01 4.171299285452632688e+01 3.308315802601522648e+01 2.257448676759537065e+01 1.636794075993525621e+05
2.082243907764548752e+01 4.169180838071761031e+01 3.316164340943539202e+01 2.271690130832215004e+01 1.633726543695000873e+05
2.090097903313453642e+01 4.175289697381385423e+01 3.318139227974456418e+01 2.292951831837013543e+01 1.633458881655357836e+05
2.097951898758173783e+01 4.180530998158606337e+01 3.319100057505829682e+01 2.318560291588352129e+01 1.627735393827077060e+05
2.105805894099874109e+01 4.166406055151202281e+01 3.326530087429056692e+01 2.325106522971571010e+01 1.628120306702029484e+05
2.113659889339703568e+01 4.168968305708687438e+01 3.322676010605551511e+01 2.356989303243155476e+01 1.627009091625010769e+05
2.121513884478793344e+01 4.171147565290995374e+01 3.332819576601239930e+01 2.373988073060218440e+01 1.630324329140727059e+05
2.129367879518258277e+01 4.170124364025365082e+01 3.328330912425535359e+01 2.393422273463967898e+01 1.628134909123083926e+05
2.137221874459196869e+01 4.170638700740373395e+01 3.337425606080343954e+01 2.413516355850417838e+01 1.624995729324564454e+05
2.145075869302691274e+01 4.148615070111204517e+01 3.321409171531778526e+01 2.425604714452888189e+01 1.624442452868389955e+05
2.152929864049807307e+01 4.155367933127415370e+01 3.339221281237473704e+01 2.448179750613071448e+01 1.627360606322448002e+05
2.160783858701596571e+01 4.167484352604463993e+01 3.347463065906587332e+01 2.472086702791788682e+01 1.630777944292653119e+05
2.168637853259094683e+01 4.165344734130552240e+01 3.353444687056958884e+01 2.476871463720920730e+01 1.624471898943066772e+05
2.176491847723321982e+01 4.155275483704024708e+01 3.351500858597825783e+01 2.504913613260907113e+01 1.628026326950340881e+05
2.184345842095285306e+01 4.153447923835644673e+01 3.356402786194686882e+01 2.529454544196569188e+01 1.628244643315474677e+05
2.192199836375975508e+01 4.158740240681576239e+01 3.371782554441299595e+01 2.548006749545735516e+01 1.625426900546211109e+05
2.200053830566371005e+01 4.162393540397107472e+01 3.369355283839193760e+01 2.566550429874610728e+01 1.624370846167344716e+05
2.207907824667434582e+01 4.157057759978134470e+01 3.370432602699248292e+01 2.584523512970125481e+01 1.623047250550764147e+05
2.215761818680116590e+01 4.134803512973758899e+01 3.374552199918430517e+01 2.603412676966717143e+01 1.621646754874178150e+05
2.223615812605353526e+01 4.150005811785867138e+01 3.376603546818929402e+01 2.622693292502606965e+01 1.624841457623475872e+05
2.231469806444068738e+01 4.158788197361806738e+01 3.386414739786333428e+01 2.640850831788066699e+01 1.625992341083069914e+05
2.239323800197172432e+01 4.159917573825268988e+01 3.391631502743575766e+01 2.665593703696186978e+01 1.627410762016249646e+05
2.247177793865562023e+01 4.154056574479386654e+01 3.393685598855307717e+01 2.691937597596429299e+01 1.625888550443313725e+05
2.255031787450123204e+01 4.160759333463506948e+01 3.398024529189648035e+01 2.709877867429106146e+01 1.622608547461525304e+05
2.262885780951728165e+01 4.152974347768113716e+01 3.395475664329586607e+01 2.733656873799382581e+01 1.629066508113849268e+05
2.270739774371238440e+01 4.158215261207016056e+01 3.409514320851441482e+01 2.749660432824001433e+01 1.620816833371108805e+05
2.278593767709502771e+01 4.160936578420424325e+01 3.418618294566529414e+01 2.771419548851916304e+01 1.628780025718190591e+05
2.286447760967358178e+01 4.160855559075864107e+01 3.420465014332719988e+01 2.789014996115445300e+01 1.624630364893502265e+05
2.294301754145629957e+01 4.158046595770996134e+01 3.428148414679741762e+01 2.814478171799746065e+01 1.627516642151348060e+05
2.302155747245133455e+01 4.157121580292320573e+01 3.439492387046342259e+01 2.830869425501315817e+01 1.628113666083777498e+05
2.310009740266672296e+01 4.148430163960550487e+01 3.435579773082480415e+01 2.860126707738305640e+01 1.627606268891732907e+05
2.317863733211038380e+01 4.160855665395491343e+01 3.439755633623898490e+01 2.874045382551321737e+01 1.630210037233335024e+05
2.325717726079013303e+01 4.154368107595161064e+01 3.455919833611129377e+01 2.895783011054058065e+01 1.625930914863610815e+05
2.333571718871368716e+01 4.166339549820429511e+01 3.464400915092105748e+01 2.929324084125397931e+01 1.630139648637134815e+05
2.341425711588865965e+01 4.147828327551844296e+01 3.478680307624598100e+01 2.947233508477791730e+01 1.630516440001142037e+05
2.349279704232255384e+01 4.165396158457141240e+01 3.476298639188155448e+01 2.970803962883353933e+01 1.632084688329016790e+05
2.357133696802278067e+01 4.171521124284022619e+01 3.491978605924937540e+01 2.991540377379924109e+01 1.633430903900718258e+05
2.364987689299664453e+01 4.155963827489989626e+01 3.484160242174294808e+01 3.005445479081995686e+01 1.630295954202924331e+05
2.372841681725136453e+01 4.180506695178765142e+01 3.503649581220866338e+01 3.035168006671563745e+01 1.633524652607396420e+05
2.380695674079405322e+01 4.184712420386139087e+01 3.510015453409496189e+01 3.057281358967753349e+01 1.626641897657957743e+05
2.388549666363174140e+01 4.198722330082920706e+01 3.520026475374269381e+01 3.079568368072022011e+01 1.636386839385252097e+05
2.396403658577134976e+01 4.178397514663888757e+01 3.528893599578204743e+01 3.103086477190605308e+01 1.634263473750453850e+05
2.404257650721972439e+01 4.190154053092052777e+01 3.538901610732835934e+01 3.124718178100768995e+01 1.636445691438882495e+05
2.412111642798362254e+01 4.196126900644981106e+01 3.542128144129088696e+01 3.160953058843487185e+01 1.642943808042620658e+05
2.419965634806970556e+01 4.189162380432721022e+01 3.559948998810735077e+01 3.174346133659667402e+01 1.635046367204222188e+05
2.427819626748454596e+01 4.204821337479080512e+01 3.568324209660172386e+01 3.194759220971516456e+01 1.638263564110393054e+05
2.435673618623464520e+01 4.197816141696340253e+01 3.573695439139474672e+01 3.221273839289363394e+01 1.641362305191167980e+05
2.443527610432640529e+01 4.213574445853883077e+01 3.585784170308192387e+01 3.223761658883854153e+01 1.644554641606292862e+05
2.451381602176616425e+01 4.223837087518409561e+01 3.595102234802781282e+01 3.277271145585230272e+01 1.648615658796174976e+05
2.459235593856016067e+01 4.212000562251208180e+01 3.601207031686838889e+01 3.294962458111077552e+01 1.647276641336309258e+05
2.467089585471456203e+01 4.220273180574977090e+01 3.603940903216795988e+01 3.314807347500613588e+01 1.653037123900621373e+05
2.474943577023546126e+01 4.238494052681483026e+01 3.616800306834333156e+01 3.329713513370573708e+01 1.650988863625685626e+05
2.482797568512887310e+01 4.233725788153176239e+01 3.627921682458564590e+01 3.367417988974864329e+01 1.656212640230983379e+05
2.490651559940072346e+01 4.249197304655746876e+01 3.638870724189692396e+01 3.406938515418372049e+01 1.667442893758669670e+05
2.498505551305688144e+01 4.241440929362314449e+01 3.645461787096731143e+01 3.420954441049550354e+01 1.654962004181198135e+05
2.506359542610313440e+01 4.254930493767253097e+01 3.661192408999556136e+01 3.450211249682619297e+01 1.662426121360958496e+05
2.514213533854519511e+01 4.258896619724887955e+01 3.675578482496455024e+01 3.476912724037838842e+01 1.665801815682243323e+05
2.522067525038871239e+01 4.268846228585902480e+01 3.684244620630335021e+01 3.503205857577243165e+01 1.666765708350159694e+05
2.529921516163925688e+01 4.263365995981066447e+01 3.695509195254714285e+01 3.532025630392764981e+01 1.667180991402687214e+05
2.537775507230233529e+01 4.287902019672308995e+01 3.698991767759191873e+01 3.547704192815504598e+01 1.668798508734236239e+05
2.545629498238338684e+01 4.299937885812187233e+01 3.723693855868312141e+01 3.573597533617809319e+01 1.678470360366624082e+05
2.553483489188777966e+01 4.294784093714541484e+01 3.728183401967698529e+01 3.602387438547740572e+01 1.680494943075290939e+05
2.561337480082082152e+01 4.293738948492152474e+01 3.749467547624555408e+01 3.629139451763506941e+01 1.677522395496128011e+05
2.569191470918774911e+01 4.297436958893007386e+01 3.757292441332999289e+01 3.656348468503191640e+01 1.677181477209428558e+05
2.577045461699373874e+01 4.326485144542348138e+01 3.792875319308454607e+01 3.701807507517696649e+01 1.682320163665065484e+05
2.584899452424390631e+01 4.306471192885328492e+01 3.776151233202966040e+01 3.721848839013004095e+01 1.688727948113255552e+05
2.592753443094329668e+01 4.315008369391289023e+01 3.793800334457898771e+01 3.743404913961001057e+01 1.687796231101766462e+05
2.600607433709690852e+01 4.345783482661864383e+01 3.803605736629095446e+01 3.773990222262652594e+01 1.702585655156006978e+05
2.608461424270966944e+01 4.348527372404655722e+01 3.821641622474762556e+01 3.791591298610635619e+01 1.699510322175903711e+05
2.616315414778644310e+01 4.366706607610539947e+01 3.836079983190884946e+01 3.813655295739131645e+01 1.698250149861665268e+05
2.624169405233205055e+01 4.359398321651782737e+01 3.850678429746452736e+01 3.858135188366122037e+01 1.712643061364564346e+05
2.632023395635124174e+01 4.381839072580708461e+01 3.864909181876024036e+01 3.890013565267606310e+01 1.717779206424045842e+05
2.639877385984871694e+01 4.376275779730259075e+01 3.884697916978112175e+01 3.908638975652681324e+01 1.711196484382885683e+05
2.647731376282911953e+01 4.400618065417684477e+01 3.908644344721964359e+01 3.948385553351204180e+01 1.709642086590847757e+05
2.655585366529703606e+01 4.399190813199000871e+01 3.910900201353822325e+01 3.968270563173304311e+01 1.715451671871941071e+05
2.663439356725699980e+01 4.413230908007268738e+01 3.931851700879146705e+01 4.000466879142160082e+01 1.730381831589456415e+05
2.671293346871349428e+01 4.428683809318101794e+01 3.950717855640872500e+01 4.039836151962725097e+01 1.733589101761296624e+05
2.679147336967094617e+01 4.420071642953369917e+01 3.955032331801769629e+01 4.053370343643167928e+01 1.728271065163766325e+05
2.687001327013372531e+01 4.442162626975193263e+01 3.974105218451689581e+01 4.111974289473106836e+01 1.741791503974306397e+05
2.694855317010616602e+01 4.437838001924525599e+01 3.985810195294538971e+01 4.113696374230109853e+01 1.743477220032298937e+05
2.702709306959254221e+01 4.477423880958002655e+01 4.013838681091912264e+01 4.137830016243783149e+01 1.746318772461976041e+05
2.710563296859707094e+01 4.466777954515575999e+01 4.008421911484025202e+01 4.174346318548018786e+01 1.744671796118404309e+05
2.718417286712393377e+01 4.476115401996980836e+01 4.021339209218452737e+01 4.189633853050959544e+01 1.750147167927692935e+05
2.726271276517725894e+01 4.493012341070981108e+01 4.044979134280644217e+01 4.203038287880890778e+01 1.746779321294408583e+05
2.734125266276112498e+01 4.469101213362257141e+01 4.037888153339262942e+01 4.255799429546386392e+01 1.752611356647730863e+05
2.741979255987956776e+01 4.508015847520370301e+01 4.087502398483434973e+01 4.285357859957202464e+01 1.764212595682015526e+05
2.749833245653658054e+01 4.525073042869092177e+01 4.083385182120409951e+01 4.310629384400878195e+01 1.769426192985659582e+05
2.757687235273609616e+01 4.499992271454693338e+01 4.098926787864562016e+01 4.324522049040996308e+01 1.769041645767246373e+05
2.765541224848202262e+01 4.521979693824764723e+01 4.115975687487060242e+01 4.347506250570653208e+01 1.768167896044856752e+05
2.773395214377820395e+01 4.541277589732540321e+01 4.149731240860079851e+01 4.425014207542430000e+01 1.773160567852065433e+05
2.781249203862845576e+01 4.520823340818230207e+01 4.120581085695562962e+01 4.432858759830568118e+01 1.772956602318821824e+05
2.789103193303654038e+01 4.538583757689870168e+01 4.154533852723943710e+01 4.458791181312783891e+01 1.775380800719172403e+05
2.796957182700618816e+01 4.539067642267205827e+01 4.184132278877385858e+01 4.502730354603228591e+01 1.771531427640275215e+05
2.804811172054107615e+01 4.533354560591097737e+01 4.175845686640519716e+01 4.502988022633908827e+01 1.770878079735316278e+05
2.812665161364485655e+01 4.528140521945066155e+01 4.186723112690670945e+01 4.536569731759530555e+01 1.771528581857364625e+05
2.820519150632112115e+01 4.531851882539055509e+01 4.219933886137978618e+01 4.570190618935861693e+01 1.767555625450628577e+05
2.828373139857343332e+01 4.521305374405520183e+01 4.197655571352885318e+01 4.603038029398493336e+01 1.782377957482933998e+05
2.836227129040531736e+01 4.518700325312673272e+01 4.206980495399501052e+01 4.616822670695652420e+01 1.773803808092201070e+05
2.844081118182025847e+01 4.533577591053870748e+01 4.224161187630016911e+01 4.672139500347839913e+01 1.780751539702021983e+05
2.851935107282169923e+01 4.511130056677747291e+01 4.214586738766330143e+01 4.651862178589592389e+01 1.759491847675588506e+05
2.859789096341304315e+01 4.495410799840528426e+01 4.216004315810214820e+01 4.683431365666372415e+01 1.751377791385867749e+05
2.867643085359765820e+01 4.493692472992529474e+01 4.222268809486239860e+01 4.671336396581450856e+01 1.759457739051002427e+05
2.875497074337888392e+01 4.494133863901399195e+01 4.273273347236417408e+01 4.783371331089625045e+01 1.766301783392486977e+05
2.883351063276001369e+01 4.500943445484189454e+01 4.241426084748181324e+01 4.775520361277394699e+01 1.764234886130547384e+05
2.891205052174430890e+01 4.491523175444072535e+01 4.245291020412078353e+01 4.821365992596098238e+01 1.769423432351216616e+05
2.899059041033499184e+01 4.501825242515823788e+01 4.257482591090280977e+01 4.861474790832864556e+01 1.776342154563984368e+05
2.906913029853525643e+01 4.523861104712595704e+01 4.287715277957462945e+01 4.890285009921353065e+01 1.777486710070554982e+05
2.914767018634825746e+01 4.516005074753822157e+01 4.313062936415546034e+01 4.918499142357320864e+01 1.765722309687377710e+05
2.922621007377712132e+01 4.522177542628232061e+01 4.311663578351804915e+01 4.941132705328796959e+01 1.774888286790478160e+05
2.930474996082492822e+01 4.530022983917659474e+01 4.338086131493111708e+01 4.937867250481205161e+01 1.781121852685055055e+05
2.938328984749474060e+01 4.509686958829255587e+01 4.347183431728405623e+01 4.987472191455394466e+01 1.770431293850977090e+05
2.946182973378957826e+01 4.493616298924252561e+01 4.327594160810821222e+01 4.983198846833074924e+01 1.763536081367989536e+05
2.954036961971243258e+01 4.525768576838638779e+01 4.372674820550648178e+01 5.031802938208264209e+01 1.769000106187201745e+05
2.961890950526625943e+01 4.544907880006336853e+01 4.362324751545753543e+01 5.055761944863198210e+01 1.782776953603089205e+05
2.969744939045398979e+01 4.551926110437430850e+01 4.394569752337699242e+01 5.127213375052585320e+01 1.778593319829842076e+05
2.977598927527852268e+01 4.509905809172060742e+01 4.393472658672680353e+01 5.082697078791152023e+01 1.773564960540807515e+05
2.985452915974272159e+01 4.540182450653581725e+01 4.424546168535494672e+01 5.126733616029775220e+01 1.777948480505056796e+05
2.993306904384942868e+01 4.544940819220330752e+01 4.461305354654697197e+01 5.165491746946547380e+01 1.781576899324305414e+05
3.001160892760143994e+01 4.553762098339706199e+01 4.469403279919165328e+01 5.182212993990648187e+01 1.786356471147759294e+05
3.009014881100154071e+01 4.601759534646194538e+01 4.481592369523730923e+01 5.278229183477552766e+01 1.798633760851246479e+05
3.016868869405248077e+01 4.599874716812175990e+01 4.513362010307094607e+01 5.332650016673076010e+01 1.808755381981394603e+05
3.024722857675697441e+01 4.602762391170863054e+01 4.495555873241534783e+01 5.338589571793703925e+01 1.823617013036044664e+05
3.032576845911771457e+01 4.598322306027721851e+01 4.576987888425129114e+01 5.374257666361251751e+01 1.813732590602126147e+05
3.040430834113736580e+01 4.613372159278539897e+01 4.541866884118296355e+01 5.458439083329968611e+01 1.820254970303534064e+05
3.048284822281856421e+01 4.583408004774133815e+01 4.574052799097462696e+01 5.441542923646326813e+01 1.800598742243379820e+05
3.056138810416392460e+01 4.669564817835552617e+01 4.559045424882506126e+01 5.464062228060437576e+01 1.828288430619919964e+05
3.063992798517602267e+01 4.627014650951058883e+01 4.618315976985103077e+01 5.522802406467057779e+01 1.814195190993538126e+05
3.071846786585741640e+01 4.614020044502308338e+01 4.645560927385950833e+01 5.577413262387295134e+01 1.828477639961828536e+05
3.079700774621063886e+01 4.704692564116443521e+01 4.620529327959295784e+01 5.565271361915497295e+01 1.840704842698568536e+05
3.087554762623818760e+01 4.662770536540293875e+01 4.692852726011883391e+01 5.635443112618500550e+01 1.827936331577667152e+05
3.095408750594254599e+01 4.675838013100882762e+01 4.651439789545610637e+01 5.711809939257506130e+01 1.850133427062621049e+05
3.103262738532617249e+01 4.768614401799327851e+01 4.745296882329931520e+01 5.751897076498262606e+01 1.847620356873781711e+05
3.111116726439149005e+01 4.755338494303900632e+01 4.730573963942921978e+01 5.818218267594877346e+01 1.844406277379934327e+05
3.118970714314090387e+01 4.801672258401639937e+01 4.784664472578810290e+01 5.820128334628225986e+01 1.873358477059909201e+05
3.126824702157679781e+01 4.784278524399302057e+01 4.795828377149985755e+01 5.890979711684862252e+01 1.858328643952969869e+05
3.134678689970152377e+01 4.779386397805966169e+01 4.805220920559375486e+01 5.871489229129903009e+01 1.882428680871466349e+05
3.142532677751741588e+01 4.824622852439161846e+01 4.859952880463026048e+01 5.981040019814850695e+01 1.907033001594876114e+05
3.150386665502678696e+01 4.856044509950184818e+01 4.841574139308336555e+01 6.063793309751685001e+01 1.907056565817820956e+05
3.158240653223192140e+01 4.862801939741637369e+01 4.894740665068709262e+01 6.036274462935838869e+01 1.907095952944531746e+05
3.166094640913508229e+01 4.867595406110375222e+01 4.940883520085721159e+01 6.063849403541007632e+01 1.928482089854141232e+05
3.173948628573851494e+01 4.877237824658197951e+01 4.985527490374545323e+01 6.151752266852683704e+01 1.919016181362187490e+05
3.181802616204443623e+01 4.851083476712614129e+01 4.998342932503967262e+01 6.152490587401312894e+01 1.905425132101538184e+05
3.189656603805504531e+01 4.851737890499068584e+01 4.968737248707256526e+01 6.195746630797516019e+01 1.916050873852540972e+05
3.197510591377251998e+01 4.979122426820955383e+01 5.100269577085281725e+01 6.321443402734740857e+01 1.947601561020777735e+05
3.205364578919900964e+01 4.969326003946995485e+01 5.039995231639313999e+01 6.297423315929984966e+01 1.956993262349102879e+05
3.213218566433665302e+01 4.977327911202484501e+01 5.014187867272371335e+01 6.303980759405853007e+01 1.968734361784332723e+05
3.221072553918755688e+01 4.961279027625057125e+01 5.066986788878674020e+01 6.450608602363951150e+01 1.942340119678028568e+05
3.228926541375382442e+01 4.977377959816094943e+01 5.163312676741998075e+01 6.369992079165461263e+01 1.954547577215603378e+05
3.236780528803751622e+01 5.043059353507543108e+01 5.166551186522188743e+01 6.512717863684122221e+01 1.977935752688224020e+05
3.244634516204068575e+01 5.085295544660068146e+01 5.194740874946148068e+01 6.457830319328643043e+01 1.990313160411923600e+05
3.252488503576537227e+01 5.060890564170945538e+01 5.168357431096434595e+01 6.490054442628918707e+01 1.990414695077766955e+05
3.260342490921358660e+01 5.091649915224204648e+01 5.162375090691892865e+01 6.558282672872046248e+01 1.990736968239599955e+05
3.268196478238731828e+01 5.151715343432022109e+01 5.188350747928496531e+01 6.577961383108117843e+01 2.010714830079924723e+05
3.276050465528854261e+01 5.197614645369377939e+01 5.306739249988459761e+01 6.695097821297565588e+01 2.092328775997872581e+05
3.283904452791921358e+01 5.235228584221392367e+01 5.405738259303210214e+01 6.857550059383690666e+01 2.031119037395321939e+05
3.291758440028127097e+01 5.308653467223560085e+01 5.257569033242388201e+01 6.627961513589029607e+01 2.038421754693311814e+05
3.299612427237663326e+01 5.263363918635146632e+01 5.303551465172260038e+01 6.820466421227919795e+01 2.055690393643635907e+05
3.307466414420719758e+01 5.174753163676210477e+01 5.261062881142947134e+01 6.511883997688430270e+01 2.052210136511155288e+05
3.315320401577483977e+01 5.357490155200382276e+01 5.564534636188988515e+01 6.940445903478320133e+01 2.077183805524947529e+05
3.323174388708143567e+01 5.190803568848077276e+01 5.511919215610146239e+01 6.891221112534631743e+01 2.050047671260125062e+05
3.331028375812883269e+01 5.419339659885807947e+01 5.498186976691053474e+01 6.864579900613925645e+01 2.101377579718200723e+05
3.338882362891884981e+01 5.453466194032012737e+01 5.608843574572665602e+01 7.147479154667121293e+01 2.111362046744530671e+05
3.346736349945329891e+01 5.372799116811297893e+01 5.687765000722018982e+01 7.113211778685008824e+01 2.029758740599921730e+05
3.354590336973399189e+01 5.352198628906650413e+01 5.684855390304871037e+01 7.299682485619321426e+01 2.168570009042082238e+05
3.362444323976268379e+01 5.693778962847615333e+01 5.642958776631222406e+01 7.311747826099978909e+01 2.170283347752315749e+05
3.370298310954115806e+01 5.333066300049787856e+01 5.632991892546399981e+01 7.443158501732406762e+01 2.101124497128670628e+05
3.378152297907114132e+01 5.485590993022218953e+01 5.695759944239302541e+01 7.501942123487219760e+01 2.120339919993507210e+05
3.386006284835436730e+01 5.460486947650127121e+01 5.581072801907550485e+01 7.397060351639154874e+01 2.126528322259326815e+05
3.393860271739255552e+01 5.533630758621738011e+01 5.631098950009053539e+01 7.177468563137962576e+01 2.092395162896492693e+05
3.401714258618739706e+01 5.690078750642178562e+01 5.414396375067694578e+01 7.625729734863998033e+01 2.094259367987815349e+05
3.409568245474058301e+01 5.879616220877527866e+01 5.691163246382844676e+01 7.582566599254514017e+01 2.290509489017477317e+05
3.417422232305376895e+01 5.621776921627250800e+01 5.627404452695689230e+01 7.229938508083355941e+01 2.162765856511291349e+05
3.425276219112861043e+01 5.839944530851582982e+01 6.314252575321064853e+01 7.799872793703931961e+01 2.444773371351816750e+05
3.433130205896674880e+01 6.204744791862898268e+01 5.909614420326398943e+01 7.986239560687590711e+01 2.389908788856399769e+05
3.440984192656979701e+01 6.158821135771298572e+01 6.650093516241567215e+01 8.475120649986997989e+01 2.457887605343077157e+05
3.448838179393936088e+01 6.820706972871803941e+01 6.195742115670952899e+01 7.719459840494958769e+01 2.611916087493964878e+05
3.456692166107702491e+01 6.337399314069399026e+01 6.405005861652615806e+01 7.991908334859567731e+01 2.629776236156038358e+05
3.464546152798438072e+01 8.193026968817680711e+01 4.397073401411552140e+01 7.364905242978133515e+01 2.077049270485194284e+05
3.472400139466299152e+01 4.080304527131407610e+01 7.005828153910371725e+01 8.082690742545426588e+01 2.391007372736869438e+05
