# 0.998 0.9997
7.871241428633635184e-02 3.916759966990274400e+00 3.868792413954653231e+00 4.795022405857735570e-04 1.238679243705546696e+03
1.618072713909662341e-01 1.138194403646473774e+01 1.114079135099710882e+01 2.585546913011620065e-03 4.950085953852550119e+03
2.418771330418761079e-01 1.831281347870907794e+01 1.800354231877189548e+01 3.156359486734651356e-03 6.795160651504153975e+03
3.211923215201240578e-01 2.316736558895200560e+01 2.267355338277429055e+01 7.835067554390822558e-03 1.322220860705991618e+04
4.002017901256537113e-01 2.570062530802214340e+01 2.496024511104993948e+01 1.097491127315492962e-02 1.871359676534370737e+04
4.790568272527075955e-01 3.024721958026603730e+01 2.940020299553175320e+01 1.494824065267897142e-02 1.832318385799473253e+04
5.578229290343351687e-01 4.035722072076630695e+01 3.918160133331048911e+01 2.066204039743518503e-02 2.663707092828703026e+04
6.365331115321660738e-01 4.243996343031431451e+01 4.103444949542812736e+01 2.811629277499706411e-02 2.843192442110896809e+04
7.152058371535838788e-01 4.184883441268238613e+01 4.035505026083130531e+01 3.545846866682307585e-02 3.271507460979282041e+04
7.938522421846891941e-01 4.384200828565094810e+01 4.217563627139384863e+01 4.239493690707014928e-02 3.404008901729164791e+04
8.724794443688169698e-01 5.073903722639440872e+01 4.886111654790722980e+01 5.008866099294561475e-02 3.672888214015537960e+04
9.510922062407737299e-01 5.525510519926528730e+01 5.318534722398450754e+01 5.606811390439716408e-02 4.019168199434770941e+04
1.029693835175838679e+00 5.948428451152633301e+01 5.719421619219453845e+01 6.832525481870929673e-02 4.109822462763325166e+04
1.108286699878543891e+00 6.615266053850528749e+01 6.372686444928496741e+01 7.724020194400564587e-02 4.247989642844252376e+04
1.186872541411916560e+00 6.505849262032869262e+01 6.263284395781051472e+01 9.051127628950836335e-02 4.507861456472386635e+04
1.265452668213572940e+00 6.792177928494830041e+01 6.543164357750775650e+01 9.848423842065437417e-02 4.755406506418893696e+04
1.344028082638708543e+00 7.239345747021725685e+01 6.965724873512492366e+01 1.121735198800455219e-01 5.160960626461370703e+04
1.422599565533279709e+00 7.552914478852669333e+01 7.277424047910878357e+01 1.188682174517376455e-01 5.115257840853402740e+04
1.501167734229200246e+00 7.902770329495503177e+01 7.592501783714078556e+01 1.417806671625736481e-01 5.395754457809254382e+04
1.579733083222462531e+00 8.159859471597947334e+01 7.842218373668049480e+01 1.530503608988869335e-01 5.821911641226923530e+04
1.658296013281593151e+00 8.049864383474000817e+01 7.747362288620284687e+01 1.624491696571967736e-01 5.864590860133646493e+04
1.736856852652245875e+00 8.414601712014831492e+01 8.079950141677507247e+01 1.836666228614438345e-01 5.885728273643153807e+04
1.815415872753641580e+00 8.167678023846886504e+01 7.834284979347255273e+01 1.968858691168533237e-01 6.142309465485877445e+04
1.893973299967037560e+00 8.568592604413265690e+01 8.235214830397328001e+01 2.167138590962444933e-01 6.347007269315244775e+04
1.972529324606241641e+00 8.320669798801360173e+01 7.969375152303743448e+01 2.331920937976564578e-01 6.635583900303847622e+04
2.051084107826015579e+00 8.481081371909687050e+01 8.135880344579403811e+01 2.541015339986139043e-01 6.804243997349946585e+04
2.129637787001040561e+00 8.622692955866234854e+01 8.249485855980009319e+01 2.768447017223185092e-01 7.095104982204324915e+04
2.208190479956450680e+00 8.454190989374876608e+01 8.086947437597359567e+01 2.991932155008805161e-01 7.188380684841913171e+04
2.286742288326184092e+00 8.338217228591861385e+01 7.978274244957216865e+01 3.116807014519309416e-01 7.210269408800096426e+04
2.365293300241981811e+00 8.251375232551492900e+01 7.872974105386138888e+01 3.366624774816477372e-01 7.283239984980729059e+04
2.443843592503681883e+00 8.092752022870608641e+01 7.731029294354142678e+01 3.548184996212399023e-01 7.626488466612169577e+04
2.522393232343909553e+00 7.959270983252571341e+01 7.578255465608368979e+01 3.838200450765326677e-01 7.808006506481797260e+04
2.600942278872942381e+00 7.850430767416952449e+01 7.455403421511215356e+01 4.117911191027049944e-01 8.112055788070743438e+04
2.679490784269383141e+00 7.579358345831082033e+01 7.176618610943243937e+01 4.295985256559604615e-01 8.030532014217347023e+04
2.758038794767343038e+00 7.462040899911355041e+01 7.075162045045867387e+01 4.524946605698477176e-01 8.280694857408743701e+04
2.836586351479573942e+00 7.215511096229131738e+01 6.817043647876755585e+01 4.831352590329530128e-01 8.610769032205203257e+04
2.915133491087511963e+00 7.126168450577870317e+01 6.726937437131016395e+01 5.087978217239630396e-01 8.521020370055148669e+04
2.993680246422668834e+00 7.026988717426421260e+01 6.621922371395089613e+01 5.368392902878351691e-01 8.572792776852281531e+04
3.072226646958827967e+00 6.626426885390414157e+01 6.206123074722263766e+01 5.715674330993231189e-01 8.931917876487423200e+04
3.150772719230606977e+00 6.493794444444115754e+01 6.089851571712330980e+01 5.919345940408895501e-01 8.990077666893113928e+04
3.229318487190934395e+00 6.362923932760382684e+01 5.954510734197311450e+01 6.265368736244505410e-01 8.952146926174614055e+04
3.307863972517584905e+00 6.092196802766781616e+01 5.688247263819173583e+01 6.550489918439837966e-01 9.146446487955299381e+04
3.386409194877053608e+00 6.035196626406175824e+01 5.627002164248303018e+01 6.905230828285673361e-01 9.427982208583441388e+04
3.464954172152534095e+00 5.880688938929078802e+01 5.456704041514890235e+01 7.132558915184238346e-01 9.513773427371378057e+04
3.543498920641575456e+00 5.658387957760281495e+01 5.246084738589330954e+01 7.540627975234400759e-01 9.737183859068484162e+04
3.622043455228019404e+00 5.551455480951082677e+01 5.137830288442849280e+01 7.810921020627396016e-01 9.789675994043902028e+04
3.700587789532037597e+00 5.428402822753711376e+01 5.008462161244048616e+01 8.198231127241633054e-01 9.964705492882915132e+04
3.779131936041457696e+00 5.321187540077042399e+01 4.907600965627301548e+01 8.624189783053607394e-01 1.005212334983456531e+05
3.857675906227046259e+00 5.236891936371844025e+01 4.827381981366933417e+01 8.770771324926928125e-01 1.018912174466823053e+05
3.936219710643986680e+00 5.120905538082664066e+01 4.697787721730948363e+01 9.325954705312483606e-01 1.032977610357918165e+05
4.014763359021444877e+00 5.080139818094672677e+01 4.640306898885891940e+01 9.662110239463208572e-01 1.027608998511888640e+05
4.093306860341824560e+00 4.946420332735639391e+01 4.504475983919360971e+01 1.011025266849606918e+00 1.057444523995272320e+05
4.171850222911064776e+00 4.900023020947789121e+01 4.456975629577264897e+01 1.044535195092451740e+00 1.059978004845737887e+05
4.250393454421145911e+00 4.797231772622686918e+01 4.356276402362098565e+01 1.078651605718453421e+00 1.060259723541616841e+05
4.328936562005788247e+00 4.776358141338207730e+01 4.329227642132591569e+01 1.114949698954316837e+00 1.095550160508921253e+05
4.407479552290201497e+00 4.761996120949179812e+01 4.303174224316862251e+01 1.156279756750465681e+00 1.097397744090682245e+05
4.486022431435594982e+00 4.660073214982513434e+01 4.208958644535663041e+01 1.186059181207874458e+00 1.103405328095389559e+05
4.564565205179107465e+00 4.651871103065018787e+01 4.186371162917878053e+01 1.242011244789638313e+00 1.122337621437212656e+05
4.643107878869670024e+00 4.652066881199279891e+01 4.180036302898358969e+01 1.278098754419603411e+00 1.137625024215542508e+05
4.721650457500300213e+00 4.515627508371114374e+01 4.039494846216929602e+01 1.317205878500335103e+00 1.136257050890363316e+05
4.800192945737217443e+00 4.579577183789442785e+01 4.082162197835337025e+01 1.369242811875585275e+00 1.156943333438579575e+05
4.878735347946150824e+00 4.548315112283025741e+01 4.051871001218955115e+01 1.391576003411331364e+00 1.168354152250542102e+05
4.957277668216146793e+00 4.555191171502134040e+01 4.059472080252614035e+01 1.467985353742958354e+00 1.172032130198360683e+05
5.035819910381144737e+00 4.570538541278304479e+01 4.060629781353298995e+01 1.504769500634250745e+00 1.172253299650075351e+05
5.114362078039562221e+00 4.508806147397777409e+01 3.986871097460599600e+01 1.553677190835538013e+00 1.192271192972132121e+05
5.192904174572115394e+00 4.474257514960175541e+01 3.947083371381750538e+01 1.598149544593944205e+00 1.204843096002292004e+05
5.271446203158030919e+00 4.458785061343807854e+01 3.933886372225259720e+01 1.643622638019424098e+00 1.218654326603164664e+05
5.349988166789838573e+00 4.457464025869660418e+01 3.925897124723373821e+01 1.680924636889083557e+00 1.217194724344697315e+05
5.428530068286878674e+00 4.495527052681135416e+01 3.936011785101459282e+01 1.753883645579340511e+00 1.236507208591176459e+05
5.507071910307648643e+00 4.438053069027790798e+01 3.889822316609591724e+01 1.787057776943249410e+00 1.237489611258017685e+05
5.585613695361120179e+00 4.462311396577844391e+01 3.889199811848082078e+01 1.871475203722120062e+00 1.267280435815722740e+05
5.664155425817094525e+00 4.436785009113632583e+01 3.868962487264494854e+01 1.908287165239381800e+00 1.260078946668006538e+05
5.742697103915729961e+00 4.446412655709686845e+01 3.866980937555040043e+01 1.941734937232789449e+00 1.268784236747194082e+05
5.821238731776284148e+00 4.443483061237920140e+01 3.859164716954962415e+01 1.981588658295132976e+00 1.277293403996022826e+05
5.899780311405160127e+00 4.437057818916189689e+01 3.848469389260615969e+01 2.042953009305946033e+00 1.285706334950857126e+05
5.978321844703323507e+00 4.461502778854801221e+01 3.855933325224771124e+01 2.094380233711340189e+00 1.290234951601232169e+05
6.056863333473133437e+00 4.447830289443087537e+01 3.840390347473221055e+01 2.136829269601792092e+00 1.311638267790049431e+05
6.135404779424661115e+00 4.429518152254186703e+01 3.807409157871511951e+01 2.238134201759413244e+00 1.326076530523123511e+05
6.213946184181517118e+00 4.453411361965080317e+01 3.833056895338971515e+01 2.279298932021974089e+00 1.330258436877453933e+05
6.292487549286247983e+00 4.469952750789026652e+01 3.828961543027416070e+01 2.317170774827180146e+00 1.343461923984656169e+05
6.371028876205335756e+00 4.465130174365980764e+01 3.818542338080434462e+01 2.381937147383148545e+00 1.332222317632630875e+05
6.449570166333828070e+00 4.446306010681560394e+01 3.801502913718610444e+01 2.454611993588969199e+00 1.363262152556584042e+05
6.528111420999634262e+00 4.450270410853764957e+01 3.788583266947938455e+01 2.512009754443821574e+00 1.359254087537772139e+05
6.606652641467518627e+00 4.421080496670852256e+01 3.759118181794474367e+01 2.573032034253663447e+00 1.369007362318994419e+05
6.685193828942805006e+00 4.466150029994273751e+01 3.784942454857343108e+01 2.629064408976209855e+00 1.365496502196820511e+05
6.763734984574836240e+00 4.426333892223061639e+01 3.761733770899593310e+01 2.673747566870950276e+00 1.364944047486809141e+05
6.842276109460177835e+00 4.402160920755657258e+01 3.717424541669159765e+01 2.747250206283980756e+00 1.384066457111703057e+05
6.920817204645620890e+00 4.395869499884775422e+01 3.722166319559036651e+01 2.800970429419850749e+00 1.391539496656946721e+05
6.999358271130968312e+00 4.456921496013485040e+01 3.761112064946866695e+01 2.871111541765764219e+00 1.403137593307838251e+05
7.077899309871646949e+00 4.411837609656460302e+01 3.721552857972972106e+01 2.935181945662918679e+00 1.422358498260593042e+05
7.156440321781138536e+00 4.425610646458196840e+01 3.729002750207912698e+01 2.997822404073116509e+00 1.409666650993045478e+05
7.234981307733260536e+00 4.438224096464738722e+01 3.714402164118980210e+01 3.103565561427510833e+00 1.421490480036664230e+05
7.313522268564292439e+00 4.384481985056516606e+01 3.665851653585166048e+01 3.127434495396106406e+00 1.417596341085972090e+05
7.392063205074973276e+00 4.425906728277174551e+01 3.706675044835673560e+01 3.191371455117347544e+00 1.420182034243358648e+05
7.470604118032365015e+00 4.384509959157826842e+01 3.668586219176430063e+01 3.279207570760995782e+00 1.438611965261527512e+05
7.549145008171610272e+00 4.400131079946696389e+01 3.677172640316190666e+01 3.340243593635518149e+00 1.443611200104729796e+05
7.627685876197570103e+00 4.385091550707149821e+01 3.655447248860669873e+01 3.431326176551828144e+00 1.453691729869214760e+05
7.706226722786373884e+00 4.408412364103764958e+01 3.661455550581376173e+01 3.476013845404859026e+00 1.454917249327861937e+05
7.784767548586863484e+00 4.377715664871629997e+01 3.639728346547975235e+01 3.536561080080887098e+00 1.451781446283232945e+05
7.863308354221953955e+00 4.391270279239399343e+01 3.643516960648270953e+01 3.583738850630097783e+00 1.464813718870512675e+05
7.941849140289923170e+00 4.420749407733722336e+01 3.660154031692398036e+01 3.669318249214504668e+00 1.457899728504896048e+05
8.020389907365611748e+00 4.380925582781236471e+01 3.630008915237082334e+01 3.745084284925857432e+00 1.489275396973170864e+05
8.098930656001561701e+00 4.346049372499057029e+01 3.582109295385411940e+01 3.823531053900038224e+00 1.485847258607343538e+05
8.177471386729090241e+00 4.360554522207100803e+01 3.603169688828363348e+01 3.878962085497216883e+00 1.487114696268062398e+05
8.256012100059292536e+00 4.368948856749340592e+01 3.590720277590997256e+01 3.952111706414103587e+00 1.492682510312039230e+05
8.334552796484000936e+00 4.323552205848282881e+01 3.564040482332210757e+01 4.031068295927461520e+00 1.500998554877168790e+05
8.413093476476680266e+00 4.365891524275687630e+01 3.577693738211388563e+01 4.104800173262488805e+00 1.501759820081455109e+05
8.491634140493276917e+00 4.348849161375705563e+01 3.563865965496635368e+01 4.171869162345712923e+00 1.502778812800240994e+05
8.570174788973028868e+00 4.334920523091693667e+01 3.537179366050323637e+01 4.269313877922630063e+00 1.508182635624061222e+05
8.648715422339215309e+00 4.346919112002711216e+01 3.555650212461590343e+01 4.319380594675662266e+00 1.519907459963780711e+05
8.727256040999876063e+00 4.335720781055616158e+01 3.544240927735793889e+01 4.374902228548147143e+00 1.520572933510743314e+05
8.805796645348495488e+00 4.333875099771744033e+01 3.538510005322896035e+01 4.468920371722413520e+00 1.515631621981146163e+05
8.884337235764643737e+00 4.341945421713922570e+01 3.527417898080917524e+01 4.562644417802927066e+00 1.521283896219393064e+05
8.962877812614589601e+00 4.342655093954873280e+01 3.530439136920918486e+01 4.632380777499198743e+00 1.526706807285249524e+05
9.041418376251867173e+00 4.353182142054208725e+01 3.540713186443791471e+01 4.670116012523384263e+00 1.541735275792302564e+05
9.119958927017840722e+00 4.278285075740487997e+01 3.484816457299864823e+01 4.788672631542632452e+00 1.545282174001933599e+05
9.198499465242209183e+00 4.307089817284169442e+01 3.491667707853218872e+01 4.896521224038096420e+00 1.545817855200855120e+05
9.277039991243508865e+00 4.293466121340167518e+01 3.472798485661233769e+01 4.960264184519926900e+00 1.545153573879458418e+05
9.355580505329580632e+00 4.314761221598543983e+01 3.492558046159872731e+01 5.044763710721487548e+00 1.552262201698654389e+05
9.434121007798012215e+00 4.307116970295776071e+01 3.475658190425689753e+01 5.085974994001765559e+00 1.555228634553036536e+05
9.512661498936562765e+00 4.324760294683098749e+01 3.490674111128756607e+01 5.203347056347082500e+00 1.562605737558833498e+05
9.591201979023569635e+00 4.294138939685328182e+01 3.460404057071103523e+01 5.271253386219304282e+00 1.562869132923450961e+05
9.669742448328321416e+00 4.266447460885370191e+01 3.433510356083633042e+01 5.360562482812225582e+00 1.555897234826242202e+05
9.748282907111432749e+00 4.287866415872785097e+01 3.439396858913703880e+01 5.450850237954067978e+00 1.575843789392841863e+05
9.826823355625185386e+00 4.286749956133450468e+01 3.436117154641308247e+01 5.516572550685166831e+00 1.569325197913125157e+05
9.905363794113858589e+00 4.297375781653423843e+01 3.436380321087254686e+01 5.628018755961906372e+00 1.570660931528561050e+05
9.983904222814045326e+00 4.270234037159468699e+01 3.420873103029634166e+01 5.686907247906239249e+00 1.573735241266895318e+05
1.006244464195495070e+01 4.299299976061900708e+01 3.442084840208464414e+01 5.782075652444524927e+00 1.582247163890852244e+05
1.014098505175868148e+01 4.251156954237924168e+01 3.394353317912658241e+01 5.862476077003282882e+00 1.573396321854673442e+05
1.021952545244051613e+01 4.262851038603859877e+01 3.395113978973363089e+01 5.935950289499110077e+00 1.587759912207423768e+05
1.029806584420916415e+01 4.247649950273465436e+01 3.379086585001444831e+01 6.064659707113978726e+00 1.591903419871262158e+05
1.037660622726701654e+01 4.251101492589409503e+01 3.381609994024146459e+01 6.127334090234492159e+00 1.590826869920179888e+05
1.045514660181038380e+01 4.268841120195043004e+01 3.389380839863829209e+01 6.237944106299387670e+00 1.584315932418050652e+05
1.053368696802971982e+01 4.247882683196561970e+01 3.374204778054023990e+01 6.277301244549881254e+00 1.594599362337886996e+05
1.061222732610984210e+01 4.243336305791909524e+01 3.367104385227797536e+01 6.379051553767029148e+00 1.601409981083408056e+05
1.069076767623013779e+01 4.237199850424656944e+01 3.355862838308578944e+01 6.511112011241777964e+00 1.607306197477523237e+05
1.076930801856475739e+01 4.281368814747951745e+01 3.381786599193556953e+01 6.593136523339858890e+00 1.607300737543728028e+05
1.084784835328281005e+01 4.250475200311995394e+01 3.355475392353006470e+01 6.695181084474977062e+00 1.600764431114860054e+05
1.092638868054854306e+01 4.222984642352276552e+01 3.333743325632978838e+01 6.749768301828899197e+00 1.604604584595585766e+05
1.100492900052151413e+01 4.238535962797604384e+01 3.344696718921839107e+01 6.894829327239849093e+00 1.608769032798534608e+05
1.108346931335675833e+01 4.260793952071067281e+01 3.358415594980105112e+01 6.952342709694575795e+00 1.600907470071875141e+05
1.116200961920494805e+01 4.226767950025760001e+01 3.321148698700187651e+01 7.057606563783859421e+00 1.608600215070273262e+05
1.124054991821254212e+01 4.224516224024162625e+01 3.316215487196696188e+01 7.126345246547524326e+00 1.605232793767901312e+05
1.131909021052193687e+01 4.234862064501508172e+01 3.319206117326039873e+01 7.242554265048244844e+00 1.614165051441734249e+05
1.139763049627160285e+01 4.234527165133890492e+01 3.329535265952502954e+01 7.303434616814235447e+00 1.607921937328854110e+05
1.147617077559622167e+01 4.232135520327927480e+01 3.319821803336925115e+01 7.431014422057313773e+00 1.615086923304880038e+05
1.155471104862680853e+01 4.231643872333243905e+01 3.313446709065315332e+01 7.528334703413701590e+00 1.616723781527040410e+05
1.163325131549084368e+01 4.216135560442527463e+01 3.298551197723440254e+01 7.650811448768212841e+00 1.621702461675868544e+05
1.171179157631238787e+01 4.233760382970590541e+01 3.314510169171197873e+01 7.726359315685006557e+00 1.611835812262924446e+05
1.179033183121219608e+01 4.230011346298001484e+01 3.303594500655292165e+01 7.824619682204244420e+00 1.616200645187236660e+05
1.186887208030782759e+01 4.201736681741420654e+01 3.274824424053641536e+01 7.952252381454510299e+00 1.617529115323116712e+05
1.194741232371374728e+01 4.236623533086552129e+01 3.285909381427553200e+01 8.060067364030736314e+00 1.624922700451486162e+05
1.202595256154143222e+01 4.207410117917295622e+01 3.281291669400732047e+01 8.149734990797062650e+00 1.616518468421054422e+05
1.210449279389946753e+01 4.226856399614111126e+01 3.289563075217664334e+01 8.247043193590888777e+00 1.624844979252686317e+05
1.218303302089363527e+01 4.210553003149220075e+01 3.267600617142540642e+01 8.353965186300554180e+00 1.620014295670268766e+05
1.226157324262700676e+01 4.214806559383939799e+01 3.288327626227505363e+01 8.402110025460400422e+00 1.625121959611396887e+05
1.234011345920003322e+01 4.218155398629491515e+01 3.263572579430395137e+01 8.544055686633301505e+00 1.625194181045218720e+05
1.241865367071062565e+01 4.173822574394398544e+01 3.239727275227627956e+01 8.680125073406074421e+00 1.628831425018414157e+05
1.249719387725422415e+01 4.225767483170766781e+01 3.270794627759619289e+01 8.757716602317131560e+00 1.629669652969788876e+05
1.257573407892389383e+01 4.208318624701460919e+01 3.256512779271360358e+01 8.880075711408705885e+00 1.623673955947882205e+05
1.265427427581038877e+01 4.207451785005266487e+01 3.254072936262281956e+01 8.995048292285355629e+00 1.624046477588697162e+05
1.273281446800221772e+01 4.190174028579136234e+01 3.237205765502921651e+01 9.069484822454233708e+00 1.623481234462024004e+05
1.281135465558572584e+01 4.200536007944037920e+01 3.240306544061137117e+01 9.208901398970089858e+00 1.631675342340977513e+05
1.288989483864514796e+01 4.190466070628644246e+01 3.227541541649804202e+01 9.335494729912431566e+00 1.631641254311027005e+05
1.296843501726268322e+01 4.220280857544253905e+01 3.251907678147144765e+01 9.453758014253670794e+00 1.625740342051881016e+05
1.304697519151855190e+01 4.209461288945093571e+01 3.245723955035285968e+01 9.569416971279764539e+00 1.625263601019008202e+05
1.312551536149104692e+01 4.204204788085229438e+01 3.231492478644592836e+01 9.659967240699048219e+00 1.629383800800590543e+05
1.320405552725660492e+01 4.192429693426008441e+01 3.226549370825142660e+01 9.745703301501478677e+00 1.627400919081856264e+05
1.328259568888985243e+01 4.196587421427795306e+01 3.224169080598650794e+01 9.862299798556602326e+00 1.626243661672196467e+05
1.336113584646366270e+01 4.187542731841435995e+01 3.214667884884277527e+01 1.001007997251085513e+01 1.629961210873746604e+05
1.343967600004920548e+01 4.163307492010300592e+01 3.202288982827342778e+01 1.013647895877071647e+01 1.626467038515729946e+05
1.351821614971599317e+01 4.174868525172007594e+01 3.204309565447804431e+01 1.022428344060754135e+01 1.625577919300794310e+05
1.359675629553193588e+01 4.163244420869370543e+01 3.203127977619726607e+01 1.032079331079846973e+01 1.624664903066894040e+05
1.367529643756338231e+01 4.158061994430076425e+01 3.189287844139954942e+01 1.042554914599403837e+01 1.622991764876651578e+05
1.375383657587516595e+01 4.179558248455190039e+01 3.203745879597528301e+01 1.056329070742823895e+01 1.630700798726289358e+05
1.383237671053064766e+01 4.171055800807444314e+01 3.193052916368238670e+01 1.068894498332417875e+01 1.627005243721329025e+05
1.391091684159175834e+01 4.173655161470696129e+01 3.188263374284840879e+01 1.083113890308412408e+01 1.630759401911696768e+05
1.398945696911903269e+01 4.165880578143617896e+01 3.200604847205428882e+01 1.089967935908264707e+01 1.623222351861533825e+05
1.406799709317166069e+01 4.160726706308755496e+01 3.178023918842966822e+01 1.103252338696075086e+01 1.634508629923152912e+05
1.414653721380751428e+01 4.158300044986714283e+01 3.175852608351868156e+01 1.117770834613087239e+01 1.630319236835506454e+05
1.422507733108318817e+01 4.176328230931085983e+01 3.185113208543629781e+01 1.124778382713241598e+01 1.624480179977562511e+05
1.430361744505403543e+01 4.154142132716933133e+01 3.177462160677221803e+01 1.138596526910805196e+01 1.627363259334954782e+05
1.438215755577419586e+01 4.137543495011352235e+01 3.159986965841868312e+01 1.148894846566772721e+01 1.628650549764005409e+05
1.446069766329663686e+01 4.133487333715245882e+01 3.163772623116669180e+01 1.160264147676821445e+01 1.622802654074901948e+05
1.453923776767318010e+01 4.149394927024344781e+01 3.158277504917450784e+01 1.183171809135816943e+01 1.626604719268815825e+05
1.461777786895453346e+01 4.134796741574042045e+01 3.159229274769498730e+01 1.187017849618741216e+01 1.626750481961789483e+05
1.469631796719032302e+01 4.151969565473024204e+01 3.174116187091157570e+01 1.204674349401174815e+01 1.620847619984434277e+05
1.477485806242911437e+01 4.140638387379559759e+01 3.160811075034497364e+01 1.211582484048618014e+01 1.623060326291947567e+05
1.485339815471844993e+01 4.134811052019281874e+01 3.159133965807799527e+01 1.225549796536120972e+01 1.620121249932669161e+05
1.493193824410487203e+01 4.123900262770776237e+01 3.146736119628183204e+01 1.240764189415973284e+01 1.627607959875371016e+05
1.501047833063394421e+01 4.121950178149615596e+01 3.148306450471234896e+01 1.253268739437568513e+01 1.625029711608049402e+05
1.508901841435028857e+01 4.132973717750828513e+01 3.154004391784290817e+01 1.266637758356954180e+01 1.622790641962226073e+05
1.516755849529759992e+01 4.142853824129489482e+01 3.145012246814352608e+01 1.288282684267784006e+01 1.626914530127572361e+05
1.524609857351867070e+01 4.116504278284787688e+01 3.139000899995576788e+01 1.296636180845356279e+01 1.622279348082284559e+05
1.532463864905541762e+01 4.115227949311481126e+01 3.143989748755393521e+01 1.306633829828321147e+01 1.617248228718739992e+05
1.540317872194890292e+01 4.107702280847217224e+01 3.127293581499671404e+01 1.319102552836190867e+01 1.623553265751128201e+05
1.548171879223935399e+01 4.102341923396951984e+01 3.126860583155745488e+01 1.329349656046371742e+01 1.619041589377985802e+05
1.556025885996618996e+01 4.123253329605071826e+01 3.142078470735574314e+01 1.347091016032031519e+01 1.628843188262771582e+05
1.563879892516803238e+01 4.116113987291155496e+01 3.144215282268021738e+01 1.361469327983875033e+01 1.622117444591177336e+05
1.571733898788273187e+01 4.106738620848118160e+01 3.134975011667332723e+01 1.371765065970409303e+01 1.615194754139310389e+05
1.579587904814739119e+01 4.117258693590267882e+01 3.134833354035739461e+01 1.392490638805357328e+01 1.627009687386979931e+05
1.587441910599837769e+01 4.107094076472160538e+01 3.133911830348981198e+01 1.401649149018191309e+01 1.618146573742897890e+05
1.595295916147133575e+01 4.097725522872746495e+01 3.129051982645935581e+01 1.415276386587660262e+01 1.621753781165880791e+05
1.603149921460121874e+01 4.103269065194520238e+01 3.129677473899939955e+01 1.432688228112170670e+01 1.621039764420413121e+05
1.611003926542229436e+01 4.111178237830512217e+01 3.127617562428456566e+01 1.447766517777457196e+01 1.627069334600418515e+05
1.618857931396816596e+01 4.099680998181581515e+01 3.126181471791261046e+01 1.465558384107558076e+01 1.624877575697365100e+05
1.626711936027179561e+01 4.102764239419677494e+01 3.141138792161104121e+01 1.468379219380735812e+01 1.621237823175523372e+05
1.634565940436549525e+01 4.100704682731962691e+01 3.126436115325024900e+01 1.491905956620519014e+01 1.621801396709915425e+05
1.642419944628097639e+01 4.107245050532814901e+01 3.129441501698955364e+01 1.508042036855934320e+01 1.616646123229977093e+05
1.650273948604932883e+01 4.108536520013268500e+01 3.132320983131910808e+01 1.522284362556328752e+01 1.618175198906362057e+05
1.658127952370107394e+01 4.105896341611780542e+01 3.128100128315114148e+01 1.540319100004013997e+01 1.625035513903848187e+05
1.665981955926614333e+01 4.115842915890239340e+01 3.130481136589962077e+01 1.556828299178533825e+01 1.627663336703636742e+05
1.673835959277390728e+01 4.108950148510404432e+01 3.130624340350079393e+01 1.568326340250830953e+01 1.624357041215830832e+05
1.681689962425318896e+01 4.107841727148380073e+01 3.122951596183633427e+01 1.588459225502940342e+01 1.624046870668615447e+05
1.689543965373228218e+01 4.107664696909982638e+01 3.127436025740825087e+01 1.601657054093605126e+01 1.630805403063254780e+05
1.697397968123895495e+01 4.104204577718511615e+01 3.126861870033188140e+01 1.610230076470876170e+01 1.625771636141260096e+05
1.705251970680045304e+01 4.102512634928432789e+01 3.126743462620862601e+01 1.626649520796096127e+01 1.623235768532221264e+05
1.713105973044353902e+01 4.094046970986178025e+01 3.129124756625134651e+01 1.641145808363664216e+01 1.624678669638568535e+05
1.720959975219447102e+01 4.116043049063824100e+01 3.133193902816763909e+01 1.658407143787801274e+01 1.624821716034045385e+05
1.728813977207903463e+01 4.110429856937454929e+01 3.140795707173739260e+01 1.676652299954967518e+01 1.630833516449730669e+05
1.736667979012256424e+01 4.111692915499984480e+01 3.141997308249843002e+01 1.693083539210513777e+01 1.631058493928716634e+05
1.744521980634991110e+01 4.116844557392641235e+01 3.138352590215465199e+01 1.711415604498659704e+01 1.633256985087177891e+05
1.752375982078550365e+01 4.107494426450422509e+01 3.138546701880359180e+01 1.725410122227967591e+01 1.628485290344744863e+05
1.760229983345331917e+01 4.112091607553608696e+01 3.135813566615198411e+01 1.738902760159131233e+01 1.631162742455185216e+05
1.768083984437692635e+01 4.135295573119009305e+01 3.163024416334848610e+01 1.760491008062696494e+01 1.635571258613376413e+05
1.775937985357945692e+01 4.129722965514805111e+01 3.160099180019490461e+01 1.774662961360984426e+01 1.638123254857453285e+05
1.783791986108364824e+01 4.148585341517292591e+01 3.171724744578292032e+01 1.799250903660776046e+01 1.638552730116216117e+05
1.791645986691183268e+01 4.132691157271662519e+01 3.162715877623427119e+01 1.813119877588470175e+01 1.639352623658978555e+05
1.799499987108595889e+01 4.124913745695121037e+01 3.166367672785662890e+01 1.834577284247682272e+01 1.640977849919310829e+05
1.807353987362759185e+01 4.141818836591799169e+01 3.175406001882413065e+01 1.847914051254772261e+01 1.644025720833084779e+05
1.815207987455791638e+01 4.149035331444643759e+01 3.178827810599704051e+01 1.863208456694687953e+01 1.647393611893027264e+05
1.823061987389775851e+01 4.161722525478690926e+01 3.191933164639864984e+01 1.890253440044640598e+01 1.646724115358156268e+05
1.830915987166758541e+01 4.156768325410909171e+01 3.189178420119347024e+01 1.909074214721453089e+01 1.651826807786394493e+05
1.838769986788751964e+01 4.175591505638092116e+01 3.200617959713358118e+01 1.924927265771237117e+01 1.652219770364230499e+05
1.846623986257733563e+01 4.156518445955864394e+01 3.195089064758406039e+01 1.938835668080148622e+01 1.653793803614125354e+05
1.854477985575647381e+01 4.180868164040403201e+01 3.209934790187671183e+01 1.959394642889018456e+01 1.653396478129063617e+05
1.862331984744404423e+01 4.188335590201484138e+01 3.213290377028384626e+01 1.977311078759094443e+01 1.659487593256347463e+05
1.870185983765884075e+01 4.193813730953152685e+01 3.222639175492756181e+01 2.000866529220314405e+01 1.663885190498587035e+05
1.878039982641934458e+01 4.188705793654306575e+01 3.225749359191227228e+01 2.018017334960599385e+01 1.671984567363577080e+05
1.885893981374372075e+01 4.209823523070161144e+01 3.229728268324554108e+01 2.040260584063377181e+01 1.675169898871836485e+05
1.893747979964983941e+01 4.220616317330055267e+01 3.238529861315959835e+01 2.060469361583126613e+01 1.676028832049090997e+05
1.901601978415527228e+01 4.223881557919637686e+01 3.252538947102028288e+01 2.073382059685859602e+01 1.679387550416117301e+05
1.909455976727730331e+01 4.248892776472222010e+01 3.268596744067966853e+01 2.097357011672757565e+01 1.679523523773458437e+05
1.917309974903293579e+01 4.246186183867496311e+01 3.260220554469469079e+01 2.118515173222175463e+01 1.688801995278227550e+05
1.925163972943889235e+01 4.236479915163747023e+01 3.273123234996027264e+01 2.136324882002692860e+01 1.683473320943028666e+05
1.933017970851161849e+01 4.266075018224452720e+01 3.286768966014655291e+01 2.159295486286620047e+01 1.698962847242408025e+05
1.940871968626730748e+01 4.274866291839656185e+01 3.301588249879689130e+01 2.179758641910418504e+01 1.706105387828473176e+05
1.948725966272188259e+01 4.285640533307115874e+01 3.307871639542824482e+01 2.193907153950837596e+01 1.705367917866008065e+05
1.956579963789100773e+01 4.293812872202323661e+01 3.322444330865337747e+01 2.214567946380973495e+01 1.707248394718425989e+05
1.964433961179010524e+01 4.290057518171247608e+01 3.326543839154648197e+01 2.236717773230032691e+01 1.715522772604518104e+05
1.972287958443434519e+01 4.318390618369993206e+01 3.334871209335071995e+01 2.263034747757226484e+01 1.722785079191837867e+05
1.980141955583865965e+01 4.346739652351995886e+01 3.368635449804548188e+01 2.287005367150277380e+01 1.720319845208096376e+05
1.987995952601774619e+01 4.347384994261265234e+01 3.374389107874613813e+01 2.302727845997752354e+01 1.727837564398106479e+05
1.995849949498606790e+01 4.373994284552000522e+01 3.386455797476211416e+01 2.321054886567453934e+01 1.738392260220606986e+05
2.003703946275786052e+01 4.369344413172517250e+01 3.388993688073279031e+01 2.342491715873590508e+01 1.738114121605630789e+05
2.011557942934713950e+01 4.380372942272881431e+01 3.402600615398791462e+01 2.367973899843564567e+01 1.744939652471189620e+05
2.019411939476770712e+01 4.396116338808281654e+01 3.413130059605473576e+01 2.395508008293498747e+01 1.748922137201120495e+05
2.027265935903314542e+01 4.390647053670422650e+01 3.423111746009834633e+01 2.410337048758138323e+01 1.746435441039922298e+05
2.035119932215682326e+01 4.390395041632088180e+01 3.429162451166794767e+01 2.436200954095552973e+01 1.744403940394536185e+05
2.042973928415191054e+01 4.377651861955661872e+01 3.423121223196265817e+01 2.439513345203710060e+01 1.736516283807140135e+05
2.050827924503137467e+01 4.387500088516800645e+01 3.436211719754404470e+01 2.472544439076843403e+01 1.741196238472220430e+05
2.058681920480798766e+01 4.394516143960983356e+01 3.430446761794585342e+01 2.488613264375943501e+01 1.741949421468875662e+05
2.066535916349431901e+01 4.379645798348366270e+01 3.438216384913136636e+01 2.506063606992033499e+01 1.739861966371476883e+05
2.074389912110275347e+01 4.373656777629953751e+01 3.427031416243251982e+01 2.518811979939314583e+01 1.744966223679285322e+05
2.082243907764548752e+01 4.367945756292881754e+01 3.438968059051947534e+01 2.537330238870838883e+01 1.741263418818376085e+05
2.090097903313453642e+01 4.375373788951701215e+01 3.439765688798230769e+01 2.557044281735522517e+01 1.741977721140032227e+05
2.097951898758173783e+01 4.381242692022355101e+01 3.444243950739804916e+01 2.584342344063702157e+01 1.736566402847436257e+05
2.105805894099874109e+01 4.368103389314127583e+01 3.445904399897275283e+01 2.590152470830386733e+01 1.736536567170180206e+05
2.113659889339703568e+01 4.373207422322645499e+01 3.450665691344502761e+01 2.627118367229848062e+01 1.735613245648005686e+05
2.121513884478793344e+01 4.374210641223978513e+01 3.457865756724128659e+01 2.647229000171154922e+01 1.739505272974698746e+05
2.129367879518258277e+01 4.373511883306185410e+01 3.458586018947804064e+01 2.671987194200749727e+01 1.737533142866334238e+05
2.137221874459196869e+01 4.376455182687568879e+01 3.464725060186195549e+01 2.691510996478753270e+01 1.735037515611213166e+05
2.145075869302691274e+01 4.354623204051238616e+01 3.448443517911717748e+01 2.705059881383268561e+01 1.734353154155282828e+05
2.152929864049807307e+01 4.358906756472929800e+01 3.466656993935515629e+01 2.728866055248156997e+01 1.737624373763102049e+05
2.160783858701596571e+01 4.373765337392224950e+01 3.477321599303235189e+01 2.756202118263305323e+01 1.740927079816519399e+05
2.168637853259094683e+01 4.368520144334576827e+01 3.483308195540303842e+01 2.763639901330021331e+01 1.734571720890732249e+05
2.176491847723321982e+01 4.361821486053852226e+01 3.482811492485404870e+01 2.795654056653619790e+01 1.739692113833713229e+05
2.184345842095285306e+01 4.359470560156559316e+01 3.493010338698925921e+01 2.821630653999513427e+01 1.739507124961137597e+05
2.192199836375975508e+01 4.367903220595695046e+01 3.507335093108962099e+01 2.840151868988867179e+01 1.737109101731452683e+05
2.200053830566371005e+01 4.371546679914504097e+01 3.510133881695902858e+01 2.861378204218495469e+01 1.736148146351093601e+05
2.207907824667434582e+01 4.367388829968945174e+01 3.505931894616433198e+01 2.876907191283505938e+01 1.734836364194821217e+05
2.215761818680116590e+01 4.344194898931582571e+01 3.508190326269267700e+01 2.895235698642821731e+01 1.733942656344777206e+05
2.223615812605353526e+01 4.359929229397772588e+01 3.514796602260396696e+01 2.922664932458554432e+01 1.736401885179977980e+05
2.231469806444068738e+01 4.370487581942317235e+01 3.530527044747702092e+01 2.945220543173826044e+01 1.738978563775909715e+05
2.239323800197172432e+01 4.370702003564062466e+01 3.531384390616805291e+01 2.971230743823681664e+01 1.740909079419136979e+05
2.247177793865562023e+01 4.365927675430821608e+01 3.540550134572917074e+01 2.997298152503800495e+01 1.739255023138262914e+05
2.255031787450123204e+01 4.371500358031742905e+01 3.537462616458175546e+01 3.017377755087636615e+01 1.735969644825638970e+05
2.262885780951728165e+01 4.367637794727019696e+01 3.547572715292306356e+01 3.048485579479520524e+01 1.742871435912291345e+05
2.270739774371238440e+01 4.372194848496553021e+01 3.559927982904024191e+01 3.067472574992221368e+01 1.735398775382312306e+05
2.278593767709502771e+01 4.372938995898670100e+01 3.565222824278395564e+01 3.093900963374665025e+01 1.743018984254689130e+05
2.286447760967358178e+01 4.372909410556501797e+01 3.568225789047151864e+01 3.107286509516291062e+01 1.740118052922537609e+05
2.294301754145629957e+01 4.374243700365241239e+01 3.576456530454031224e+01 3.136081527682083347e+01 1.743596907196476823e+05
2.302155747245133455e+01 4.374264052752611320e+01 3.594771966232501370e+01 3.156434296523719496e+01 1.744738439864334068e+05
2.310009740266672296e+01 4.365218092673127614e+01 3.593870501844158838e+01 3.186850593829442602e+01 1.743590449741468183e+05
2.317863733211038380e+01 4.379007113604291135e+01 3.599214153071594779e+01 3.209334435864182922e+01 1.747224494851526106e+05
2.325717726079013303e+01 4.370098912725732987e+01 3.611751007394791202e+01 3.229351156332609918e+01 1.742209368841132091e+05
2.333571718871368716e+01 4.386553881600706717e+01 3.626067712580820057e+01 3.267462187539600649e+01 1.747623419084935449e+05
2.341425711588865965e+01 4.364568762811506986e+01 3.633419331787530382e+01 3.287121684254680787e+01 1.747242584033340099e+05
2.349279704232255384e+01 4.383233091373127621e+01 3.642119555294382849e+01 3.314617545150589706e+01 1.750266711132438213e+05
2.357133696802278067e+01 4.393868127212196129e+01 3.655878404401077120e+01 3.340335511516734357e+01 1.752430054536290700e+05
2.364987689299664453e+01 4.377983553079747026e+01 3.652138342773524471e+01 3.357061325647553218e+01 1.748740119185608055e+05
2.372841681725136453e+01 4.402103258562471666e+01 3.668104705127689869e+01 3.377318134674762007e+01 1.752146065413085162e+05
2.380695674079405322e+01 4.403866330001712726e+01 3.676365320766912959e+01 3.406780911936859013e+01 1.745290579148853139e+05
2.388549666363174140e+01 4.422035108909317103e+01 3.683524483239937553e+01 3.440053781513466902e+01 1.755559444238992874e+05
2.396403658577134976e+01 4.400202946790835767e+01 3.692762160801163418e+01 3.458834147337809384e+01 1.754476928144709382e+05
2.404257650721972439e+01 4.415174454878413002e+01 3.711943541461901930e+01 3.481071907941561250e+01 1.756984500264793751e+05
2.412111642798362254e+01 4.418122295504698371e+01 3.715562738480333849e+01 3.520501792325642043e+01 1.761808257050983084e+05
2.419965634806970556e+01 4.412302607586654091e+01 3.728285365544977026e+01 3.541208117401155420e+01 1.755181970937632141e+05
2.427819626748454596e+01 4.433261619087249272e+01 3.743076888868576191e+01 3.563883596783348651e+01 1.759159771439774486e+05
2.435673618623464520e+01 4.423391892457357244e+01 3.746569974054283847e+01 3.588037647142896702e+01 1.762961437412718078e+05
2.443527610432640529e+01 4.442330881708062407e+01 3.762113097526534489e+01 3.601990084894060118e+01 1.766408523031170189e+05
2.451381602176616425e+01 4.452839015924985944e+01 3.769566289545245041e+01 3.655172495739870442e+01 1.771471517051280534e+05
2.459235593856016067e+01 4.440835636871769765e+01 3.770697386744086543e+01 3.668525767583233943e+01 1.770319045064157690e+05
2.467089585471456203e+01 4.447374856437552637e+01 3.786306394555277421e+01 3.700685019579928792e+01 1.776561950673223764e+05
2.474943577023546126e+01 4.466389767518502651e+01 3.799742701498505681e+01 3.714547743602207674e+01 1.774322140470294689e+05
2.482797568512887310e+01 4.467305028182099846e+01 3.807674887609963577e+01 3.753089859868683931e+01 1.780361728778825491e+05
2.490651559940072346e+01 4.479274310693050865e+01 3.823025018430086419e+01 3.795092142878960573e+01 1.791615894759114599e+05
2.498505551305688144e+01 4.474134991753005153e+01 3.831247148033813943e+01 3.820550339757959790e+01 1.779956146180275828e+05
2.506359542610313440e+01 4.481299792488705691e+01 3.850041641310325957e+01 3.844506101442061663e+01 1.785635525495674228e+05
2.514213533854519511e+01 4.496239235200648210e+01 3.863748944199721791e+01 3.875925686605388876e+01 1.793994480079330388e+05
2.522067525038871239e+01 4.503296495141721323e+01 3.874871061768741498e+01 3.908148563923963792e+01 1.791934023294883082e+05
2.529921516163925688e+01 4.498739534974011889e+01 3.881387916604872146e+01 3.932249495095538094e+01 1.793461697344451677e+05
2.537775507230233529e+01 4.520128293579568179e+01 3.897969157309103849e+01 3.960278826842251476e+01 1.795116064966990671e+05
2.545629498238338684e+01 4.537218003245379094e+01 3.917007370234972541e+01 3.979859991748367776e+01 1.806006869462153118e+05
2.553483489188777966e+01 4.532993437713678020e+01 3.929559468277573586e+01 4.020347703572910092e+01 1.808660813704674656e+05
2.561337480082082152e+01 4.535660249385142606e+01 3.949595111586685903e+01 4.048091576127536939e+01 1.806606600762877788e+05
2.569191470918774911e+01 4.533961645111324401e+01 3.954869796080945576e+01 4.081269634155098203e+01 1.806923680181957607e+05
2.577045461699373874e+01 4.566359574682368105e+01 3.996108820922758298e+01 4.125667474570984439e+01 1.810940726838660485e+05
2.584899452424390631e+01 4.540879499912031037e+01 3.983778238498503299e+01 4.139838399392870372e+01 1.817689237246933626e+05
2.592753443094329668e+01 4.554978871020767883e+01 3.992839425424505606e+01 4.166337794590024401e+01 1.816980692227884429e+05
2.600607433709690852e+01 4.585866709121652462e+01 4.007906417887388528e+01 4.204735296114052545e+01 1.833239965174415265e+05
2.608461424270966944e+01 4.593360000264612353e+01 4.034635455753843303e+01 4.227080290707836951e+01 1.830514443156345515e+05
2.616315414778644310e+01 4.607859420351885404e+01 4.043454975198078927e+01 4.250790459547086897e+01 1.830365500315653626e+05
2.624169405233205055e+01 4.602055743015986877e+01 4.056584145304832845e+01 4.295285322481903734e+01 1.847189280484243936e+05
2.632023395635124174e+01 4.629970616071292255e+01 4.070050298117267573e+01 4.337235102012561327e+01 1.852207127977136115e+05
2.639877385984871694e+01 4.617542307286397829e+01 4.102702742242832556e+01 4.360515404598287859e+01 1.845623075338514172e+05
2.647731376282911953e+01 4.650736596671490730e+01 4.114070399039898973e+01 4.407397882874695227e+01 1.844765320822815411e+05
2.655585366529703606e+01 4.643559620187027548e+01 4.113379940638915144e+01 4.414989211789323065e+01 1.848749258747348504e+05
2.663439356725699980e+01 4.668478943355247424e+01 4.148582620775240315e+01 4.450150135565635168e+01 1.865848416357218521e+05
2.671293346871349428e+01 4.677324582725719182e+01 4.168389370222515566e+01 4.505228021315207343e+01 1.869376382937190647e+05
2.679147336967094617e+01 4.665878711235223619e+01 4.180008225928634147e+01 4.520629142711290172e+01 1.864319870291363331e+05
2.687001327013372531e+01 4.700180620473599191e+01 4.191249798586272135e+01 4.581211573941838822e+01 1.880850188390833791e+05
2.694855317010616602e+01 4.690615980913229777e+01 4.210576565717660458e+01 4.584141206870591390e+01 1.881242078130074951e+05
2.702709306959254221e+01 4.736181517660330087e+01 4.228258770842051462e+01 4.610853698389653488e+01 1.886664266818719625e+05
2.710563296859707094e+01 4.723814049678048121e+01 4.237356595902357981e+01 4.649076091012123157e+01 1.884418897396292596e+05
2.718417286712393377e+01 4.736962284012165014e+01 4.246729819535513428e+01 4.676460261157048137e+01 1.891055161765347875e+05
2.726271276517725894e+01 4.750065744254530387e+01 4.275836437099290066e+01 4.695353120259380830e+01 1.888947989285176445e+05
2.734125266276112498e+01 4.725624235668298923e+01 4.272275396287849247e+01 4.747746914372003602e+01 1.893855350169221929e+05
2.741979255987956776e+01 4.765710341487334034e+01 4.306477519462720238e+01 4.776151088973784198e+01 1.905506259739806992e+05
2.749833245653658054e+01 4.785678578818954776e+01 4.316536943007811544e+01 4.813108313064041965e+01 1.911551876838331809e+05
2.757687235273609616e+01 4.767031851221928918e+01 4.338551487327490719e+01 4.827497204015759280e+01 1.911648856476383808e+05
2.765541224848202262e+01 4.784513599783021931e+01 4.351322675535134721e+01 4.857660360792211662e+01 1.913158832549458020e+05
2.773395214377820395e+01 4.807891204871618385e+01 4.382662451845888540e+01 4.932970975923834089e+01 1.919290143683294009e+05
2.781249203862845576e+01 4.786355957803907302e+01 4.358240441654001529e+01 4.938896511003780176e+01 1.917443315636337211e+05
2.789103193303654038e+01 4.800570771899527500e+01 4.406467723338940345e+01 4.975274381123498557e+01 1.919609790911441378e+05
2.796957182700618816e+01 4.804194038891703400e+01 4.430349156006099776e+01 5.014210765627574062e+01 1.917320450776033103e+05
2.804811172054107615e+01 4.794664661522555349e+01 4.417868161593491294e+01 5.026825279786299916e+01 1.916538564239351253e+05
2.812665161364485655e+01 4.788895532008962164e+01 4.443715668021626897e+01 5.077234803414648923e+01 1.916767216960864316e+05
2.820519150632112115e+01 4.796503211736112604e+01 4.483732317675487167e+01 5.093888502423941134e+01 1.912989639699446852e+05
2.828373139857343332e+01 4.790792983921893011e+01 4.451679928212897153e+01 5.135214702182523183e+01 1.930088983966260566e+05
2.836227129040531736e+01 4.781074827712599529e+01 4.468602374968450164e+01 5.153287606600164850e+01 1.923131903386083141e+05
2.844081118182025847e+01 4.793955854762060653e+01 4.479881303967082573e+01 5.209974523594179630e+01 1.929912796892987099e+05
2.851935107282169923e+01 4.771483698349864966e+01 4.463575554670897816e+01 5.187805760266112998e+01 1.906957998882734682e+05
2.859789096341304315e+01 4.765662202117455593e+01 4.482095774478628414e+01 5.234165724585798785e+01 1.901349006782718934e+05
2.867643085359765820e+01 4.760267154529075384e+01 4.486400622310073061e+01 5.233278020265220221e+01 1.910056066801193811e+05
2.875497074337888392e+01 4.757255640501401217e+01 4.547152343816043896e+01 5.320100332894353556e+01 1.914028631673695927e+05
2.883351063276001369e+01 4.765920150470996930e+01 4.512204754922346694e+01 5.344160236112384155e+01 1.913983742151216720e+05
2.891205052174430890e+01 4.762102351797867072e+01 4.522005035226558078e+01 5.400870180322968395e+01 1.922776595256782894e+05
2.899059041033499184e+01 4.766982311167058128e+01 4.512881079691548081e+01 5.411134016544534830e+01 1.928281668117691006e+05
2.906913029853525643e+01 4.796983105746416243e+01 4.578167463006965932e+01 5.485304430346838700e+01 1.931389963467199705e+05
2.914767018634825746e+01 4.795383999653246576e+01 4.581001598072064951e+01 5.470448398445935112e+01 1.916701218089603062e+05
2.922621007377712132e+01 4.797959014953996615e+01 4.576811176567950668e+01 5.516082720253557881e+01 1.926216690209593507e+05
2.930474996082492822e+01 4.806377594263621944e+01 4.611990436935891324e+01 5.544605988746153713e+01 1.937582837868278148e+05
2.938328984749474060e+01 4.784670422884001084e+01 4.615256612489535826e+01 5.586030078898701845e+01 1.927862925917823741e+05
2.946182973378957826e+01 4.763530151277241487e+01 4.578774527909077108e+01 5.550100113907404165e+01 1.922627522323021549e+05
2.954036961971243258e+01 4.801320608652312671e+01 4.619394181314802950e+01 5.603314720534253013e+01 1.922314698058014037e+05
2.961890950526625943e+01 4.826068749309845884e+01 4.622187165051643376e+01 5.635531542618227974e+01 1.942672577109338890e+05
2.969744939045398979e+01 4.834295551152853676e+01 4.674201827045372681e+01 5.708191248747036894e+01 1.934970186036388914e+05
2.977598927527852268e+01 4.796324145909605363e+01 4.665160497100063708e+01 5.702777567075973764e+01 1.931615838123825379e+05
2.985452915974272159e+01 4.822423499521147505e+01 4.695178338457279210e+01 5.738239738179885308e+01 1.937535386197259650e+05
2.993306904384942868e+01 4.822959520582355708e+01 4.741717826598478780e+01 5.766579405861371299e+01 1.936464793691460800e+05
3.001160892760143994e+01 4.834642241462198342e+01 4.750341603743336094e+01 5.797650064043201468e+01 1.942511844976506836e+05
3.009014881100154071e+01 4.888293458518314338e+01 4.770267025189203025e+01 5.886982220551884382e+01 1.957074792185600381e+05
3.016868869405248077e+01 4.890120015641152662e+01 4.767016927552688088e+01 5.921338239925842117e+01 1.966118137259721989e+05
3.024722857675697441e+01 4.884214148099789554e+01 4.773874503494389643e+01 5.967037063976448508e+01 1.983942083101384342e+05
3.032576845911771457e+01 4.888279406123458415e+01 4.846709224064276356e+01 5.965851062988815556e+01 1.980372409005089721e+05
3.040430834113736580e+01 4.897577311471241757e+01 4.811002104621366016e+01 6.047331895557304904e+01 1.979396732544664410e+05
3.048284822281856421e+01 4.883583042100556071e+01 4.864490980060165981e+01 6.016939089766463411e+01 1.963022355584489706e+05
3.056138810416392460e+01 4.969438974777482088e+01 4.846804436855919818e+01 6.110012305375450836e+01 1.997388696899446950e+05
3.063992798517602267e+01 4.913336562344048275e+01 4.886201842507679771e+01 6.099361213443366125e+01 1.973002479757940746e+05
3.071846786585741640e+01 4.902597412319475012e+01 4.956112317170616421e+01 6.191602559102928893e+01 1.992047767171055602e+05
3.079700774621063886e+01 4.993779761364490355e+01 4.927449722657284781e+01 6.180631221667125885e+01 2.000982956220567576e+05
3.087554762623818760e+01 4.962295824998935956e+01 5.009744028014728201e+01 6.247129122593791806e+01 1.996201459121683147e+05
3.095408750594254599e+01 4.962265997385133431e+01 4.963470494855113913e+01 6.330000283162451069e+01 2.021909165736712457e+05
3.103262738532617249e+01 5.054645183801974184e+01 5.029021276585725531e+01 6.396631298263531562e+01 2.014759143954506144e+05
3.111116726439149005e+01 5.054299268704782833e+01 5.023200370914903345e+01 6.429975915788676843e+01 2.014704875502947834e+05
3.118970714314090387e+01 5.104214089457737202e+01 5.089327940884288637e+01 6.392430875335642071e+01 2.045847354566401918e+05
3.126824702157679781e+01 5.077895128143163106e+01 5.092110551578925737e+01 6.475587483785113818e+01 2.032261907531929610e+05
3.134678689970152377e+01 5.074700005948161419e+01 5.103115502204720855e+01 6.506589863977002608e+01 2.059641629308817210e+05
3.142532677751741588e+01 5.119700189722892247e+01 5.179576654062302055e+01 6.619055561765887319e+01 2.081219217707058706e+05
3.150386665502678696e+01 5.161041021029025444e+01 5.154721289216367097e+01 6.715987141569888763e+01 2.080523473339113116e+05
3.158240653223192140e+01 5.173142646801788658e+01 5.186537399587479769e+01 6.666206583380345307e+01 2.080866810840195976e+05
3.166094640913508229e+01 5.182520027980208255e+01 5.243750012038460540e+01 6.693190647847821140e+01 2.108795108038446342e+05
3.173948628573851494e+01 5.203242269553590660e+01 5.311336129827871844e+01 6.800034246286089967e+01 2.100511298552195076e+05
3.181802616204443623e+01 5.158527715253363510e+01 5.355460354083079721e+01 6.808872799119369290e+01 2.084663665926353424e+05
3.189656603805504531e+01 5.166551043895971418e+01 5.350250360132338301e+01 6.906599726573402620e+01 2.089530707171669055e+05
3.197510591377251998e+01 5.285973219860629513e+01 5.413461377725207768e+01 6.950093876031544937e+01 2.119464099925643241e+05
3.205364578919900964e+01 5.261402926756981202e+01 5.355241944353419825e+01 6.885728470132589507e+01 2.126863656413268473e+05
3.213218566433665302e+01 5.310296657474438575e+01 5.385717894186470289e+01 6.988189602981628923e+01 2.147252002592844365e+05
3.221072553918755688e+01 5.269105266761969375e+01 5.460056164722307415e+01 7.119001611570352850e+01 2.129825693858357554e+05
3.228926541375382442e+01 5.291408137333093720e+01 5.426821268586922287e+01 6.983612658870630696e+01 2.134752904145698412e+05
3.236780528803751622e+01 5.359595630048539761e+01 5.437821227950063729e+01 7.081060248504952881e+01 2.157494714603435132e+05
3.244634516204068575e+01 5.401743938883748086e+01 5.533304024812662192e+01 7.163977033643234904e+01 2.180098271778857161e+05
3.252488503576537227e+01 5.375266105602477040e+01 5.571134354107448416e+01 7.167192980851513084e+01 2.180959616093425720e+05
3.260342490921358660e+01 5.399349479092492032e+01 5.551248272253264560e+01 7.311340926391319783e+01 2.181263767654090188e+05
3.268196478238731828e+01 5.474841849125918714e+01 5.465221909245413912e+01 7.227510196111843754e+01 2.201308818175178603e+05
3.276050465528854261e+01 5.540300374046643128e+01 5.622906514147932455e+01 7.330984284874747914e+01 2.286398359380713664e+05
3.283904452791921358e+01 5.590004831034277544e+01 5.787333094531996380e+01 7.585683629048391197e+01 2.199524588787325483e+05
3.291758440028127097e+01 5.619959576431133286e+01 5.598103442035333188e+01 7.267697192754781099e+01 2.234251202584200364e+05
3.299612427237663326e+01 5.587081628457442406e+01 5.801136303972427299e+01 7.672685823246757764e+01 2.243720182727012434e+05
3.307466414420719758e+01 5.521707047250179556e+01 5.685223535545740958e+01 7.262668871439079510e+01 2.252101770246432279e+05
3.315320401577483977e+01 5.679083030013534028e+01 5.922069172199909559e+01 7.637457504588329016e+01 2.282264420017421944e+05
3.323174388708143567e+01 5.556043641085957319e+01 5.899751066724655146e+01 7.619142579896072220e+01 2.264109796365042566e+05
3.331028375812883269e+01 5.754592539044278254e+01 5.872970450751538607e+01 7.544802992956888943e+01 2.304157051850901044e+05
3.338882362891884981e+01 5.748460543821909141e+01 6.011733414835511979e+01 7.926264745175660664e+01 2.311083971075519803e+05
3.346736349945329891e+01 5.733851981883993432e+01 6.116311013079602077e+01 7.897143254667209078e+01 2.235603926398203475e+05
3.354590336973399189e+01 5.647580575459744523e+01 6.170638176752166970e+01 8.041154868286234603e+01 2.380949919274846034e+05
3.362444323976268379e+01 6.018651381442699488e+01 6.152070172055389463e+01 8.125440636910582271e+01 2.372332286505770462e+05
3.370298310954115806e+01 5.630606105726985078e+01 6.148567601425551032e+01 8.394049102726204126e+01 2.305840642486035067e+05
3.378152297907114132e+01 5.842813059286278587e+01 6.284365464081878372e+01 8.195457412025641020e+01 2.324681672074302332e+05
3.386006284835436730e+01 5.820191539947136050e+01 6.067308627575187785e+01 8.351416661249480455e+01 2.315332260190523812e+05
3.393860271739255552e+01 5.842228936293981434e+01 6.052403994174170521e+01 8.023550206711905730e+01 2.277205786075881333e+05
3.401714258618739706e+01 5.929167624597918973e+01 5.696889714576795427e+01 8.373970915531150183e+01 2.301902688424768276e+05
3.409568245474058301e+01 6.216537685875496067e+01 5.966866690466386558e+01 8.414964563283922416e+01 2.504568032182492607e+05
3.417422232305376895e+01 6.057156446597197430e+01 6.070037185125006829e+01 8.353032566326437802e+01 2.450595658921754221e+05
3.425276219112861043e+01 6.206771820196713918e+01 6.775534177237965139e+01 8.605226580981455697e+01 2.662894912116840715e+05
3.433130205896674880e+01 6.360910428115568749e+01 5.898159353560515683e+01 8.572182639411231264e+01 2.556978450148090487e+05
3.440984192656979701e+01 6.422892751250346066e+01 7.270259686208130745e+01 9.625940393833651854e+01 2.719679959398953943e+05
3.448838179393936088e+01 7.201038686041940196e+01 6.802981804934569254e+01 9.216520549473223411e+01 2.892070606970004155e+05
3.456692166107702491e+01 6.733206176752253214e+01 7.181959868591577845e+01 9.199724308829935637e+01 2.888427735424290877e+05
3.464546152798438072e+01 8.605132665764030264e+01 4.850205517856242210e+01 7.720473151725204275e+01 2.472768852791016689e+05
3.472400139466299152e+01 4.208621235790142379e+01 8.374300366822538422e+01 8.410829409240893995e+01 2.820018558196987142e+05
