# 0.9989 0.9998
7.871241428633635184e-02 9.448058882215949472e-01 9.418584254672281997e-01 1.692684389586230915e-04 1.090948110381178822e+03
1.618072713909662341e-01 2.912848259888435098e+00 2.865561010403204101e+00 9.196121483083765291e-04 4.356194373730163534e+03
2.418771330418761079e-01 6.232317962874660999e+00 6.150240549701386783e+00 1.084411154823938361e-03 5.976602605967109412e+03
3.211923215201240578e-01 7.416289913275357470e+00 7.315417449588128562e+00 2.808897247492283915e-03 1.164849798803035083e+04
4.002017901256537113e-01 7.687839978372771554e+00 7.522268354454512362e+00 3.848854106300363988e-03 1.646264301558971783e+04
4.790568272527075955e-01 1.014432731055730663e+01 9.899389126193351984e+00 5.650807250470264199e-03 1.613789871911278715e+04
5.578229290343351687e-01 1.242998414096200754e+01 1.208523527935009412e+01 7.961354130672145327e-03 2.338956330964266090e+04
6.365331115321660738e-01 1.489367508560604847e+01 1.445066938316683469e+01 1.106886780716237820e-02 2.497913314953148074e+04
7.152058371535838788e-01 1.368406287008804156e+01 1.321324930679645249e+01 1.393484433412344597e-02 2.868027652283481439e+04
7.938522421846891941e-01 1.506706471242911149e+01 1.448310144551851231e+01 1.707937516602652667e-02 2.995055323709351433e+04
8.724794443688169698e-01 1.763181483648806847e+01 1.694504488542850851e+01 2.004521868408190230e-02 3.219532821136120037e+04
9.510922062407737299e-01 1.857707719219846965e+01 1.784138368938684494e+01 2.297336021120076691e-02 3.520126481058377249e+04
1.029693835175838679e+00 2.245594343109234714e+01 2.151903558066136668e+01 2.846135704900646518e-02 3.593129623339149839e+04
1.108286699878543891e+00 2.396176056961963852e+01 2.299471842836062052e+01 3.219074626831436303e-02 3.703205916317613446e+04
1.186872541411916560e+00 2.454182766492600010e+01 2.348997095289847437e+01 3.855946278382060832e-02 3.931677134604963794e+04
1.265452668213572940e+00 2.582333079235075957e+01 2.470671773507975999e+01 4.234881865132320011e-02 4.153227545634186390e+04
1.344028082638708543e+00 2.738939833723208750e+01 2.617046979627109238e+01 4.896849359156398018e-02 4.506287730275346257e+04
1.422599565533279709e+00 2.969641304070296783e+01 2.845490815162568055e+01 5.225572607441792555e-02 4.459283859504625434e+04
1.501167734229200246e+00 3.191235290320229723e+01 3.045451521126653915e+01 6.159983056813804481e-02 4.705817715574442991e+04
1.579733083222462531e+00 3.234645391758193966e+01 3.088135310240862452e+01 6.802206456937608114e-02 5.064160624396493949e+04
1.658296013281593151e+00 3.310054330751434293e+01 3.161505488607413028e+01 7.204761801124918985e-02 5.107577320785872871e+04
1.736856852652245875e+00 3.540669183499639416e+01 3.374212288377514568e+01 8.155000670638488935e-02 5.112256022645963822e+04
1.815415872753641580e+00 3.625911995434194779e+01 3.452373256256182543e+01 8.893041651493745203e-02 5.351239767149327963e+04
1.893973299967037560e+00 3.796473954350442170e+01 3.619515193550560639e+01 9.898297508581622994e-02 5.502860720899988519e+04
1.972529324606241641e+00 3.844282619498625309e+01 3.660437646214499097e+01 1.065748039458089408e-01 5.757979111162538175e+04
2.051084107826015579e+00 3.851936883562329683e+01 3.661197766736842851e+01 1.163782172969501233e-01 5.904369791782210086e+04
2.129637787001040561e+00 4.050872254552018603e+01 3.848828765833646770e+01 1.254728468041091394e-01 6.139461163433231559e+04
2.208190479956450680e+00 4.070282989364635284e+01 3.867300752065203540e+01 1.370189803675131990e-01 6.221114817477550969e+04
2.286742288326184092e+00 4.125815124683567348e+01 3.922024535662065858e+01 1.440516568567965505e-01 6.241485000389579363e+04
2.365293300241981811e+00 4.145513429612777401e+01 3.928777375562182783e+01 1.564932278214010153e-01 6.317129010873405059e+04
2.443843592503681883e+00 4.094209128719234769e+01 3.884815608073171944e+01 1.649452340743466083e-01 6.606943984229247144e+04
2.522393232343909553e+00 4.215824826537312475e+01 3.989812472575510327e+01 1.784140726702402868e-01 6.740085296481424302e+04
2.600942278872942381e+00 4.221309413375357167e+01 3.990814842226151171e+01 1.910171032704295335e-01 6.998220129488075327e+04
2.679490784269383141e+00 4.129911513263921563e+01 3.888485609929838205e+01 2.019692344448372756e-01 6.918938098367032944e+04
2.758038794767343038e+00 4.156143381314092267e+01 3.924153888197169948e+01 2.120876439960924509e-01 7.137379424553315039e+04
2.836586351479573942e+00 4.179282485915133094e+01 3.938498538322865272e+01 2.273722981135433974e-01 7.409429068089989596e+04
2.915133491087511963e+00 4.171219177866509398e+01 3.925136891746554113e+01 2.384935426762941901e-01 7.343911241394712124e+04
2.993680246422668834e+00 4.179111070269190265e+01 3.933075270081198482e+01 2.527524476414571564e-01 7.369696476921465364e+04
3.072226646958827967e+00 4.094934977192532699e+01 3.835437425843318948e+01 2.716564713508904938e-01 7.667000487061723834e+04
3.150772719230606977e+00 4.028448161362211266e+01 3.777081682679551022e+01 2.810588684543651183e-01 7.708272544784964703e+04
3.229318487190934395e+00 3.941901539875741634e+01 3.690439641782948854e+01 3.016298926657952073e-01 7.701456334137856902e+04
3.307863972517584905e+00 3.887349220305146247e+01 3.630683462275305118e+01 3.136275111519719605e-01 7.854485223271501309e+04
3.386409194877053608e+00 3.877055583994077637e+01 3.617039764422305836e+01 3.332772842760405307e-01 8.101873475266664173e+04
3.464954172152534095e+00 3.809915219663599828e+01 3.549621047452200173e+01 3.451831666924352615e-01 8.139661524818878388e+04
3.543498920641575456e+00 3.728938106023999666e+01 3.466787401443894368e+01 3.641147385174646200e-01 8.339522237381592277e+04
3.622043455228019404e+00 3.679028799768419589e+01 3.421928283976376406e+01 3.801103456503556188e-01 8.366041469350048283e+04
3.700587789532037597e+00 3.593221765597904493e+01 3.331083244463066961e+01 4.003403390917973925e-01 8.501484802222860162e+04
3.779131936041457696e+00 3.530886296371385669e+01 3.266998613656831196e+01 4.193065988216427287e-01 8.599807396070020332e+04
3.857675906227046259e+00 3.509258994392169484e+01 3.246765640759256399e+01 4.313162023614037222e-01 8.718846064432190906e+04
3.936219710643986680e+00 3.447729091174286253e+01 3.181154173402510565e+01 4.565492463583173399e-01 8.815710154353096732e+04
4.014763359021444877e+00 3.418421811759628071e+01 3.146081999479537217e+01 4.746224885900580115e-01 8.760680614539088856e+04
4.093306860341824560e+00 3.340290093517441505e+01 3.066733953796977019e+01 4.956836576399021310e-01 9.002743044637716957e+04
4.171850222911064776e+00 3.350432515633828956e+01 3.076074266985495953e+01 5.106940026608493000e-01 9.039257354967742867e+04
4.250393454421145911e+00 3.229275852544395065e+01 2.955821334378717680e+01 5.330376294172719520e-01 9.047628840890876018e+04
4.328936562005788247e+00 3.242485423981804615e+01 2.971515510029001561e+01 5.507228611640020421e-01 9.325792401868608431e+04
4.407479552290201497e+00 3.192738003042513739e+01 2.913474170840314770e+01 5.725181485731358766e-01 9.311393960358804907e+04
4.486022431435594982e+00 3.130478226696548560e+01 2.863395238673937371e+01 5.871846038630458287e-01 9.402515181826478511e+04
4.564565205179107465e+00 3.136689507695686174e+01 2.860022380559839661e+01 6.170643192568077140e-01 9.537831498318946979e+04
4.643107878869670024e+00 3.115904669533182059e+01 2.838732739831469232e+01 6.339617106513092404e-01 9.660021187297215511e+04
4.721650457500300213e+00 3.045448593767794065e+01 2.764008770925471126e+01 6.534112227151981367e-01 9.642387111900764285e+04
4.800192945737217443e+00 3.053384704514654757e+01 2.764575262063293337e+01 6.799780228780173408e-01 9.807078031441176427e+04
4.878735347946150824e+00 3.023743404395999690e+01 2.737621720754332344e+01 6.930930108432334924e-01 9.912166270348324906e+04
4.957277668216146793e+00 3.031268969075361142e+01 2.741159020241752842e+01 7.390247418847097904e-01 9.929855005059429095e+04
5.035819910381144737e+00 3.014169188698098623e+01 2.721895476744278497e+01 7.504527528886927312e-01 9.914127524445584277e+04
5.114362078039562221e+00 2.975589589401717916e+01 2.673398119711996657e+01 7.816250462398709464e-01 1.008748365726930497e+05
5.192904174572115394e+00 2.933762202103333294e+01 2.634546238353346936e+01 8.012337785078251784e-01 1.018737569038526417e+05
5.271446203158030919e+00 2.937414666726100521e+01 2.638259594478673620e+01 8.276935532130212936e-01 1.029439405086573970e+05
5.349988166789838573e+00 2.921837063032400295e+01 2.616895896120680831e+01 8.533847710381937679e-01 1.028618567120520311e+05
5.428530068286878674e+00 2.939769542829139226e+01 2.624282470478183882e+01 8.890604019858949769e-01 1.042700904156156321e+05
5.507071910307648643e+00 2.914678873324758968e+01 2.604918393401242582e+01 9.103663192818717276e-01 1.044565574782719923e+05
5.585613695361120179e+00 2.919569627960874669e+01 2.598307315208396062e+01 9.530302199606065505e-01 1.068570612636707228e+05
5.664155425817094525e+00 2.934498257131537358e+01 2.608704029698896321e+01 9.687501179798385653e-01 1.061647884432156570e+05
5.742697103915729961e+00 2.909265975182916719e+01 2.584517932856926947e+01 9.840366063073965330e-01 1.067577575184888701e+05
5.821238731776284148e+00 2.905482659578536797e+01 2.582305195588224223e+01 1.009223143687232094e+00 1.072923171127293463e+05
5.899780311405160127e+00 2.912980414973608134e+01 2.580283281767345116e+01 1.043490107779627030e+00 1.082655289259411511e+05
5.978321844703323507e+00 2.931348926216331563e+01 2.593461550582852837e+01 1.068662393091852403e+00 1.087621309716414689e+05
6.056863333473133437e+00 2.913804491886335768e+01 2.578073796382636118e+01 1.095730130015299064e+00 1.103209267558013235e+05
6.135404779424661115e+00 2.910253097565936997e+01 2.560126337654439155e+01 1.145079235970710263e+00 1.113187822053355194e+05
6.213946184181517118e+00 2.936784790243623888e+01 2.592430402425074476e+01 1.163952018781782449e+00 1.116647989486971928e+05
6.292487549286247983e+00 2.957683466905817937e+01 2.600525607952097573e+01 1.198647797660550074e+00 1.127229626342080155e+05
6.371028876205335756e+00 2.944737648101908434e+01 2.583608786862883022e+01 1.216205047245182413e+00 1.118821056252825510e+05
6.449570166333828070e+00 2.936414305449936890e+01 2.572606894874416739e+01 1.256719150597433998e+00 1.141339008811887616e+05
6.528111420999634262e+00 2.955876349557993521e+01 2.582258702309309939e+01 1.285409417229912643e+00 1.135575424017563346e+05
6.606652641467518627e+00 2.944145449065459630e+01 2.575067003966259804e+01 1.317558738079618319e+00 1.144779173018370639e+05
6.685193828942805006e+00 2.983700630297932221e+01 2.599330160256901578e+01 1.347069865422122703e+00 1.140637634774291364e+05
6.763734984574836240e+00 2.956421708332306864e+01 2.577247146421029456e+01 1.377517261435342588e+00 1.139905579532444972e+05
6.842276109460177835e+00 2.949534798694647009e+01 2.563793843222882174e+01 1.417101457160925282e+00 1.156106035225653613e+05
6.920817204645620890e+00 2.962106664099083275e+01 2.577641135986880272e+01 1.452803719768298363e+00 1.164081087568391958e+05
6.999358271130968312e+00 2.993298696382020196e+01 2.597255987952819112e+01 1.491762829110022004e+00 1.171520509521200147e+05
7.077899309871646949e+00 2.982669008517721565e+01 2.586425603068159518e+01 1.524957663228967641e+00 1.183842620832310931e+05
7.156440321781138536e+00 3.011166362026369825e+01 2.609120505293489245e+01 1.550067979741543089e+00 1.173040085724524542e+05
7.234981307733260536e+00 3.030053183398127814e+01 2.607995831405302312e+01 1.613812100056817522e+00 1.183077547921705554e+05
7.313522268564292439e+00 3.009237246688126888e+01 2.588042448489224157e+01 1.624614616703343950e+00 1.180197235165743477e+05
7.392063205074973276e+00 3.020112716169069245e+01 2.602230900901633603e+01 1.662561024845464086e+00 1.181463910601346142e+05
7.470604118032365015e+00 3.014902456355873639e+01 2.591241896130149414e+01 1.707727560369904030e+00 1.197049771019401378e+05
7.549145008171610272e+00 3.038007278900363417e+01 2.611408246659993537e+01 1.740783083392724473e+00 1.201423685223698558e+05
7.627685876197570103e+00 3.021430518791901676e+01 2.589161094238924221e+01 1.786486490287821693e+00 1.207127748250429868e+05
7.706226722786373884e+00 3.051521442340439449e+01 2.610139768529428039e+01 1.814046431351212796e+00 1.206989369871262898e+05
7.784767548586863484e+00 3.023994738505572144e+01 2.588647919379119244e+01 1.848310567133332416e+00 1.202164329874670802e+05
7.863308354221953955e+00 3.060495651030192121e+01 2.621850498633652293e+01 1.871352619514303539e+00 1.217078176436208305e+05
7.941849140289923170e+00 3.075183860498696475e+01 2.622206048162374969e+01 1.925336672262498716e+00 1.206477104345579864e+05
8.020389907365611748e+00 3.054614563576399533e+01 2.607152105330616720e+01 1.954988729890578147e+00 1.233526465720783017e+05
8.098930656001561701e+00 3.057750256754079743e+01 2.603471083146163778e+01 2.005613797029584422e+00 1.228510729209673445e+05
8.177471386729090241e+00 3.068119347840500666e+01 2.616262543069722923e+01 2.042594443051426012e+00 1.229704460762001981e+05
8.256012100059292536e+00 3.085030113449291633e+01 2.618478303786975303e+01 2.078494569137361303e+00 1.234059447944523272e+05
8.334552796484000936e+00 3.056750174897168293e+01 2.600259949291620387e+01 2.122403121685485061e+00 1.239817273845893069e+05
8.413093476476680266e+00 3.082993602252622267e+01 2.611614432123905516e+01 2.153532518606702695e+00 1.237400921628263168e+05
8.491634140493276917e+00 3.082266441490023468e+01 2.606204924005740864e+01 2.197597766355052773e+00 1.239376695841780893e+05
8.570174788973028868e+00 3.080870617754201390e+01 2.599961777717195943e+01 2.240220110735132941e+00 1.242854603887479025e+05
8.648715422339215309e+00 3.093421618431285225e+01 2.616676563780011122e+01 2.278648434602648098e+00 1.252950144033189572e+05
8.727256040999876063e+00 3.075928535662585617e+01 2.603946842070026690e+01 2.319865647864165936e+00 1.250195518155333702e+05
8.805796645348495488e+00 3.093679677445269860e+01 2.611711944147402065e+01 2.369950292386003188e+00 1.244757194841956225e+05
8.884337235764643737e+00 3.101409961345433786e+01 2.611776362887905023e+01 2.398336892313554181e+00 1.250704490871341259e+05
8.962877812614589601e+00 3.111252363801707688e+01 2.619760084305971404e+01 2.450016230321325317e+00 1.259219805014879530e+05
9.041418376251867173e+00 3.113445162678175748e+01 2.628325561905435492e+01 2.472329184049615769e+00 1.268232487624001369e+05
9.119958927017840722e+00 3.076236044140155812e+01 2.592844241979400266e+01 2.537229805013827111e+00 1.266570009631068388e+05
9.198499465242209183e+00 3.100018237436998447e+01 2.602403681115614376e+01 2.599937043929719582e+00 1.269453962632048060e+05
9.277039991243508865e+00 3.086900654168995928e+01 2.588155906852004051e+01 2.624933969339374062e+00 1.264945232930783823e+05
9.355580505329580632e+00 3.102853079830088134e+01 2.603101598761141489e+01 2.675524882336818955e+00 1.271972362183098594e+05
9.434121007798012215e+00 3.106885750506418020e+01 2.607089867287515261e+01 2.698497580210818203e+00 1.273884455895485735e+05
9.512661498936562765e+00 3.117404953412258450e+01 2.608084979027552563e+01 2.769152275003458286e+00 1.279787890732695232e+05
9.591201979023569635e+00 3.102387745737879499e+01 2.600020362338581847e+01 2.798983459451838574e+00 1.276792855931377853e+05
9.669742448328321416e+00 3.096986832244572696e+01 2.592533942470199548e+01 2.864413732913290378e+00 1.272265194197928213e+05
9.748282907111432749e+00 3.107965600623771962e+01 2.593781394351811898e+01 2.899753537817184146e+00 1.285428742644346203e+05
9.826823355625185386e+00 3.108888569903242782e+01 2.589399502796057462e+01 2.937269156581887586e+00 1.282160946733465971e+05
9.905363794113858589e+00 3.114074234039692968e+01 2.591637395570381130e+01 3.005714166706681123e+00 1.280374554587851744e+05
9.983904222814045326e+00 3.095145279596473742e+01 2.582468594332657474e+01 3.040131718919280690e+00 1.282777138209339755e+05
1.006244464195495070e+01 3.114956258480276929e+01 2.594314604387612988e+01 3.094236628463466587e+00 1.287592979576773942e+05
1.014098505175868148e+01 3.090765077892444523e+01 2.570411224262169725e+01 3.138301793937257944e+00 1.282262371116468275e+05
1.021952545244051613e+01 3.094594618857721002e+01 2.568424906938157903e+01 3.178287703391521557e+00 1.292317707204985345e+05
1.029806584420916415e+01 3.096281115392307015e+01 2.567269631393259388e+01 3.244466127066904626e+00 1.290734648664514971e+05
1.037660622726701654e+01 3.093395289156494243e+01 2.567401872065872936e+01 3.292101315024518637e+00 1.294389001535248535e+05
1.045514660181038380e+01 3.104819326985519368e+01 2.572901626635182737e+01 3.338213639289621337e+00 1.287959280037911376e+05
1.053368696802971982e+01 3.095280786248252625e+01 2.567433714629819974e+01 3.369922515713733802e+00 1.294403746896683442e+05
1.061222732610984210e+01 3.090082842884373449e+01 2.557308559691432848e+01 3.437816493313793131e+00 1.296972295851395611e+05
1.069076767623013779e+01 3.093472522501069122e+01 2.554997448359811330e+01 3.502598115327274275e+00 1.302470484990051336e+05
1.076930801856475739e+01 3.107844448848518226e+01 2.561165949781879547e+01 3.524911523499017374e+00 1.301761482562486199e+05
1.084784835328281005e+01 3.101596854397772418e+01 2.554756487403350462e+01 3.592382845581856277e+00 1.294396121269921132e+05
1.092638868054854306e+01 3.089462730727496265e+01 2.549202903087409666e+01 3.638019689142842239e+00 1.298351143518033059e+05
1.100492900052151413e+01 3.104046538155360579e+01 2.559593221791932294e+01 3.718855754084284371e+00 1.300038500067991554e+05
1.108346931335675833e+01 3.112762373903488466e+01 2.563825178652276549e+01 3.730740332673638804e+00 1.293181677243128506e+05
1.116200961920494805e+01 3.082456406535037630e+01 2.533663071261965172e+01 3.814207873753396871e+00 1.297014900598633540e+05
1.124054991821254212e+01 3.092374020045211225e+01 2.541619174293933980e+01 3.847764922635779516e+00 1.295552885803698591e+05
1.131909021052193687e+01 3.092938659030045656e+01 2.538419535096354096e+01 3.903531450453026075e+00 1.301308717472557764e+05
1.139763049627160285e+01 3.090874913940399793e+01 2.538358588344616251e+01 3.949889960533346400e+00 1.294452044472371927e+05
1.147617077559622167e+01 3.075502343706970620e+01 2.524531432518846685e+01 4.009001375258072208e+00 1.300657003555972769e+05
1.155471104862680853e+01 3.093946822497192173e+01 2.530830502336710808e+01 4.079414826083595180e+00 1.299004848915056355e+05
1.163325131549084368e+01 3.080644019460685001e+01 2.517873786544632964e+01 4.141469533421001437e+00 1.305310157149953156e+05
1.171179157631238787e+01 3.095576707143679940e+01 2.533243851497065080e+01 4.175770396252648453e+00 1.295922018351683655e+05
1.179033183121219608e+01 3.085827566339900230e+01 2.525356252857244144e+01 4.239129164778164593e+00 1.296727254917082901e+05
1.186887208030782759e+01 3.080406265954436051e+01 2.512783290970424233e+01 4.312171954661395468e+00 1.296888521301334258e+05
1.194741232371374728e+01 3.085358026561046429e+01 2.515680067126411856e+01 4.360936809163521666e+00 1.302790814933025686e+05
1.202595256154143222e+01 3.066548983196839728e+01 2.504686396910097557e+01 4.398817916751848855e+00 1.295893727859549690e+05
1.210449279389946753e+01 3.090559218009942200e+01 2.514944101054598136e+01 4.482129057313936293e+00 1.299514639285351586e+05
1.218303302089363527e+01 3.077716786631167878e+01 2.504078579826503415e+01 4.527736412182492565e+00 1.297632246760526323e+05
1.226157324262700676e+01 3.078535764034887734e+01 2.514033583140593819e+01 4.579539503640400966e+00 1.298531151278696052e+05
1.234011345920003322e+01 3.084676884433191191e+01 2.505144656632980826e+01 4.653015909453404930e+00 1.297012339137611561e+05
1.241865367071062565e+01 3.063525092611654088e+01 2.491329196852496963e+01 4.701267034306897408e+00 1.299924911661988299e+05
1.249719387725422415e+01 3.094899957358799369e+01 2.510195083073990574e+01 4.762339943251041596e+00 1.301406895686481294e+05
1.257573407892389383e+01 3.074644727201378203e+01 2.495820596401452107e+01 4.829959519831117376e+00 1.293222976032632141e+05
1.265427427581038877e+01 3.087299082182391885e+01 2.499370923521134458e+01 4.905911707196887406e+00 1.291965567097242310e+05
1.273281446800221772e+01 3.064082569908939746e+01 2.486610608712551951e+01 4.947394124860711173e+00 1.295478918054373353e+05
1.281135465558572584e+01 3.073206460642864712e+01 2.490737870924365183e+01 5.033650131401270933e+00 1.297223331794443075e+05
1.288989483864514796e+01 3.067399847513636146e+01 2.476102881601177330e+01 5.078577585381629511e+00 1.295117441989157815e+05
1.296843501726268322e+01 3.091945618260541551e+01 2.499795466258581200e+01 5.152194422231512583e+00 1.289705521910371026e+05
1.304697519151855190e+01 3.079820149417959740e+01 2.489131993216627237e+01 5.245332334469400948e+00 1.289971057291342149e+05
1.312551536149104692e+01 3.075464963670374274e+01 2.484884922688616982e+01 5.278083470750469353e+00 1.291946406603251962e+05
1.320405552725660492e+01 3.073367004777162492e+01 2.484164213173003333e+01 5.320891139446802143e+00 1.288078957595891552e+05
1.328259568888985243e+01 3.070486874900760199e+01 2.476456004321435955e+01 5.387492132045185400e+00 1.289073369814701873e+05
1.336113584646366270e+01 3.067856454135437261e+01 2.471491963141197346e+01 5.463636216692580483e+00 1.288480436318818684e+05
1.343967600004920548e+01 3.051458916096078511e+01 2.455780516742655806e+01 5.538195141441391023e+00 1.285726629952585208e+05
1.351821614971599317e+01 3.064805689200879968e+01 2.469622425006411248e+01 5.593241299000235145e+00 1.284402989349241689e+05
1.359675629553193588e+01 3.052874702019653697e+01 2.462985298223036779e+01 5.632957204215056635e+00 1.283729383163602179e+05
1.367529643756338231e+01 3.053580750961377888e+01 2.458518115212287825e+01 5.695746212830488986e+00 1.281252421120805666e+05
1.375383657587516595e+01 3.061804157335197729e+01 2.462957863316856688e+01 5.793969002977278571e+00 1.284771368850549916e+05
1.383237671053064766e+01 3.055729077346906664e+01 2.457620466633896328e+01 5.835060126099614664e+00 1.281155661377161741e+05
1.391091684159175834e+01 3.072763981661158184e+01 2.466441312086892168e+01 5.939174897898412908e+00 1.283368223876315169e+05
1.398945696911903269e+01 3.060595746488651159e+01 2.458045787617727740e+01 5.963236396040861642e+00 1.276017596473424201e+05
1.406799709317166069e+01 3.062142339316436335e+01 2.455299139326292490e+01 6.065786414083887301e+00 1.284204984527378838e+05
1.414653721380751428e+01 3.043637901203640084e+01 2.438882678742465870e+01 6.106206292386348267e+00 1.278413313282973249e+05
1.422507733108318817e+01 3.068772051061686668e+01 2.457753393091129368e+01 6.174732768283891282e+00 1.274761097342710127e+05
1.430361744505403543e+01 3.056467227679130971e+01 2.451788210782061483e+01 6.258709609821202946e+00 1.277438206540639367e+05
1.438215755577419586e+01 3.053907233133937282e+01 2.448754921424048447e+01 6.327283283039745854e+00 1.274011374451468437e+05
1.446069766329663686e+01 3.044458055465019797e+01 2.441669424047795545e+01 6.394804434289183881e+00 1.269513152014972584e+05
1.453923776767318010e+01 3.056075822660207919e+01 2.444523061462122371e+01 6.482600477859745247e+00 1.271432648856024753e+05
1.461777786895453346e+01 3.047820610200912483e+01 2.440932861729291403e+01 6.541559100848095554e+00 1.270129576188281353e+05
1.469631796719032302e+01 3.062272223819872252e+01 2.452965771061031575e+01 6.612184788176700856e+00 1.266104720955175871e+05
1.477485806242911437e+01 3.051163869038784071e+01 2.444938675375279047e+01 6.681522630108501559e+00 1.266438824264917203e+05
1.485339815471844993e+01 3.052141924663849082e+01 2.440496673390365601e+01 6.768378685908980508e+00 1.263238736799694307e+05
1.493193824410487203e+01 3.048463597464138886e+01 2.435094183243128896e+01 6.843571826361171340e+00 1.269883598689885548e+05
1.501047833063394421e+01 3.048769987177501761e+01 2.443816438361051979e+01 6.923740206593248736e+00 1.266773725357180083e+05
1.508901841435028857e+01 3.049084362925214364e+01 2.443462206544267090e+01 6.997636249651336904e+00 1.264486586175487755e+05
1.516755849529759992e+01 3.057346710515832200e+01 2.440009111586701351e+01 7.061465220190306091e+00 1.261223424438842485e+05
1.524609857351867070e+01 3.039349569217022307e+01 2.437189264483751572e+01 7.116205784578670368e+00 1.260128858112909656e+05
1.532463864905541762e+01 3.043662914554239052e+01 2.433988816262757382e+01 7.210038089589678734e+00 1.255041088741615968e+05
1.540317872194890292e+01 3.038069011334055958e+01 2.431513041140312126e+01 7.277042829105387689e+00 1.257940513030103757e+05
1.548171879223935399e+01 3.035994001779913631e+01 2.427577213943026635e+01 7.352068132726496508e+00 1.253744972269651626e+05
1.556025885996618996e+01 3.047011120864003075e+01 2.436249887904374134e+01 7.457493708164215640e+00 1.257963804030408355e+05
1.563879892516803238e+01 3.040725110052438396e+01 2.434163509577807361e+01 7.515512891133115048e+00 1.253467372822911857e+05
1.571733898788273187e+01 3.046114989050935762e+01 2.438634844855389616e+01 7.602016592773603421e+00 1.250657904913871171e+05
1.579587904814739119e+01 3.050349783469713572e+01 2.437065552487897691e+01 7.709306174327118732e+00 1.256491542791174288e+05
1.587441910599837769e+01 3.037642442953215394e+01 2.429923731520043262e+01 7.759880436171407325e+00 1.249468374155709462e+05
1.595295916147133575e+01 3.039980805126938179e+01 2.431254519708086193e+01 7.830689104113070620e+00 1.248801448098428955e+05
1.603149921460121874e+01 3.040998796596379705e+01 2.427852806490279036e+01 7.940507843172317060e+00 1.249603124761059444e+05
1.611003926542229436e+01 3.043827733739114549e+01 2.428738104056673919e+01 8.039632298085908957e+00 1.250518994627549691e+05
1.618857931396816596e+01 3.043526054419152871e+01 2.428929333662059165e+01 8.121869351065512888e+00 1.250290129492498236e+05
1.626711936027179561e+01 3.041325155324870622e+01 2.436981538228156907e+01 8.185082425884083079e+00 1.244062549936481519e+05
1.634565940436549525e+01 3.040838806560205398e+01 2.429287852319561836e+01 8.288606461865562380e+00 1.245616263803673937e+05
1.642419944628097639e+01 3.044316961441585079e+01 2.431285648163189350e+01 8.354417550295460515e+00 1.240908139026614808e+05
1.650273948604932883e+01 3.046946828222682058e+01 2.437657205180445175e+01 8.451741223290767380e+00 1.242308727909426379e+05
1.658127952370107394e+01 3.043250328987890896e+01 2.429242341739091771e+01 8.553242321002921145e+00 1.244037859600298252e+05
1.665981955926614333e+01 3.045717042182921119e+01 2.433807218028585240e+01 8.655697584582425108e+00 1.244553535109179502e+05
1.673835959277390728e+01 3.047722172902852122e+01 2.434204313733573954e+01 8.749982675466380755e+00 1.242358924223317590e+05
1.681689962425318896e+01 3.044499430190586509e+01 2.427363677597583447e+01 8.816955300865236822e+00 1.240013790217152709e+05
1.689543965373228218e+01 3.046763654563269696e+01 2.431569851270213434e+01 8.900854080205803598e+00 1.242868413599049090e+05
1.697397968123895495e+01 3.037258402204735575e+01 2.427734831596041332e+01 8.973226392443878652e+00 1.239136652945669775e+05
1.705251970680045304e+01 3.044628789110395672e+01 2.430306046159698141e+01 9.082413281766122282e+00 1.238746804352116596e+05
1.713105973044353902e+01 3.037119185226581664e+01 2.428926366888015309e+01 9.166375953209399796e+00 1.238500207000726659e+05
1.720959975219447102e+01 3.052015397445496347e+01 2.437624399722675150e+01 9.253853423708880754e+00 1.237232774924004189e+05
1.728813977207903463e+01 3.044414465818825377e+01 2.437267866038424202e+01 9.349572911645093853e+00 1.239853653005370579e+05
1.736667979012256424e+01 3.051485889004689511e+01 2.435367198025538826e+01 9.440612821868244353e+00 1.239518529378938692e+05
1.744521980634991110e+01 3.053745151278520353e+01 2.440500745197131138e+01 9.560022109779930943e+00 1.237665734865414124e+05
1.752375982078550365e+01 3.047753428083210991e+01 2.437338376687707964e+01 9.649595793701504221e+00 1.233504719522814848e+05
1.760229983345331917e+01 3.047563799370296067e+01 2.436049945896030877e+01 9.741610575447209541e+00 1.235639181008303567e+05
1.768083984437692635e+01 3.064416012507782483e+01 2.455317158700179547e+01 9.828092525446411543e+00 1.237150773153654882e+05
1.775937985357945692e+01 3.063572928675954543e+01 2.454157541350316052e+01 9.936444688800078140e+00 1.238628269332765922e+05
1.783791986108364824e+01 3.066849868152512570e+01 2.453810369472164865e+01 1.003073409373194735e+01 1.236891344574006944e+05
1.791645986691183268e+01 3.066186820127758494e+01 2.450278603497571339e+01 1.015737476000893125e+01 1.239638992353365029e+05
1.799499987108595889e+01 3.057761181772164960e+01 2.448924746627055526e+01 1.022961675552222260e+01 1.238137452868764667e+05
1.807353987362759185e+01 3.075235217235735163e+01 2.457824219628309237e+01 1.034904090258015152e+01 1.237749817365911003e+05
1.815207987455791638e+01 3.073923695397036582e+01 2.459568448343751967e+01 1.041968580847994374e+01 1.238267993435986573e+05
1.823061987389775851e+01 3.087323395190134789e+01 2.474335843750167285e+01 1.053758863590625516e+01 1.238541296686135029e+05
1.830915987166758541e+01 3.077973164479684343e+01 2.465303504605844154e+01 1.066966104777577939e+01 1.244289983783638745e+05
1.838769986788751964e+01 3.095337555763101633e+01 2.476768442955367178e+01 1.074627010842463903e+01 1.241848321863476885e+05
1.846623986257733563e+01 3.085127363371288212e+01 2.478685197374919369e+01 1.086742446027700915e+01 1.242426708429889695e+05
1.854477985575647381e+01 3.089350809505894446e+01 2.479093532791043941e+01 1.096753184894065214e+01 1.240615332853518339e+05
1.862331984744404423e+01 3.094463854258459889e+01 2.478423811604318772e+01 1.106999072349326418e+01 1.242852927519957593e+05
1.870185983765884075e+01 3.106632167424695723e+01 2.485985922212698895e+01 1.120601697812796260e+01 1.246215702458197629e+05
1.878039982641934458e+01 3.101302817262882172e+01 2.489131326504788788e+01 1.128636622704277137e+01 1.251698775408607617e+05
1.885893981374372075e+01 3.108893456416076617e+01 2.491676932372111253e+01 1.138288759707965525e+01 1.252078759455654799e+05
1.893747979964983941e+01 3.122637281491220662e+01 2.503866796134882833e+01 1.153184955692565694e+01 1.251704515333962918e+05
1.901601978415527228e+01 3.129841973624650819e+01 2.509179196267526990e+01 1.161500988838280968e+01 1.254370926361643942e+05
1.909455976727730331e+01 3.143863384708753728e+01 2.521509262650827310e+01 1.177923542276351476e+01 1.253709679515760508e+05
1.917309974903293579e+01 3.147772695734047232e+01 2.522089018683535855e+01 1.184908545689177295e+01 1.260326873582997650e+05
1.925163972943889235e+01 3.141844463479238314e+01 2.527888855458995465e+01 1.194255852776210602e+01 1.255205398596741434e+05
1.933017970851161849e+01 3.158663841484821688e+01 2.535703410477005804e+01 1.208679642732093384e+01 1.265195339901552798e+05
1.940871968626730748e+01 3.160535935281620112e+01 2.541893263008251935e+01 1.218616108545422172e+01 1.267035078434848401e+05
1.948725966272188259e+01 3.174619528222126874e+01 2.553997259142736453e+01 1.232013264808178832e+01 1.264825392570820259e+05
1.956579963789100773e+01 3.176794613294435621e+01 2.557327733172540718e+01 1.244793183868517339e+01 1.269873187547154084e+05
1.964433961179010524e+01 3.180991588775268752e+01 2.556195039006831138e+01 1.254563037859031205e+01 1.272981965459038038e+05
1.972287958443434519e+01 3.193792925720703124e+01 2.568005614901149869e+01 1.265460218201910436e+01 1.276653101942173089e+05
1.980141955583865965e+01 3.218494132128316210e+01 2.594015599269751604e+01 1.279204041428618233e+01 1.273213179039504321e+05
1.987995952601774619e+01 3.217689138333431487e+01 2.593392128150807352e+01 1.288929292364085910e+01 1.280445687658585230e+05
1.995849949498606790e+01 3.232091988922460501e+01 2.604272507307623030e+01 1.301669436439178185e+01 1.286098009337530239e+05
2.003703946275786052e+01 3.241744821000919785e+01 2.613823653655601476e+01 1.314549861909747897e+01 1.286165354288084491e+05
2.011557942934713950e+01 3.240446497185916996e+01 2.620859472858415273e+01 1.327717236710236115e+01 1.290437626845732593e+05
2.019411939476770712e+01 3.251539684252016826e+01 2.624487559109148549e+01 1.339290703150869177e+01 1.289418102081653778e+05
2.027265935903314542e+01 3.250920521953744924e+01 2.629455916822217176e+01 1.352821033985776644e+01 1.288527173441448394e+05
2.035119932215682326e+01 3.248239983560961974e+01 2.629510552444789440e+01 1.360706663247800385e+01 1.286224386800128705e+05
2.042973928415191054e+01 3.236499857110161571e+01 2.624512186449975459e+01 1.375361580915235216e+01 1.281820292628626339e+05
2.050827924503137467e+01 3.248988919986304325e+01 2.631492446803235907e+01 1.386547721103708852e+01 1.282207681529111433e+05
2.058681920480798766e+01 3.251028708903752573e+01 2.628447394673882442e+01 1.401241141920405830e+01 1.281877247103211266e+05
2.066535916349431901e+01 3.231801178974637878e+01 2.630872044076828686e+01 1.404439434369842843e+01 1.280257887520475924e+05
2.074389912110275347e+01 3.224898597177593729e+01 2.626236006497839881e+01 1.418093694776284508e+01 1.279594242132682266e+05
2.082243907764548752e+01 3.233946029414022405e+01 2.632270475793744424e+01 1.425375181769104138e+01 1.277274108130000968e+05
2.090097903313453642e+01 3.233774191760804939e+01 2.633165378371920440e+01 1.437588238928779560e+01 1.275690980382189882e+05
2.097951898758173783e+01 3.238399223307869335e+01 2.631359593393762353e+01 1.453324101718861172e+01 1.269585518965037045e+05
2.105805894099874109e+01 3.227013624931861813e+01 2.639344483024799359e+01 1.462963158242225958e+01 1.270014530343334773e+05
2.113659889339703568e+01 3.226571417788699137e+01 2.632160939658966115e+01 1.479106243469496818e+01 1.270663609261537495e+05
2.121513884478793344e+01 3.229040164789937251e+01 2.637804504990291932e+01 1.488167482718480983e+01 1.269626852892859897e+05
2.129367879518258277e+01 3.228494770668620362e+01 2.631751308539150713e+01 1.499296042576992605e+01 1.267598148719289456e+05
2.137221874459196869e+01 3.224709303580956288e+01 2.636694885309949399e+01 1.510367095944938853e+01 1.263559638366590079e+05
2.145075869302691274e+01 3.211272204656422247e+01 2.633124763330112117e+01 1.521094703826335426e+01 1.263255544982897700e+05
2.152929864049807307e+01 3.216104213214605068e+01 2.639753878664868836e+01 1.536642999991017255e+01 1.264356437065266073e+05
2.160783858701596571e+01 3.225151054540372542e+01 2.650636626134028973e+01 1.550307397867203640e+01 1.267100401042425656e+05
2.168637853259094683e+01 3.231318144681075921e+01 2.655004273553613103e+01 1.559532775621775080e+01 1.263076403166858508e+05
2.176491847723321982e+01 3.221709540899681201e+01 2.655300804128956571e+01 1.576385086909921718e+01 1.261242770871936082e+05
2.184345842095285306e+01 3.219852569450738855e+01 2.653563834364738128e+01 1.589969268186420415e+01 1.261678281494512630e+05
2.192199836375975508e+01 3.221333739778508232e+01 2.664108330901666477e+01 1.601348523824077930e+01 1.258297242383643752e+05
2.200053830566371005e+01 3.226647518188122632e+01 2.658808215474175540e+01 1.610432768286871053e+01 1.256813319523344981e+05
2.207907824667434582e+01 3.221478116184223239e+01 2.659282715993168011e+01 1.624865142809872154e+01 1.257323748382276099e+05
2.215761818680116590e+01 3.210606104724563892e+01 2.658861729721690992e+01 1.639723862154845690e+01 1.253953720245424047e+05
2.223615812605353526e+01 3.214965817765747147e+01 2.669497775405290341e+01 1.652976629100445294e+01 1.256683785806106607e+05
2.231469806444068738e+01 3.221060142304489915e+01 2.671092596331702396e+01 1.659094285507749333e+01 1.253935547977241367e+05
2.239323800197172432e+01 3.223952133971707923e+01 2.671476636901015311e+01 1.678227224139002516e+01 1.255758953354115802e+05
2.247177793865562023e+01 3.218666403005507703e+01 2.675472118590407788e+01 1.692234808079142994e+01 1.254137416332029243e+05
2.255031787450123204e+01 3.225570747814426653e+01 2.678789936685524609e+01 1.704592950276913399e+01 1.250715527133154828e+05
2.262885780951728165e+01 3.222530980965209579e+01 2.672859747972198363e+01 1.721684374118111194e+01 1.253724279430644528e+05
2.270739774371238440e+01 3.222535058852952972e+01 2.687952413719712297e+01 1.728892329949798068e+01 1.246863290369653114e+05
2.278593767709502771e+01 3.226446529759925852e+01 2.692542861562852607e+01 1.746556420188622027e+01 1.253582182118037745e+05
2.286447760967358178e+01 3.228741497300417507e+01 2.699459325437595680e+01 1.761169096234970510e+01 1.246119433173263387e+05
2.294301754145629957e+01 3.217378005642342487e+01 2.695523737071947679e+01 1.775796833549322429e+01 1.249387978484974738e+05
2.302155747245133455e+01 3.215038399861990115e+01 2.703854318864943096e+01 1.784509787913149381e+01 1.247666387928314216e+05
2.310009740266672296e+01 3.213243062941145922e+01 2.696264141818119953e+01 1.803444011504570454e+01 1.249158408335771819e+05
2.317863733211038380e+01 3.221410954968730067e+01 2.706927537944377349e+01 1.813994465941284062e+01 1.248005678814741259e+05
2.325717726079013303e+01 3.218285318621875035e+01 2.711482928205393961e+01 1.823333912410786084e+01 1.244988129682293074e+05
2.333571718871368716e+01 3.227066550613653817e+01 2.716781749702886728e+01 1.843912187332358954e+01 1.246645408373485989e+05
2.341425711588865965e+01 3.217873384729898589e+01 2.720674711941557078e+01 1.865073788668498622e+01 1.248686758449274203e+05
2.349279704232255384e+01 3.228809142754277417e+01 2.726871047758150368e+01 1.873324866156554336e+01 1.246782075639411196e+05
2.357133696802278067e+01 3.225949642682270735e+01 2.735458699570382990e+01 1.885382955167762731e+01 1.247223558380371687e+05
2.364987689299664453e+01 3.223017428661831474e+01 2.736109351223510089e+01 1.899792896468413872e+01 1.245694894451925793e+05
2.372841681725136453e+01 3.235516747026331785e+01 2.739742651655777905e+01 1.919018883627823513e+01 1.247359233191763924e+05
2.380695674079405322e+01 3.244771407256670415e+01 2.750534686554677322e+01 1.937166772152833616e+01 1.240932785962589405e+05
2.388549666363174140e+01 3.243712599872417712e+01 2.761465256809119140e+01 1.945155314561580084e+01 1.247042014028073900e+05
2.396403658577134976e+01 3.239768693247613385e+01 2.752557412297869632e+01 1.962533363443467849e+01 1.243802520771750569e+05
2.404257650721972439e+01 3.240972573108309263e+01 2.768244078043330347e+01 1.973737195368351394e+01 1.245068991321159119e+05
2.412111642798362254e+01 3.251099629781497669e+01 2.773130559976290854e+01 1.994229255189852523e+01 1.248928864172918693e+05
2.419965634806970556e+01 3.244870635284463134e+01 2.784125343073059611e+01 2.008039817906167812e+01 1.244408445595374651e+05
2.427819626748454596e+01 3.253103754819039040e+01 2.789976067716917285e+01 2.021682350988801602e+01 1.246210947142891819e+05
2.435673618623464520e+01 3.256800847089694884e+01 2.794799001325765531e+01 2.030401753797340447e+01 1.248362828054795827e+05
2.443527610432640529e+01 3.263724971279437170e+01 2.799103974329968381e+01 2.049594781700164248e+01 1.247059503468734620e+05
2.451381602176616425e+01 3.272559014393413435e+01 2.817337867656455330e+01 2.072063630529848410e+01 1.248534498568015697e+05
2.459235593856016067e+01 3.264103379479804801e+01 2.811975425371285553e+01 2.087066397122672257e+01 1.248259309988685418e+05
2.467089585471456203e+01 3.267274063262669159e+01 2.809825453804175055e+01 2.096933028997863602e+01 1.249707553887147515e+05
2.474943577023546126e+01 3.280267284066343336e+01 2.831239211987682580e+01 2.124870031480111976e+01 1.252610761935401388e+05
2.482797568512887310e+01 3.278344615743249335e+01 2.833257975487671843e+01 2.135112309957635546e+01 1.254885379540584254e+05
2.490651559940072346e+01 3.284502004903037431e+01 2.842028951069948661e+01 2.155226565097236957e+01 1.257423290454526868e+05
2.498505551305688144e+01 3.282330329519597001e+01 2.841235174832710086e+01 2.169811203905813457e+01 1.248476816033644864e+05
2.506359542610313440e+01 3.305098882657210169e+01 2.851158462023431994e+01 2.202548341849909264e+01 1.257156402061269619e+05
2.514213533854519511e+01 3.295769188990186649e+01 2.864577943052900366e+01 2.208236327476942051e+01 1.251231485664551874e+05
2.522067525038871239e+01 3.306383967133474755e+01 2.870245890095963759e+01 2.223539890349253056e+01 1.259688970701252110e+05
2.529921516163925688e+01 3.307220873999402500e+01 2.872706368984116310e+01 2.235062865058804960e+01 1.256863017911173229e+05
2.537775507230233529e+01 3.317165245748052627e+01 2.891138140987403915e+01 2.251897989915735820e+01 1.255880333285251254e+05
2.545629498238338684e+01 3.325549885701256159e+01 2.901132907654319126e+01 2.272475880917911795e+01 1.262970586438361352e+05
2.553483489188777966e+01 3.325498035297954402e+01 2.898417171377056434e+01 2.285332891533251498e+01 1.264416088244464918e+05
2.561337480082082152e+01 3.317886839916809549e+01 2.905280282248983781e+01 2.298525157581801182e+01 1.258115652494898241e+05
2.569191470918774911e+01 3.320568660609554001e+01 2.912732764957394238e+01 2.305914731777575355e+01 1.256534472161762096e+05
2.577045461699373874e+01 3.343361542298367795e+01 2.931585087880968388e+01 2.341059506149791503e+01 1.264842256848766992e+05
2.584899452424390631e+01 3.342067859936733498e+01 2.924048284404312881e+01 2.356582521960016052e+01 1.270123843488249695e+05
2.592753443094329668e+01 3.341921958242123480e+01 2.948741086866033356e+01 2.377366882660656699e+01 1.268554237543837371e+05
2.600607433709690852e+01 3.361100950476001969e+01 2.949631458447106169e+01 2.392371612348160426e+01 1.277276401026576932e+05
2.608461424270966944e+01 3.361563603561004498e+01 2.959553246248805536e+01 2.407625706978678792e+01 1.277270328146341926e+05
2.616315414778644310e+01 3.372714479321886216e+01 2.974997096581956058e+01 2.412871281987921179e+01 1.272410869217485888e+05
2.624169405233205055e+01 3.377180010396276089e+01 2.980431243464195390e+01 2.439891625246622198e+01 1.279916177012505650e+05
2.632023395635124174e+01 3.380175618839226104e+01 2.991350272161676571e+01 2.467135073690190339e+01 1.279636519336484780e+05
2.639877385984871694e+01 3.389262127429226723e+01 2.997687171747453405e+01 2.486661919725068515e+01 1.277452966101612838e+05
2.647731376282911953e+01 3.398017436357821452e+01 3.007353071034746961e+01 2.499023462115782124e+01 1.281226198019739386e+05
2.655585366529703606e+01 3.408917526349137717e+01 3.028181689973720836e+01 2.512192037049657856e+01 1.283163013743941992e+05
2.663439356725699980e+01 3.412011632186391097e+01 3.021179914191111493e+01 2.527419002467555487e+01 1.294579869997837377e+05
2.671293346871349428e+01 3.429237677787889282e+01 3.043133444923773112e+01 2.555546074087266462e+01 1.295069671894443163e+05
2.679147336967094617e+01 3.436592353995591509e+01 3.055530286676728835e+01 2.576008133446710247e+01 1.294968261737326684e+05
2.687001327013372531e+01 3.437253056736017953e+01 3.053259610573156735e+01 2.599676217400347511e+01 1.296930254807378660e+05
2.694855317010616602e+01 3.437623367712701139e+01 3.065391181762506179e+01 2.601978131822631113e+01 1.300620606914300297e+05
2.702709306959254221e+01 3.452147293703318098e+01 3.086460113469050626e+01 2.614838073108266414e+01 1.297689327109137521e+05
2.710563296859707094e+01 3.450799072560585046e+01 3.089411987264859860e+01 2.651817179503974131e+01 1.302113954377365881e+05
2.718417286712393377e+01 3.464299074958292834e+01 3.112636846553179737e+01 2.656802582453712347e+01 1.299658436015855696e+05
2.726271276517725894e+01 3.483442788811002089e+01 3.124141607718746272e+01 2.679174724893622539e+01 1.299067477781656926e+05
2.734125266276112498e+01 3.467810731921215961e+01 3.116360624459813877e+01 2.700818200736635788e+01 1.301190302135021047e+05
2.741979255987956776e+01 3.489214806994679208e+01 3.152375456308545409e+01 2.717018352440623730e+01 1.312560988439201319e+05
2.749833245653658054e+01 3.489873502947425976e+01 3.141849203382174593e+01 2.733427532509825042e+01 1.310594302868340164e+05
2.757687235273609616e+01 3.485357633660637333e+01 3.146233658551026124e+01 2.749550878044818703e+01 1.310192941076923598e+05
2.765541224848202262e+01 3.495654770750643792e+01 3.166362558432941299e+01 2.760606833402209404e+01 1.310387718391710077e+05
2.773395214377820395e+01 3.486845555427510845e+01 3.182597271085857216e+01 2.804544649548849833e+01 1.310942333634074603e+05
2.781249203862845576e+01 3.481252321907299319e+01 3.155847425447805676e+01 2.797820040751658155e+01 1.309957734969775920e+05
2.789103193303654038e+01 3.508227961665684091e+01 3.185677310407340457e+01 2.829058522493284045e+01 1.311458448196053505e+05
2.796957182700618816e+01 3.491887058971352786e+01 3.196595154330252342e+01 2.849567630975457888e+01 1.309728497154282377e+05
2.804811172054107615e+01 3.503331930648952408e+01 3.203595707469452947e+01 2.865031933216359761e+01 1.311988566192154540e+05
2.812665161364485655e+01 3.505619880260643129e+01 3.200333438584338808e+01 2.892828323043991290e+01 1.314307323114768078e+05
2.820519150632112115e+01 3.498391437013315652e+01 3.212292835666573865e+01 2.886181292641573037e+01 1.304965589592504693e+05
2.828373139857343332e+01 3.475241074507146521e+01 3.185659552459272703e+01 2.901337041358859636e+01 1.311174209295536566e+05
2.836227129040531736e+01 3.488757859407422757e+01 3.231262353015549849e+01 2.935608399441434457e+01 1.303331227479995432e+05
2.844081118182025847e+01 3.505801242966060727e+01 3.216322555737199451e+01 2.950260558665456756e+01 1.306505943163593038e+05
2.851935107282169923e+01 3.491280726340804108e+01 3.210164304225002496e+01 2.963091657973904347e+01 1.298073432669197937e+05
2.859789096341304315e+01 3.466480062504663806e+01 3.223129983450411373e+01 2.977445367150197342e+01 1.283330771372652525e+05
2.867643085359765820e+01 3.467669743109352254e+01 3.208639593294078907e+01 2.979198800108684964e+01 1.291599250313471130e+05
2.875497074337888392e+01 3.461732489400428392e+01 3.247200550520772566e+01 3.017978406036272432e+01 1.295267202275949094e+05
2.883351063276001369e+01 3.470792993439342666e+01 3.223209107812574814e+01 3.043097001534182766e+01 1.293438192461295257e+05
2.891205052174430890e+01 3.454832331237488319e+01 3.223877258907804588e+01 3.046961877935925145e+01 1.286682001542282378e+05
2.899059041033499184e+01 3.465323797037856934e+01 3.246872318454182249e+01 3.094470061677121464e+01 1.301074079184000148e+05
2.906913029853525643e+01 3.477714770286475243e+01 3.254589775518468997e+01 3.099558446813008672e+01 1.297174593175668997e+05
2.914767018634825746e+01 3.468781080723633181e+01 3.235859538167751737e+01 3.110693611564468952e+01 1.289682626762170112e+05
2.922621007377712132e+01 3.471416263217451359e+01 3.270725404994626473e+01 3.151459895412892109e+01 1.299269651921438926e+05
2.930474996082492822e+01 3.467028888431213574e+01 3.294094830350287140e+01 3.143268629434699335e+01 1.295357548646627401e+05
2.938328984749474060e+01 3.477535418664881206e+01 3.291045609747577316e+01 3.165027066525226829e+01 1.291226375411685731e+05
2.946182973378957826e+01 3.460753684958049092e+01 3.278014553069932902e+01 3.164236799976545811e+01 1.282054215618331946e+05
2.954036961971243258e+01 3.481881704220898399e+01 3.282276124756072733e+01 3.203876801271974273e+01 1.290775075479830994e+05
2.961890950526625943e+01 3.484515908351489344e+01 3.306244629651882860e+01 3.227519916025582347e+01 1.290211818757704023e+05
2.969744939045398979e+01 3.502452305614463057e+01 3.305429392866863481e+01 3.247804328764895132e+01 1.296328860450279753e+05
2.977598927527852268e+01 3.474653771748458553e+01 3.303027916174365686e+01 3.237834571868176425e+01 1.295635117234819045e+05
2.985452915974272159e+01 3.505208098327005928e+01 3.345108763367390736e+01 3.275554887188746278e+01 1.295017876207466761e+05
2.993306904384942868e+01 3.497720938148592040e+01 3.327238494214354603e+01 3.267920122340663625e+01 1.301078181365850469e+05
3.001160892760143994e+01 3.509167195355138347e+01 3.339143143114123546e+01 3.305760406499839377e+01 1.302093148499210656e+05
3.009014881100154071e+01 3.522093606936098098e+01 3.348360424184409823e+01 3.363803119406904329e+01 1.311795195278053870e+05
3.016868869405248077e+01 3.532568575257245413e+01 3.379707209488248054e+01 3.370674398340111111e+01 1.316255418409229896e+05
3.024722857675697441e+01 3.533177257359015044e+01 3.371702365290031622e+01 3.390678066767641496e+01 1.316239185688155994e+05
3.032576845911771457e+01 3.525368892246751074e+01 3.429339949181650127e+01 3.425174089096551455e+01 1.305452542330330180e+05
3.040430834113736580e+01 3.564947534528204187e+01 3.387174806227852031e+01 3.465541518442878299e+01 1.324256813497926341e+05
3.048284822281856421e+01 3.509387327526200551e+01 3.391468403280525479e+01 3.456029092370012989e+01 1.304303530913006252e+05
3.056138810416392460e+01 3.568875818285054891e+01 3.445175560817885696e+01 3.484081754800533304e+01 1.310588437479923596e+05
3.063992798517602267e+01 3.571641987498160375e+01 3.441982930841176369e+01 3.502534224559190790e+01 1.319788036285449925e+05
3.071846786585741640e+01 3.571058770371385549e+01 3.436616681933058004e+01 3.543778153660803554e+01 1.326695378462656518e+05
3.079700774621063886e+01 3.633560417953371768e+01 3.475832010072826961e+01 3.539028579541247410e+01 1.333859349059197120e+05
3.087554762623818760e+01 3.598290016753517051e+01 3.504605398056607157e+01 3.636305247339092261e+01 1.319640003450521035e+05
3.095408750594254599e+01 3.599768526056094942e+01 3.473287630415664040e+01 3.596075988087813613e+01 1.323123139754846634e+05
3.103262738532617249e+01 3.661538479155407089e+01 3.521857190082177880e+01 3.606877862091867115e+01 1.343383642844892456e+05
3.111116726439149005e+01 3.638652348046397123e+01 3.513271617204694053e+01 3.640518353325139600e+01 1.333819866233438661e+05
3.118970714314090387e+01 3.676448060451242128e+01 3.497536300830083178e+01 3.645752673030408175e+01 1.344328441993528977e+05
3.126824702157679781e+01 3.678142426419964295e+01 3.551169235406191405e+01 3.710366680454498578e+01 1.347261475772031408e+05
3.134678689970152377e+01 3.680502418002664200e+01 3.596349052644757904e+01 3.750673251066396574e+01 1.340925361396486405e+05
3.142532677751741588e+01 3.712471737904670022e+01 3.554266596662287014e+01 3.782099280730948010e+01 1.368992123806748423e+05
3.150386665502678696e+01 3.701404740152406703e+01 3.576621310523977826e+01 3.766700841915945830e+01 1.355680935874076386e+05
3.158240653223192140e+01 3.716626914885564759e+01 3.592206586987024508e+01 3.803529159324769182e+01 1.376886744246220042e+05
3.166094640913508229e+01 3.710999694685616390e+01 3.639379706077974674e+01 3.802536442609008560e+01 1.372992223848045978e+05
3.173948628573851494e+01 3.743050495333168470e+01 3.574396704193260632e+01 3.806486319780233174e+01 1.380074897718162392e+05
3.181802616204443623e+01 3.749556885143986307e+01 3.660604742329579153e+01 3.879858853394885188e+01 1.374900545336481591e+05
3.189656603805504531e+01 3.768328377199961210e+01 3.646134346198339671e+01 3.909878862771081032e+01 1.389740822582573746e+05
3.197510591377251998e+01 3.823047670921547336e+01 3.710720951359996889e+01 3.969330754535622674e+01 1.394967391054827895e+05
3.205364578919900964e+01 3.831631250843889802e+01 3.779478925005837908e+01 4.039643742675385596e+01 1.411018611708193785e+05
3.213218566433665302e+01 3.800998131438976202e+01 3.703966514690406342e+01 3.987457756978182033e+01 1.414447105707451410e+05
3.221072553918755688e+01 3.811991183484329326e+01 3.700514948023920425e+01 4.025052728430331683e+01 1.392795135284777498e+05
3.228926541375382442e+01 3.856336200600489406e+01 3.783862235728398815e+01 4.124315310261413714e+01 1.413786722923900234e+05
3.236780528803751622e+01 3.865301650800750366e+01 3.804612076125316378e+01 4.110202217872397057e+01 1.417101103045670607e+05
3.244634516204068575e+01 3.942253870969783947e+01 3.769527966585005174e+01 4.096618140312403256e+01 1.430551303350673697e+05
3.252488503576537227e+01 3.904479719068821453e+01 3.786488029244516440e+01 4.090506269140390572e+01 1.419117533919815614e+05
3.260342490921358660e+01 3.909978280924084260e+01 3.830877389492062690e+01 4.154347242467850521e+01 1.440636463180630235e+05
3.268196478238731828e+01 3.935278544816792134e+01 3.886170945543131694e+01 4.184734873795606092e+01 1.436234007699211652e+05
3.276050465528854261e+01 3.955534918833059521e+01 3.863001040296352784e+01 4.125949350380892611e+01 1.487843903831516218e+05
3.283904452791921358e+01 4.004655186299993375e+01 3.919295750344111440e+01 4.179031357866819718e+01 1.481752779862558527e+05
3.291758440028127097e+01 4.068251079982582752e+01 3.904048828942952554e+01 4.132551984527609079e+01 1.453416035896508256e+05
3.299612427237663326e+01 4.017365997354621499e+01 3.976982981028482556e+01 4.341696473301959713e+01 1.471143320958258701e+05
3.307466414420719758e+01 3.978816690234453546e+01 3.903220790128042239e+01 4.137564606052953309e+01 1.468467613252981100e+05
3.315320401577483977e+01 4.146738258611392069e+01 4.099324664361514436e+01 4.341370923487788502e+01 1.495031916769084637e+05
3.323174388708143567e+01 3.960000947985993491e+01 4.098313989918743516e+01 4.444435264369055005e+01 1.460309707023044466e+05
3.331028375812883269e+01 4.080617634854739606e+01 4.057059328922331076e+01 4.297356408191880917e+01 1.514880228875092289e+05
3.338882362891884981e+01 4.175881062795168219e+01 4.068981972868576236e+01 4.398656097658161457e+01 1.523526452519395389e+05
3.346736349945329891e+01 4.152088263796056111e+01 4.055802658650176795e+01 4.381319393311304111e+01 1.454951485464834841e+05
3.354590336973399189e+01 4.208713637452854783e+01 4.039359765075748498e+01 4.468112827982480439e+01 1.547671635137250705e+05
3.362444323976268379e+01 4.405826258335814316e+01 4.100497946642410341e+01 4.462881430156790685e+01 1.551688858549988072e+05
3.370298310954115806e+01 4.119421782257028752e+01 4.107239930919929805e+01 4.703662236365313021e+01 1.543451280148035730e+05
3.378152297907114132e+01 4.225110902278891700e+01 4.171092378816128843e+01 4.582007273051370078e+01 1.551554977321005135e+05
3.386006284835436730e+01 4.236299966627876756e+01 4.216905152802971202e+01 4.603311273578472651e+01 1.541492191621872480e+05
3.393860271739255552e+01 4.332752830689923940e+01 4.271296698648930601e+01 4.786943543392398936e+01 1.579574618422868080e+05
3.401714258618739706e+01 4.412367681952982679e+01 4.684042550159428941e+01 5.006371888094529510e+01 1.477513525056463259e+05
3.409568245474058301e+01 4.657208990506646273e+01 4.419787777802127238e+01 4.789695419161571976e+01 1.671713893597939168e+05
3.417422232305376895e+01 4.109237875593397149e+01 4.238214856213721760e+01 4.628775314671023722e+01 1.455855644425677019e+05
3.425276219112861043e+01 4.323274331989890840e+01 4.454196813630754548e+01 4.708887809514698120e+01 1.644113526041987061e+05
3.433130205896674880e+01 4.885791045847998504e+01 4.541804233506655919e+01 5.045751296817101661e+01 1.636112715881484037e+05
3.440984192656979701e+01 4.857441929879917808e+01 4.611027214414412612e+01 5.059052330079387616e+01 1.769920775197250769e+05
3.448838179393936088e+01 5.258776077768993673e+01 4.017746053342703760e+01 4.767497931616784967e+01 1.856615679167677299e+05
3.456692166107702491e+01 4.801507679582469734e+01 4.620467907778017747e+01 4.868130662101378903e+01 1.843023014607538935e+05
3.464546152798438072e+01 6.199883979088911445e+01 4.564942458988286944e+01 3.865102664763179519e+01 1.442063775498750620e+05
3.472400139466299152e+01 4.013762998889046685e+01 4.656550768475060664e+01 7.252463468865845186e+01 1.656667918916959025e+05
