# 0.9988 0.9998
7.871241428633635184e-02 1.331602560443466032e+00 1.322893732686909019e+00 2.142270258329992264e-04 1.118724316236593040e+03
1.618072713909662341e-01 4.082662877187959616e+00 4.008666521505007907e+00 1.129792535718220558e-03 4.467806725763908616e+03
2.418771330418761079e-01 8.179203228578153073e+00 8.062914794171163635e+00 1.370379598708491549e-03 6.130364860451984896e+03
3.211923215201240578e-01 9.789148261946081675e+00 9.634585870254737117e+00 3.437252443248490878e-03 1.194445899658453345e+04
4.002017901256537113e-01 1.027685458703359878e+01 1.003233728303510830e+01 4.711931511188848995e-03 1.688554967336752452e+04
4.790568272527075955e-01 1.336542437749858081e+01 1.303229640114865973e+01 6.831887712960838833e-03 1.654850330417281657e+04
5.578229290343351687e-01 1.683434815016929420e+01 1.636397582697018294e+01 9.589367241220907515e-03 2.399865112670611052e+04
6.365331115321660738e-01 1.951660525258952816e+01 1.892025164005686833e+01 1.333906179153949122e-02 2.562667566287892987e+04
7.152058371535838788e-01 1.814992208455180034e+01 1.752003230774482034e+01 1.692006546180733692e-02 2.943653525289004756e+04
7.938522421846891941e-01 1.974682225210771236e+01 1.898495459056439572e+01 2.060190756942704288e-02 3.071831171669547984e+04
8.724794443688169698e-01 2.314139010226081439e+01 2.225631254240289181e+01 2.407605044623898835e-02 3.304441452160860354e+04
9.510922062407737299e-01 2.475836585503673604e+01 2.380597077706804754e+01 2.748096405798368044e-02 3.613543340315530804e+04
1.029693835175838679e+00 2.912742033274875197e+01 2.795095082352243665e+01 3.401157413568527826e-02 3.689764074029047333e+04
1.108286699878543891e+00 3.127486852548004848e+01 3.004851403255555908e+01 3.846005352177606779e-02 3.804816999293714616e+04
1.186872541411916560e+00 3.189959019702100207e+01 3.059309384980167223e+01 4.573884196585537021e-02 4.039225367349385488e+04
1.265452668213572940e+00 3.344403760701379724e+01 3.206518732866224752e+01 5.010641270728345698e-02 4.265693416581262136e+04
1.344028082638708543e+00 3.561748156409313992e+01 3.411462502875703251e+01 5.807859863448792959e-02 4.628552173923952796e+04
1.422599565533279709e+00 3.833197419280516272e+01 3.680968990283254527e+01 6.173491271784944945e-02 4.581568126629915059e+04
1.501167734229200246e+00 4.099697080252996528e+01 3.922990184269752945e+01 7.263414753121477663e-02 4.834510550090293691e+04
1.579733083222462531e+00 4.169291111115687443e+01 3.990590423009241761e+01 8.003805905911788587e-02 5.205371796006809745e+04
1.658296013281593151e+00 4.267917315917372889e+01 4.090646386108684851e+01 8.459656294765675877e-02 5.248675278650943073e+04
1.736856852652245875e+00 4.527407935826271768e+01 4.328064591983190468e+01 9.586292857755844554e-02 5.256084549387540028e+04
1.815415872753641580e+00 4.574950997486947557e+01 4.370022663704266108e+01 1.041984041393751725e-01 5.498627699284777918e+04
1.893973299967037560e+00 4.794003864041933838e+01 4.586074912847463025e+01 1.153975198867965707e-01 5.659739955782658944e+04
1.972529324606241641e+00 4.819569691702749736e+01 4.602556519503998800e+01 1.245153206311421096e-01 5.921268743237827584e+04
2.051084107826015579e+00 4.843473161053390186e+01 4.620729430691303463e+01 1.356714076064240992e-01 6.071670522692416125e+04
2.129637787001040561e+00 5.055809476264685998e+01 4.819185168202200487e+01 1.474141630458314367e-01 6.316736669650381373e+04
2.208190479956450680e+00 5.060294879616645147e+01 4.824446256629693863e+01 1.592622526819243989e-01 6.400541168065589591e+04
2.286742288326184092e+00 5.098775403961305130e+01 4.863424063266189279e+01 1.681136488261282536e-01 6.421240263892498479e+04
2.365293300241981811e+00 5.112564398471447191e+01 4.863019587876583216e+01 1.821691801033280822e-01 6.496535804461230873e+04
2.443843592503681883e+00 5.032539847446055603e+01 4.792505340742444275e+01 1.925844253493020630e-01 6.796355251946006319e+04
2.522393232343909553e+00 5.137693811296136914e+01 4.878913454151701501e+01 2.088623549272146662e-01 6.937877703405795910e+04
2.600942278872942381e+00 5.135564267747638922e+01 4.870747943592830609e+01 2.229570040642444850e-01 7.204451011852813826e+04
2.679490784269383141e+00 5.008486849325578305e+01 4.732038569696766928e+01 2.351155074902612219e-01 7.124506784099298238e+04
2.758038794767343038e+00 5.006876004012686820e+01 4.744180221999949509e+01 2.471846069786959588e-01 7.348723137269254948e+04
2.836586351479573942e+00 4.984092955040213013e+01 4.710062343159357567e+01 2.649702142169154118e-01 7.631497463604531367e+04
2.915133491087511963e+00 4.964238061784673306e+01 4.686526250495709434e+01 2.781698566695197661e-01 7.561503115383999830e+04
2.993680246422668834e+00 4.957962650738612354e+01 4.681101922162215345e+01 2.939149538711468557e-01 7.591771534161223099e+04
3.072226646958827967e+00 4.816414416756456518e+01 4.524725409390784847e+01 3.153958823819464352e-01 7.900613366082041466e+04
3.150772719230606977e+00 4.721936893374300581e+01 4.440647991414893170e+01 3.269707580650647039e-01 7.944658492421389383e+04
3.229318487190934395e+00 4.621650149639346239e+01 4.339786264070329480e+01 3.495893310922141284e-01 7.931985908905914403e+04
3.307863972517584905e+00 4.512852005976929348e+01 4.226509967291393366e+01 3.634264132624992483e-01 8.092915117441212351e+04
3.386409194877053608e+00 4.484526126770396814e+01 4.196841259751143838e+01 3.868085005977544011e-01 8.346589609045100224e+04
3.464954172152534095e+00 4.411898994764194271e+01 4.121382050178942080e+01 3.984667523383676468e-01 8.392577654309364152e+04
3.543498920641575456e+00 4.282532048166615368e+01 3.994844450299088834e+01 4.199379449431127620e-01 8.596966979355124931e+04
3.622043455228019404e+00 4.224734279899706735e+01 3.939679429014037026e+01 4.363630778228944629e-01 8.627989793642172299e+04
3.700587789532037597e+00 4.121138025857594300e+01 3.832328503185996027e+01 4.626009061013174883e-01 8.770449388002279738e+04
3.779131936041457696e+00 4.040593542494768542e+01 3.748428145530152733e+01 4.855112444625762080e-01 8.866830938143402454e+04
3.857675906227046259e+00 3.991857214169083079e+01 3.704140845293884610e+01 4.980491615141736106e-01 8.989483082518175070e+04
3.936219710643986680e+00 3.923508276948157203e+01 3.630013930261910815e+01 5.268919265913881711e-01 9.093572455993857875e+04
4.014763359021444877e+00 3.873483258277567387e+01 3.573043302230144036e+01 5.486053125208821823e-01 9.038819415098284662e+04
4.093306860341824560e+00 3.782175283359043760e+01 3.481207255749559693e+01 5.732948684738720102e-01 9.290771757304731000e+04
4.171850222911064776e+00 3.786841925931093300e+01 3.484332812856476380e+01 5.888168326146049347e-01 9.325134296414794517e+04
4.250393454421145911e+00 3.648943260584810844e+01 3.346659376458567436e+01 6.139494428350646960e-01 9.333261129072864424e+04
4.328936562005788247e+00 3.660709559098069121e+01 3.360849442543704413e+01 6.365818172327880609e-01 9.624839884758503467e+04
4.407479552290201497e+00 3.612827271738322565e+01 3.302941489223901073e+01 6.607608504334104849e-01 9.615287694715301041e+04
4.486022431435594982e+00 3.524068393074628602e+01 3.229299233836757566e+01 6.771611504769491363e-01 9.701594010608416284e+04
4.564565205179107465e+00 3.535039044849583689e+01 3.228349434909161175e+01 7.119354222462930259e-01 9.846594289346633013e+04
4.643107878869670024e+00 3.512428019149295011e+01 3.204628807672581559e+01 7.318524823966929826e-01 9.974276268087454082e+04
4.721650457500300213e+00 3.429297682653228918e+01 3.117783981121776549e+01 7.508127355138842773e-01 9.956805930010144948e+04
4.800192945737217443e+00 3.448720843584132467e+01 3.125555905885606833e+01 7.841240618457016032e-01 1.012956399557192781e+05
4.878735347946150824e+00 3.397506517006928561e+01 3.079741223890298940e+01 7.975058265272405578e-01 1.023632531744804874e+05
4.957277668216146793e+00 3.409402319863679054e+01 3.087832788330944922e+01 8.493135308098864744e-01 1.025690093226000754e+05
5.035819910381144737e+00 3.397197173034690820e+01 3.070859576132620106e+01 8.627235031029785173e-01 1.024397892684986728e+05
5.114362078039562221e+00 3.352564035691603550e+01 3.016844113373974423e+01 8.969935858603141909e-01 1.042220875373855670e+05
5.192904174572115394e+00 3.308873790038104090e+01 2.973379540718948988e+01 9.228393262150207388e-01 1.052753521736336115e+05
5.271446203158030919e+00 3.305249464127908965e+01 2.972526336987383289e+01 9.524193002151269960e-01 1.063962381791683874e+05
5.349988166789838573e+00 3.294252383292916875e+01 2.952788380020965775e+01 9.799419025647135850e-01 1.062969793433583400e+05
5.428530068286878674e+00 3.313796368112506485e+01 2.960437127393277379e+01 1.019797712843918402e+00 1.077976736877038347e+05
5.507071910307648643e+00 3.286519007079927945e+01 2.940239819781102426e+01 1.042514711466138166e+00 1.079724455503459321e+05
5.585613695361120179e+00 3.292004690281505219e+01 2.931174235478878742e+01 1.092206965911950212e+00 1.104842543705519493e+05
5.664155425817094525e+00 3.306280780660254237e+01 2.941088542268258621e+01 1.109684948780553349e+00 1.097725016487287794e+05
5.742697103915729961e+00 3.280264840176105423e+01 2.914694423268261048e+01 1.130435299863233434e+00 1.104182589219937363e+05
5.821238731776284148e+00 3.271832783249779197e+01 2.908752682024519132e+01 1.156367918622889235e+00 1.110051017484391195e+05
5.899780311405160127e+00 3.283993428889972677e+01 2.909820260034923578e+01 1.196739717299902805e+00 1.119616011176156317e+05
5.978321844703323507e+00 3.308129813091765925e+01 2.926250878715528358e+01 1.225700338795221889e+00 1.124474869455644803e+05
6.056863333473133437e+00 3.290402001552320854e+01 2.909518196068425766e+01 1.255747294304554451e+00 1.141091989372964890e+05
6.135404779424661115e+00 3.287342182347686759e+01 2.892456364384975842e+01 1.312527715110819893e+00 1.151864477790476813e+05
6.213946184181517118e+00 3.312050040341392076e+01 2.923415416661589816e+01 1.336623758977701026e+00 1.155511119568838039e+05
6.292487549286247983e+00 3.333078984703010406e+01 2.929312639095881465e+01 1.369487452589999377e+00 1.166563155155358108e+05
6.371028876205335756e+00 3.320433253774801585e+01 2.912424416015837636e+01 1.391857369016718859e+00 1.157610093854268634e+05
6.449570166333828070e+00 3.316597542968789014e+01 2.906749693538363744e+01 1.439665917118292171e+00 1.181680366073288315e+05
6.528111420999634262e+00 3.330795707476575984e+01 2.908111085628523185e+01 1.473395251176696785e+00 1.176101158562214259e+05
6.606652641467518627e+00 3.314668321146088203e+01 2.897550102444169795e+01 1.506728573053185860e+00 1.185531169175322430e+05
6.685193828942805006e+00 3.357481992061612175e+01 2.922128754837057585e+01 1.543487111283307511e+00 1.181404663986474043e+05
6.763734984574836240e+00 3.326663345581306430e+01 2.898712903741951408e+01 1.573677039228207120e+00 1.180613653341600148e+05
6.842276109460177835e+00 3.320179664477421255e+01 2.883521276042456449e+01 1.616050263240053964e+00 1.197418462291761534e+05
6.920817204645620890e+00 3.327885810760812291e+01 2.893353022121987905e+01 1.659419903763735604e+00 1.205396705907640717e+05
6.999358271130968312e+00 3.364596223330469371e+01 2.917554093632772449e+01 1.703361753968703818e+00 1.213440133218510018e+05
7.077899309871646949e+00 3.349551109998022014e+01 2.902394396072537930e+01 1.740044069881835354e+00 1.227056848213755729e+05
7.156440321781138536e+00 3.377830172052644286e+01 2.925307836394661365e+01 1.769089673692717968e+00 1.215817067580867297e+05
7.234981307733260536e+00 3.397262119835568228e+01 2.922440627012776559e+01 1.841790548586021536e+00 1.226224899197941850e+05
7.313522268564292439e+00 3.369341639442397707e+01 2.897186787855394030e+01 1.856355707427721935e+00 1.223029331163325260e+05
7.392063205074973276e+00 3.386228757245768151e+01 2.915851317671446807e+01 1.897288067707660231e+00 1.224503990105455014e+05
7.470604118032365015e+00 3.372660241571031037e+01 2.898866502358911035e+01 1.950906268558480816e+00 1.240705975629139430e+05
7.549145008171610272e+00 3.395298685756318235e+01 2.916043363454428672e+01 1.983720002923269554e+00 1.245187630529648886e+05
7.627685876197570103e+00 3.378030804567873702e+01 2.893443674147019351e+01 2.032846559937136366e+00 1.251669445384463033e+05
7.706226722786373884e+00 3.411323646352776962e+01 2.913694487237322406e+01 2.063220666407995729e+00 1.251633165648941213e+05
7.784767548586863484e+00 3.379635058919565438e+01 2.893008512777436891e+01 2.107613745857818799e+00 1.247145108456313901e+05
7.863308354221953955e+00 3.415464615554475358e+01 2.921038949730759526e+01 2.130672115894060248e+00 1.261832609264368075e+05
7.941849140289923170e+00 3.429581895151613935e+01 2.923444594911345717e+01 2.187159637717558169e+00 1.251739998076118354e+05
8.020389907365611748e+00 3.405626279608066653e+01 2.905241815379163484e+01 2.228539409927338344e+00 1.279719772106195305e+05
8.098930656001561701e+00 3.405235539916121468e+01 2.896686193518651464e+01 2.285281073178424993e+00 1.274796614701123326e+05
8.177471386729090241e+00 3.416425283651002331e+01 2.910258800701937787e+01 2.326109224898538219e+00 1.276085377860986046e+05
8.256012100059292536e+00 3.431066021210885708e+01 2.908286056477964721e+01 2.363419535648154657e+00 1.280530157705718011e+05
8.334552796484000936e+00 3.397640137535598370e+01 2.887677201469381671e+01 2.418487875127210529e+00 1.286941021571479505e+05
8.413093476476680266e+00 3.426004726098181408e+01 2.900460025501079642e+01 2.450805677187844367e+00 1.284794709875160625e+05
8.491634140493276917e+00 3.421987918076760593e+01 2.891319796540098253e+01 2.500979128735472123e+00 1.286671603064348601e+05
8.570174788973028868e+00 3.415541316849024867e+01 2.877284376189469839e+01 2.557951252347679727e+00 1.290506811764641607e+05
8.648715422339215309e+00 3.430145852411109075e+01 2.897404508925428956e+01 2.596701275340785653e+00 1.300984433836689277e+05
8.727256040999876063e+00 3.411056307418521527e+01 2.883796939586740393e+01 2.628609372173976499e+00 1.298751353537529503e+05
8.805796645348495488e+00 3.429342538234496374e+01 2.891318079878588776e+01 2.694440370250496208e+00 1.293304106064018415e+05
8.884337235764643737e+00 3.432587281767685994e+01 2.887129634113191301e+01 2.733983880215510087e+00 1.299251857805864129e+05
8.962877812614589601e+00 3.439900893287870076e+01 2.892681385206866196e+01 2.784062606730039580e+00 1.307380382264402288e+05
9.041418376251867173e+00 3.444938722711484758e+01 2.902068234828230686e+01 2.819208722295832192e+00 1.317435934808962629e+05
9.119958927017840722e+00 3.399743070340119999e+01 2.862728782786695447e+01 2.888606051210000469e+00 1.316603412088241603e+05
9.198499465242209183e+00 3.425655736429560250e+01 2.871918711388138590e+01 2.958062787158132867e+00 1.319090120497741154e+05
9.277039991243508865e+00 3.408979227792674749e+01 2.855310701161180376e+01 2.984599697556012288e+00 1.315094965197322599e+05
9.355580505329580632e+00 3.425142822802759213e+01 2.870913395873938256e+01 3.040323727277528310e+00 1.322192314036763855e+05
9.434121007798012215e+00 3.428433177657424835e+01 2.871950216038059267e+01 3.064952633192620457e+00 1.324309913435087947e+05
9.512661498936562765e+00 3.437607918636759052e+01 2.871899825153802155e+01 3.148091302687573201e+00 1.330443533255857765e+05
9.591201979023569635e+00 3.419476082632746028e+01 2.860264475043669918e+01 3.174700655854385545e+00 1.328013391309564759e+05
9.669742448328321416e+00 3.409442778965423315e+01 2.848674035529107940e+01 3.248794673531735455e+00 1.322956343544810079e+05
9.748282907111432749e+00 3.419924690530012157e+01 2.847507856919876446e+01 3.291797585076252197e+00 1.337419478212217218e+05
9.826823355625185386e+00 3.422075008877447999e+01 2.845947031081126255e+01 3.336585571267926209e+00 1.333366536681384605e+05
9.905363794113858589e+00 3.426777197286307342e+01 2.847363639314724182e+01 3.413189847074655336e+00 1.332195821270249726e+05
9.983904222814045326e+00 3.404959886369636735e+01 2.836866961885079164e+01 3.454938610726793868e+00 1.334694095756992465e+05
1.006244464195495070e+01 3.424235515006063224e+01 2.844729780727334045e+01 3.511415025223486808e+00 1.340264044562825002e+05
1.014098505175868148e+01 3.396979496762774886e+01 2.818126760511292517e+01 3.562745589615094577e+00 1.334219716147643048e+05
1.021952545244051613e+01 3.401508674852498615e+01 2.817282099576069854e+01 3.599735650850911739e+00 1.345094883544210461e+05
1.029806584420916415e+01 3.398710952083420267e+01 2.813565324311720772e+01 3.676543090424353899e+00 1.344399800481710990e+05
1.037660622726701654e+01 3.396571435576964149e+01 2.811445529886569972e+01 3.731291727308852391e+00 1.347356460720041359e+05
1.045514660181038380e+01 3.409031528231248132e+01 2.818740030909558314e+01 3.786380482148432147e+00 1.340802892647578847e+05
1.053368696802971982e+01 3.396787943912077878e+01 2.810254546992489466e+01 3.824604515907430446e+00 1.347915106890983297e+05
1.061222732610984210e+01 3.391347083574564891e+01 2.801660558458166506e+01 3.890822667254635547e+00 1.351187149859031197e+05
1.069076767623013779e+01 3.389898514802426632e+01 2.793419816246520071e+01 3.973559945177193242e+00 1.356836165448832035e+05
1.076930801856475739e+01 3.409154434817248358e+01 2.802125282563341457e+01 3.997373408021356322e+00 1.356186956810636912e+05
1.084784835328281005e+01 3.399847423540281000e+01 2.793896199035112105e+01 4.079786256468892702e+00 1.348740279752395290e+05
1.092638868054854306e+01 3.383229310810907009e+01 2.784983314177978286e+01 4.123536844852842442e+00 1.352907976759768208e+05
1.100492900052151413e+01 3.395958211496411394e+01 2.792816617370760923e+01 4.218220727070084664e+00 1.355003236359424482e+05
1.108346931335675833e+01 3.409877048057258975e+01 2.800557221936194452e+01 4.235345961628548928e+00 1.347674812497854000e+05
1.116200961920494805e+01 3.375685425480369162e+01 2.767213676506131392e+01 4.323897298070300543e+00 1.352340073842341953e+05
1.124054991821254212e+01 3.383228189250205276e+01 2.771691114272171674e+01 4.360535192628124612e+00 1.350420186153328104e+05
1.131909021052193687e+01 3.387376280351779911e+01 2.773257349427144547e+01 4.431276523632260655e+00 1.356953619111173030e+05
1.139763049627160285e+01 3.383637385741547376e+01 2.771720503750244546e+01 4.474681006062069422e+00 1.350003231383871171e+05
1.147617077559622167e+01 3.365041896739005978e+01 2.752572765454846859e+01 4.553449775623033879e+00 1.356289204914887960e+05
1.155471104862680853e+01 3.384397857912958330e+01 2.761449748711544316e+01 4.624637286869680786e+00 1.355186067925698007e+05
1.163325131549084368e+01 3.368520397071328176e+01 2.746292000368336161e+01 4.703473549215146043e+00 1.361286370288072794e+05
1.171179157631238787e+01 3.387416553292769805e+01 2.763223066803465144e+01 4.737808953347899532e+00 1.351921880534555239e+05
1.179033183121219608e+01 3.374029979174607519e+01 2.751541269780250332e+01 4.804883418732037725e+00 1.353178878918963019e+05
1.186887208030782759e+01 3.364312925782242303e+01 2.734492418994723550e+01 4.892003165790486108e+00 1.353580848872989591e+05
1.194741232371374728e+01 3.374281118067995067e+01 2.742680705305289379e+01 4.941211971638804989e+00 1.359685519250533835e+05
1.202595256154143222e+01 3.351823025320443605e+01 2.728138239529046061e+01 4.993511477045474933e+00 1.352605194765705673e+05
1.210449279389946753e+01 3.376383811488867082e+01 2.740392227291214056e+01 5.070327116694661740e+00 1.357045314035573101e+05
1.218303302089363527e+01 3.362562332071003368e+01 2.723092453458131601e+01 5.132752706837195866e+00 1.354690037421759625e+05
1.226157324262700676e+01 3.364425204467136155e+01 2.739305389534680302e+01 5.185264640969283967e+00 1.356132962180039904e+05
1.234011345920003322e+01 3.368173128773425873e+01 2.725420959365927587e+01 5.261040030812926815e+00 1.354835459058722772e+05
1.241865367071062565e+01 3.342836284991334139e+01 2.709680337856226018e+01 5.324159134018606743e+00 1.358050000726555882e+05
1.249719387725422415e+01 3.377878380252344215e+01 2.731095436912126928e+01 5.397584005279508546e+00 1.359675156160318293e+05
1.257573407892389383e+01 3.356087856889375587e+01 2.712412028798122066e+01 5.471223874232152617e+00 1.351440799006934976e+05
1.265427427581038877e+01 3.368425004812674928e+01 2.717420947900068029e+01 5.546633453835825733e+00 1.350236083452237945e+05
1.273281446800221772e+01 3.345977288365903490e+01 2.703985329787635550e+01 5.600368130518067034e+00 1.353060930005121627e+05
1.281135465558572584e+01 3.353745359837832041e+01 2.707626439471743751e+01 5.693857460938321680e+00 1.356190175950887206e+05
1.288989483864514796e+01 3.347238902413459982e+01 2.690397254260643933e+01 5.754569893266067382e+00 1.354445233248381410e+05
1.296843501726268322e+01 3.373171719930078893e+01 2.715556085496997341e+01 5.825315529279751381e+00 1.348469524695725122e+05
1.304697519151855190e+01 3.360475848414112221e+01 2.705575077744796175e+01 5.924658252049467499e+00 1.348722275419583893e+05
1.312551536149104692e+01 3.354832117063725860e+01 2.699923851299484667e+01 5.974069795815668549e+00 1.351213802496695134e+05
1.320405552725660492e+01 3.351791183480600012e+01 2.698177062588750630e+01 6.022698714561253830e+00 1.347543309257736837e+05
1.328259568888985243e+01 3.349004019409900934e+01 2.690214644257944343e+01 6.097485493069665807e+00 1.348390399057281902e+05
1.336113584646366270e+01 3.344440922028104524e+01 2.681395465345702078e+01 6.177817653458644642e+00 1.348386032268567942e+05
1.343967600004920548e+01 3.324985985556931922e+01 2.665659578902592486e+01 6.274086499308402232e+00 1.345300257110148668e+05
1.351821614971599317e+01 3.339765864160118980e+01 2.678157710877283293e+01 6.322285408470992074e+00 1.343799606864195375e+05
1.359675629553193588e+01 3.326267372655908616e+01 2.671378510568684206e+01 6.384555672870862786e+00 1.343411262367779855e+05
1.367529643756338231e+01 3.325569218635898494e+01 2.668031554176181075e+01 6.448368417422872589e+00 1.340957654598546796e+05
1.375383657587516595e+01 3.334549705923424767e+01 2.673019528842649351e+01 6.552150097946429774e+00 1.345508304028835846e+05
1.383237671053064766e+01 3.330020342759139851e+01 2.665781213143574746e+01 6.609652827244238971e+00 1.341477874476583966e+05
1.391091684159175834e+01 3.345002286536967517e+01 2.673238593370684768e+01 6.712324766054479142e+00 1.344270406190009671e+05
1.398945696911903269e+01 3.332200088279936523e+01 2.666326491746381677e+01 6.758176842483192281e+00 1.336557886008064088e+05
1.406799709317166069e+01 3.332082793286721056e+01 2.660137272820866627e+01 6.861090620881195257e+00 1.345442678824511531e+05
1.414653721380751428e+01 3.311938027180798372e+01 2.643733503235696247e+01 6.918886894177512126e+00 1.339649909706219332e+05
1.422507733108318817e+01 3.340995560806883447e+01 2.663418754561438817e+01 6.974339258745140491e+00 1.335735838428431016e+05
1.430361744505403543e+01 3.325735921130799255e+01 2.655025531534112204e+01 7.080758950483891034e+00 1.338682381875189312e+05
1.438215755577419586e+01 3.320555228626921718e+01 2.651538024156856821e+01 7.153279158075088517e+00 1.335700809550368285e+05
1.446069766329663686e+01 3.310103901586366248e+01 2.644642987599242190e+01 7.218921012709921925e+00 1.330935935316685936e+05
1.453923776767318010e+01 3.322370001878687162e+01 2.645014771212979809e+01 7.330051868759021261e+00 1.333351562786278955e+05
1.461777786895453346e+01 3.312295627572152057e+01 2.641135401697969698e+01 7.390199587931608249e+00 1.332411236442597292e+05
1.469631796719032302e+01 3.327995986046087040e+01 2.653856819676695622e+01 7.477786887338598198e+00 1.327863348054530798e+05
1.477485806242911437e+01 3.316907838854542234e+01 2.645623488910749543e+01 7.568008289569265301e+00 1.328346447057829064e+05
1.485339815471844993e+01 3.314679360614807280e+01 2.639894288969252756e+01 7.651849372738400490e+00 1.325206395958657959e+05
1.493193824410487203e+01 3.309319631380548543e+01 2.633892596204092840e+01 7.733856220346158494e+00 1.332276474280910916e+05
1.501047833063394421e+01 3.307753361690362937e+01 2.640316431167860145e+01 7.830640238335527137e+00 1.329126993561934214e+05
1.508901841435028857e+01 3.310049415610867385e+01 2.639145182956008995e+01 7.914536082843792286e+00 1.326725797030641697e+05
1.516755849529759992e+01 3.318643891988625683e+01 2.632695603944896590e+01 7.996583196793536352e+00 1.324197193723299715e+05
1.524609857351867070e+01 3.298638823580680679e+01 2.628899404191052014e+01 8.066619701993328562e+00 1.322981448379603680e+05
1.532463864905541762e+01 3.301098256322648439e+01 2.630528214219050298e+01 8.154478191649419117e+00 1.317916516536531271e+05
1.540317872194890292e+01 3.295003116009788613e+01 2.628127277919964655e+01 8.222792239194008701e+00 1.321263255273280956e+05
1.548171879223935399e+01 3.291620882897277056e+01 2.618534357801848955e+01 8.317211640601698264e+00 1.316789907975186361e+05
1.556025885996618996e+01 3.304437284899921679e+01 2.629222728034627821e+01 8.429330452947704444e+00 1.322112519777981506e+05
1.563879892516803238e+01 3.296370281152218951e+01 2.626524683802274041e+01 8.504338363331662265e+00 1.317217449374777207e+05
1.571733898788273187e+01 3.299081883254002889e+01 2.628406311687541219e+01 8.593946186197980452e+00 1.313631785755918536e+05
1.579587904814739119e+01 3.304961107375076068e+01 2.628094493409869870e+01 8.697219406105935136e+00 1.320731327512139687e+05
1.587441910599837769e+01 3.291676666367609982e+01 2.622476857403777117e+01 8.767747492096381379e+00 1.313433628938318579e+05
1.595295916147133575e+01 3.292063171973119751e+01 2.620651098868574280e+01 8.860399005016164509e+00 1.313241466777093592e+05
1.603149921460121874e+01 3.293218551364397229e+01 2.618668596491810874e+01 8.954931598663723236e+00 1.313629644199069589e+05
1.611003926542229436e+01 3.296721544730181108e+01 2.617652561904975173e+01 9.085843549438070710e+00 1.315741909387599444e+05
1.618857931396816596e+01 3.293138021785165392e+01 2.615844676398029733e+01 9.173605132755737301e+00 1.315103320284569345e+05
1.626711936027179561e+01 3.291280239488237669e+01 2.624583769989000004e+01 9.236760611404049470e+00 1.309149537179145409e+05
1.634565940436549525e+01 3.289359116738609856e+01 2.615383680066390326e+01 9.369050749628014430e+00 1.310525301520641806e+05
1.642419944628097639e+01 3.293548933889568531e+01 2.619429609244900448e+01 9.428179045126588775e+00 1.305639379481940705e+05
1.650273948604932883e+01 3.295299542719448027e+01 2.624288389381584352e+01 9.532948760158427959e+00 1.307076430449044128e+05
1.658127952370107394e+01 3.290543264513831900e+01 2.614963723258099648e+01 9.651385398844832153e+00 1.309764031285439705e+05
1.665981955926614333e+01 3.294129773346756451e+01 2.619133682652432782e+01 9.773216360147516824e+00 1.310666887519079610e+05
1.673835959277390728e+01 3.294715064568574547e+01 2.616620792986437039e+01 9.862016246639161210e+00 1.307975103252456756e+05
1.681689962425318896e+01 3.292145244028330353e+01 2.612014083387541774e+01 9.952066515558414039e+00 1.305956461670101271e+05
1.689543965373228218e+01 3.293551015379247815e+01 2.615990541126750912e+01 1.004417327440342689e+01 1.309826961732571071e+05
1.697397968123895495e+01 3.282849420123480400e+01 2.610831953749670475e+01 1.010950919745056176e+01 1.305470564906876098e+05
1.705251970680045304e+01 3.289025062645306718e+01 2.612498778574332903e+01 1.023265944597963895e+01 1.304876618081684719e+05
1.713105973044353902e+01 3.279471289693784541e+01 2.612952641356712036e+01 1.033379887215973270e+01 1.304751088032424013e+05
1.720959975219447102e+01 3.296896964036697852e+01 2.620573141725404298e+01 1.043091708499693837e+01 1.303578116990496201e+05
1.728813977207903463e+01 3.287306223172134878e+01 2.618716713059077961e+01 1.053628475505120932e+01 1.307194195077487238e+05
1.736667979012256424e+01 3.294484364877761351e+01 2.617920870191695215e+01 1.063974382551121423e+01 1.306741179138214793e+05
1.744521980634991110e+01 3.296222314658812280e+01 2.623323009816986584e+01 1.077329602947204457e+01 1.305570014616691042e+05
1.752375982078550365e+01 3.289337011461159221e+01 2.615670673922061695e+01 1.086514250177794416e+01 1.300901280543452012e+05
1.760229983345331917e+01 3.290378478993722666e+01 2.616251313423548552e+01 1.097154698385456584e+01 1.303657483238254645e+05
1.768083984437692635e+01 3.307390045732368122e+01 2.637762609462085450e+01 1.108452351770620403e+01 1.305509709079255990e+05
1.775937985357945692e+01 3.305033721151306025e+01 2.635074033684018247e+01 1.119101734078061838e+01 1.307190683812659991e+05
1.783791986108364824e+01 3.310383227047694277e+01 2.633029989532812465e+01 1.131490010521939915e+01 1.305537741088100884e+05
1.791645986691183268e+01 3.307504663246576371e+01 2.628892038547224175e+01 1.144208678569397541e+01 1.308256906875922577e+05
1.799499987108595889e+01 3.298175691732416226e+01 2.631226142151669478e+01 1.153538219461984760e+01 1.307056409409035114e+05
1.807353987362759185e+01 3.315939260951249423e+01 2.638755871651263973e+01 1.166057980870694344e+01 1.307603534747919184e+05
1.815207987455791638e+01 3.316185927021822266e+01 2.640256791766356770e+01 1.172808443688042779e+01 1.308464555899173574e+05
1.823061987389775851e+01 3.328618940986098096e+01 2.652623546180826253e+01 1.188118178332845609e+01 1.308140084688262286e+05
1.830915987166758541e+01 3.319561783913387387e+01 2.646620432539508272e+01 1.202444269290382728e+01 1.314367634744213137e+05
1.838769986788751964e+01 3.336381648324080373e+01 2.659096915905370651e+01 1.211327749358308914e+01 1.312077480522372935e+05
1.846623986257733563e+01 3.325938119720456854e+01 2.657901398668683512e+01 1.223795192956629130e+01 1.312754007381933334e+05
1.854477985575647381e+01 3.331285083577887463e+01 2.660453917918928823e+01 1.234588401149601289e+01 1.310815948997828236e+05
1.862331984744404423e+01 3.337277793451281838e+01 2.660145567774682362e+01 1.247846332242341028e+01 1.313906605942593014e+05
1.870185983765884075e+01 3.348948741442028165e+01 2.670585284391979997e+01 1.263368507281461461e+01 1.317315233873309044e+05
1.878039982641934458e+01 3.341984095896930995e+01 2.670933366293250089e+01 1.273597589241113681e+01 1.323204799026656256e+05
1.885893981374372075e+01 3.351457139865737389e+01 2.672852887549317558e+01 1.285197275660999949e+01 1.324445877303767775e+05
1.893747979964983941e+01 3.365578118506874006e+01 2.684554744676846383e+01 1.299679710875927086e+01 1.324209001911728701e+05
1.901601978415527228e+01 3.372189369770166678e+01 2.690836291835973171e+01 1.309477293843684897e+01 1.326665003346285084e+05
1.909455976727730331e+01 3.388027521856856339e+01 2.704867187698145869e+01 1.326763443740545512e+01 1.326291585505961557e+05
1.917309974903293579e+01 3.390026610568422427e+01 2.701841430742103256e+01 1.335615242527655688e+01 1.333745895907775266e+05
1.925163972943889235e+01 3.382472361831293028e+01 2.707519356389249054e+01 1.346996114372355713e+01 1.328305332608522440e+05
1.933017970851161849e+01 3.401559746254257988e+01 2.718013314421296300e+01 1.364940958979834384e+01 1.339172703958446800e+05
1.940871968626730748e+01 3.403230707100316721e+01 2.721073402974475641e+01 1.373053498364545888e+01 1.341813258520668314e+05
1.948725966272188259e+01 3.416952841358535409e+01 2.733609490421782695e+01 1.386939971403929128e+01 1.339430022883422498e+05
1.956579963789100773e+01 3.419518732587728493e+01 2.739196201519630947e+01 1.401665169994688753e+01 1.344293745586020232e+05
1.964433961179010524e+01 3.423033235752210146e+01 2.741006980955851802e+01 1.413395481455284042e+01 1.348302726928080083e+05
1.972287958443434519e+01 3.438828209363062882e+01 2.753740819021745878e+01 1.426896725026272073e+01 1.352505539269015717e+05
1.980141955583865965e+01 3.466489548225192863e+01 2.779075098441926173e+01 1.442629745983519207e+01 1.349166063601946225e+05
1.987995952601774619e+01 3.462397261736001042e+01 2.776575601785167891e+01 1.452960014122164445e+01 1.356180447226991819e+05
1.995849949498606790e+01 3.479703406161443979e+01 2.790406652309786040e+01 1.466923343910958266e+01 1.363252037408698816e+05
2.003703946275786052e+01 3.487216056534777664e+01 2.796012503442196362e+01 1.480250634582504077e+01 1.362738898286981566e+05
2.011557942934713950e+01 3.488283459015909926e+01 2.808527218594260688e+01 1.496682144224564226e+01 1.367685916421302245e+05
2.019411939476770712e+01 3.500244662237618343e+01 2.814621311838740425e+01 1.508503473709958698e+01 1.367344714341807703e+05
2.027265935903314542e+01 3.499267667589874264e+01 2.818964625314722383e+01 1.525984348033462545e+01 1.366690570774877269e+05
2.035119932215682326e+01 3.495004365530122215e+01 2.818072632370200026e+01 1.535677301218124668e+01 1.364226530108380539e+05
2.042973928415191054e+01 3.483202017056714084e+01 2.812667469970040557e+01 1.550216807561780108e+01 1.358963885227886785e+05
2.050827924503137467e+01 3.494718639325720488e+01 2.820914454525310333e+01 1.563964029731673655e+01 1.359953106833665515e+05
2.058681920480798766e+01 3.496737114795197243e+01 2.815758313947361913e+01 1.579765264988542661e+01 1.360013079485945054e+05
2.066535916349431901e+01 3.477499459604788967e+01 2.816719373575785923e+01 1.582002365189925008e+01 1.358515776827990776e+05
2.074389912110275347e+01 3.470831730854135344e+01 2.812084206665002739e+01 1.597901005314628620e+01 1.358506511739992420e+05
2.082243907764548752e+01 3.478226396185184655e+01 2.819506460747630783e+01 1.606805361660318354e+01 1.355986561508557352e+05
2.090097903313453642e+01 3.479572525933554061e+01 2.820599849149974503e+01 1.618819118632653797e+01 1.354745773083918320e+05
2.097951898758173783e+01 3.483331361835563911e+01 2.818943295643303415e+01 1.641099842273726850e+01 1.348410304282457219e+05
2.105805894099874109e+01 3.470223864999422858e+01 2.826731641754922464e+01 1.646063991482876077e+01 1.349383982358711655e+05
2.113659889339703568e+01 3.470950959226705379e+01 2.821983501794210270e+01 1.666364019673824970e+01 1.349448250224996591e+05
2.121513884478793344e+01 3.473655810033393720e+01 2.827821394477986416e+01 1.677651524903545166e+01 1.349386831071756606e+05
2.129367879518258277e+01 3.471904248935985748e+01 2.819348604619852594e+01 1.689243798448021749e+01 1.347033284787251032e+05
2.137221874459196869e+01 3.468591014224736568e+01 2.822705367002220811e+01 1.700530227617389656e+01 1.342919549925063038e+05
2.145075869302691274e+01 3.452179507181548246e+01 2.819478037532714509e+01 1.714102713788506804e+01 1.343003358246113930e+05
2.152929864049807307e+01 3.458615056415590772e+01 2.834082434698937192e+01 1.734866051574504198e+01 1.344570687007084780e+05
2.160783858701596571e+01 3.469163381186354655e+01 2.836941672209002618e+01 1.747399471256598602e+01 1.347483623347227694e+05
2.168637853259094683e+01 3.472813006915177425e+01 2.843243728309891694e+01 1.754909804113063032e+01 1.342899501276301453e+05
2.176491847723321982e+01 3.461571084746406513e+01 2.842454737565920198e+01 1.774260387451905885e+01 1.342041738278169942e+05
2.184345842095285306e+01 3.459548301790206182e+01 2.843710620807817335e+01 1.792206068330674995e+01 1.342636428082738421e+05
2.192199836375975508e+01 3.461680733799622089e+01 2.849943622220201789e+01 1.802501174671713002e+01 1.339041807166386861e+05
2.200053830566371005e+01 3.466782008095811562e+01 2.848247176690739124e+01 1.816478533364336911e+01 1.337651805399813456e+05
2.207907824667434582e+01 3.461620055909593674e+01 2.848399633556311983e+01 1.829544719992158974e+01 1.337983254816045228e+05
2.215761818680116590e+01 3.447662277170120149e+01 2.850331805792676221e+01 1.844333355380369710e+01 1.335005621176089626e+05
2.223615812605353526e+01 3.454251036137470265e+01 2.858101826482527841e+01 1.861392140651592442e+01 1.338160277802075434e+05
2.231469806444068738e+01 3.461664321177168091e+01 2.861509557873636211e+01 1.869950415454963633e+01 1.335690636655966227e+05
2.239323800197172432e+01 3.462363136668576402e+01 2.862192942643985205e+01 1.888145438937206677e+01 1.337790843485076330e+05
2.247177793865562023e+01 3.457334715665278679e+01 2.866926489772886200e+01 1.907511248152696126e+01 1.336027975000694278e+05
2.255031787450123204e+01 3.463489094451095696e+01 2.869800835420810614e+01 1.919437879754436338e+01 1.333036315477912431e+05
2.262885780951728165e+01 3.458471985432288420e+01 2.862460321927825646e+01 1.936536531846057940e+01 1.336575129587563861e+05
2.270739774371238440e+01 3.460329195188478479e+01 2.874890019389011897e+01 1.944578186170227596e+01 1.328991806579529657e+05
2.278593767709502771e+01 3.463571208678279589e+01 2.879978758521768611e+01 1.963382533313279765e+01 1.336166781509178400e+05
2.286447760967358178e+01 3.467073551803650844e+01 2.892140869260142111e+01 1.981981904960829155e+01 1.329683091920011502e+05
2.294301754145629957e+01 3.455607012404858835e+01 2.886226883679887223e+01 2.000573117952117386e+01 1.332583338233610266e+05
2.302155747245133455e+01 3.452128090883991973e+01 2.897840327057199872e+01 2.013018277537435097e+01 1.330831385151231661e+05
2.310009740266672296e+01 3.450356875883935004e+01 2.890205048295252155e+01 2.030478699714662838e+01 1.332332903604922467e+05
2.317863733211038380e+01 3.459211695588955848e+01 2.900950713344694165e+01 2.041649461347397576e+01 1.332320232903209399e+05
2.325717726079013303e+01 3.456097462698632228e+01 2.906891528448234752e+01 2.051936803660475661e+01 1.328432098078164563e+05
2.333571718871368716e+01 3.464134086179311112e+01 2.914695980869760916e+01 2.076673479757839047e+01 1.330979725728500925e+05
2.341425711588865965e+01 3.452405140657803884e+01 2.913303111812316359e+01 2.099355226848680545e+01 1.332362569342702627e+05
2.349279704232255384e+01 3.464688170496404496e+01 2.922947914941349978e+01 2.107717796943664368e+01 1.331204819786333828e+05
2.357133696802278067e+01 3.463212341241008829e+01 2.932395647829157426e+01 2.121086025524124707e+01 1.331971667179500218e+05
2.364987689299664453e+01 3.457037731241122458e+01 2.927392749162087782e+01 2.138025278554571429e+01 1.329848964378985402e+05
2.372841681725136453e+01 3.473534432712795450e+01 2.934795290292319336e+01 2.159272988960669082e+01 1.332058198452116631e+05
2.380695674079405322e+01 3.482661802288206587e+01 2.948954960774320710e+01 2.179856095951429396e+01 1.325583462497728760e+05
2.388549666363174140e+01 3.482585375173707121e+01 2.958329327180910084e+01 2.191383560622258031e+01 1.332274707312876999e+05
2.396403658577134976e+01 3.475173584651790293e+01 2.954245449378567656e+01 2.205048646154909875e+01 1.329066419537085458e+05
2.404257650721972439e+01 3.476631544202376034e+01 2.965080086673174975e+01 2.223962465248791887e+01 1.331008918277987104e+05
2.412111642798362254e+01 3.488731244268959841e+01 2.969086737495228689e+01 2.246514210326343530e+01 1.335870928699138167e+05
2.419965634806970556e+01 3.482108313047866233e+01 2.985208613151437618e+01 2.259743518328539480e+01 1.330127131397931953e+05
2.427819626748454596e+01 3.490699343986884884e+01 2.990002366559300739e+01 2.277456111577229692e+01 1.332366362894761260e+05
2.435673618623464520e+01 3.492982761593792418e+01 2.995157965156997193e+01 2.290930756875606633e+01 1.334478520513515105e+05
2.443527610432640529e+01 3.501501263227641658e+01 3.002942076492328027e+01 2.307328733802008358e+01 1.334270295483235968e+05
2.451381602176616425e+01 3.509116175020131578e+01 3.020051305166766653e+01 2.333374966866353972e+01 1.336035022866922081e+05
2.459235593856016067e+01 3.501083053757489694e+01 3.012199192980276408e+01 2.348319352609540189e+01 1.336014589465286117e+05
2.467089585471456203e+01 3.505862596010567245e+01 3.011741109725531018e+01 2.363979668718618043e+01 1.338551758765690902e+05
2.474943577023546126e+01 3.520569267347127607e+01 3.033080437815399222e+01 2.387311040202984103e+01 1.340309079030311259e+05
2.482797568512887310e+01 3.515708838453698348e+01 3.036577936583796955e+01 2.405565505406620375e+01 1.343235207948949828e+05
2.490651559940072346e+01 3.524902789166269912e+01 3.044951349248519890e+01 2.428564668922006931e+01 1.347561297750477388e+05
2.498505551305688144e+01 3.521190102946370359e+01 3.044606424614826778e+01 2.445240365458658260e+01 1.338016860155626782e+05
2.506359542610313440e+01 3.543198213768739890e+01 3.053232219624210586e+01 2.476140282661051017e+01 1.346589634114640357e+05
2.514213533854519511e+01 3.534082797003275545e+01 3.071404875236385124e+01 2.483030368947361666e+01 1.341564628670821839e+05
2.522067525038871239e+01 3.545841200604654375e+01 3.075782747425549246e+01 2.504373850354722464e+01 1.348871484425578674e+05
2.529921516163925688e+01 3.545237379495952723e+01 3.083244224928989752e+01 2.515569033064956628e+01 1.347009725781797606e+05
2.537775507230233529e+01 3.558569840731838241e+01 3.093448463980751484e+01 2.533615491784614804e+01 1.347080361481496948e+05
2.545629498238338684e+01 3.567004814684402447e+01 3.107123432997775581e+01 2.556792480648969956e+01 1.354876498652832524e+05
2.553483489188777966e+01 3.567305491996548739e+01 3.108905722846520447e+01 2.573858457961229007e+01 1.355604551626078901e+05
2.561337480082082152e+01 3.558623309483139963e+01 3.123812468704615242e+01 2.593559396699951591e+01 1.349878460331133101e+05
2.569191470918774911e+01 3.563797709941754022e+01 3.122761726503275526e+01 2.598068044021039924e+01 1.349217410107180767e+05
2.577045461699373874e+01 3.587005957948935020e+01 3.144373356767053806e+01 2.637517090452428903e+01 1.356629356963915052e+05
2.584899452424390631e+01 3.582870163222614224e+01 3.137731932845479221e+01 2.659152965639649580e+01 1.362574899230787996e+05
2.592753443094329668e+01 3.582486570919730440e+01 3.160447607458627317e+01 2.677145485664764379e+01 1.360937028196933970e+05
2.600607433709690852e+01 3.605892823485904586e+01 3.161037211959398618e+01 2.699979591088461106e+01 1.371435082800796954e+05
2.608461424270966944e+01 3.605461863139207424e+01 3.180180552392612015e+01 2.716148105357164511e+01 1.370571131228628801e+05
2.616315414778644310e+01 3.620044110110812596e+01 3.192113016336788078e+01 2.720099750704383723e+01 1.365832958351990383e+05
2.624169405233205055e+01 3.618952286480609359e+01 3.194259735193105243e+01 2.749882049090743408e+01 1.374786235041040927e+05
2.632023395635124174e+01 3.626088626922553004e+01 3.213947702335429568e+01 2.783164153758843185e+01 1.375848972406485118e+05
2.639877385984871694e+01 3.633418893288600060e+01 3.219847414036184574e+01 2.801803138231692714e+01 1.372638459819225536e+05
2.647731376282911953e+01 3.643281807457447030e+01 3.228316578837769413e+01 2.816158636519671887e+01 1.375339252431319910e+05
2.655585366529703606e+01 3.651268728472651048e+01 3.248675291101677232e+01 2.829116696249623431e+01 1.377398982226524968e+05
2.663439356725699980e+01 3.656353024709898136e+01 3.249133604608874037e+01 2.855743021834736695e+01 1.390104909345031774e+05
2.671293346871349428e+01 3.675674461398859449e+01 3.268493696295375628e+01 2.875568980563420851e+01 1.391495756542382587e+05
2.679147336967094617e+01 3.678835692604042151e+01 3.283393214300348006e+01 2.903555540530620149e+01 1.390180240353710833e+05
2.687001327013372531e+01 3.683872165955158806e+01 3.280549281109253457e+01 2.926739493473234077e+01 1.394783412611538370e+05
2.694855317010616602e+01 3.680538889121043411e+01 3.291569920218560696e+01 2.938249834575298181e+01 1.397438334640918765e+05
2.702709306959254221e+01 3.699787645947737502e+01 3.318962513370011180e+01 2.943070823686343829e+01 1.395688348686893587e+05
2.710563296859707094e+01 3.698699734626507762e+01 3.310047657791555764e+01 2.983460471965857153e+01 1.399060386101736513e+05
2.718417286712393377e+01 3.712281124767778806e+01 3.338464366302990527e+01 2.993783019675603185e+01 1.398747887691630167e+05
2.726271276517725894e+01 3.728580183274358717e+01 3.349036690468079058e+01 3.008826438132540559e+01 1.395588470847323188e+05
2.734125266276112498e+01 3.710220310082219441e+01 3.346889376632638857e+01 3.041226492765219191e+01 1.399751531381640816e+05
2.741979255987956776e+01 3.739798369559171221e+01 3.386057295611431073e+01 3.057900416439486690e+01 1.411794291178530548e+05
2.749833245653658054e+01 3.741584421735008448e+01 3.373046083729606437e+01 3.074841926123680480e+01 1.411564829157288477e+05
2.757687235273609616e+01 3.730156804044931107e+01 3.376104608723977663e+01 3.097110161755115598e+01 1.412060808592396788e+05
2.765541224848202262e+01 3.743738973087062760e+01 3.400822037240205020e+01 3.099217318490673989e+01 1.409790690729646885e+05
2.773395214377820395e+01 3.740492377147377567e+01 3.407585038140677369e+01 3.155884467541675775e+01 1.411241007929364569e+05
2.781249203862845576e+01 3.731346844418663977e+01 3.393484501910700146e+01 3.152826858145152400e+01 1.411880083379745483e+05
2.789103193303654038e+01 3.761058472226178395e+01 3.419511635576191821e+01 3.188396832860893682e+01 1.413514035115038569e+05
2.796957182700618816e+01 3.743017906061976419e+01 3.439852330797656776e+01 3.215252591932544135e+01 1.410342196288909181e+05
2.804811172054107615e+01 3.753312247721127193e+01 3.446009441134020079e+01 3.232442898744052684e+01 1.412711651681091462e+05
2.812665161364485655e+01 3.753835958090995462e+01 3.442951918889826857e+01 3.253285124859689148e+01 1.415598968781009899e+05
2.820519150632112115e+01 3.749221143790578026e+01 3.457549416141431919e+01 3.260039629424998964e+01 1.405473057884479931e+05
2.828373139857343332e+01 3.725842235209892550e+01 3.435504207730152615e+01 3.282605908264267214e+01 1.414157920401607407e+05
2.836227129040531736e+01 3.737910654513412823e+01 3.469442056692815157e+01 3.309135797491492781e+01 1.405149797870982729e+05
2.844081118182025847e+01 3.756198348768552364e+01 3.448609183851927185e+01 3.326323291484563072e+01 1.409425769618086633e+05
2.851935107282169923e+01 3.737283315253081639e+01 3.454794206994733230e+01 3.343213683209021525e+01 1.397799068878432445e+05
2.859789096341304315e+01 3.714764517725100035e+01 3.465404715532202573e+01 3.352948777059506114e+01 1.383572012828266597e+05
2.867643085359765820e+01 3.718186152152665613e+01 3.458031306010877159e+01 3.357757461898665952e+01 1.393997977478813555e+05
2.875497074337888392e+01 3.710435221780708304e+01 3.503178181335872665e+01 3.419154966349557156e+01 1.398352587835831218e+05
2.883351063276001369e+01 3.718202208819626975e+01 3.484026425667877902e+01 3.447915786250258918e+01 1.394607279776682262e+05
2.891205052174430890e+01 3.705247568461595620e+01 3.479267890335759716e+01 3.449508360599391210e+01 1.391096452844922314e+05
2.899059041033499184e+01 3.716128365187334026e+01 3.484104092550456500e+01 3.493287595352444441e+01 1.404936232379346329e+05
2.906913029853525643e+01 3.728122155499736579e+01 3.506750549815624396e+01 3.507522212430534836e+01 1.400907021205085912e+05
2.914767018634825746e+01 3.714493935969587568e+01 3.503970634240374693e+01 3.531185161283550400e+01 1.393813767044146662e+05
2.922621007377712132e+01 3.722539117846866930e+01 3.514230040123042897e+01 3.549245380278811268e+01 1.402006568569840165e+05
2.930474996082492822e+01 3.718707641178237822e+01 3.545667270237789381e+01 3.555691939256295342e+01 1.400832491498226300e+05
2.938328984749474060e+01 3.723408291607707099e+01 3.545827401063315421e+01 3.571697686231699720e+01 1.395713042724096449e+05
2.946182973378957826e+01 3.709024296615561411e+01 3.540361536363565165e+01 3.576423540000182300e+01 1.383736825772266602e+05
2.954036961971243258e+01 3.731684714474375397e+01 3.541454281441003360e+01 3.619424211083544662e+01 1.395262956773196056e+05
2.961890950526625943e+01 3.735634908090775497e+01 3.556993551508778495e+01 3.648869661221037575e+01 1.394852517223382310e+05
2.969744939045398979e+01 3.753620463407935404e+01 3.572860697687011111e+01 3.674568099098075180e+01 1.399118682382061088e+05
2.977598927527852268e+01 3.718239864693385499e+01 3.560708508130538519e+01 3.653922972428352978e+01 1.399566442165251647e+05
2.985452915974272159e+01 3.753385905763274621e+01 3.614262147085538857e+01 3.710762602460836490e+01 1.399366557658313832e+05
2.993306904384942868e+01 3.744849414394884235e+01 3.592354716401464998e+01 3.693612406942006032e+01 1.406096630021852907e+05
3.001160892760143994e+01 3.755405574429981641e+01 3.602164763779867940e+01 3.727151549848388612e+01 1.407601595775093883e+05
3.009014881100154071e+01 3.775092580833479161e+01 3.624656535027350657e+01 3.813040787797805820e+01 1.418811535493895062e+05
3.016868869405248077e+01 3.786135750088599394e+01 3.660155907653169294e+01 3.828858395417503857e+01 1.424964761114088178e+05
3.024722857675697441e+01 3.783096135359569701e+01 3.643474337205864089e+01 3.834307611725044751e+01 1.427041046069532167e+05
3.032576845911771457e+01 3.772362010572210522e+01 3.717640354694127325e+01 3.892946837414118733e+01 1.414039870073846832e+05
3.040430834113736580e+01 3.807673398703865075e+01 3.677139427956201700e+01 3.940065862936635455e+01 1.432451956297541619e+05
3.048284822281856421e+01 3.757208605322161787e+01 3.674039685766491914e+01 3.917055709489920901e+01 1.412163184364794870e+05
3.056138810416392460e+01 3.823404890604339812e+01 3.705321003896671073e+01 3.945520991016843482e+01 1.420558646637116035e+05
3.063992798517602267e+01 3.816534394925351847e+01 3.711249749721412172e+01 3.949680070699535861e+01 1.427721297658986296e+05
3.071846786585741640e+01 3.810660371248082612e+01 3.713011865915644449e+01 4.025290964720792886e+01 1.435168742780719767e+05
3.079700774621063886e+01 3.889467927393529578e+01 3.745156210395641239e+01 4.028677453676101550e+01 1.445816815423680237e+05
3.087554762623818760e+01 3.843692480769114184e+01 3.772144937113131391e+01 4.116621453264238539e+01 1.429812016109124233e+05
3.095408750594254599e+01 3.854366642489803496e+01 3.767730782921778854e+01 4.093671106024633133e+01 1.435714598718807392e+05
3.103262738532617249e+01 3.911117763328338981e+01 3.802116267623782875e+01 4.106070106840582667e+01 1.452479976874628628e+05
3.111116726439149005e+01 3.898182401791048335e+01 3.773716246820337261e+01 4.146717368897447642e+01 1.443842534301692795e+05
3.118970714314090387e+01 3.941132954499126129e+01 3.805438281186103922e+01 4.158381088625820610e+01 1.457973139897538931e+05
3.126824702157679781e+01 3.942678403351560945e+01 3.831650744060064540e+01 4.237841605963678404e+01 1.460748336370862380e+05
3.134678689970152377e+01 3.936688204897031795e+01 3.885112778575015113e+01 4.258780536706454711e+01 1.457851316746603115e+05
3.142532677751741588e+01 3.971805719131044299e+01 3.876294134206122521e+01 4.300794581148370810e+01 1.484032216881307540e+05
3.150386665502678696e+01 3.978679494935365568e+01 3.856921843967602825e+01 4.297937871322685766e+01 1.476440198962125869e+05
3.158240653223192140e+01 3.993721088652244333e+01 3.920271230915587068e+01 4.335883406623822367e+01 1.491288703117796103e+05
3.166094640913508229e+01 3.981823414620163959e+01 3.927254518084518509e+01 4.332889767401715631e+01 1.498701314443974697e+05
3.173948628573851494e+01 3.996486040257096306e+01 3.903443715989843810e+01 4.362307935282751714e+01 1.497251932719630713e+05
3.181802616204443623e+01 4.004415134144957022e+01 3.961373384224251737e+01 4.420452822673880178e+01 1.490392431126857700e+05
3.189656603805504531e+01 4.023194498172233580e+01 3.905451227331062114e+01 4.420986527591013981e+01 1.506604714345482062e+05
3.197510591377251998e+01 4.098308452392893031e+01 4.009634973157886861e+01 4.511490192900402008e+01 1.519542933556223288e+05
3.205364578919900964e+01 4.109341698711293134e+01 4.095082407578836836e+01 4.609427889204076934e+01 1.536364512219204044e+05
3.213218566433665302e+01 4.071594349299527948e+01 3.994766764575571472e+01 4.504091077647694874e+01 1.539505184173570306e+05
3.221072553918755688e+01 4.082666768208096642e+01 3.999638299298296573e+01 4.612188878849896412e+01 1.512666306608011655e+05
3.228926541375382442e+01 4.107461169887051256e+01 4.109765429455978847e+01 4.669922572656736293e+01 1.534768244134717970e+05
3.236780528803751622e+01 4.134792854600807033e+01 4.121611286131462748e+01 4.686096739115708232e+01 1.539245286741269229e+05
3.244634516204068575e+01 4.203291415121364594e+01 4.075395308194443800e+01 4.654823999218740482e+01 1.555302913219779730e+05
3.252488503576537227e+01 4.173858841940376152e+01 4.064939327950671810e+01 4.659990405431314286e+01 1.545488056393743609e+05
3.260342490921358660e+01 4.180635330490571278e+01 4.146477818773164614e+01 4.764287419102933541e+01 1.567812175769080932e+05
3.268196478238731828e+01 4.205291077201280103e+01 4.202408282564524455e+01 4.759791120359977867e+01 1.560708841028320021e+05
3.276050465528854261e+01 4.245048459950339037e+01 4.204840731562507727e+01 4.712593062655766829e+01 1.621633899744796799e+05
3.283904452791921358e+01 4.280366794909204486e+01 4.246496104748782585e+01 4.766091007789405865e+01 1.603574445960636658e+05
3.291758440028127097e+01 4.360614920571974551e+01 4.202594136425212668e+01 4.679510528863300323e+01 1.587869176824434253e+05
3.299612427237663326e+01 4.278196162605895125e+01 4.242355709918891193e+01 4.851107245596185891e+01 1.606671119876424200e+05
3.307466414420719758e+01 4.235771023815588876e+01 4.243128587379831629e+01 4.670291829653073279e+01 1.593504632334510679e+05
3.315320401577483977e+01 4.431471496747641936e+01 4.492380380934575612e+01 4.949557078052476555e+01 1.627926062813262106e+05
3.323174388708143567e+01 4.214652502142990897e+01 4.392280908226128844e+01 5.001406860220474471e+01 1.589840836385685543e+05
3.331028375812883269e+01 4.391035590667896571e+01 4.337452799144385551e+01 4.820437526795826244e+01 1.649221023946292698e+05
3.338882362891884981e+01 4.508588224249015042e+01 4.417985604129479071e+01 5.007492615081357457e+01 1.661553842611474392e+05
3.346736349945329891e+01 4.409021090342893956e+01 4.415833536547120275e+01 4.997386921021936246e+01 1.574096622572582564e+05
3.354590336973399189e+01 4.493839561956468032e+01 4.395604490590341840e+01 5.084485838634228827e+01 1.683571744922201906e+05
3.362444323976268379e+01 4.722096452223578922e+01 4.349421972462466357e+01 5.012333125961576741e+01 1.686024427778943500e+05
3.370298310954115806e+01 4.398431859046807091e+01 4.459603692474145475e+01 5.359949813116698181e+01 1.676400598815411213e+05
3.378152297907114132e+01 4.485115149985688987e+01 4.537507892105875129e+01 5.179096845119940440e+01 1.682498819105163566e+05
3.386006284835436730e+01 4.512466432279861550e+01 4.479956066314736063e+01 5.098100506278078825e+01 1.682672695083656581e+05
3.393860271739255552e+01 4.627784475957646748e+01 4.598157881620338827e+01 5.424482753825276404e+01 1.701470138882392785e+05
3.401714258618739706e+01 4.703722648441383569e+01 4.934625120961199940e+01 5.555152574622964323e+01 1.615454870273762790e+05
3.409568245474058301e+01 4.987184077193110454e+01 4.742993103649787656e+01 5.453769138347125534e+01 1.829332979603756103e+05
3.417422232305376895e+01 4.450927150170601720e+01 4.509175081821213382e+01 5.083184207582299763e+01 1.594809857783114130e+05
3.425276219112861043e+01 4.687011212081104361e+01 4.786167251998985250e+01 5.353498948004526881e+01 1.823141002897126309e+05
3.433130205896674880e+01 5.258286387726425914e+01 4.862716366129483703e+01 5.835142490062621334e+01 1.810379353516193514e+05
3.440984192656979701e+01 5.225187494005647437e+01 4.815609513683766352e+01 5.854868018198432367e+01 1.952514500738990027e+05
3.448838179393936088e+01 5.609883945952395123e+01 4.559184528333732800e+01 5.263183933018651572e+01 2.047831548069170676e+05
3.456692166107702491e+01 5.118305947217987750e+01 4.951954762605836180e+01 5.268000866998151821e+01 2.079777666342144948e+05
3.464546152798438072e+01 6.939082197160048793e+01 4.332723479417225576e+01 5.799269797248451397e+01 1.546380373056523094e+05
3.472400139466299152e+01 4.201558095769748746e+01 5.628604557910406925e+01 8.291533415897787052e+01 1.729996982538021402e+05
