# 0.9984 0.9997
7.871241428633635184e-02 2.473396316067154377e+00 2.448672913265482531e+00 3.205163083191946301e-04 1.176863135740354437e+03
1.618072713909662341e-01 7.450961373476570948e+00 7.304207478423131228e+00 1.736215157439868371e-03 4.701498848357477073e+03
2.418771330418761079e-01 1.313138477520592140e+01 1.292885840179620160e+01 2.095048520274964566e-03 6.452431870239772252e+03
3.211923215201240578e-01 1.619266439869471341e+01 1.589201561358836301e+01 5.224900293213465864e-03 1.256383450097592868e+04
4.002017901256537113e-01 1.730782241481785633e+01 1.684652903809415392e+01 7.268948613177143511e-03 1.777125203091509684e+04
4.790568272527075955e-01 2.165241025824440868e+01 2.108227252872084634e+01 1.026415491474310694e-02 1.740843624735049161e+04
5.578229290343351687e-01 2.816393915020179861e+01 2.737692993380374418e+01 1.398766488525937830e-02 2.527581961848685751e+04
6.365331115321660738e-01 3.081399841301788456e+01 2.984510855822698261e+01 1.933259482621755079e-02 2.698458266402600566e+04
7.152058371535838788e-01 2.962334250871186470e+01 2.859612913742339657e+01 2.472304141203474082e-02 3.102299485786362857e+04
7.938522421846891941e-01 3.157406856878190027e+01 3.038894077168788499e+01 2.958719420487451734e-02 3.232694866664583606e+04
8.724794443688169698e-01 3.681852572870491969e+01 3.546712153217066543e+01 3.478471286611272556e-02 3.482687193367410509e+04
9.510922062407737299e-01 4.006910719679994770e+01 3.859340944714925570e+01 3.947653440913403283e-02 3.809719696797205688e+04
1.029693835175838679e+00 4.491369512266687991e+01 4.319893859683470794e+01 4.854452364963202093e-02 3.892788269152709836e+04
1.108286699878543891e+00 4.915164507590979781e+01 4.734561891508660381e+01 5.475865018010897534e-02 4.018675732054145192e+04
1.186872541411916560e+00 4.898100647427277465e+01 4.711407457633440998e+01 6.451450789587391543e-02 4.265485968130377296e+04
1.265452668213572940e+00 5.157719653426418915e+01 4.964773950776010736e+01 7.031119645574733512e-02 4.502212720334735786e+04
1.344028082638708543e+00 5.489963090413846913e+01 5.279792509674596346e+01 8.091430510179575819e-02 4.885655094229291717e+04
1.422599565533279709e+00 5.802157242446359930e+01 5.587928219833609944e+01 8.582452880623937796e-02 4.839077109915506298e+04
1.501167734229200246e+00 6.149715115994655434e+01 5.907033287244532715e+01 1.015859722834745182e-01 5.105338285532049485e+04
1.579733083222462531e+00 6.308473170906874117e+01 6.060029660817211550e+01 1.109350403928109491e-01 5.502784696408198215e+04
1.658296013281593151e+00 6.334776696812727437e+01 6.094227421943645595e+01 1.177003095533504795e-01 5.545831469114082574e+04
1.736856852652245875e+00 6.687174431263456142e+01 6.418048077509837412e+01 1.333239083728332830e-01 5.559535900953549572e+04
1.815415872753641580e+00 6.575055239686217590e+01 6.305794674169005987e+01 1.429696660682057141e-01 5.809122083506164199e+04
1.893973299967037560e+00 6.936572243352503619e+01 6.665010780225468068e+01 1.584657438603754298e-01 5.990786899926630576e+04
1.972529324606241641e+00 6.829742098161268871e+01 6.544759521934190616e+01 1.705902826138439299e-01 6.265660193787074968e+04
2.051084107826015579e+00 6.932200776440740242e+01 6.646377795310763759e+01 1.859841774466060582e-01 6.424629298607321834e+04
2.129637787001040561e+00 7.124297201491108922e+01 6.818106442731593120e+01 2.023833867889855143e-01 6.691375002364540705e+04
2.208190479956450680e+00 7.035737050111325175e+01 6.734445125204763372e+01 2.195825934972900628e-01 6.779723509598791134e+04
2.286742288326184092e+00 7.043916638032500543e+01 6.743774651395075637e+01 2.295398971188232495e-01 6.800981889953142672e+04
2.365293300241981811e+00 7.026982426236590129e+01 6.711801724232179822e+01 2.482572084452940586e-01 6.875365093479330244e+04
2.443843592503681883e+00 6.884639470182578691e+01 6.582627060230871052e+01 2.629663985897950362e-01 7.196174903401121264e+04
2.522393232343909553e+00 6.874520777488362455e+01 6.553395600739082738e+01 2.843988306168860336e-01 7.356390917853530846e+04
2.600942278872942381e+00 6.837455841469002848e+01 6.508291373415325154e+01 3.041719209543376490e-01 7.640769910148969211e+04
2.679490784269383141e+00 6.612904033968538897e+01 6.273332621382564867e+01 3.184946108132353793e-01 7.559912377544738411e+04
2.758038794767343038e+00 6.560546120167875017e+01 6.238013185116765413e+01 3.352922655532602492e-01 7.796579752240060770e+04
2.836586351479573942e+00 6.403770292270603193e+01 6.068644180848317404e+01 3.579416842100969776e-01 8.101948401718198147e+04
2.915133491087511963e+00 6.363620393627466854e+01 6.025114446284187864e+01 3.767237077243211774e-01 8.022496044894118677e+04
2.993680246422668834e+00 6.304590042404748829e+01 5.964739206770313018e+01 3.986113851777739470e-01 8.062731993803671503e+04
3.072226646958827967e+00 6.025793190096501917e+01 5.670834378904224593e+01 4.254177471451187076e-01 8.396008104759422713e+04
3.150772719230606977e+00 5.904208765149073201e+01 5.561321256848605543e+01 4.402994363254025267e-01 8.446469359876052476e+04
3.229318487190934395e+00 5.774110847788140433e+01 5.430511067510842338e+01 4.717432300837812731e-01 8.421363247367388976e+04
3.307863972517584905e+00 5.575268845515314098e+01 5.230169978643936446e+01 4.900810324507771099e-01 8.598481167001856375e+04
3.386409194877053608e+00 5.505668496936362288e+01 5.163323882612468196e+01 5.189174927099633461e-01 8.865655126387349446e+04
3.464954172152534095e+00 5.394996118162200105e+01 5.042324342258617520e+01 5.342711779961902829e-01 8.930190885364964197e+04
3.543498920641575456e+00 5.185471628561022328e+01 4.840277132669154270e+01 5.641554448832516444e-01 9.144027557528078614e+04
3.622043455228019404e+00 5.110778540671348225e+01 4.765422257699322017e+01 5.855541584340211436e-01 9.184875718921808584e+04
3.700587789532037597e+00 4.976897537453756826e+01 4.626972448937750926e+01 6.194348996300642618e-01 9.342613697616013815e+04
3.779131936041457696e+00 4.874620663641068319e+01 4.526448765541078245e+01 6.490485829030102627e-01 9.434813954087191087e+04
3.857675906227046259e+00 4.783636434021042305e+01 4.440768138971969137e+01 6.621168512610864365e-01 9.564684293995627377e+04
3.936219710643986680e+00 4.696213187012298818e+01 4.346649284538599289e+01 7.031912790164851490e-01 9.685694370183275896e+04
4.014763359021444877e+00 4.642011038244537247e+01 4.279484752689354110e+01 7.279211225889348214e-01 9.631486059179937001e+04
4.093306860341824560e+00 4.525115593941438163e+01 4.163283939107375176e+01 7.644454036690441212e-01 9.904990191801404580e+04
4.171850222911064776e+00 4.495815011964498353e+01 4.131691394541243767e+01 7.850121858799733454e-01 9.934682513286048197e+04
4.250393454421145911e+00 4.369979003559902964e+01 4.007857464136742465e+01 8.166216676394233431e-01 9.941435679803005769e+04
4.328936562005788247e+00 4.371393645082061141e+01 4.008261625928074068e+01 8.445462519891336894e-01 1.026231531731514406e+05
4.407479552290201497e+00 4.320254483694862557e+01 3.943184887740829225e+01 8.769335787308180086e-01 1.026473566021152365e+05
4.486022431435594982e+00 4.222387251352792958e+01 3.860881239632384876e+01 8.987714072621467709e-01 1.033926247852004453e+05
4.564565205179107465e+00 4.234020384330087694e+01 3.856196096341323454e+01 9.418104985721619249e-01 1.050498829882753635e+05
4.643107878869670024e+00 4.212912665843274596e+01 3.832195775065172683e+01 9.709257849799003415e-01 1.064476224543935241e+05
4.721650457500300213e+00 4.090240420600486715e+01 3.706664140914062244e+01 9.959832373751338341e-01 1.062821989589268778e+05
4.800192945737217443e+00 4.143697732204853423e+01 3.745230337448085578e+01 1.039663271903073838e+00 1.081749118958228501e+05
4.878735347946150824e+00 4.094671365682975761e+01 3.698265422836457361e+01 1.053266303311881202e+00 1.092854141819091019e+05
4.957277668216146793e+00 4.096811978082953232e+01 3.699451737756137248e+01 1.118607789552456877e+00 1.095594126580304583e+05
5.035819910381144737e+00 4.096985734240015375e+01 3.688758367096524893e+01 1.141328676066139414e+00 1.094977407909791946e+05
5.114362078039562221e+00 4.047682402896123222e+01 3.628529048195099449e+01 1.179227956415303424e+00 1.113818276657879178e+05
5.192904174572115394e+00 4.011757570591385047e+01 3.592917358282717544e+01 1.214394498219175889e+00 1.125429449801404407e+05
5.271446203158030919e+00 3.996052890334748042e+01 3.580074580089257097e+01 1.254045801548254291e+00 1.137787037402736605e+05
5.349988166789838573e+00 3.992752233748270640e+01 3.567017988877085344e+01 1.283954955708012546e+00 1.136518228259817406e+05
5.428530068286878674e+00 4.022537029882997217e+01 3.579289257281714498e+01 1.339152470544066498e+00 1.153602175432991498e+05
5.507071910307648643e+00 3.978126386165173045e+01 3.541169989850168776e+01 1.365556081648839903e+00 1.154961998872874101e+05
5.585613695361120179e+00 3.987339332607992759e+01 3.531374132289959533e+01 1.433135446029278004e+00 1.182340733765183104e+05
5.664155425817094525e+00 3.981848071629923425e+01 3.525686123818132245e+01 1.452597142495385851e+00 1.175078683277895761e+05
5.742697103915729961e+00 3.972132024862364830e+01 3.511815947013514005e+01 1.479368629542532565e+00 1.182683969719384040e+05
5.821238731776284148e+00 3.966275648619141236e+01 3.505800021951069567e+01 1.514327945773388695e+00 1.189763688168912340e+05
5.899780311405160127e+00 3.973402578858684819e+01 3.502740852061032228e+01 1.563411351503336988e+00 1.198791682409962814e+05
5.978321844703323507e+00 3.998944796404533975e+01 3.513529159188689022e+01 1.599162027306451073e+00 1.203450317012824671e+05
6.056863333473133437e+00 3.988256765229419898e+01 3.503301073448346159e+01 1.636231677101641191e+00 1.222319949232556974e+05
6.135404779424661115e+00 3.978318755287868669e+01 3.481860548845256176e+01 1.713710629208735625e+00 1.234840275982803578e+05
6.213946184181517118e+00 3.995071689841288531e+01 3.499292568730041353e+01 1.745631040597028560e+00 1.238809330077993218e+05
6.292487549286247983e+00 4.016490398418719110e+01 3.502277399320198015e+01 1.780734224063499349e+00 1.250826826009629003e+05
6.371028876205335756e+00 4.014722804683771784e+01 3.496062888571403704e+01 1.821374790947537292e+00 1.240758781109098200e+05
6.449570166333828070e+00 4.004715321649129578e+01 3.485462599941870110e+01 1.878159764859367087e+00 1.268176060496826685e+05
6.528111420999634262e+00 4.015289572707438026e+01 3.483285982737635322e+01 1.924771844979581203e+00 1.263268078063292924e+05
6.606652641467518627e+00 3.989390165054140880e+01 3.460675595120068238e+01 1.969347831787621628e+00 1.272942702690699807e+05
6.685193828942805006e+00 4.036957071689236898e+01 3.485691948517847294e+01 2.014589115663924623e+00 1.268946470245119854e+05
6.763734984574836240e+00 3.998219296700747805e+01 3.461925820850885316e+01 2.051529453784206591e+00 1.268162613389992330e+05
6.842276109460177835e+00 3.983475098443482665e+01 3.430996493581130125e+01 2.104430298630068030e+00 1.286144018743398192e+05
6.920817204645620890e+00 3.984647276577279484e+01 3.437410803606919529e+01 2.156405319516698338e+00 1.294044995691754011e+05
6.999358271130968312e+00 4.030004891020801949e+01 3.468865274125632681e+01 2.215369755435682819e+00 1.303618205980569765e+05
7.077899309871646949e+00 4.000953824179958929e+01 3.441209823979415461e+01 2.262168420962701987e+00 1.319917985976983618e+05
7.156440321781138536e+00 4.028661036689064190e+01 3.463935815417097785e+01 2.308478713581036068e+00 1.307823431469495117e+05
7.234981307733260536e+00 4.040805463626281835e+01 3.450483250844762750e+01 2.398474529056676907e+00 1.319030762164129701e+05
7.313522268564292439e+00 4.001119720677971259e+01 3.412485663180527240e+01 2.421558306834913576e+00 1.315404719385021017e+05
7.392063205074973276e+00 4.029421757436792717e+01 3.442895937424523822e+01 2.464541900468073088e+00 1.317314918639223033e+05
7.470604118032365015e+00 3.999654417772535453e+01 3.413766576964736288e+01 2.528041552208966536e+00 1.334733803533933533e+05
7.549145008171610272e+00 4.012410220888573065e+01 3.420058314231314966e+01 2.579300535038210551e+00 1.339427044618601503e+05
7.627685876197570103e+00 4.000379595835453017e+01 3.400828563384040137e+01 2.641574349364935070e+00 1.347519516522742924e+05
7.706226722786373884e+00 4.034586330285936384e+01 3.422732923872425204e+01 2.680697273194532215e+00 1.348088949907881906e+05
7.784767548586863484e+00 3.994600392984645509e+01 3.391513504945876889e+01 2.732604782924190623e+00 1.344188026181142777e+05
7.863308354221953955e+00 4.026810709972144053e+01 3.414262470303020791e+01 2.769432580203496475e+00 1.358267744290946866e+05
7.941849140289923170e+00 4.046211702530752774e+01 3.423987701701700814e+01 2.837144007618287667e+00 1.349497367719336471e+05
8.020389907365611748e+00 4.007974402317721996e+01 3.392281770633009330e+01 2.897652461435986204e+00 1.379186245475680917e+05
8.098930656001561701e+00 3.996059723304975364e+01 3.368530655369086446e+01 2.961320828026480001e+00 1.374790227015315904e+05
8.177471386729090241e+00 4.004428026056105949e+01 3.383711295856918611e+01 3.011323471628147619e+00 1.376263138648488675e+05
8.256012100059292536e+00 4.015398249444432821e+01 3.373884258233176325e+01 3.063471193097027978e+00 1.381047709799141157e+05
8.334552796484000936e+00 3.973538299945159480e+01 3.348430084798265227e+01 3.131930089959917396e+00 1.388483477445265453e+05
8.413093476476680266e+00 4.009588061185414887e+01 3.358984453674826653e+01 3.186525568912239592e+00 1.387490615047551983e+05
8.491634140493276917e+00 3.996634790372644375e+01 3.348172142843178278e+01 3.243253253450863571e+00 1.388958921254668676e+05
8.570174788973028868e+00 3.989105485708238064e+01 3.329111640506053504e+01 3.316948412493839538e+00 1.393652753489211609e+05
8.648715422339215309e+00 4.002009868767488143e+01 3.349494053928442128e+01 3.355223438463504682e+00 1.404594055133945658e+05
8.727256040999876063e+00 3.985950002104869583e+01 3.333813624239343909e+01 3.403126118091868157e+00 1.403743628726842580e+05
8.805796645348495488e+00 3.994696194555326230e+01 3.337334262984235522e+01 3.473056571919964419e+00 1.398452844370888488e+05
8.884337235764643737e+00 4.000852395946707674e+01 3.331604391790484243e+01 3.541609227191276243e+00 1.404313163489754661e+05
8.962877812614589601e+00 4.000362847901905639e+01 3.329319292519254248e+01 3.603748639922516706e+00 1.411260034529033001e+05
9.041418376251867173e+00 4.009606196729184546e+01 3.339109902335850677e+01 3.635400427299623427e+00 1.423671091297605599e+05
9.119958927017840722e+00 3.945329339289248338e+01 3.293132829996948630e+01 3.736304832264829567e+00 1.424945876027741178e+05
9.198499465242209183e+00 3.974742784785392757e+01 3.297116993803670226e+01 3.825083459473663350e+00 1.426400804017401533e+05
9.277039991243508865e+00 3.953377256762986747e+01 3.275311837374281509e+01 3.860257764727086816e+00 1.423911312703332515e+05
9.355580505329580632e+00 3.974736729609055175e+01 3.295642788751578678e+01 3.929327031062511466e+00 1.430853787632950989e+05
9.434121007798012215e+00 3.970675112162354026e+01 3.288043439619001873e+01 3.975094046824849681e+00 1.433540862990916939e+05
9.512661498936562765e+00 3.982443728936458172e+01 3.293179363782474667e+01 4.061653983424403869e+00 1.440249533363202354e+05
9.591201979023569635e+00 3.957876252106199644e+01 3.273881195613051887e+01 4.095706822685797555e+00 1.439100782390255481e+05
9.669742448328321416e+00 3.938935944331567640e+01 3.253466097222722198e+01 4.188294857184811093e+00 1.432776110547032149e+05
9.748282907111432749e+00 3.950231648240866633e+01 3.252026633863443550e+01 4.249783949830559848e+00 1.450109634384243109e+05
9.826823355625185386e+00 3.953093790294587251e+01 3.252847188136516365e+01 4.302892662722729078e+00 1.444823768158371968e+05
9.905363794113858589e+00 3.959035485837964785e+01 3.251760633841719539e+01 4.389642906487711826e+00 1.444803670873581432e+05
9.983904222814045326e+00 3.937868878035893516e+01 3.242201431567686853e+01 4.441114309895118240e+00 1.447381493344491464e+05
1.006244464195495070e+01 3.954080466168671393e+01 3.244438882209275476e+01 4.515671518812029106e+00 1.454572906640418805e+05
1.014098505175868148e+01 3.918211183030597056e+01 3.212736481104953157e+01 4.584871597128698184e+00 1.447037395227875968e+05
1.021952545244051613e+01 3.924987655571617751e+01 3.212380173786237236e+01 4.638622816797351334e+00 1.459710163109592977e+05
1.029806584420916415e+01 3.915757913428393522e+01 3.201015757283659724e+01 4.741472996894252390e+00 1.461124707427065587e+05
1.037660622726701654e+01 3.916245712049533978e+01 3.198493892477567258e+01 4.802359033064287352e+00 1.462267611909781408e+05
1.045514660181038380e+01 3.929777337713099428e+01 3.207468916707877327e+01 4.875667125145478842e+00 1.455563066988614737e+05
1.053368696802971982e+01 3.912415080252554134e+01 3.191277689853694710e+01 4.918469723970835261e+00 1.464227568863822671e+05
1.061222732610984210e+01 3.908915777642300782e+01 3.184908307524975868e+01 4.999644529760027822e+00 1.468937468342481588e+05
1.069076767623013779e+01 3.903023856374818479e+01 3.174681701019882496e+01 5.103679533087164266e+00 1.474988537197219557e+05
1.076930801856475739e+01 3.932038029022643855e+01 3.193304580094804379e+01 5.151178691946920907e+00 1.474591091622431704e+05
1.084784835328281005e+01 3.911115733534803240e+01 3.172810936998547149e+01 5.242923045730008447e+00 1.467092342146002338e+05
1.092638868054854306e+01 3.887056784666837927e+01 3.156392322304346365e+01 5.277224852552804713e+00 1.471621405259317835e+05
1.100492900052151413e+01 3.897370433198697270e+01 3.163842745248982880e+01 5.402145187929741965e+00 1.474713399022565573e+05
1.108346931335675833e+01 3.922020589079294695e+01 3.175883704274609443e+01 5.441543943154769636e+00 1.466738844277050230e+05
1.116200961920494805e+01 3.882616139012441892e+01 3.138099096591324866e+01 5.537341263136907443e+00 1.472976965602852579e+05
1.124054991821254212e+01 3.888693215763959898e+01 3.142252482405416814e+01 5.592396070169033173e+00 1.470112444433433411e+05
1.131909021052193687e+01 3.894022396688470877e+01 3.142246915578419930e+01 5.680705626611205261e+00 1.478243915490492363e+05
1.139763049627160285e+01 3.891856984435776923e+01 3.147728958322308657e+01 5.744931053926142894e+00 1.471388936030053301e+05
1.147617077559622167e+01 3.875737499901103433e+01 3.126640009754294880e+01 5.830993302748836093e+00 1.478033418064673315e+05
1.155471104862680853e+01 3.888486974465006796e+01 3.132997388026538488e+01 5.927799495258905260e+00 1.478029906237225223e+05
1.163325131549084368e+01 3.871114768805516348e+01 3.114476128010924327e+01 6.012166061013076046e+00 1.483636838637431792e+05
1.171179157631238787e+01 3.891040867784958834e+01 3.129632109677072904e+01 6.061044399326041443e+00 1.474104449115532043e+05
1.179033183121219608e+01 3.878254476170209131e+01 3.115571600990408996e+01 6.153631468237113822e+00 1.476908792689989205e+05
1.186887208030782759e+01 3.859975483582904587e+01 3.093102025872214256e+01 6.261345130878769538e+00 1.477502611771699158e+05
1.194741232371374728e+01 3.882646310700383907e+01 3.106628367446671746e+01 6.318784977614671838e+00 1.484233747991694545e+05
1.202595256154143222e+01 3.854772663719293035e+01 3.091421943818730611e+01 6.402526672614405889e+00 1.476630192417514627e+05
1.210449279389946753e+01 3.877519722281372339e+01 3.104196848982808277e+01 6.497226780662995083e+00 1.482920414289725304e+05
1.218303302089363527e+01 3.859733759596968383e+01 3.082657263079082099e+01 6.564334439966587276e+00 1.479456733080382983e+05
1.226157324262700676e+01 3.863824506229350675e+01 3.101788168421946779e+01 6.628258513225044446e+00 1.482443190994078759e+05
1.234011345920003322e+01 3.866371459936392796e+01 3.080627938830516044e+01 6.723853600417822207e+00 1.481713726571465959e+05
1.241865367071062565e+01 3.830655626813693715e+01 3.060677348330714764e+01 6.828532049195955800e+00 1.485339166542335297e+05
1.249719387725422415e+01 3.874311792813736588e+01 3.087691263996990187e+01 6.895523242460499524e+00 1.486838428728485887e+05
1.257573407892389383e+01 3.853356795414956792e+01 3.070944476956984914e+01 6.997551562893755239e+00 1.479275494193083141e+05
1.265427427581038877e+01 3.859486268157478861e+01 3.066672077733651136e+01 7.082184335831247068e+00 1.478609028929334600e+05
1.273281446800221772e+01 3.839624500996691125e+01 3.052095833273550696e+01 7.164623082267633336e+00 1.479679605555935414e+05
1.281135465558572584e+01 3.847013610460219724e+01 3.059476004074500821e+01 7.265855960104782518e+00 1.485509579695266730e+05
1.288989483864514796e+01 3.840475181940210092e+01 3.040910966763766154e+01 7.345112001490698539e+00 1.484246841817407694e+05
1.296843501726268322e+01 3.867762201960979240e+01 3.066421508785969863e+01 7.432003178069856553e+00 1.478155451898537867e+05
1.304697519151855190e+01 3.851634616013883772e+01 3.056554398423806873e+01 7.551472987261116820e+00 1.478254380966182216e+05
1.312551536149104692e+01 3.845309917352678042e+01 3.043848803499990296e+01 7.621183291972108087e+00 1.481549272207916365e+05
1.320405552725660492e+01 3.839993052119226036e+01 3.043517405870301573e+01 7.668755554832478616e+00 1.478612522910927946e+05
1.328259568888985243e+01 3.840937936584499823e+01 3.038321106105200897e+01 7.789705110712977998e+00 1.478697201569139434e+05
1.336113584646366270e+01 3.832236377397381233e+01 3.025612126971446614e+01 7.888996606313058990e+00 1.480204995536519855e+05
1.343967600004920548e+01 3.806181389501193024e+01 3.004510335542999755e+01 8.007432967974621008e+00 1.476750300711960008e+05
1.351821614971599317e+01 3.822229050236948211e+01 3.017226537385944241e+01 8.058518051631043733e+00 1.475155137686332746e+05
1.359675629553193588e+01 3.808965791909861309e+01 3.014924422874766563e+01 8.135600812786112357e+00 1.474966080782442295e+05
1.367529643756338231e+01 3.806476551312677969e+01 3.007257179971931293e+01 8.230057759110252391e+00 1.472813598233438388e+05
1.375383657587516595e+01 3.818075564459282134e+01 3.012263522186112397e+01 8.359516454124074514e+00 1.478914286580814514e+05
1.383237671053064766e+01 3.813188664520514948e+01 3.006861644446808057e+01 8.426140950300830212e+00 1.474773110444798949e+05
1.391091684159175834e+01 3.822391258561474814e+01 3.008751862820300360e+01 8.549527172302404665e+00 1.478375597383050190e+05
1.398945696911903269e+01 3.811968095162094983e+01 3.006684909741133538e+01 8.604640194060783287e+00 1.470265533505450585e+05
1.406799709317166069e+01 3.808403064797941795e+01 2.990490464622303080e+01 8.723628061535528389e+00 1.480825256228774088e+05
1.414653721380751428e+01 3.792155234416234322e+01 2.979715993355176451e+01 8.814775459360362220e+00 1.475306747417578008e+05
1.422507733108318817e+01 3.820541106272629861e+01 2.998671798033327462e+01 8.881057545570630651e+00 1.470533023161546444e+05
1.430361744505403543e+01 3.800974373019703734e+01 2.988383522522216396e+01 9.001536835650046697e+00 1.473778297184312542e+05
1.438215755577419586e+01 3.789442687165438173e+01 2.975695737801224894e+01 9.095604613528797344e+00 1.472569073267661443e+05
1.446069766329663686e+01 3.777976279919688807e+01 2.974241072512339557e+01 9.207962987664272347e+00 1.467115145962434763e+05
1.453923776767318010e+01 3.794387033800574471e+01 2.970823132779911546e+01 9.337762874028314286e+00 1.470351925820344186e+05
1.461777786895453346e+01 3.778978503036272230e+01 2.970698999695140330e+01 9.403547603379466935e+00 1.469777343261525093e+05
1.469631796719032302e+01 3.797130039540896718e+01 2.980394415221022442e+01 9.506432882110397387e+00 1.464432413106886961e+05
1.477485806242911437e+01 3.786389455355809019e+01 2.973444560219034116e+01 9.595346160385020085e+00 1.465403579045180522e+05
1.485339815471844993e+01 3.779717012636267270e+01 2.965317194537938406e+01 9.701586617746867702e+00 1.462780461021939991e+05
1.493193824410487203e+01 3.771207335070435818e+01 2.954445177964816338e+01 9.847238911443213283e+00 1.470212603863549011e+05
1.501047833063394421e+01 3.768495039112544021e+01 2.961033364649467714e+01 9.943659335524529297e+00 1.466763523746951541e+05
1.508901841435028857e+01 3.772872519316051410e+01 2.958272221064918028e+01 1.003208705630469844e+01 1.464617274046287348e+05
1.516755849529759992e+01 3.781879938593239388e+01 2.949552462420799515e+01 1.016632605272388901e+01 1.464719840289525164e+05
1.524609857351867070e+01 3.759624030939605177e+01 2.946522135874271697e+01 1.025602445368111759e+01 1.462482688919468201e+05
1.532463864905541762e+01 3.759654052220040654e+01 2.948805047294921877e+01 1.033579228216459356e+01 1.457420862635000085e+05
1.540317872194890292e+01 3.751781379909208880e+01 2.940787460413062604e+01 1.046681534252175005e+01 1.462185316775370156e+05
1.548171879223935399e+01 3.747096346069676542e+01 2.933000528156481579e+01 1.054662425275252957e+01 1.457397908982422960e+05
1.556025885996618996e+01 3.765494587474037758e+01 2.947549022200879421e+01 1.069629317425435922e+01 1.464887593583341804e+05
1.563879892516803238e+01 3.755039518148217326e+01 2.946354306547996416e+01 1.078430774404694859e+01 1.459051543379235663e+05
1.571733898788273187e+01 3.749248091364901114e+01 2.939888570211362762e+01 1.089405119362262653e+01 1.453952066505164548e+05
1.579587904814739119e+01 3.759112881390046823e+01 2.941913110581612756e+01 1.101765359449688653e+01 1.463249073376665765e+05
1.587441910599837769e+01 3.745997075010876642e+01 2.940623540944061176e+01 1.111237606841978831e+01 1.455496327848548535e+05
1.595295916147133575e+01 3.741242546897341015e+01 2.931837303634900849e+01 1.123985340801842625e+01 1.456520457901781192e+05
1.603149921460121874e+01 3.743215524657468052e+01 2.927676334638101352e+01 1.136478539038605362e+01 1.456294662553777453e+05
1.611003926542229436e+01 3.748805637878550101e+01 2.930259749004484249e+01 1.149984874085657438e+01 1.460596246894685610e+05
1.618857931396816596e+01 3.741016484990561963e+01 2.927345397140323513e+01 1.162447591872384223e+01 1.459245705569099810e+05
1.626711936027179561e+01 3.739683813674093216e+01 2.937476199266649957e+01 1.167194518549109716e+01 1.454253142339501646e+05
1.634565940436549525e+01 3.736626890959355762e+01 2.925181271736196464e+01 1.185033179770949729e+01 1.454978919058892643e+05
1.642419944628097639e+01 3.742945387444577676e+01 2.926882726229126064e+01 1.195386190203226562e+01 1.449982640123947349e+05
1.650273948604932883e+01 3.744199980516147974e+01 2.929657343824144888e+01 1.209448504713878592e+01 1.451479458765905874e+05
1.658127952370107394e+01 3.739068044759194720e+01 2.924659613498708310e+01 1.222484841703789726e+01 1.456167471066623984e+05
1.665981955926614333e+01 3.746170397468676327e+01 2.926820850251754536e+01 1.235865705905405498e+01 1.458091918558046746e+05
1.673835959277390728e+01 3.743250506632925578e+01 2.926587212216761102e+01 1.245966407387375696e+01 1.454636979859113926e+05
1.681689962425318896e+01 3.739372852578996032e+01 2.918621705495631247e+01 1.262222715115715310e+01 1.453516456926151004e+05
1.689543965373228218e+01 3.738770237258891171e+01 2.922149124211687621e+01 1.274594173962063159e+01 1.458887978278345545e+05
1.697397968123895495e+01 3.730370472984868258e+01 2.918518359745111113e+01 1.280002892131376768e+01 1.453724864108874463e+05
1.705251970680045304e+01 3.733294242029457877e+01 2.917648172446894606e+01 1.292664194081448947e+01 1.452498899228833616e+05
1.713105973044353902e+01 3.721517858941438561e+01 2.916526561721424571e+01 1.305832977139316142e+01 1.452872448325392616e+05
1.720959975219447102e+01 3.741964151066887467e+01 2.924640718008934925e+01 1.318602284266247970e+01 1.452278090416495688e+05
1.728813977207903463e+01 3.735342398489137850e+01 2.927393720126361742e+01 1.333154972448889630e+01 1.457559460471991042e+05
1.736667979012256424e+01 3.738739246309205555e+01 2.926597496049315339e+01 1.346241514114607618e+01 1.457271650697353762e+05
1.744521980634991110e+01 3.740364175822672621e+01 2.924063426592741166e+01 1.361550175153699627e+01 1.457847966499748582e+05
1.752375982078550365e+01 3.732241629396252591e+01 2.919691649247979015e+01 1.375648369062380461e+01 1.452364013768243021e+05
1.760229983345331917e+01 3.734483497494646542e+01 2.921106699249370209e+01 1.387175104521027258e+01 1.455380810027989501e+05
1.768083984437692635e+01 3.754632376481285405e+01 2.943770890666303686e+01 1.402626489455515468e+01 1.458438590657263703e+05
1.775937985357945692e+01 3.750892098046079326e+01 2.942612959665870775e+01 1.414256755396578846e+01 1.460602230331147148e+05
1.783791986108364824e+01 3.759471208954487054e+01 2.945649814798876420e+01 1.431350182067835775e+01 1.459495470547898149e+05
1.791645986691183268e+01 3.750380281678687311e+01 2.939731539127459214e+01 1.445861540522306043e+01 1.461870442319180293e+05
1.799499987108595889e+01 3.742775437423289020e+01 2.940833579226036676e+01 1.458769229431740477e+01 1.461792758401829342e+05
1.807353987362759185e+01 3.759194314830464378e+01 2.947657850549392577e+01 1.473185644406325068e+01 1.463397805068395683e+05
1.815207987455791638e+01 3.764004505543950785e+01 2.951267066380948023e+01 1.484630950128858906e+01 1.465584272943483375e+05
1.823061987389775851e+01 3.774182188600512688e+01 2.963832027122109736e+01 1.504847742020604606e+01 1.464601321391368401e+05
1.830915987166758541e+01 3.768102269346172761e+01 2.955621125850712261e+01 1.520961982278037539e+01 1.470733134358960378e+05
1.838769986788751964e+01 3.783429318297918797e+01 2.966599071397468990e+01 1.531600016685847798e+01 1.469444898818823276e+05
1.846623986257733563e+01 3.770456893703794776e+01 2.961978178175515453e+01 1.545398264238142971e+01 1.470530057578459091e+05
1.854477985575647381e+01 3.784082694031918237e+01 2.973578857259915154e+01 1.562410438542880975e+01 1.468820082971531083e+05
1.862331984744404423e+01 3.790164470696721111e+01 2.974419876576117616e+01 1.576260024782630076e+01 1.473633584123054752e+05
1.870185983765884075e+01 3.799507586452313745e+01 2.987988196117334994e+01 1.597148860259696335e+01 1.477361381142415630e+05
1.878039982641934458e+01 3.791378719648540141e+01 2.985768898490946910e+01 1.609274047371162197e+01 1.484069762116920319e+05
1.885893981374372075e+01 3.806313129119220662e+01 2.989002163243323551e+01 1.623647237301368662e+01 1.486540173695043486e+05
1.893747979964983941e+01 3.818972187548594377e+01 2.998795274095747132e+01 1.642848411630842520e+01 1.486551382475006103e+05
1.901601978415527228e+01 3.821942846987893461e+01 3.009468029624085261e+01 1.653597074692638813e+01 1.489219270381996466e+05
1.909455976727730331e+01 3.844623840682959326e+01 3.021140244140707409e+01 1.674041842497513244e+01 1.489239086210830719e+05
1.917309974903293579e+01 3.844514334233697639e+01 3.016973063506595309e+01 1.690978621319093733e+01 1.498099700453245314e+05
1.925163972943889235e+01 3.833174662114846853e+01 3.024551568068164542e+01 1.703629088862014740e+01 1.492234729184980388e+05
1.933017970851161849e+01 3.857933907187597100e+01 3.036970766102596997e+01 1.724451146805095192e+01 1.505569336573797336e+05
1.940871968626730748e+01 3.861309236915472809e+01 3.045121316447916371e+01 1.735239070891957169e+01 1.510010074122427905e+05
1.948725966272188259e+01 3.873807275436767839e+01 3.052585325083930812e+01 1.748306628212703373e+01 1.508102700914331363e+05
1.956579963789100773e+01 3.877624634214579658e+01 3.060657702087186038e+01 1.766359604810455153e+01 1.511453629543337738e+05
1.964433961179010524e+01 3.878303843811944773e+01 3.068377817010105701e+01 1.786091647687260675e+01 1.517925793209940020e+05
1.972287958443434519e+01 3.899428434585055214e+01 3.075155929729579540e+01 1.803612149359019767e+01 1.523176961628621502e+05
1.980141955583865965e+01 3.930246928313070498e+01 3.104386410320179124e+01 1.823287135103913670e+01 1.520085959251440945e+05
1.987995952601774619e+01 3.926417383502403879e+01 3.105166616402438606e+01 1.836681824091721893e+01 1.526887074051040108e+05
1.995849949498606790e+01 3.947775355322829682e+01 3.118648224513736267e+01 1.851819199825922979e+01 1.536584397619270894e+05
2.003703946275786052e+01 3.950478461274952480e+01 3.125829168830792781e+01 1.872613189740343032e+01 1.535551154902589333e+05
2.011557942934713950e+01 3.954635794947534322e+01 3.136369290952974609e+01 1.889607344350596918e+01 1.541570586683301954e+05
2.019411939476770712e+01 3.967626895297078704e+01 3.139365631652264099e+01 1.909718355838497317e+01 1.542854409277914383e+05
2.027265935903314542e+01 3.966066215760665870e+01 3.150827569310656173e+01 1.929632993212065273e+01 1.541647175790959736e+05
2.035119932215682326e+01 3.962735650444986391e+01 3.152439784919771881e+01 1.943014112507917446e+01 1.539216267707695370e+05
2.042973928415191054e+01 3.950367221443998034e+01 3.148130043062368344e+01 1.954880782791017069e+01 1.532813364872815146e+05
2.050827924503137467e+01 3.960398288430539537e+01 3.155844530085747834e+01 1.976521608444932099e+01 1.535061200782585074e+05
2.058681920480798766e+01 3.963722168867209206e+01 3.153435585705671684e+01 1.994786788446261738e+01 1.535798565174139221e+05
2.066535916349431901e+01 3.945043135052794270e+01 3.154633082076746220e+01 1.999182042206720666e+01 1.534111994997751608e+05
2.074389912110275347e+01 3.939870699028703882e+01 3.149870216746259644e+01 2.017147073112700184e+01 1.536899073102429393e+05
2.082243907764548752e+01 3.939337904979543481e+01 3.152569624234171286e+01 2.027877431331392089e+01 1.533551809685251210e+05
2.090097903313453642e+01 3.945271422236609027e+01 3.159294264814463560e+01 2.045744559602677271e+01 1.533080943940095021e+05
2.097951898758173783e+01 3.949895298630676876e+01 3.159321194696143209e+01 2.070382857975398849e+01 1.526850449915963400e+05
2.105805894099874109e+01 3.935484613874529458e+01 3.166215919746927199e+01 2.075174956729459907e+01 1.527617543648897554e+05
2.113659889339703568e+01 3.936066061006159345e+01 3.163666485187725996e+01 2.106940455951570712e+01 1.526898509309008368e+05
2.121513884478793344e+01 3.939081405987522544e+01 3.166282079266661853e+01 2.119482163184203571e+01 1.528958724796721945e+05
2.129367879518258277e+01 3.937737072860283405e+01 3.160754991082552223e+01 2.134035309888067644e+01 1.526588613850966794e+05
2.137221874459196869e+01 3.937154263649539132e+01 3.166380329997257448e+01 2.148971050142697692e+01 1.523000921424521366e+05
2.145075869302691274e+01 3.916113759314080767e+01 3.157482976220146753e+01 2.164783068048384251e+01 1.522696260329436918e+05
2.152929864049807307e+01 3.922456381151848603e+01 3.172750583260944524e+01 2.183569928507747449e+01 1.525373831986564328e+05
2.160783858701596571e+01 3.935170465247600191e+01 3.182559054213846750e+01 2.206568557276523990e+01 1.528642150349855365e+05
2.168637853259094683e+01 3.934788503366935686e+01 3.187395667961994405e+01 2.211472419647920873e+01 1.522562455971438612e+05
2.176491847723321982e+01 3.922588329753186542e+01 3.179560343376674680e+01 2.234585566015348945e+01 1.524406236482528329e+05
2.184345842095285306e+01 3.922141758768707831e+01 3.188610794678998772e+01 2.260275438508524815e+01 1.525034410926946439e+05
2.192199836375975508e+01 3.925343556917491838e+01 3.196430951218281891e+01 2.271810008074377407e+01 1.521818856637584977e+05
2.200053830566371005e+01 3.928862997362455900e+01 3.194708164846953125e+01 2.288071167293591301e+01 1.520739513422994933e+05
2.207907824667434582e+01 3.924082911696226006e+01 3.200806017372107704e+01 2.306784082401783564e+01 1.519795275623756752e+05
2.215761818680116590e+01 3.903583395663034139e+01 3.197636722524556063e+01 2.322332374971485081e+01 1.517794119566373702e+05
2.223615812605353526e+01 3.917262969879286771e+01 3.208263681028571312e+01 2.343948041383798753e+01 1.521364558218171587e+05
2.231469806444068738e+01 3.924841261165313711e+01 3.213258611466562087e+01 2.354355936516724412e+01 1.521065665806371544e+05
2.239323800197172432e+01 3.925647386686630114e+01 3.214356516178742851e+01 2.377349123020220745e+01 1.522405900285778334e+05
2.247177793865562023e+01 3.919247586278947182e+01 3.217679788452067413e+01 2.400848289129409352e+01 1.520777710389975691e+05
2.255031787450123204e+01 3.926206898556292657e+01 3.218114653704378014e+01 2.417749677718074963e+01 1.517659177059836802e+05
2.262885780951728165e+01 3.918798805333067747e+01 3.215895545039892767e+01 2.439116177563044019e+01 1.523258627244530362e+05
2.270739774371238440e+01 3.923188318213157544e+01 3.227010731304412161e+01 2.452335347305753288e+01 1.514865906364461989e+05
2.278593767709502771e+01 3.926663697708440282e+01 3.233504002538014532e+01 2.473502919895014784e+01 1.522840115572906507e+05
2.286447760967358178e+01 3.927138733043590690e+01 3.236177407045785515e+01 2.486249551414037384e+01 1.517564643638927082e+05
2.294301754145629957e+01 3.920573396222360429e+01 3.244692638073939861e+01 2.509948806258280030e+01 1.520373013841751381e+05
2.302155747245133455e+01 3.918799251752414392e+01 3.254373531990987800e+01 2.525701271066814968e+01 1.519935945882063243e+05
2.310009740266672296e+01 3.913123982972977899e+01 3.250131914500262553e+01 2.551135874961402195e+01 1.520300540855280415e+05
2.317863733211038380e+01 3.922391972642854086e+01 3.256065380459376257e+01 2.564281601999250526e+01 1.521886870466303953e+05
2.325717726079013303e+01 3.917384756902167453e+01 3.271767584966094233e+01 2.575921719059023829e+01 1.517619678385743464e+05
2.333571718871368716e+01 3.927670418918411599e+01 3.279303608965498285e+01 2.611697118776740112e+01 1.521017622209776600e+05
2.341425711588865965e+01 3.911202802047350957e+01 3.279974699153602558e+01 2.631123924613510923e+01 1.521935615613906702e+05
2.349279704232255384e+01 3.928735766899912818e+01 3.287210548633995444e+01 2.649189985448757767e+01 1.522460931434441882e+05
2.357133696802278067e+01 3.929294496179382890e+01 3.298713226787526764e+01 2.668787740578770240e+01 1.523712869887121487e+05
2.364987689299664453e+01 3.917766604127153585e+01 3.288718966524558596e+01 2.684930316582850551e+01 1.520803508986715751e+05
2.372841681725136453e+01 3.940519837181641805e+01 3.304883523497874620e+01 2.707144764156509353e+01 1.523591518487579597e+05
2.380695674079405322e+01 3.946956515591346459e+01 3.313595840016687077e+01 2.727831761568766566e+01 1.516789506851066253e+05
2.388549666363174140e+01 3.956676074783811003e+01 3.321494505430958810e+01 2.743591650270494853e+01 1.525552935134191357e+05
2.396403658577134976e+01 3.939183473489421772e+01 3.329670637418615797e+01 2.766820109929982863e+01 1.523033603089038224e+05
2.404257650721972439e+01 3.946086799934142419e+01 3.343599671559293540e+01 2.792717317686646794e+01 1.525104126685297233e+05
2.412111642798362254e+01 3.954360989478150401e+01 3.341214801572001392e+01 2.819901889603862344e+01 1.531667437693559914e+05
2.419965634806970556e+01 3.948394541715666151e+01 3.361271290477245088e+01 2.830028261619095886e+01 1.523862899344234611e+05
2.427819626748454596e+01 3.959949075633558380e+01 3.363982524442123889e+01 2.851311058762825823e+01 1.526583724476117932e+05
2.435673618623464520e+01 3.956330427832600805e+01 3.374901839557445982e+01 2.872294118773197269e+01 1.528916019749339321e+05
2.443527610432640529e+01 3.970273261295885447e+01 3.386580803571197151e+01 2.885207928485031204e+01 1.531399968060406682e+05
2.451381602176616425e+01 3.979638697064991959e+01 3.391259650048887409e+01 2.925355402203479827e+01 1.534753230057760957e+05
2.459235593856016067e+01 3.968286278469560102e+01 3.393377254307743129e+01 2.942977153672247681e+01 1.533726757836215838e+05
2.467089585471456203e+01 3.977928750920977308e+01 3.394813854072261705e+01 2.959698074714520644e+01 1.537965967693623388e+05
2.474943577023546126e+01 3.993016021874090882e+01 3.419671913509406380e+01 2.980401023516156300e+01 1.537353784695669892e+05
2.482797568512887310e+01 3.987157871073051041e+01 3.425598161075276948e+01 3.011691976068368959e+01 1.541878670876436227e+05
2.490651559940072346e+01 4.000635425739642415e+01 3.428546109186085999e+01 3.044843788880099922e+01 1.551022953035504033e+05
2.498505551305688144e+01 3.994534681503886020e+01 3.435221668033540965e+01 3.063513305902544914e+01 1.539179068323427637e+05
2.506359542610313440e+01 4.011754545040664510e+01 3.442244046767109467e+01 3.086673036985226304e+01 1.547801959212490765e+05
2.514213533854519511e+01 4.008646025784450018e+01 3.462722926366021881e+01 3.113441678071744434e+01 1.547472890873905271e+05
2.522067525038871239e+01 4.021508140846906798e+01 3.468710499576256723e+01 3.136456747261007649e+01 1.550954050785565341e+05
2.529921516163925688e+01 4.016230115391893207e+01 3.475998034071614029e+01 3.154204579150101395e+01 1.550121913258295099e+05
2.537775507230233529e+01 4.038338564150372889e+01 3.476602785544703522e+01 3.175288417391507068e+01 1.551570360453918111e+05
2.545629498238338684e+01 4.047907747313002602e+01 3.509958402550687140e+01 3.195148704071466739e+01 1.560549124375298852e+05
2.553483489188777966e+01 4.045638617820485194e+01 3.507950803161507736e+01 3.219604814860721831e+01 1.562021773381448875e+05
2.561337480082082152e+01 4.040828530716622424e+01 3.522708316761864467e+01 3.241891495734657269e+01 1.557783704511287506e+05
2.569191470918774911e+01 4.047941732696726547e+01 3.536535394134433119e+01 3.271014788444261256e+01 1.557686132732422848e+05
2.577045461699373874e+01 4.071689432938271835e+01 3.561454728015701932e+01 3.305104583935454343e+01 1.563449698365644726e+05
2.584899452424390631e+01 4.059184355448924464e+01 3.553509476056294147e+01 3.328646217572684662e+01 1.570247718053990393e+05
2.592753443094329668e+01 4.061534359057759502e+01 3.569793313802117041e+01 3.346953299911110946e+01 1.568538280836837075e+05
2.600607433709690852e+01 4.091725024413242551e+01 3.580473776045031542e+01 3.380098099876001072e+01 1.582041557670593611e+05
2.608461424270966944e+01 4.093576716779265467e+01 3.598407534017763254e+01 3.401426894450511185e+01 1.579434650402426196e+05
2.616315414778644310e+01 4.109787560746564594e+01 3.609332445085396301e+01 3.410461087471943387e+01 1.576658833601272199e+05
2.624169405233205055e+01 4.103566896326199753e+01 3.617648515052110270e+01 3.450986984072316233e+01 1.589494337687338411e+05
2.632023395635124174e+01 4.120823023620867787e+01 3.635132349603753710e+01 3.486430359888817776e+01 1.593308982013405184e+05
2.639877385984871694e+01 4.119780330434009130e+01 3.644719096733241770e+01 3.501611681345897864e+01 1.588204177001595963e+05
2.647731376282911953e+01 4.139491768574431063e+01 3.666697874165880222e+01 3.530406184574600559e+01 1.587672463579342002e+05
2.655585366529703606e+01 4.140514214704010953e+01 3.679378279922781303e+01 3.554052426704178913e+01 1.591752094511649339e+05
2.663439356725699980e+01 4.151345744295642248e+01 3.686333401243282282e+01 3.580008016847254737e+01 1.605676700372428750e+05
2.671293346871349428e+01 4.169895311816245709e+01 3.702579986970214065e+01 3.607452294266924042e+01 1.608953386354419927e+05
2.679147336967094617e+01 4.165022089131552008e+01 3.716515167841970424e+01 3.634795093417955769e+01 1.604714957055039122e+05
2.687001327013372531e+01 4.178267118423231352e+01 3.724202432939305396e+01 3.671856984974845517e+01 1.614756476387597504e+05
2.694855317010616602e+01 4.173491110096831846e+01 3.739856537481585974e+01 3.683141598508836267e+01 1.616559606201423740e+05
2.702709306959254221e+01 4.206991397605423799e+01 3.761359485699260574e+01 3.692976628318547938e+01 1.618089174714481051e+05
2.710563296859707094e+01 4.198797148399425794e+01 3.761474409249591844e+01 3.737707293884701443e+01 1.617195108841579058e+05
2.718417286712393377e+01 4.211913619885213933e+01 3.782007674813750953e+01 3.743830945464530657e+01 1.621242390771265491e+05
2.726271276517725894e+01 4.227119994712850826e+01 3.804012256148376281e+01 3.768855758892376429e+01 1.617500826137088588e+05
2.734125266276112498e+01 4.204526699865026984e+01 3.793390403202337069e+01 3.813925354592603867e+01 1.623096028472351318e+05
2.741979255987956776e+01 4.241944660438545611e+01 3.838106457166951202e+01 3.836695298991993042e+01 1.635272458993086766e+05
2.749833245653658054e+01 4.254800044208246135e+01 3.838955325433043697e+01 3.858924421228567070e+01 1.638098915058855782e+05
2.757687235273609616e+01 4.230062234235421670e+01 3.851113547338800203e+01 3.878982463174127560e+01 1.638745224992147705e+05
2.765541224848202262e+01 4.249085971941633488e+01 3.867791193036713082e+01 3.898611739390630504e+01 1.636296135912937170e+05
2.773395214377820395e+01 4.261101867368655860e+01 3.888073995720096576e+01 3.955352920510535597e+01 1.640013179707825475e+05
2.781249203862845576e+01 4.244903706829232704e+01 3.870141414960946946e+01 3.968830381312792355e+01 1.640653693935698830e+05
2.789103193303654038e+01 4.270921039208165126e+01 3.889785194919348754e+01 3.994882492212335023e+01 1.642703495006049052e+05
2.796957182700618816e+01 4.262687785336139257e+01 3.926930454091406375e+01 4.027400444967368998e+01 1.638966461669027922e+05
2.804811172054107615e+01 4.261698982023906979e+01 3.916770474269837621e+01 4.043492455644005901e+01 1.639974453947947186e+05
2.812665161364485655e+01 4.258642019784392829e+01 3.922279846836894279e+01 4.065684621210063199e+01 1.640480890821447247e+05
2.820519150632112115e+01 4.262419905059506675e+01 3.951815653377118309e+01 4.089929408385348353e+01 1.634546117877298675e+05
2.828373139857343332e+01 4.241375281510278228e+01 3.923337328455492923e+01 4.126254952127238340e+01 1.646953784905149951e+05
2.836227129040531736e+01 4.245259859808217584e+01 3.961173845701259921e+01 4.141304374032318236e+01 1.637058079599094053e+05
2.844081118182025847e+01 4.265362281760619112e+01 3.933489007168029872e+01 4.175680382598289242e+01 1.643856949073991564e+05
2.851935107282169923e+01 4.241812306503543795e+01 3.952205610184721962e+01 4.182593705523409255e+01 1.625673158896309324e+05
2.859789096341304315e+01 4.222473557506050668e+01 3.933572746531525155e+01 4.194727332534843356e+01 1.616590309205465892e+05
2.867643085359765820e+01 4.219410983816108285e+01 3.948057987805154312e+01 4.202618671952700424e+01 1.623867513806353963e+05
2.875497074337888392e+01 4.221317440395602461e+01 3.993552338216990449e+01 4.285605088353520387e+01 1.631339194321226387e+05
2.883351063276001369e+01 4.228701623520829855e+01 3.964886810927552574e+01 4.293377944238348221e+01 1.626822107186620415e+05
2.891205052174430890e+01 4.217557962290980811e+01 3.971063272254561127e+01 4.323574766718192564e+01 1.630402297090271022e+05
2.899059041033499184e+01 4.226602853090847134e+01 3.978356693351057771e+01 4.365056219458289632e+01 1.639436159634434734e+05
2.906913029853525643e+01 4.245335437116239063e+01 3.995501465060272750e+01 4.358857291201209705e+01 1.637739912503290398e+05
2.914767018634825746e+01 4.232802034991185280e+01 4.016133728304002659e+01 4.392723845302491981e+01 1.628343358321136620e+05
2.922621007377712132e+01 4.245102428715104992e+01 4.031832406079202968e+01 4.434747655987117554e+01 1.636689806863543345e+05
2.930474996082492822e+01 4.242321515486928263e+01 4.051442576344955171e+01 4.416072962538848401e+01 1.639742818214553117e+05
2.938328984749474060e+01 4.234903545214571352e+01 4.051034571828846254e+01 4.472368837964005905e+01 1.632757666458310268e+05
2.946182973378957826e+01 4.219143196214731972e+01 4.035072526761354794e+01 4.465990285966124418e+01 1.621152603528166364e+05
2.954036961971243258e+01 4.246141690976189409e+01 4.058651341147457714e+01 4.523091523317894769e+01 1.632082969267041481e+05
2.961890950526625943e+01 4.254868272663215834e+01 4.051890136812739485e+01 4.527651025605604929e+01 1.639509566848795512e+05
2.969744939045398979e+01 4.274643489555940334e+01 4.087411528040841802e+01 4.605037721660226424e+01 1.640647320985275728e+05
2.977598927527852268e+01 4.227528485166845940e+01 4.065913382239582319e+01 4.549923151458784787e+01 1.635582777271331579e+05
2.985452915974272159e+01 4.263256664794009509e+01 4.138240798008587973e+01 4.594708874162434853e+01 1.638436605578121671e+05
2.993306904384942868e+01 4.260130777738886820e+01 4.116795688385926155e+01 4.624167956182775185e+01 1.642543931312523491e+05
3.001160892760143994e+01 4.271439683124734898e+01 4.145222917194100631e+01 4.635744046488120063e+01 1.646597844194730278e+05
3.009014881100154071e+01 4.312325361396464274e+01 4.167432167091053685e+01 4.724074731018603046e+01 1.659225601272700878e+05
3.016868869405248077e+01 4.314735588155753732e+01 4.173827571568823913e+01 4.777374503407951778e+01 1.668084317028897931e+05
3.024722857675697441e+01 4.312387831863130572e+01 4.176055598570540894e+01 4.775851264613103808e+01 1.678565232765641704e+05
3.032576845911771457e+01 4.305327757087869855e+01 4.265441466573425799e+01 4.830310468207935770e+01 1.664874179293169582e+05
3.040430834113736580e+01 4.321496744645963162e+01 4.228633410081840793e+01 4.912656386052394453e+01 1.677214060938494222e+05
3.048284822281856421e+01 4.287152804990364530e+01 4.228900061498035967e+01 4.891332362264193279e+01 1.655644649323519552e+05
3.056138810416392460e+01 4.368087120571841098e+01 4.213496524893317741e+01 4.892545338733761895e+01 1.678122898292666941e+05
3.063992798517602267e+01 4.341913695033662179e+01 4.264008670358402497e+01 4.924387510560325154e+01 1.670244452993131417e+05
3.071846786585741640e+01 4.321539685697388222e+01 4.286280242273109309e+01 4.993074998614501681e+01 1.682919792231033498e+05
3.079700774621063886e+01 4.418964105047763979e+01 4.275189294218925085e+01 4.979870076432342074e+01 1.695557183962631389e+05
3.087554762623818760e+01 4.374598748573460227e+01 4.356738901936024178e+01 5.069045724483408577e+01 1.679874461944042996e+05
3.095408750594254599e+01 4.382191399119014363e+01 4.305593683715952835e+01 5.121249524223036786e+01 1.696978374450666888e+05
3.103262738532617249e+01 4.456237174234180287e+01 4.394133939715647585e+01 5.133247811206746292e+01 1.700312048462661915e+05
3.111116726439149005e+01 4.446676900134979604e+01 4.391957846874723970e+01 5.206969569343235804e+01 1.693126424331999733e+05
3.118970714314090387e+01 4.491271457945862977e+01 4.425682747006502638e+01 5.231039668935884634e+01 1.717159948078138987e+05
3.126824702157679781e+01 4.486177591159541578e+01 4.449311610326852673e+01 5.304643886895892280e+01 1.710196307064227585e+05
3.134678689970152377e+01 4.471648115482397401e+01 4.435488149193810870e+01 5.242637097520329803e+01 1.724770241350333381e+05
3.142532677751741588e+01 4.524458019476087856e+01 4.488727779916311533e+01 5.377554105717953803e+01 1.750673304547684966e+05
3.150386665502678696e+01 4.550591729980287425e+01 4.464561466020752079e+01 5.391097850515554057e+01 1.748545064476722328e+05
3.158240653223192140e+01 4.553662127939329451e+01 4.533186708495980355e+01 5.386972769662252603e+01 1.752572497788985493e+05
3.166094640913508229e+01 4.545674555490786162e+01 4.562011933547024256e+01 5.462321950777739943e+01 1.768347704021139652e+05
3.173948628573851494e+01 4.553695224170309785e+01 4.584548022919458532e+01 5.488171817056002055e+01 1.761012316449993232e+05
3.181802616204443623e+01 4.553002665921008685e+01 4.614044539543414203e+01 5.494283602428048852e+01 1.747848229747322039e+05
3.189656603805504531e+01 4.551644327249034916e+01 4.569361562810995281e+01 5.541631936074188758e+01 1.765360304204219428e+05
3.197510591377251998e+01 4.671305274477695946e+01 4.702724863233542152e+01 5.650960238612554321e+01 1.790817055159882584e+05
3.205364578919900964e+01 4.669197683334919446e+01 4.684870457767277685e+01 5.711672339426604594e+01 1.805187411639837374e+05
3.213218566433665302e+01 4.647351012377912838e+01 4.644898134167843295e+01 5.656208989767749529e+01 1.808777515882706502e+05
3.221072553918755688e+01 4.649847559294911292e+01 4.691466914929920051e+01 5.809123754913645143e+01 1.780519475334998278e+05
3.228926541375382442e+01 4.651948659011410570e+01 4.731105087482374927e+01 5.700390985552223100e+01 1.796573501019778487e+05
3.236780528803751622e+01 4.714931072825717706e+01 4.786063892172966661e+01 5.785840834748083950e+01 1.820087957104418601e+05
3.244634516204068575e+01 4.755857130442054626e+01 4.804753281884432425e+01 5.792229291766847865e+01 1.828608734748743300e+05
3.252488503576537227e+01 4.735844984000949154e+01 4.759466389070563253e+01 5.789928352499981656e+01 1.825628905644923507e+05
3.260342490921358660e+01 4.763628700811186434e+01 4.764975225369754241e+01 5.808934789402132282e+01 1.830807591938468395e+05
3.268196478238731828e+01 4.809505956643865687e+01 4.727952314745344609e+01 5.825462910988077425e+01 1.840366832975957077e+05
3.276050465528854261e+01 4.851351868940452050e+01 4.897426918818025854e+01 5.935240082062247069e+01 1.920948188263907505e+05
3.283904452791921358e+01 4.878421258033332464e+01 4.906746681894973250e+01 5.981795570339336621e+01 1.875857463733639452e+05
3.291758440028127097e+01 4.985058942964169404e+01 4.828702059741735297e+01 5.841624468644565837e+01 1.873440422920668498e+05
3.299612427237663326e+01 4.909771992805452356e+01 4.843064662217312133e+01 6.018365349087792282e+01 1.890505027765726263e+05
3.307466414420719758e+01 4.825361894635322813e+01 4.847717525295558261e+01 5.742689795788903240e+01 1.878887234374127293e+05
3.315320401577483977e+01 5.026120865419247963e+01 5.095495355768886014e+01 6.056417038787095208e+01 1.906164107374031446e+05
3.323174388708143567e+01 4.833501014212124858e+01 5.122130137489186552e+01 6.151916891524574282e+01 1.874962320193471969e+05
3.331028375812883269e+01 5.046729982293184236e+01 5.078312161262017099e+01 6.043198493400333149e+01 1.934631525240725605e+05
3.338882362891884981e+01 5.115589844777016992e+01 5.059557118856746882e+01 6.321362421516707286e+01 1.941227778883690189e+05
3.346736349945329891e+01 4.997451605005382191e+01 5.197334909966541971e+01 6.263080366818515188e+01 1.854134687934439571e+05
3.354590336973399189e+01 5.017303651237606488e+01 5.150288349670061194e+01 6.296473070799938654e+01 1.973664485368199530e+05
3.362444323976268379e+01 5.337687984121265572e+01 5.103875800600835788e+01 6.303483966029649821e+01 1.987457365829957998e+05
3.370298310954115806e+01 4.996622874915328083e+01 5.174559612647959028e+01 6.665810247762561858e+01 1.927098519860843080e+05
3.378152297907114132e+01 5.109847656487407619e+01 5.322320137442228116e+01 6.610468678664996389e+01 1.947631385492361442e+05
3.386006284835436730e+01 5.143515892788663990e+01 5.103583374417095797e+01 6.486419263425921145e+01 1.965629906788429071e+05
3.393860271739255552e+01 5.180055139830617605e+01 5.221670852820014375e+01 6.432917800533581953e+01 1.930751552658308938e+05
3.401714258618739706e+01 5.382697769500629903e+01 5.287704100325616707e+01 6.940835362636505579e+01 1.894561253461309243e+05
3.409568245474058301e+01 5.529406308116823965e+01 5.228945063214632683e+01 6.757918000268919911e+01 2.116121428430434025e+05
3.417422232305376895e+01 5.222067810578234770e+01 5.336985940823127095e+01 6.430698974049079197e+01 1.926872790524104785e+05
3.425276219112861043e+01 5.448598894605726883e+01 5.753666229289884626e+01 6.711162069746991676e+01 2.211515406317670713e+05
3.433130205896674880e+01 5.876618890795354844e+01 5.650014720099675714e+01 7.077897126298350372e+01 2.166242807966254186e+05
3.440984192656979701e+01 5.862999137427392071e+01 5.861000103124152361e+01 7.360868847401509640e+01 2.260989196833229507e+05
3.448838179393936088e+01 6.459701088566423266e+01 5.634018538733648285e+01 7.087190192800126454e+01 2.450171571870311454e+05
3.456692166107702491e+01 5.742077067814289393e+01 5.796359744345892295e+01 6.150187650301473496e+01 2.416302355946851312e+05
3.464546152798438072e+01 7.758229639108508024e+01 4.199830681505579122e+01 6.180465793983870526e+01 1.814614957770840847e+05
3.472400139466299152e+01 4.320510995116799791e+01 7.889055947798104285e+01 9.250774793461395973e+01 2.084043911905491259e+05
