# 0.9994 0.9998
7.871241428633635184e-02 2.871568874631355572e-01 2.916952701839924944e-01 5.257441380211699730e-05 9.639082669099760778e+02
1.618072713909662341e-01 7.253521075999492806e-01 7.303822211101607120e-01 2.960962047671924385e-04 3.846010250669854031e+03
2.418771330418761079e-01 1.689874960092098144e+00 1.682297141665398232e+00 3.540561570700419226e-04 5.274158181202267770e+03
3.211923215201240578e-01 2.289713320951376918e+00 2.300716927672664447e+00 8.904888349729024946e-04 1.029451988954576518e+04
4.002017901256537113e-01 2.262737156526771987e+00 2.266594795422774311e+00 1.225105976613450470e-03 1.453022309722448335e+04
4.790568272527075955e-01 2.767985719496242503e+00 2.747827401160021221e+00 1.984598318884036108e-03 1.426126047642821504e+04
5.578229290343351687e-01 3.035792152334312544e+00 3.002946932078415454e+00 2.805648706060514305e-03 2.061248537613599547e+04
6.365331115321660738e-01 3.789079255542566749e+00 3.739361676144251412e+00 3.874396158655846276e-03 2.202720503146239571e+04
7.152058371535838788e-01 3.430579539405508083e+00 3.375646785492368185e+00 5.152074489682444310e-03 2.523618180419973942e+04
7.938522421846891941e-01 3.924879956441522655e+00 3.838773853521071810e+00 6.215540531205035121e-03 2.644550353459051985e+04
8.724794443688169698e-01 4.381959384940820712e+00 4.264543309566919405e+00 7.374325018865727707e-03 2.833179362075729296e+04
9.510922062407737299e-01 4.341087369157087927e+00 4.220265790557866659e+00 8.583842300117858898e-03 3.095148214069095411e+04
1.029693835175838679e+00 5.244505565789826740e+00 5.053191092522630434e+00 1.067610218292318683e-02 3.154322339435475078e+04
1.108286699878543891e+00 5.518105458921672479e+00 5.317748740832308307e+00 1.217739647165302572e-02 3.243121327449784440e+04
1.186872541411916560e+00 5.557150892142886711e+00 5.324619773789824428e+00 1.488290143676804060e-02 3.444484711373723258e+04
1.265452668213572940e+00 6.021582977885105770e+00 5.748835491080332538e+00 1.676569365821990731e-02 3.643336816040419217e+04
1.344028082638708543e+00 6.265354164418650562e+00 5.968183559324639731e+00 1.936261246775733760e-02 3.952062264160226187e+04
1.422599565533279709e+00 6.849413456243904186e+00 6.540305480855359122e+00 2.065946747841627962e-02 3.906077764607760764e+04
1.501167734229200246e+00 7.418059501348013285e+00 7.029459276394846690e+00 2.443148097273178249e-02 4.123587759286662185e+04
1.579733083222462531e+00 7.381937336385097304e+00 6.987209670642108073e+00 2.752433467988867066e-02 4.426133286135439994e+04
1.658296013281593151e+00 7.545279545113449338e+00 7.123561557657231980e+00 2.930486614226879977e-02 4.469468229410162894e+04
1.736856852652245875e+00 8.068835274727812035e+00 7.581353247300010700e+00 3.333313947790611520e-02 4.463611977437866881e+04
1.815415872753641580e+00 8.503511905682776373e+00 7.989080747348981326e+00 3.661406073478458423e-02 4.685195076468370826e+04
1.893973299967037560e+00 8.983644241846793221e+00 8.419472308735265642e+00 4.122642895975324462e-02 4.796453849178507517e+04
1.972529324606241641e+00 9.082883109720000903e+00 8.507034911370340069e+00 4.443148999444250513e-02 5.021819487420513906e+04
2.051084107826015579e+00 9.253353271957809767e+00 8.623376406179444231e+00 4.849322064516191355e-02 5.150271215131269128e+04
2.129637787001040561e+00 9.911140360070694655e+00 9.229493394311807819e+00 5.236997286055841000e-02 5.343053111849592096e+04
2.208190479956450680e+00 1.006361455619429890e+01 9.348898803723074025e+00 5.763758424514074663e-02 5.414981462332543742e+04
2.286742288326184092e+00 1.030174367628345422e+01 9.579536339256783606e+00 6.097781673944844411e-02 5.433704709230484150e+04
2.365293300241981811e+00 1.037067082580335153e+01 9.608120131648632878e+00 6.626931732826582544e-02 5.509479010222374927e+04
2.443843592503681883e+00 1.059962433527161707e+01 9.813811057553575523e+00 7.077797233348602501e-02 5.754247666394450061e+04
2.522393232343909553e+00 1.111238197978503983e+01 1.028061189417203991e+01 7.593728815234014606e-02 5.852532697339886363e+04
2.600942278872942381e+00 1.114219899465704522e+01 1.027474271957559182e+01 8.239009246093306760e-02 6.073466123199780122e+04
2.679490784269383141e+00 1.121831798816420367e+01 1.027776372171403629e+01 8.755043817492660918e-02 5.998758943023908068e+04
2.758038794767343038e+00 1.155165210223715633e+01 1.062538699714078305e+01 9.218575824375176142e-02 6.191011821953975596e+04
2.836586351479573942e+00 1.178671920352119606e+01 1.081572203666091170e+01 9.915572265279419539e-02 6.415800761339523888e+04
2.915133491087511963e+00 1.206178957585087552e+01 1.104450764669152107e+01 1.047139936759089451e-01 6.370092723488614865e+04
2.993680246422668834e+00 1.235353136328087054e+01 1.132156310015266598e+01 1.107510172385533925e-01 6.377170928211045975e+04
3.072226646958827967e+00 1.232974138167525702e+01 1.123269883775916433e+01 1.199356953577516982e-01 6.624897483199310955e+04
3.150772719230606977e+00 1.230808214468025952e+01 1.123284807383869932e+01 1.241619104710616484e-01 6.653965497266508464e+04
3.229318487190934395e+00 1.227206269853798659e+01 1.116406309825518051e+01 1.339338150419048246e-01 6.673208482988951437e+04
3.307863972517584905e+00 1.247450519287776416e+01 1.131483460703864274e+01 1.391530554911003525e-01 6.791105358930162038e+04
3.386409194877053608e+00 1.265436137167736952e+01 1.145839881289858475e+01 1.477578478536594464e-01 7.009387379207457707e+04
3.464954172152534095e+00 1.258285399236161695e+01 1.139347669401496077e+01 1.538384850376664503e-01 7.016042788012095843e+04
3.543498920641575456e+00 1.276884949997753438e+01 1.153312987015050872e+01 1.625845252034939237e-01 7.193473269726334547e+04
3.622043455228019404e+00 1.273429978771584459e+01 1.150808955512754927e+01 1.705657555480692977e-01 7.201950294294903870e+04
3.700587789532037597e+00 1.286228647264535141e+01 1.157585731527364992e+01 1.803805215272133444e-01 7.309296186937893799e+04
3.779131936041457696e+00 1.285470021374444904e+01 1.156732958586512972e+01 1.875272358105334880e-01 7.412420168518058199e+04
3.857675906227046259e+00 1.288964829103806053e+01 1.158620039533548329e+01 1.947639034393583157e-01 7.514112455631468038e+04
3.936219710643986680e+00 1.290649929935643492e+01 1.156847313085114592e+01 2.050102154041348879e-01 7.585000529167188506e+04
4.014763359021444877e+00 1.297734310296787186e+01 1.161294644266572540e+01 2.144843624395305348e-01 7.528260028821832384e+04
4.093306860341824560e+00 1.290797267803882598e+01 1.151505052982416188e+01 2.239876851382128220e-01 7.726650228592638450e+04
4.171850222911064776e+00 1.309384004718688210e+01 1.168272100522543333e+01 2.305046935490070725e-01 7.775591044103263994e+04
4.250393454421145911e+00 1.286021319648736139e+01 1.144397695202745702e+01 2.434335925713065618e-01 7.781198260671997559e+04
4.328936562005788247e+00 1.300257027826292067e+01 1.160131838532667281e+01 2.505052102770517486e-01 7.999203976198588498e+04
4.407479552290201497e+00 1.296988809413484667e+01 1.153701067736267127e+01 2.593331014914451726e-01 7.970890507943015837e+04
4.486022431435594982e+00 1.284990132668223950e+01 1.142769717785818173e+01 2.675965232354794998e-01 8.077662081472871068e+04
4.564565205179107465e+00 1.297719372061807341e+01 1.151150738012262131e+01 2.820183018960155663e-01 8.172626496599220263e+04
4.643107878869670024e+00 1.298814760438197879e+01 1.149593600523889414e+01 2.914048512352525599e-01 8.270971569120188360e+04
4.721650457500300213e+00 1.289643866226296787e+01 1.138459485609005384e+01 2.995989778968528028e-01 8.256478342318316572e+04
4.800192945737217443e+00 1.297839604484198972e+01 1.143511535756138109e+01 3.141386143156895128e-01 8.382886282411433058e+04
4.878735347946150824e+00 1.297164389819784702e+01 1.143970513684904944e+01 3.220088268224355343e-01 8.480419100101631193e+04
4.957277668216146793e+00 1.300643380102319391e+01 1.142611245320150459e+01 3.434616680969532210e-01 8.486081135812327557e+04
5.035819910381144737e+00 1.304061624537141029e+01 1.144648492488566305e+01 3.504688102413814899e-01 8.463190518500756298e+04
5.114362078039562221e+00 1.302379807740118700e+01 1.139662829964442281e+01 3.639640963145460151e-01 8.614716668233431119e+04
5.192904174572115394e+00 1.280778507888667228e+01 1.120649261465829127e+01 3.729821510429539577e-01 8.692249241625092691e+04
5.271446203158030919e+00 1.292785135538292351e+01 1.128828364586414601e+01 3.876569795747666358e-01 8.777134286476508714e+04
5.349988166789838573e+00 1.293546826046399900e+01 1.128720197919258439e+01 3.990731818922066965e-01 8.779978895922334050e+04
5.428530068286878674e+00 1.302138828679809279e+01 1.131089070978162781e+01 4.183582604352689693e-01 8.877166622977529187e+04
5.507071910307648643e+00 1.296656263423398769e+01 1.128079195968536830e+01 4.278775141400234516e-01 8.900058298810872657e+04
5.585613695361120179e+00 1.302868217288576069e+01 1.129192684648921308e+01 4.473592995148901741e-01 9.090167856586026028e+04
5.664155425817094525e+00 1.304753774883034190e+01 1.130919805998401273e+01 4.547063280276923969e-01 9.035482251349475700e+04
5.742697103915729961e+00 1.300416873805236584e+01 1.127199159715316057e+01 4.610958341067539767e-01 9.069316322121245321e+04
5.821238731776284148e+00 1.303056418415062012e+01 1.128732702544064814e+01 4.785179088635220790e-01 9.107199007055694528e+04
5.899780311405160127e+00 1.308815038146813059e+01 1.131136980234596479e+01 4.907880244926901003e-01 9.208251405588812486e+04
5.978321844703323507e+00 1.311938284273542443e+01 1.133948330713248076e+01 5.038454936678731233e-01 9.259502205917271203e+04
6.056863333473133437e+00 1.311996361110482390e+01 1.132831555910884092e+01 5.211275699743790346e-01 9.374493978514883202e+04
6.135404779424661115e+00 1.307499831707750637e+01 1.122323242684152156e+01 5.406331847478772490e-01 9.437889899821582367e+04
6.213946184181517118e+00 1.322236128680392397e+01 1.139905575432261031e+01 5.507929480812472356e-01 9.465233612575373263e+04
6.292487549286247983e+00 1.341954272239613921e+01 1.152244410235443972e+01 5.688428427128371379e-01 9.552168244916484400e+04
6.371028876205335756e+00 1.334279572972413064e+01 1.145458200443627916e+01 5.728481847718136510e-01 9.494855186362893437e+04
6.449570166333828070e+00 1.321473551093787968e+01 1.131705147532846389e+01 5.946383231880134623e-01 9.652027782727214799e+04
6.528111420999634262e+00 1.341144219109355618e+01 1.146544749717561729e+01 6.105119054435956816e-01 9.589664599363929301e+04
6.606652641467518627e+00 1.336039815594941516e+01 1.141269557518833366e+01 6.274039021400235061e-01 9.669671984252761467e+04
6.685193828942805006e+00 1.354764223365409848e+01 1.155192842122332664e+01 6.409972395259284639e-01 9.632867985843586212e+04
6.763734984574836240e+00 1.345938543229083528e+01 1.146897568070050077e+01 6.558285602797474523e-01 9.629248344963796262e+04
6.842276109460177835e+00 1.345216733278327403e+01 1.141950483494234447e+01 6.795030926249164827e-01 9.759351863200963999e+04
6.920817204645620890e+00 1.352664529488223266e+01 1.149534816115602887e+01 6.961191383466668325e-01 9.840393879207290593e+04
6.999358271130968312e+00 1.367358162098001273e+01 1.161472888132575498e+01 7.147849911211937579e-01 9.892352812160224130e+04
7.077899309871646949e+00 1.367010405790203542e+01 1.159625489324449532e+01 7.262513792168595606e-01 9.959162407938040269e+04
7.156440321781138536e+00 1.382990798803463051e+01 1.172962930851829277e+01 7.417835340140458422e-01 9.872263785221864237e+04
7.234981307733260536e+00 1.402178987310174918e+01 1.179512465564641843e+01 7.724117687833099710e-01 9.959213343205394631e+04
7.313522268564292439e+00 1.388120617521157030e+01 1.169987274333727889e+01 7.820250339707367493e-01 9.944412225132384629e+04
7.392063205074973276e+00 1.393078273071952644e+01 1.175045194853306185e+01 7.978598390611564284e-01 9.945153042235493194e+04
7.470604118032365015e+00 1.395320553610383563e+01 1.172341540125158055e+01 8.233955099170483516e-01 1.007095159234021412e+05
7.549145008171610272e+00 1.404340311050613721e+01 1.180405651842482051e+01 8.339741848415510583e-01 1.011490085186123033e+05
7.627685876197570103e+00 1.404838719353744736e+01 1.178956646329061542e+01 8.594884105132002405e-01 1.013826796012140112e+05
7.706226722786373884e+00 1.419304623482791072e+01 1.189908710611525322e+01 8.747690901107275652e-01 1.013805852654448536e+05
7.784767548586863484e+00 1.411291958108936839e+01 1.182809951555831240e+01 8.882348880046082584e-01 1.007914968793361768e+05
7.863308354221953955e+00 1.430466618148103031e+01 1.199426130717318451e+01 9.096716403050392197e-01 1.022953291787186463e+05
7.941849140289923170e+00 1.446300903891225786e+01 1.209076277992227055e+01 9.326697463829739521e-01 1.011303520960188616e+05
8.020389907365611748e+00 1.438449541650984642e+01 1.200066764857032631e+01 9.539200384881679762e-01 1.033452775508616760e+05
8.098930656001561701e+00 1.442774682928139107e+01 1.203213119482193960e+01 9.763145701756121841e-01 1.029055391230682289e+05
8.177471386729090241e+00 1.453626037887156919e+01 1.213025947917058645e+01 9.889758496685961964e-01 1.029383256453979557e+05
8.256012100059292536e+00 1.463006332315100622e+01 1.217432384379170252e+01 1.012292398725248788e+00 1.033243087288808747e+05
8.334552796484000936e+00 1.456145331161768475e+01 1.212435729205792434e+01 1.028545934899689707e+00 1.036687331957695569e+05
8.413093476476680266e+00 1.471159773849385033e+01 1.222470812850638566e+01 1.048632745981624259e+00 1.033264192559872754e+05
8.491634140493276917e+00 1.478775063499192832e+01 1.226938467474634287e+01 1.071196394487659687e+00 1.035751867547585134e+05
8.570174788973028868e+00 1.480887644066954323e+01 1.226211774950268918e+01 1.087480102894327727e+00 1.037956900958035840e+05
8.648715422339215309e+00 1.491733191229005584e+01 1.238893564173734774e+01 1.108822832221795229e+00 1.046075091149124346e+05
8.727256040999876063e+00 1.485566864495571693e+01 1.232330284610349835e+01 1.131560977760059039e+00 1.041249015025564731e+05
8.805796645348495488e+00 1.500616757042777039e+01 1.240777474910409239e+01 1.159398685183288924e+00 1.036513039273891045e+05
8.884337235764643737e+00 1.507186426188988371e+01 1.245719487905784995e+01 1.175087603871449282e+00 1.041808504567693744e+05
8.962877812614589601e+00 1.515775410963117231e+01 1.252471858825897577e+01 1.200036913700057495e+00 1.051787000885472225e+05
9.041418376251867173e+00 1.519409073488434458e+01 1.256146369626906178e+01 1.219292472136874306e+00 1.056932957404551271e+05
9.119958927017840722e+00 1.510173074862936815e+01 1.249479266599348293e+01 1.243886055207904073e+00 1.052870558998458000e+05
9.198499465242209183e+00 1.528659959560384785e+01 1.258027301433264711e+01 1.273247080590162117e+00 1.055940168026707979e+05
9.277039991243508865e+00 1.526032934637238370e+01 1.254892417096898960e+01 1.295353033808237075e+00 1.049778210481805581e+05
9.355580505329580632e+00 1.539295417000629662e+01 1.265723369457930758e+01 1.311899246804953734e+00 1.056705241312369908e+05
9.434121007798012215e+00 1.542511545806791950e+01 1.268237272361064427e+01 1.330430128202395812e+00 1.058053205973634031e+05
9.512661498936562765e+00 1.558358283556879087e+01 1.276073706281417408e+01 1.366516945442690423e+00 1.062864628628936334e+05
9.591201979023569635e+00 1.556004676075878201e+01 1.278124558316480375e+01 1.390409866660863969e+00 1.058108260891175305e+05
9.669742448328321416e+00 1.561085630184566497e+01 1.280213488594084659e+01 1.417094695728528864e+00 1.055620468652287673e+05
9.748282907111432749e+00 1.567509465949893865e+01 1.282979643259315594e+01 1.434307919128403830e+00 1.063286121600310435e+05
9.826823355625185386e+00 1.569352897135772018e+01 1.285326303642789192e+01 1.454019481117458046e+00 1.062539118997238256e+05
9.905363794113858589e+00 1.577473000366471467e+01 1.287764981174730572e+01 1.491471249827234002e+00 1.060088348794952035e+05
9.983904222814045326e+00 1.572768929139887284e+01 1.284208647228125422e+01 1.513476252436439129e+00 1.060812728023278760e+05
1.006244464195495070e+01 1.585884254249869940e+01 1.294458186967176161e+01 1.538973827552624352e+00 1.063252643375907937e+05
1.014098505175868148e+01 1.581804031609084404e+01 1.291209502972411904e+01 1.559511944193940236e+00 1.061049079416691238e+05
1.021952545244051613e+01 1.585562563790962898e+01 1.291128634105072770e+01 1.583843860986622998e+00 1.067301037661503797e+05
1.029806584420916415e+01 1.593255599738284189e+01 1.297456672907567565e+01 1.615980309507511592e+00 1.063074533105938463e+05
1.037660622726701654e+01 1.596847002930510762e+01 1.299038781124238007e+01 1.642216068376110671e+00 1.069203419710759190e+05
1.045514660181038380e+01 1.604271413303841953e+01 1.305551034052930248e+01 1.664205671477053450e+00 1.062294997754308570e+05
1.053368696802971982e+01 1.605292806478660239e+01 1.306379346529704222e+01 1.680556687498685919e+00 1.066278849916932522e+05
1.061222732610984210e+01 1.607641071858073190e+01 1.305285747818088105e+01 1.715815579124409629e+00 1.067160431532521470e+05
1.069076767623013779e+01 1.619453439841197806e+01 1.314153522383689143e+01 1.747930051645308902e+00 1.071081976127893286e+05
1.076930801856475739e+01 1.622779543678728942e+01 1.314589792562150627e+01 1.768406407113676471e+00 1.070533140822280839e+05
1.084784835328281005e+01 1.628036164498042382e+01 1.318465541824965825e+01 1.800832857769692597e+00 1.064564192507906555e+05
1.092638868054854306e+01 1.629988431338828647e+01 1.319506998636016348e+01 1.830167130311372015e+00 1.066696915528194222e+05
1.100492900052151413e+01 1.639979825729409413e+01 1.328574111740037367e+01 1.863315108159872446e+00 1.067084645925583027e+05
1.108346931335675833e+01 1.644485601029020927e+01 1.331763124443717849e+01 1.880471376433759279e+00 1.061505205253834283e+05
1.116200961920494805e+01 1.633913117888099364e+01 1.319918106982703598e+01 1.917472598306531939e+00 1.063845118826927792e+05
1.124054991821254212e+01 1.641725412693183017e+01 1.327013159006733645e+01 1.927311878264474476e+00 1.062966402939703403e+05
1.131909021052193687e+01 1.641218671698075227e+01 1.326411913034486467e+01 1.965787435878475709e+00 1.065360604307729081e+05
1.139763049627160285e+01 1.645343175027080562e+01 1.331971497694232198e+01 1.991171204927426164e+00 1.060462403722209128e+05
1.147617077559622167e+01 1.641207565131493240e+01 1.325619270612212652e+01 2.022773987224092629e+00 1.065157252695375646e+05
1.155471104862680853e+01 1.657391764092651343e+01 1.335028445598896596e+01 2.056329575823679257e+00 1.061668548966179515e+05
1.163325131549084368e+01 1.656842013912406486e+01 1.334492038309744721e+01 2.094849398522967920e+00 1.067935535712186975e+05
1.171179157631238787e+01 1.662050708700488855e+01 1.337790561050111471e+01 2.116380177962851938e+00 1.059085259506675502e+05
1.179033183121219608e+01 1.663450833057299860e+01 1.342253011449674105e+01 2.138067095639075710e+00 1.058739360212912579e+05
1.186887208030782759e+01 1.666929859865498642e+01 1.339160816517246566e+01 2.180349796782454330e+00 1.057839260896190099e+05
1.194741232371374728e+01 1.665508111276378145e+01 1.340510160446421750e+01 2.207260527511399673e+00 1.062415152140424616e+05
1.202595256154143222e+01 1.663025430950255412e+01 1.339913768714623288e+01 2.221871855595916490e+00 1.056404177312739776e+05
1.210449279389946753e+01 1.674862746845497696e+01 1.346004442346221808e+01 2.264563901443358063e+00 1.056587354963671823e+05
1.218303302089363527e+01 1.672394667011565872e+01 1.346020179211800816e+01 2.285340531173703837e+00 1.057059017878328596e+05
1.226157324262700676e+01 1.674100385369844446e+01 1.347735405356588956e+01 2.318275212271218688e+00 1.056568548506381485e+05
1.234011345920003322e+01 1.684543375119724473e+01 1.353929437147848525e+01 2.357723570325236828e+00 1.054760562561698607e+05
1.241865367071062565e+01 1.679754016002745232e+01 1.349221102214213452e+01 2.389667076862041828e+00 1.055929204397494759e+05
1.249719387725422415e+01 1.694241171529468204e+01 1.358828660894053542e+01 2.427457517956468802e+00 1.055383561249498307e+05
1.257573407892389383e+01 1.681278046316539232e+01 1.350990884306495765e+01 2.456069558158308741e+00 1.049489907633203256e+05
1.265427427581038877e+01 1.694029801108465705e+01 1.362029711570396451e+01 2.495296344185345294e+00 1.047893605863831763e+05
1.273281446800221772e+01 1.682354737304700620e+01 1.351488320556017264e+01 2.529938479864263901e+00 1.051573943433314998e+05
1.281135465558572584e+01 1.692253195886640071e+01 1.358177858179785069e+01 2.565902199425837527e+00 1.049359901612855756e+05
1.288989483864514796e+01 1.696315601961174835e+01 1.354358029885600523e+01 2.592205743067322210e+00 1.045618624174120050e+05
1.296843501726268322e+01 1.707126750933389658e+01 1.369412051154831289e+01 2.626329679983778309e+00 1.043947542179968877e+05
1.304697519151855190e+01 1.701761115944972858e+01 1.362627428412544717e+01 2.675375564899507452e+00 1.043707157501459878e+05
1.312551536149104692e+01 1.701390595501659675e+01 1.364121619649645289e+01 2.682965319366145795e+00 1.043495997673545935e+05
1.320405552725660492e+01 1.704038144443559588e+01 1.367923256818002997e+01 2.723146799274335450e+00 1.039761595830503793e+05
1.328259568888985243e+01 1.706226296091496408e+01 1.366117206813810547e+01 2.765260794382494502e+00 1.040437783821001503e+05
1.336113584646366270e+01 1.707619008683019501e+01 1.365955421863456820e+01 2.802614745964845611e+00 1.038055325967290992e+05
1.343967600004920548e+01 1.701688843880639013e+01 1.359573717967114881e+01 2.838068202125544115e+00 1.036452772869800829e+05
1.351821614971599317e+01 1.708122509408375578e+01 1.368380747995956348e+01 2.875646624193760381e+00 1.036954439643007208e+05
1.359675629553193588e+01 1.703505723782656744e+01 1.368041127037594684e+01 2.891744723521162630e+00 1.034048679322083190e+05
1.367529643756338231e+01 1.707712213636798637e+01 1.367261695846738334e+01 2.923734878812678240e+00 1.032094629030325304e+05
1.375383657587516595e+01 1.713514167776325792e+01 1.370538561848387005e+01 2.971797323019806480e+00 1.031759491530717933e+05
1.383237671053064766e+01 1.710467885371228647e+01 1.366405143797107513e+01 3.014567922024008695e+00 1.029456380222893349e+05
1.391091684159175834e+01 1.723650063345269601e+01 1.378214193480611627e+01 3.042313542895822565e+00 1.029787264422509907e+05
1.398945696911903269e+01 1.720516191177491194e+01 1.373684982481890771e+01 3.066289936018623319e+00 1.024518341358907346e+05
1.406799709317166069e+01 1.724132724370544167e+01 1.374817454907927861e+01 3.130069353338612803e+00 1.029523443002426066e+05
1.414653721380751428e+01 1.718400836737073689e+01 1.371366700877069533e+01 3.149872977441395605e+00 1.024933928743023425e+05
1.422507733108318817e+01 1.728547534535348618e+01 1.380214262570323491e+01 3.185688254492812899e+00 1.020990868640040862e+05
1.430361744505403543e+01 1.727045202705624405e+01 1.379156451091659363e+01 3.233711257781567650e+00 1.022419254937418009e+05
1.438215755577419586e+01 1.729752644789988381e+01 1.380805901746871811e+01 3.275275171741784064e+00 1.018073601244644233e+05
1.446069766329663686e+01 1.726818254298241229e+01 1.378212016018099284e+01 3.317098742716714010e+00 1.015127421798499563e+05
1.453923776767318010e+01 1.734710801182777473e+01 1.382148726387920412e+01 3.350924082723919728e+00 1.014724939628975553e+05
1.461777786895453346e+01 1.734714765036503792e+01 1.383874924656433869e+01 3.380463365409901222e+00 1.012884786627299763e+05
1.469631796719032302e+01 1.738554642698441555e+01 1.388957865834283467e+01 3.419668299947316914e+00 1.008782299698064162e+05
1.477485806242911437e+01 1.735568754689489168e+01 1.386928486028480201e+01 3.465129519343786324e+00 1.010007609130415076e+05
1.485339815471844993e+01 1.740579542022165427e+01 1.389418285891009575e+01 3.508936091899960807e+00 1.006668015484193747e+05
1.493193824410487203e+01 1.747188305302084288e+01 1.392224385421362776e+01 3.542375182216138896e+00 1.010661967348525213e+05
1.501047833063394421e+01 1.745231265810323862e+01 1.393550739802235938e+01 3.584386199325570121e+00 1.008371016282001656e+05
1.508901841435028857e+01 1.745523443611650549e+01 1.395524676412519938e+01 3.626451669032722425e+00 1.006412460612985160e+05
1.516755849529759992e+01 1.753668641490219215e+01 1.398668504396772150e+01 3.651960423715784110e+00 1.001454784187409969e+05
1.524609857351867070e+01 1.746845861338149675e+01 1.398203890385968151e+01 3.703944929112040096e+00 1.000772935002186859e+05
1.532463864905541762e+01 1.755032171395405527e+01 1.401942216697586474e+01 3.750459763817906467e+00 9.951752089257442276e+04
1.540317872194890292e+01 1.752073953626396730e+01 1.400922499959453837e+01 3.785442886805999052e+00 9.970363545113152941e+04
1.548171879223935399e+01 1.754648888963785680e+01 1.402217876116958450e+01 3.847278993413606685e+00 9.944625813446741085e+04
1.556025885996618996e+01 1.760889395865092055e+01 1.409619372967548756e+01 3.881797324043666730e+00 9.938815100678343151e+04
1.563879892516803238e+01 1.758752648408600905e+01 1.409292729540960920e+01 3.912019468556060087e+00 9.916358013613610819e+04
1.571733898788273187e+01 1.765251152079113695e+01 1.415022485803578256e+01 3.939058948913098046e+00 9.906112221257720375e+04
1.579587904814739119e+01 1.770869365895778813e+01 1.414783517113898803e+01 4.009431716938520296e+00 9.923075838756145095e+04
1.587441910599837769e+01 1.767092113772874029e+01 1.415367768548540184e+01 4.040176245372641972e+00 9.865569968631611846e+04
1.595295916147133575e+01 1.771812993106579626e+01 1.417634241913875037e+01 4.078749423569985488e+00 9.839372918519611994e+04
1.603149921460121874e+01 1.774014236503600728e+01 1.418143135257311727e+01 4.141787617836756752e+00 9.856134634384386300e+04
1.611003926542229436e+01 1.774674560662168687e+01 1.420904927738091139e+01 4.194583735501901778e+00 9.826495734383353556e+04
1.618857931396816596e+01 1.781735965354473450e+01 1.422990113397112211e+01 4.245492413021747957e+00 9.837340923545935948e+04
1.626711936027179561e+01 1.786880331037941971e+01 1.433588300796209047e+01 4.279163463951276114e+00 9.773540348870545859e+04
1.634565940436549525e+01 1.786320226445845805e+01 1.427256224031695275e+01 4.332000778877857172e+00 9.785646351615668391e+04
1.642419944628097639e+01 1.789008918935460457e+01 1.430446503369974387e+01 4.374921241159774432e+00 9.750660288509615930e+04
1.650273948604932883e+01 1.793570768007127114e+01 1.436989889838655898e+01 4.430272618631410531e+00 9.765390845396732038e+04
1.658127952370107394e+01 1.793684186923486124e+01 1.435692767130169578e+01 4.470374310307895449e+00 9.752271131501415221e+04
1.665981955926614333e+01 1.797557860658635676e+01 1.438276976184630485e+01 4.526253935682906793e+00 9.740377317542303354e+04
1.673835959277390728e+01 1.803254886229660059e+01 1.443107199473930535e+01 4.577513737061194909e+00 9.733195725654831040e+04
1.681689962425318896e+01 1.803704468897783642e+01 1.442424273748695818e+01 4.625281372686773196e+00 9.703656881869972858e+04
1.689543965373228218e+01 1.808137081472788310e+01 1.448716076232943983e+01 4.666184404205883318e+00 9.685185321737626509e+04
1.697397968123895495e+01 1.802160915668062913e+01 1.445911262849325141e+01 4.707680793230019312e+00 9.692895295332928072e+04
1.705251970680045304e+01 1.812062505921525002e+01 1.450794521266011827e+01 4.771724211996701825e+00 9.680092245928019111e+04
1.713105973044353902e+01 1.812331520153860964e+01 1.449985462344567466e+01 4.825350269473637432e+00 9.676914312191956560e+04
1.720959975219447102e+01 1.822872700482525588e+01 1.458378983219151870e+01 4.871003086264236615e+00 9.663407900586572941e+04
1.728813977207903463e+01 1.820697030170295605e+01 1.459157281780061233e+01 4.936612231556923192e+00 9.661947552518769226e+04
1.736667979012256424e+01 1.827617356413268013e+01 1.467873286286865486e+01 4.980020330144179219e+00 9.653573627654237498e+04
1.744521980634991110e+01 1.832722238077491994e+01 1.468750944950211945e+01 5.024077391580036078e+00 9.622959164983037044e+04
1.752375982078550365e+01 1.827633198958880811e+01 1.467055493480536654e+01 5.086273040090894426e+00 9.594083604649925837e+04
1.760229983345331917e+01 1.830786867584948752e+01 1.469570379736718557e+01 5.134737731773769909e+00 9.600136686297670531e+04
1.768083984437692635e+01 1.841425243785401733e+01 1.478464087217330558e+01 5.182851804306469745e+00 9.611379895092068182e+04
1.775937985357945692e+01 1.847067444287304028e+01 1.485026572168892578e+01 5.231635777906545215e+00 9.595543036116099393e+04
1.783791986108364824e+01 1.847028661894235313e+01 1.485209326389620976e+01 5.276194454243115395e+00 9.585661577353996108e+04
1.791645986691183268e+01 1.850542626871628116e+01 1.488014453586183983e+01 5.352307548984745367e+00 9.603887932551748236e+04
1.799499987108595889e+01 1.853461527000971643e+01 1.488625441486965961e+01 5.386772503840477455e+00 9.582109702305716928e+04
1.807353987362759185e+01 1.864044010933540463e+01 1.500148258025341264e+01 5.450801978156801120e+00 9.570557133029849501e+04
1.815207987455791638e+01 1.862615840070656148e+01 1.500928982852474114e+01 5.511182467571842380e+00 9.548637976177768724e+04
1.823061987389775851e+01 1.875656134901006666e+01 1.510943346728668146e+01 5.560194219836264828e+00 9.567310481752484338e+04
1.830915987166758541e+01 1.874459794177171901e+01 1.508943272335419827e+01 5.641751573792659791e+00 9.602500421740295133e+04
1.838769986788751964e+01 1.886384373157337890e+01 1.517315572415874136e+01 5.694128479995034020e+00 9.584364288839189976e+04
1.846623986257733563e+01 1.879394014214638986e+01 1.517792704939372328e+01 5.737821770125024479e+00 9.580862448013732501e+04
1.854477985575647381e+01 1.884231506724896832e+01 1.522144195192842275e+01 5.791379151962291694e+00 9.572135800357059634e+04
1.862331984744404423e+01 1.890946262715419124e+01 1.523509485672505548e+01 5.847173977886782836e+00 9.566813339645152155e+04
1.870185983765884075e+01 1.898431812744815517e+01 1.531821390410694050e+01 5.918245371800336052e+00 9.590991971636502421e+04
1.878039982641934458e+01 1.899865027691211594e+01 1.534997691143578891e+01 5.956785571097486631e+00 9.627957098607538501e+04
1.885893981374372075e+01 1.903774582433253215e+01 1.537910291718251443e+01 6.014461529424096398e+00 9.606662801083804516e+04
1.893747979964983941e+01 1.916345597789438315e+01 1.547468727652032250e+01 6.102810926625786614e+00 9.608709558092443331e+04
1.901601978415527228e+01 1.925478972442866166e+01 1.555346218416532089e+01 6.148578958796480087e+00 9.631230690735556709e+04
1.909455976727730331e+01 1.927667744103178649e+01 1.560486865931346756e+01 6.200053737519525043e+00 9.611646674403092766e+04
1.917309974903293579e+01 1.936868523087468574e+01 1.567944136750316808e+01 6.260429374231405220e+00 9.655453041998804838e+04
1.925163972943889235e+01 1.938866172669512622e+01 1.572715502652417108e+01 6.333051500526003075e+00 9.604380813879228663e+04
1.933017970851161849e+01 1.949287603516416567e+01 1.578436002969668372e+01 6.388163177082224031e+00 9.672832807048239920e+04
1.940871968626730748e+01 1.953886656211762585e+01 1.583291084237178659e+01 6.460655918643476880e+00 9.677223679675497988e+04
1.948725966272188259e+01 1.961951186386540513e+01 1.590877001794130585e+01 6.520071818945443631e+00 9.667787945978197968e+04
1.956579963789100773e+01 1.967848236759189007e+01 1.596113915103683389e+01 6.585253964203967136e+00 9.698180462398759846e+04
1.964433961179010524e+01 1.976656835389869471e+01 1.602434305609252263e+01 6.642172483946532147e+00 9.702817969866150816e+04
1.972287958443434519e+01 1.979968306161205405e+01 1.607180724089054635e+01 6.706073747838237509e+00 9.723911935092891508e+04
1.980141955583865965e+01 1.992151552292527228e+01 1.620671537010038321e+01 6.764946920917766171e+00 9.702196141020464711e+04
1.987995952601774619e+01 2.001257007498927720e+01 1.625340528263356887e+01 6.830035319857283405e+00 9.757312514146373724e+04
1.995849949498606790e+01 2.008120105536254130e+01 1.634484389114794567e+01 6.889879217499955466e+00 9.785181169673301338e+04
2.003703946275786052e+01 2.015235812007999883e+01 1.642885623165666686e+01 6.968736327687039100e+00 9.797076170821522828e+04
2.011557942934713950e+01 2.017207423720826753e+01 1.643076174463718786e+01 7.032219190144449072e+00 9.818907378424500348e+04
2.019411939476770712e+01 2.025369088695492792e+01 1.649945645425849250e+01 7.106285105719670092e+00 9.790604635584108473e+04
2.027265935903314542e+01 2.028205234398775758e+01 1.656103955582026543e+01 7.160727407023665947e+00 9.773185950373315427e+04
2.035119932215682326e+01 2.026244931615529765e+01 1.655245874601392586e+01 7.199712719675747330e+00 9.752278342864172009e+04
2.042973928415191054e+01 2.022882605989162741e+01 1.652840913236338949e+01 7.272813613005771671e+00 9.742615810123788833e+04
2.050827924503137467e+01 2.027152853498203555e+01 1.659156537964797451e+01 7.346189916617067439e+00 9.723728234308304673e+04
2.058681920480798766e+01 2.034232390757372855e+01 1.660264031723216505e+01 7.425846561647065691e+00 9.716504949067361304e+04
2.066535916349431901e+01 2.024825545444320696e+01 1.663538352653011287e+01 7.450106644297759928e+00 9.686544542485922284e+04
2.074389912110275347e+01 2.020962270846462872e+01 1.661940697253048782e+01 7.533340954652964605e+00 9.670748242872208357e+04
2.082243907764548752e+01 2.027771359640257032e+01 1.669703315218453099e+01 7.556983885901192188e+00 9.659995554552697286e+04
2.090097903313453642e+01 2.029894210714631342e+01 1.669591914054172577e+01 7.647772519309572026e+00 9.631865094113031228e+04
2.097951898758173783e+01 2.033251223445855160e+01 1.670344953979164160e+01 7.674198118443316119e+00 9.576713914382181247e+04
2.105805894099874109e+01 2.029894702208725477e+01 1.674846577363720712e+01 7.760076411970667998e+00 9.557222527158418961e+04
2.113659889339703568e+01 2.028660207816244565e+01 1.674828637519365415e+01 7.830789242877337131e+00 9.579039126463005960e+04
2.121513884478793344e+01 2.034740985281942827e+01 1.679183888862596064e+01 7.904688340316914363e+00 9.550893361086603545e+04
2.129367879518258277e+01 2.033860757365918914e+01 1.676622367356182153e+01 7.948979498194780113e+00 9.531027861289324937e+04
2.137221874459196869e+01 2.032500064370634973e+01 1.679441967705582783e+01 8.025660828852835493e+00 9.495317059843429888e+04
2.145075869302691274e+01 2.030344938270830113e+01 1.681510036769534011e+01 8.078025947029953358e+00 9.483346351637237240e+04
2.152929864049807307e+01 2.031699588714237947e+01 1.683974760899941003e+01 8.148297271776209882e+00 9.477406650773617730e+04
2.160783858701596571e+01 2.034817010215230937e+01 1.691252028770907145e+01 8.224579000758156511e+00 9.494739442957412393e+04
2.168637853259094683e+01 2.045915874534098577e+01 1.696970528606120254e+01 8.270725023395508302e+00 9.461885114741955476e+04
2.176491847723321982e+01 2.042224792296278224e+01 1.698726186544298145e+01 8.350814680296904768e+00 9.422877810688268801e+04
2.184345842095285306e+01 2.041356253294536671e+01 1.696160093241853062e+01 8.426698458608919751e+00 9.421665911105547275e+04
2.192199836375975508e+01 2.041244339826173615e+01 1.705991604634968084e+01 8.502086293395423766e+00 9.400271437648253050e+04
2.200053830566371005e+01 2.049829460357884869e+01 1.703396572328752256e+01 8.547008955475487113e+00 9.397381277392203629e+04
2.207907824667434582e+01 2.048931670913551883e+01 1.711633242027923529e+01 8.617409106978715982e+00 9.368297035516319738e+04
2.215761818680116590e+01 2.044336303830688095e+01 1.708434058462452398e+01 8.702566772166697717e+00 9.353314590803747706e+04
2.223615812605353526e+01 2.044943993523264325e+01 1.712063751881383666e+01 8.788943098875737547e+00 9.365145986030044151e+04
2.231469806444068738e+01 2.047701029321209987e+01 1.712252945446567765e+01 8.829392644209773877e+00 9.326196400206643739e+04
2.239323800197172432e+01 2.051246111852637455e+01 1.717789160466611875e+01 8.923863468860330883e+00 9.322187426714756293e+04
2.247177793865562023e+01 2.050956591195153678e+01 1.723844087163670835e+01 8.982576170162262841e+00 9.315892989209110965e+04
2.255031787450123204e+01 2.056426741232226973e+01 1.730561496436221347e+01 9.073364848996670062e+00 9.294936725723549898e+04
2.262885780951728165e+01 2.055329997075281412e+01 1.724677515996128108e+01 9.136239963974873035e+00 9.289302060355205322e+04
2.270739774371238440e+01 2.057153593175799600e+01 1.735197306250771021e+01 9.222880846456856574e+00 9.253283554730658943e+04
2.278593767709502771e+01 2.061942732859175820e+01 1.737266737600459265e+01 9.309545444900807709e+00 9.292392067246357328e+04
2.286447760967358178e+01 2.064861507216605574e+01 1.749259625869848378e+01 9.395699696442182614e+00 9.217090951441953075e+04
2.294301754145629957e+01 2.058232654257927763e+01 1.744626033273462795e+01 9.479316363899187081e+00 9.246176590141626366e+04
2.302155747245133455e+01 2.063823981042209610e+01 1.748561177417463952e+01 9.546307089081938813e+00 9.236863361033065303e+04
2.310009740266672296e+01 2.057626180921776893e+01 1.741297633887333518e+01 9.605471423747482973e+00 9.234938852306935587e+04
2.317863733211038380e+01 2.066478288007656872e+01 1.753790695286366841e+01 9.672224445389089098e+00 9.206468195992000983e+04
2.325717726079013303e+01 2.066399080027232671e+01 1.757036463422222994e+01 9.741191119175505619e+00 9.197426214962339145e+04
2.333571718871368716e+01 2.070883612912554739e+01 1.764054275809727201e+01 9.834712923531130357e+00 9.190248891573843139e+04
2.341425711588865965e+01 2.074252685222253234e+01 1.765175413143807859e+01 9.959245011100627210e+00 9.200587234034766152e+04
2.349279704232255384e+01 2.076729844063016728e+01 1.768774548705098582e+01 9.995563972446484868e+00 9.183685778178041801e+04
2.357133696802278067e+01 2.078110778605879005e+01 1.777347986727858498e+01 1.007052661153299056e+01 9.178736073258865508e+04
2.364987689299664453e+01 2.078490352924957207e+01 1.776754683846670346e+01 1.013397994204417962e+01 9.175908163530203456e+04
2.372841681725136453e+01 2.085484300928678181e+01 1.781254530673734848e+01 1.024472726574789050e+01 9.161868333757914661e+04
2.380695674079405322e+01 2.091854033083843589e+01 1.787740788665853842e+01 1.031213622676132857e+01 9.118701935424491239e+04
2.388549666363174140e+01 2.090418104199393312e+01 1.793732973747055581e+01 1.037409208988115772e+01 9.143273909144244681e+04
2.396403658577134976e+01 2.089179671130715477e+01 1.795824940483650067e+01 1.047194344020522294e+01 9.133334171673776291e+04
2.404257650721972439e+01 2.096381851340968439e+01 1.799481648373038212e+01 1.056411107523939386e+01 9.124659330467412656e+04
2.412111642798362254e+01 2.097697812013892005e+01 1.806231103194956233e+01 1.060758977083315990e+01 9.122281589538673870e+04
2.419965634806970556e+01 2.095133995535645965e+01 1.810452585411441362e+01 1.070522764553679451e+01 9.103318761937653471e+04
2.427819626748454596e+01 2.106981708946534937e+01 1.812826828548797309e+01 1.081713847218585123e+01 9.123055439356222632e+04
2.435673618623464520e+01 2.112625297523883816e+01 1.822872456495349169e+01 1.083804291592880098e+01 9.122444828786631115e+04
2.443527610432640529e+01 2.112445944823122090e+01 1.825603513310160153e+01 1.093851352423019918e+01 9.089999529213926871e+04
2.451381602176616425e+01 2.120026896961266516e+01 1.832888866855557097e+01 1.100614430534939991e+01 9.105189727370138280e+04
2.459235593856016067e+01 2.114226815467519316e+01 1.834858868036389268e+01 1.109661452310024288e+01 9.092404832553604501e+04
2.467089585471456203e+01 2.115526900896572471e+01 1.836052579558471010e+01 1.120987190236440512e+01 9.076249368527092156e+04
2.474943577023546126e+01 2.125710507015890727e+01 1.847047551040141400e+01 1.129045168697554224e+01 9.101623212359657919e+04
2.482797568512887310e+01 2.126723875961476296e+01 1.848089138457802250e+01 1.135039274774061191e+01 9.105667513970792061e+04
2.490651559940072346e+01 2.125532803615197608e+01 1.855961693507225263e+01 1.144487264982048025e+01 9.083642725986056030e+04
2.498505551305688144e+01 2.130578868070170984e+01 1.855764809845864605e+01 1.153176861330175385e+01 9.048980630034477508e+04
2.506359542610313440e+01 2.148066399040984820e+01 1.866294421517982016e+01 1.170602370024903216e+01 9.103896855914659682e+04
2.514213533854519511e+01 2.143865820074785589e+01 1.873709075018521020e+01 1.174022790830356655e+01 9.064859156843408709e+04
2.522067525038871239e+01 2.152010875776902665e+01 1.874433186696361986e+01 1.180352261630683586e+01 9.122776669220541953e+04
2.529921516163925688e+01 2.154777786999620304e+01 1.878645710884220676e+01 1.190132970933297329e+01 9.086461938977842510e+04
2.537775507230233529e+01 2.152615469461830600e+01 1.890543946464287473e+01 1.199064287187610134e+01 9.092611269314488163e+04
2.545629498238338684e+01 2.156635219621594146e+01 1.894487129966934091e+01 1.210196627366660849e+01 9.098880241321574431e+04
2.553483489188777966e+01 2.162655117309443753e+01 1.893495537608945511e+01 1.216621565523422532e+01 9.105086813084546884e+04
2.561337480082082152e+01 2.163870017832441661e+01 1.902030487442680950e+01 1.224995544207317799e+01 9.083610082680995401e+04
2.569191470918774911e+01 2.161580335276820719e+01 1.909227324582026242e+01 1.229922109764137161e+01 9.050828551974604488e+04
2.577045461699373874e+01 2.178775838857542624e+01 1.915843775673409155e+01 1.247487923987945990e+01 9.104557236336814822e+04
2.584899452424390631e+01 2.184991479595214869e+01 1.923211741507978090e+01 1.257550388154483478e+01 9.128472020234269439e+04
2.592753443094329668e+01 2.186160384986144933e+01 1.930587410067328946e+01 1.267451869731551106e+01 9.118577726879996771e+04
2.600607433709690852e+01 2.193698649431722103e+01 1.936246049401654545e+01 1.276592625002691150e+01 9.139647334583527118e+04
2.608461424270966944e+01 2.198709893294005724e+01 1.940535158773277047e+01 1.283797516373118697e+01 9.183277077035684488e+04
2.616315414778644310e+01 2.198440170254039927e+01 1.951292519650591828e+01 1.291482467282383695e+01 9.141191843089519534e+04
2.624169405233205055e+01 2.211315839526266558e+01 1.963759776624324260e+01 1.296630897501959723e+01 9.183272037529898807e+04
2.632023395635124174e+01 2.207230474518913255e+01 1.957382771050767545e+01 1.309185915776868292e+01 9.136824068293221353e+04
2.639877385984871694e+01 2.215779136727399390e+01 1.971117856022411630e+01 1.319079511931868076e+01 9.141506251545438136e+04
2.647731376282911953e+01 2.222938500503008186e+01 1.974266539796446907e+01 1.328821605100367265e+01 9.173583310284433537e+04
2.655585366529703606e+01 2.236255612226365841e+01 1.994281991052407221e+01 1.340709774425972256e+01 9.171390454980004870e+04
2.663439356725699980e+01 2.233318373128380685e+01 1.989116866217167257e+01 1.348276977996594184e+01 9.238242881739890436e+04
2.671293346871349428e+01 2.248799497888740717e+01 2.000849789697099723e+01 1.357538215150407979e+01 9.226613515205227304e+04
2.679147336967094617e+01 2.262387568385284453e+01 2.008601958296763712e+01 1.372153737194414447e+01 9.231503974843124161e+04
2.687001327013372531e+01 2.255979034342122702e+01 2.014969686114779179e+01 1.381401821124503293e+01 9.228540549208351877e+04
2.694855317010616602e+01 2.257426602179909736e+01 2.021145156305404100e+01 1.386693099266558882e+01 9.266349224299278285e+04
2.702709306959254221e+01 2.261532709430354160e+01 2.026189069112024299e+01 1.394720502157190367e+01 9.203724081945572107e+04
2.710563296859707094e+01 2.269502204246151322e+01 2.022278179240456453e+01 1.416641061879713348e+01 9.286029937725666969e+04
2.718417286712393377e+01 2.281713625549975788e+01 2.046322676624807357e+01 1.421187632030137493e+01 9.232426163899591484e+04
2.726271276517725894e+01 2.295225937316630649e+01 2.051932141393147901e+01 1.433972967352842254e+01 9.274085808576791896e+04
2.734125266276112498e+01 2.281599228335274177e+01 2.055117704414126223e+01 1.443507460299931111e+01 9.239570649082325690e+04
2.741979255987956776e+01 2.293906036453818587e+01 2.069437678770322364e+01 1.450754141370398287e+01 9.306460142700369761e+04
2.749833245653658054e+01 2.290806678960978005e+01 2.076953700773306011e+01 1.464016114637290400e+01 9.278356826808635378e+04
2.757687235273609616e+01 2.296115736273931063e+01 2.074923855932165040e+01 1.467709357774343282e+01 9.240252456061272824e+04
2.765541224848202262e+01 2.301563284241612095e+01 2.072072902539212791e+01 1.478190667122416535e+01 9.307140177535681869e+04
2.773395214377820395e+01 2.300337894785544535e+01 2.087581281338825079e+01 1.497079727520111092e+01 9.315324216210436134e+04
2.781249203862845576e+01 2.290704723557411882e+01 2.079911934849316779e+01 1.496910719395370215e+01 9.262845626562279358e+04
2.789103193303654038e+01 2.305286849724333820e+01 2.091350389813444366e+01 1.509274749522860937e+01 9.274043232224811800e+04
2.796957182700618816e+01 2.303025232328602456e+01 2.106748336969783963e+01 1.526688531577726948e+01 9.275529790591067285e+04
2.804811172054107615e+01 2.308775620392366434e+01 2.106829469018734358e+01 1.528523133837556713e+01 9.277245243721136649e+04
2.812665161364485655e+01 2.316401708210624832e+01 2.120955051972625682e+01 1.544690546958056387e+01 9.256407025907462230e+04
2.820519150632112115e+01 2.307982813740632722e+01 2.109836713012028753e+01 1.543585798064828474e+01 9.180800770655997621e+04
2.828373139857343332e+01 2.290008660794611473e+01 2.104721001533473768e+01 1.563085822522105595e+01 9.198296048360726854e+04
2.836227129040531736e+01 2.305558636919973381e+01 2.119135387024561368e+01 1.564738739880015395e+01 9.152222038939601043e+04
2.844081118182025847e+01 2.307029659445880299e+01 2.114912868799644130e+01 1.581931897069409310e+01 9.147649787782761268e+04
2.851935107282169923e+01 2.301284976897632717e+01 2.120682469815864124e+01 1.578506277545950276e+01 9.097177518694203172e+04
2.859789096341304315e+01 2.292167803925933001e+01 2.125600029448224504e+01 1.590599795151012685e+01 9.046690684894681908e+04
2.867643085359765820e+01 2.289845885505047107e+01 2.117366710812873976e+01 1.591007263252000037e+01 9.048869853227811109e+04
2.875497074337888392e+01 2.287498365036907444e+01 2.122772685628902423e+01 1.603537921346594075e+01 9.067496010151834344e+04
2.883351063276001369e+01 2.297990332525423085e+01 2.122048144971371997e+01 1.633796735636193986e+01 9.068545009657123592e+04
2.891205052174430890e+01 2.281742368628991358e+01 2.120907587392316884e+01 1.625312834130251005e+01 8.923059332851244835e+04
2.899059041033499184e+01 2.295231008268287809e+01 2.139736704286301716e+01 1.648371583411578456e+01 9.049825388938009564e+04
2.906913029853525643e+01 2.299500572947069799e+01 2.134407857584248447e+01 1.654903435637489650e+01 9.035879345943788940e+04
2.914767018634825746e+01 2.302093701365059530e+01 2.131272207157347864e+01 1.663024366627315587e+01 8.996064355657881242e+04
2.922621007377712132e+01 2.292583624437849821e+01 2.143926051560744384e+01 1.674238446313960438e+01 9.040818153831308882e+04
2.930474996082492822e+01 2.295591093565278484e+01 2.159070041917015814e+01 1.687867419604053154e+01 9.029062183577682299e+04
2.938328984749474060e+01 2.314093127531743832e+01 2.171876157967254528e+01 1.696753566032328919e+01 8.973657202598224103e+04
2.946182973378957826e+01 2.292941777678597504e+01 2.172378357609607491e+01 1.721190312790019661e+01 8.959832342033728492e+04
2.954036961971243258e+01 2.303288159811272706e+01 2.164672155539073017e+01 1.712559224281038794e+01 8.932268101055239094e+04
2.961890950526625943e+01 2.309921905709149925e+01 2.190021958000453495e+01 1.742004700569739128e+01 8.968293110399362922e+04
2.969744939045398979e+01 2.312183105627871171e+01 2.166315882826811645e+01 1.731491823364697069e+01 8.993264181024933350e+04
2.977598927527852268e+01 2.326678628229071677e+01 2.185603422096669490e+01 1.755613792566141029e+01 9.004422982412563579e+04
2.985452915974272159e+01 2.324418401347376673e+01 2.204500427796083883e+01 1.762555807448002199e+01 8.941058445181051502e+04
2.993306904384942868e+01 2.338064032518663282e+01 2.220589980030047883e+01 1.785952702171870143e+01 9.006455504754625144e+04
3.001160892760143994e+01 2.339872160850936922e+01 2.201664831288653446e+01 1.799027547348849865e+01 9.046697520943194104e+04
3.009014881100154071e+01 2.344630093730132714e+01 2.199905205682718190e+01 1.807542706355956241e+01 9.038751586431797477e+04
3.016868869405248077e+01 2.349259013631220583e+01 2.228945965634257576e+01 1.802979250020992552e+01 9.069905849013658008e+04
3.024722857675697441e+01 2.355929988768092187e+01 2.242824236382424630e+01 1.829542679740841393e+01 8.997746473797425278e+04
3.032576845911771457e+01 2.357568654458964730e+01 2.242442312622208078e+01 1.837001327283940100e+01 8.948992196160282765e+04
3.040430834113736580e+01 2.377770656916013081e+01 2.241941575160069178e+01 1.852388967230351469e+01 9.115701916212416836e+04
3.048284822281856421e+01 2.360183841967412022e+01 2.254301093022827729e+01 1.867895278694887651e+01 9.016062570237448381e+04
3.056138810416392460e+01 2.375496499281670282e+01 2.271970631341932645e+01 1.870352496762334837e+01 8.943331488964290475e+04
3.063992798517602267e+01 2.381792986062088602e+01 2.284280396486146003e+01 1.873910407202147965e+01 9.092720155126813916e+04
3.071846786585741640e+01 2.400975164151600438e+01 2.272453344085157312e+01 1.894610644946227751e+01 9.139930482431095152e+04
3.079700774621063886e+01 2.409815615013861390e+01 2.300782215569394040e+01 1.919802342159191255e+01 9.152615511710426654e+04
3.087554762623818760e+01 2.399794554156201798e+01 2.309418135081572743e+01 1.944603447346660019e+01 9.130935979548392061e+04
3.095408750594254599e+01 2.427371106945950174e+01 2.350617577999451058e+01 1.955148719859151285e+01 9.067039036399031465e+04
3.103262738532617249e+01 2.443048303783747954e+01 2.351453549770643292e+01 1.967713309716008752e+01 9.220860583147927537e+04
3.111116726439149005e+01 2.414678565709120406e+01 2.332552208891422652e+01 1.957325408415775669e+01 9.185786808876604482e+04
3.118970714314090387e+01 2.431886685640403201e+01 2.351763380444971929e+01 1.985103694213819381e+01 9.194604767860553693e+04
3.126824702157679781e+01 2.442785606898697282e+01 2.370730139218236232e+01 2.006804950927012854e+01 9.204363815027872624e+04
3.134678689970152377e+01 2.470832296275683149e+01 2.389689078750294016e+01 2.033888193165315883e+01 9.157265046083465859e+04
3.142532677751741588e+01 2.476841195515580907e+01 2.368144291159153880e+01 2.027589516821150539e+01 9.359230883651378099e+04
3.150386665502678696e+01 2.452890118973051869e+01 2.376278566077582965e+01 2.049392568055873198e+01 9.216012998893497570e+04
3.158240653223192140e+01 2.460267161415144344e+01 2.352878993259926332e+01 2.049045719703325830e+01 9.368811910639979760e+04
3.166094640913508229e+01 2.488312725764617994e+01 2.418484840331124275e+01 2.048424141751859295e+01 9.368671306910285784e+04
3.173948628573851494e+01 2.509644349986065492e+01 2.392801242968415565e+01 2.104310866584543760e+01 9.384699929069822247e+04
3.181802616204443623e+01 2.527905853210323173e+01 2.452735070809815454e+01 2.078368207481680585e+01 9.443195540929640993e+04
3.189656603805504531e+01 2.526727110348684491e+01 2.456806757308804023e+01 2.135843644210052972e+01 9.488740783216871205e+04
3.197510591377251998e+01 2.539531859226675081e+01 2.486031285513326949e+01 2.151085709022775561e+01 9.426350686703700921e+04
3.205364578919900964e+01 2.545538291398028008e+01 2.470289994318941496e+01 2.134785169713385855e+01 9.468151999120000983e+04
3.213218566433665302e+01 2.571960994894616093e+01 2.435225970194385781e+01 2.160250352052194600e+01 9.652392286554684688e+04
3.221072553918755688e+01 2.571623183685474601e+01 2.466326879391058213e+01 2.146878708404847202e+01 9.518979149914529989e+04
3.228926541375382442e+01 2.636080194640458174e+01 2.547901218993498773e+01 2.182314250652308019e+01 9.621284653729984711e+04
3.236780528803751622e+01 2.581264833450478591e+01 2.506447966279016626e+01 2.199143767719155917e+01 9.697228226685539994e+04
3.244634516204068575e+01 2.658344602449084704e+01 2.535069066200603061e+01 2.245992726455622801e+01 9.745055119941191515e+04
3.252488503576537227e+01 2.613549141961999212e+01 2.538100816668810467e+01 2.235811984308456246e+01 9.694560405572531454e+04
3.260342490921358660e+01 2.633074394182397882e+01 2.548602975344175547e+01 2.286530000511561767e+01 9.697853591437212890e+04
3.268196478238731828e+01 2.617654945444576953e+01 2.573362997237626359e+01 2.292966491494436454e+01 9.802058432412093680e+04
3.276050465528854261e+01 2.709585600636211566e+01 2.634407460373934029e+01 2.346861079806833317e+01 9.913265409537742380e+04
3.283904452791921358e+01 2.722847106023410646e+01 2.608484762455528383e+01 2.310459555036887735e+01 1.010367880222871463e+05
3.291758440028127097e+01 2.708331646588172603e+01 2.623152747149458719e+01 2.331393839656364975e+01 9.937629781913895567e+04
3.299612427237663326e+01 2.743110971109695129e+01 2.640497143087190679e+01 2.359310676719267974e+01 1.005281293733476050e+05
3.307466414420719758e+01 2.734001457024985982e+01 2.637989586648331297e+01 2.298410048947053852e+01 1.004669003598685231e+05
3.315320401577483977e+01 2.798384824103574076e+01 2.703193304608780068e+01 2.388036501703151515e+01 1.013872693105804210e+05
3.323174388708143567e+01 2.718374876645317784e+01 2.687496579982503420e+01 2.415836799091350784e+01 9.811218429888169339e+04
3.331028375812883269e+01 2.747603919988856092e+01 2.690017691531954824e+01 2.374652176838719342e+01 1.007188690465202671e+05
3.338882362891884981e+01 2.774604013762986909e+01 2.728524911242459083e+01 2.456784568214634490e+01 1.012866393126002076e+05
3.346736349945329891e+01 2.848271805470218609e+01 2.681604216881266467e+01 2.459261427553794377e+01 1.003672653872751252e+05
3.354590336973399189e+01 2.901063583110018840e+01 2.672886585051177732e+01 2.458636698447648428e+01 1.056963339674958406e+05
3.362444323976268379e+01 2.969223961665452549e+01 2.786536650494081613e+01 2.567708154576490998e+01 1.081959968993332732e+05
3.370298310954115806e+01 2.762054902611646412e+01 2.666235538785642589e+01 2.467732705896674261e+01 1.021683623629092181e+05
3.378152297907114132e+01 2.979893752286562503e+01 2.742143831767850770e+01 2.563291057586489430e+01 1.054846327576246549e+05
3.386006284835436730e+01 2.904191442807162105e+01 2.760554899927508288e+01 2.545065016766930910e+01 1.044921155534920108e+05
3.393860271739255552e+01 2.941031671928134017e+01 2.834885928491852169e+01 2.712254857039266298e+01 1.092386571264893428e+05
3.401714258618739706e+01 2.877663256060535701e+01 2.894934480889121176e+01 2.508596488366542232e+01 1.030371118299348309e+05
3.409568245474058301e+01 3.114049355918801254e+01 2.948477885097888063e+01 2.719970041284393858e+01 1.107507978875132685e+05
3.417422232305376895e+01 2.732526282418149322e+01 2.695579556269196786e+01 2.464939149376376548e+01 1.085878392977462354e+05
3.425276219112861043e+01 2.948065632571457328e+01 2.740160175653498698e+01 2.647169789683758623e+01 1.074421056516012759e+05
3.433130205896674880e+01 3.083272938019998577e+01 3.143606303410984992e+01 3.060541035655828424e+01 1.034568437068828644e+05
3.440984192656979701e+01 3.017104840417365708e+01 2.833923928617588572e+01 2.634571281186824265e+01 1.052075499996657309e+05
3.448838179393936088e+01 3.514695846096901022e+01 2.920248307205220328e+01 2.683161440995809954e+01 1.146153666849122965e+05
3.456692166107702491e+01 3.082210467998790904e+01 3.070460143765071237e+01 2.565581551205960054e+01 1.047101467867051251e+05
3.464546152798438072e+01 3.374794616236089695e+01 3.662737553706887184e+01 2.144607911432527914e+01 1.262332063735189877e+05
3.472400139466299152e+01 3.016946811987597954e+01 1.836070025466580802e+01 3.260487585716887082e+01 1.385331860400207806e+05
