# 0.9991 0.9998
7.871241428633635184e-02 5.174565350919454465e-01 5.203594470348152923e-01 1.064439552944105222e-04 1.037849289500575424e+03
1.618072713909662341e-01 1.498341966943520287e+00 1.484266705211569004e+00 5.902702084943469481e-04 4.142891907977165829e+03
2.418771330418761079e-01 3.561106119072165122e+00 3.524215541132695861e+00 6.943678574299302127e-04 5.682847023030272794e+03
3.211923215201240578e-01 4.322965377947391552e+00 4.294060961974655477e+00 1.812936436344073305e-03 1.108266560276227938e+04
4.002017901256537113e-01 4.340830053886618245e+00 4.282784905931642960e+00 2.433601498668733557e-03 1.565459172836826656e+04
4.790568272527075955e-01 5.738211450818424986e+00 5.624902777494575012e+00 3.725281649329028038e-03 1.535328786124135695e+04
5.578229290343351687e-01 6.678160508495283310e+00 6.514064688502614331e+00 5.285026750058899499e-03 2.222707225808921794e+04
6.365331115321660738e-01 8.337377029952239837e+00 8.118658669824466045e+00 7.358011432962737949e-03 2.374340255823327243e+04
7.152058371535838788e-01 7.511160817969427583e+00 7.278566680093040198e+00 9.369667044509416912e-03 2.723781557306390823e+04
7.938522421846891941e-01 8.489617136301117029e+00 8.182699554454009316e+00 1.158721498962963711e-02 2.848437262301464580e+04
8.724794443688169698e-01 9.783524599455315496e+00 9.407441560232975064e+00 1.364137752000190926e-02 3.057660175600764342e+04
9.510922062407737299e-01 1.008732809306956035e+01 9.694415879617025666e+00 1.568313948442096040e-02 3.342045448314665555e+04
1.029693835175838679e+00 1.244834301031728074e+01 1.191348964758743989e+01 1.950533248271385175e-02 3.409099484050301544e+04
1.108286699878543891e+00 1.322609235767829539e+01 1.266910936898220363e+01 2.215967978341055328e-02 3.509969054751855583e+04
1.186872541411916560e+00 1.357640326050647595e+01 1.295243123080575387e+01 2.668757175316912103e-02 3.727105477695481386e+04
1.265452668213572940e+00 1.443153543455576404e+01 1.375236369437977224e+01 2.958105048722259670e-02 3.939221587918909063e+04
1.344028082638708543e+00 1.511941197041011620e+01 1.437870523707134573e+01 3.423214533256604269e-02 4.273674354903149651e+04
1.422599565533279709e+00 1.658884168654821423e+01 1.582827496524546973e+01 3.665034466768125193e-02 4.226871608904490131e+04
1.501167734229200246e+00 1.795794696984927086e+01 1.705060920762892351e+01 4.321737753293885403e-02 4.461185496838734980e+04
1.579733083222462531e+00 1.800204036020076614e+01 1.708037111314827428e+01 4.805785288928639265e-02 4.795959908934100531e+04
1.658296013281593151e+00 1.853003259558984794e+01 1.757573618436837037e+01 5.097816180556834914e-02 4.839446286248310935e+04
1.736856852652245875e+00 1.983510317125817224e+01 1.875186077393354012e+01 5.799509960683455617e-02 4.839376005857471318e+04
1.815415872753641580e+00 2.075913072464059184e+01 1.963132373149007392e+01 6.301420693745794777e-02 5.071264018122297421e+04
1.893973299967037560e+00 2.192721831790548137e+01 2.072857571727048054e+01 7.072889960175346435e-02 5.205481368944255519e+04
1.972529324606241641e+00 2.212688410491050561e+01 2.091246754827673371e+01 7.615695246939900576e-02 5.448268262399287050e+04
2.051084107826015579e+00 2.237888838514370704e+01 2.107654765531439978e+01 8.266957620275013074e-02 5.587033334812803514e+04
2.129637787001040561e+00 2.377742607184886481e+01 2.240086867387897485e+01 8.942282653239247425e-02 5.803706322372086288e+04
2.208190479956450680e+00 2.399586081611871791e+01 2.258766516836639227e+01 9.757640379702603450e-02 5.881300455433566822e+04
2.286742288326184092e+00 2.461287524385220138e+01 2.318528161767187257e+01 1.027704216340725868e-01 5.901001106536302541e+04
2.365293300241981811e+00 2.466191768837085263e+01 2.315657496542161553e+01 1.116936397601382136e-01 5.976986224103256973e+04
2.443843592503681883e+00 2.466798539692254977e+01 2.318615904657081117e+01 1.182320883612220236e-01 6.247792275570827769e+04
2.522393232343909553e+00 2.569583796611531312e+01 2.410500924498114728e+01 1.276198104120427335e-01 6.365682279359515815e+04
2.600942278872942381e+00 2.578256634540223402e+01 2.413919633972124146e+01 1.376808635945463155e-01 6.608025468919801642e+04
2.679490784269383141e+00 2.546071592269482053e+01 2.372317076663416202e+01 1.459869050693849146e-01 6.530388538766328566e+04
2.758038794767343038e+00 2.594433483875231161e+01 2.425010023735854858e+01 1.533841080202534290e-01 6.737771247828887135e+04
2.836586351479573942e+00 2.639706862716946389e+01 2.463490258961261148e+01 1.648485004179701952e-01 6.989659358115957002e+04
2.915133491087511963e+00 2.674680780785308443e+01 2.492901479931675723e+01 1.717332227833838765e-01 6.932694025417236844e+04
2.993680246422668834e+00 2.684219182692774908e+01 2.501395185707284341e+01 1.823974112258201774e-01 6.950239548502056277e+04
3.072226646958827967e+00 2.668559499563670201e+01 2.475203353367167480e+01 1.961598810495093215e-01 7.226346135528972081e+04
3.150772719230606977e+00 2.634124985301629351e+01 2.447745164149785779e+01 2.031045887863775490e-01 7.262242317634740903e+04
3.229318487190934395e+00 2.591044263439787088e+01 2.401189027543252053e+01 2.192025238126346087e-01 7.266598249701870373e+04
3.307863972517584905e+00 2.588460839791328283e+01 2.392670461575852769e+01 2.264339781105217664e-01 7.404653553781651135e+04
3.386409194877053608e+00 2.601823469557576374e+01 2.402143771191854071e+01 2.407040142993663867e-01 7.640123362047641422e+04
3.464954172152534095e+00 2.565270771248008330e+01 2.367577516761222967e+01 2.497439405032367277e-01 7.663665910945949145e+04
3.543498920641575456e+00 2.560425802234118109e+01 2.359331635542055494e+01 2.643843359683396010e-01 7.854309010889312776e+04
3.622043455228019404e+00 2.525471775459255497e+01 2.326479208907569074e+01 2.771354615334536420e-01 7.872945176175744564e+04
3.700587789532037597e+00 2.496323025381014915e+01 2.290718788056441468e+01 2.928225423163562380e-01 7.995853813338786131e+04
3.779131936041457696e+00 2.476708613640089496e+01 2.269993240575294635e+01 3.056349692428566023e-01 8.096913224064584938e+04
3.857675906227046259e+00 2.463681720410230724e+01 2.256733436710283058e+01 3.150855508502637958e-01 8.208785196018643910e+04
3.936219710643986680e+00 2.436108882984389723e+01 2.225210373926705643e+01 3.326890867223826764e-01 8.293338181197286758e+04
4.014763359021444877e+00 2.431013207133093701e+01 2.215910241049954266e+01 3.464946210640970081e-01 8.237869257690360246e+04
4.093306860341824560e+00 2.383871718345644197e+01 2.167742815879067564e+01 3.628904191044720062e-01 8.461426939240662614e+04
4.171850222911064776e+00 2.409036145692614284e+01 2.190633117477948488e+01 3.727780060008797358e-01 8.502548615135473665e+04
4.250393454421145911e+00 2.335832562052588912e+01 2.119119733097193503e+01 3.906323915510300782e-01 8.510575068448008096e+04
4.328936562005788247e+00 2.348509177087475308e+01 2.133668537768465612e+01 4.036330523583741003e-01 8.763381323547811189e+04
4.407479552290201497e+00 2.316565710747603291e+01 2.095745277450242483e+01 4.197328130880409458e-01 8.741476978100241104e+04
4.486022431435594982e+00 2.278604134663796899e+01 2.064753874378690668e+01 4.305555598602683331e-01 8.840218164419877576e+04
4.564565205179107465e+00 2.290341696986822839e+01 2.069462062262950397e+01 4.550366793832697487e-01 8.957866643281708821e+04
4.643107878869670024e+00 2.280583991056573012e+01 2.058439820635750905e+01 4.672424491842869232e-01 9.069835953121677449e+04
4.721650457500300213e+00 2.239856666365748339e+01 2.014310149050803389e+01 4.789018129798814916e-01 9.052808657756201865e+04
4.800192945737217443e+00 2.243092602176176342e+01 2.012871310638478661e+01 5.004855605758602444e-01 9.201717709549030405e+04
4.878735347946150824e+00 2.229513144439648187e+01 2.001821884458185608e+01 5.099125020616781523e-01 9.303346561252509127e+04
4.957277668216146793e+00 2.233813249776187604e+01 2.001006569782049738e+01 5.454340180815543393e-01 9.316008551934729621e+04
5.035819910381144737e+00 2.220252799396532950e+01 1.985629301720501871e+01 5.561556062314689797e-01 9.296608263691407046e+04
5.114362078039562221e+00 2.203403326721678823e+01 1.961608447551313361e+01 5.781415737552391132e-01 9.460330129126338579e+04
5.192904174572115394e+00 2.167884152030666556e+01 1.930919069297436863e+01 5.940420403587391984e-01 9.550540135908575030e+04
5.271446203158030919e+00 2.176918394323454464e+01 1.937563120819449836e+01 6.135723512681307001e-01 9.648301325698629080e+04
5.349988166789838573e+00 2.169804975800783708e+01 1.926867567354868882e+01 6.344902781661356794e-01 9.643988120587496087e+04
5.428530068286878674e+00 2.178762997910063959e+01 1.928035734353976594e+01 6.598244742132165497e-01 9.766723435578525823e+04
5.507071910307648643e+00 2.164732631330728907e+01 1.917097320637650526e+01 6.758688004464302734e-01 9.787135078950876778e+04
5.585613695361120179e+00 2.166698416874459809e+01 1.911428176332925588e+01 7.087634741692503404e-01 1.000641377019162755e+05
5.664155425817094525e+00 2.175443663895761404e+01 1.919185341583214566e+01 7.187184853123648187e-01 9.941897952284115308e+04
5.742697103915729961e+00 2.158012724780697411e+01 1.902121111714421531e+01 7.306489057490388461e-01 9.990727599187041051e+04
5.821238731776284148e+00 2.156907934009200289e+01 1.901338193117400266e+01 7.543689939647237885e-01 1.003619384584281361e+05
5.899780311405160127e+00 2.165168999606740741e+01 1.902946749575126617e+01 7.764922686939526031e-01 1.013629132435022912e+05
5.978321844703323507e+00 2.167699467475855002e+01 1.904356556777425880e+01 7.954105676046997475e-01 1.018686700114539417e+05
6.056863333473133437e+00 2.160431759812150432e+01 1.896697427084503218e+01 8.198012010898341195e-01 1.032440517593342956e+05
6.135404779424661115e+00 2.151689265173834897e+01 1.877517265145021952e+01 8.542035893550385950e-01 1.040874632968453661e+05
6.213946184181517118e+00 2.174270202714443911e+01 1.904901331162945866e+01 8.696140039531318200e-01 1.043998411221149290e+05
6.292487549286247983e+00 2.198272451641739877e+01 1.918677363743562125e+01 8.959736801335765888e-01 1.053767562211767217e+05
6.371028876205335756e+00 2.188123270721689551e+01 1.905686619517827296e+01 9.050849535791983813e-01 1.046482857267962827e+05
6.449570166333828070e+00 2.175074863430256755e+01 1.891965527329992725e+01 9.400054751083007920e-01 1.066104005352928943e+05
6.528111420999634262e+00 2.196706236358147279e+01 1.904988566867063682e+01 9.621407845203611142e-01 1.059992957614347979e+05
6.606652641467518627e+00 2.188736394109842820e+01 1.901522088357396356e+01 9.857732677764330376e-01 1.068738183069502265e+05
6.685193828942805006e+00 2.215185401140936250e+01 1.915403706293441743e+01 1.008467889557627117e+00 1.064761078543402400e+05
6.763734984574836240e+00 2.197884021662574838e+01 1.901910822725998074e+01 1.027842349345522210e+00 1.064071886472050828e+05
6.842276109460177835e+00 2.196069194065998076e+01 1.896036964177512374e+01 1.065315121719793368e+00 1.079059994056866853e+05
6.920817204645620890e+00 2.205287375202926015e+01 1.905537445284616638e+01 1.093408356522321156e+00 1.087083405411081185e+05
6.999358271130968312e+00 2.232542245793671043e+01 1.924457845755509311e+01 1.118433822704598235e+00 1.093492847525885445e+05
7.077899309871646949e+00 2.224968790150491316e+01 1.916228820007318845e+01 1.141315439069377158e+00 1.103343311306943651e+05
7.156440321781138536e+00 2.249426809897166990e+01 1.937182582046877499e+01 1.160994645337074527e+00 1.093485119645029190e+05
7.234981307733260536e+00 2.268432883140245337e+01 1.939208970438784263e+01 1.209609137794666722e+00 1.102837759199592838e+05
7.313522268564292439e+00 2.251714918526050013e+01 1.923808904441436951e+01 1.221060595213754763e+00 1.100585372499234072e+05
7.392063205074973276e+00 2.259503786626130761e+01 1.933782516638694560e+01 1.251145939598865331e+00 1.101337617738655244e+05
7.470604118032365015e+00 2.261762166767918458e+01 1.929508560146360807e+01 1.288057166692080591e+00 1.115702844925222162e+05
7.549145008171610272e+00 2.279052738517536270e+01 1.944745947841119715e+01 1.307973342412589224e+00 1.120103046361612360e+05
7.627685876197570103e+00 2.269991725332916133e+01 1.932251744681694205e+01 1.341767757195906352e+00 1.124232620720029518e+05
7.706226722786373884e+00 2.291641313255736279e+01 1.948966883460201771e+01 1.363331976287301517e+00 1.124032222960038926e+05
7.784767548586863484e+00 2.275699993729755377e+01 1.935228027845749565e+01 1.389448795610472187e+00 1.118691278122151271e+05
7.863308354221953955e+00 2.304619990608885871e+01 1.959726931970902797e+01 1.412133772577963686e+00 1.133819893093312858e+05
7.941849140289923170e+00 2.323299050995318638e+01 1.968825589014376121e+01 1.451138769188102584e+00 1.122566459806374187e+05
8.020389907365611748e+00 2.308986312304872968e+01 1.955432318342412046e+01 1.475942428265694772e+00 1.147718975868719135e+05
8.098930656001561701e+00 2.312427293791652971e+01 1.955526478051941552e+01 1.514811581540277174e+00 1.142728918111863604e+05
8.177471386729090241e+00 2.325518840539158916e+01 1.969718871315637898e+01 1.538020406730862932e+00 1.143721724817506183e+05
8.256012100059292536e+00 2.339011549466890827e+01 1.971862803246621354e+01 1.570085598603003119e+00 1.147795133193184010e+05
8.334552796484000936e+00 2.322764712895786232e+01 1.962182544998651679e+01 1.599934146222093512e+00 1.152558756480823213e+05
8.413093476476680266e+00 2.341801077837355294e+01 1.972148087613662781e+01 1.625711058233608508e+00 1.149587163776297821e+05
8.491634140493276917e+00 2.347926996653200504e+01 1.970912242038239981e+01 1.661820393502381421e+00 1.151806752867772011e+05
8.570174788973028868e+00 2.350086418878013816e+01 1.973506128128823178e+01 1.689255514570606964e+00 1.154669116355384176e+05
8.648715422339215309e+00 2.364248576574190253e+01 1.987310931127706581e+01 1.721663164909818411e+00 1.163956760596866516e+05
8.727256040999876063e+00 2.349457240526509594e+01 1.975708918800433977e+01 1.751954988652471901e+00 1.160352301665255654e+05
8.805796645348495488e+00 2.368347883571895451e+01 1.985384130376481338e+01 1.791778953533386343e+00 1.155072336644663301e+05
8.884337235764643737e+00 2.376298804025013567e+01 1.989191287497059335e+01 1.816243222031171278e+00 1.160767367169877252e+05
8.962877812614589601e+00 2.386954387981924697e+01 1.998741067261549631e+01 1.852967257627382125e+00 1.170096964565891103e+05
9.041418376251867173e+00 2.389495245995546924e+01 2.004785224097406626e+01 1.876182213808974097e+00 1.177288352792960068e+05
9.119958927017840722e+00 2.366251558311098790e+01 1.981584468285346645e+01 1.917339779647147191e+00 1.174298006438749289e+05
9.198499465242209183e+00 2.388696551888165232e+01 1.993403263528874092e+01 1.968225781655121187e+00 1.177526116555595654e+05
9.277039991243508865e+00 2.381006640020902054e+01 1.985249801969336048e+01 1.990640527190202347e+00 1.172262586680236709e+05
9.355580505329580632e+00 2.397334819203200595e+01 1.998080507358214319e+01 2.026018422201945501e+00 1.179221190448459965e+05
9.434121007798012215e+00 2.400566483646042215e+01 2.001516214031295249e+01 2.044457249031782720e+00 1.180781212726823578e+05
9.512661498936562765e+00 2.414810277978292419e+01 2.008073892019340434e+01 2.096923129604714386e+00 1.186254656179158483e+05
9.591201979023569635e+00 2.406788288720833791e+01 2.003601702658657757e+01 2.130998246660789963e+00 1.182375387345310301e+05
9.669742448328321416e+00 2.407856324734429165e+01 2.001961780729730478e+01 2.173075001660008887e+00 1.178803813998964179e+05
9.748282907111432749e+00 2.415678076191964152e+01 2.002011251222292287e+01 2.202125771231252305e+00 1.189539645620849915e+05
9.826823355625185386e+00 2.418113284355237624e+01 2.004996765342245268e+01 2.226816969457950712e+00 1.187505314859310020e+05
9.905363794113858589e+00 2.423610348697672023e+01 2.006343718544801646e+01 2.280692387762657258e+00 1.185180293771086872e+05
9.983904222814045326e+00 2.412973586171807838e+01 2.000447185589437993e+01 2.304961909318747004e+00 1.186980164237250283e+05
1.006244464195495070e+01 2.429016978124069936e+01 2.012404772548538645e+01 2.352922191803801244e+00 1.190573478839265881e+05
1.014098505175868148e+01 2.417532597187033616e+01 1.998618497928899274e+01 2.383920784876969901e+00 1.186575852347815817e+05
1.021952545244051613e+01 2.418102205551191020e+01 1.994090362262609517e+01 2.419018963218350304e+00 1.195133112067506590e+05
1.029806584420916415e+01 2.423943939372828282e+01 1.998990608839710958e+01 2.464523130167654674e+00 1.192074553390793444e+05
1.037660622726701654e+01 2.423743963186549877e+01 1.999066776559818592e+01 2.500944861376454664e+00 1.197066049289890652e+05
1.045514660181038380e+01 2.434249001912023758e+01 2.005780868611848788e+01 2.545735188674195459e+00 1.190448477896808472e+05
1.053368696802971982e+01 2.429918849931179636e+01 2.004402427929975872e+01 2.566785926566752529e+00 1.195649306980649853e+05
1.061222732610984210e+01 2.426872395704961249e+01 1.996513978868489403e+01 2.618778042261691308e+00 1.197334967856851435e+05
1.069076767623013779e+01 2.437524633929880480e+01 2.003972064071236048e+01 2.667547953856404863e+00 1.202371976928832446e+05
1.076930801856475739e+01 2.444749017092785337e+01 2.003153550066071276e+01 2.689394384928644133e+00 1.201637305069721624e+05
1.084784835328281005e+01 2.445828927179563195e+01 2.004782880043046234e+01 2.745644936082662468e+00 1.194777025924551126e+05
1.092638868054854306e+01 2.440623246777259681e+01 2.001489628837068224e+01 2.788490189628219706e+00 1.198063060440042755e+05
1.100492900052151413e+01 2.453706277783829748e+01 2.012360446123576097e+01 2.839237497208293881e+00 1.199053830993318988e+05
1.108346931335675833e+01 2.458867064005399072e+01 2.015284270164213254e+01 2.854981915146780125e+00 1.192906686647647730e+05
1.116200961920494805e+01 2.436376814057942752e+01 1.992482527646841106e+01 2.916090854251216502e+00 1.195823357951214566e+05
1.124054991821254212e+01 2.446357917937752902e+01 2.000357799123831981e+01 2.938434474317274780e+00 1.194749229916074401e+05
1.131909021052193687e+01 2.445825065681233568e+01 1.998193978991332287e+01 2.991251930594517550e+00 1.199167330385786045e+05
1.139763049627160285e+01 2.447823583014438498e+01 2.001850475513637306e+01 3.027139353809290334e+00 1.192923234469587624e+05
1.147617077559622167e+01 2.437288132876511426e+01 1.991051049170859955e+01 3.067721907934557013e+00 1.198540098502087203e+05
1.155471104862680853e+01 2.454541903774377332e+01 1.997833640409249867e+01 3.123025527107813559e+00 1.196056677952116443e+05
1.163325131549084368e+01 2.447523640218859242e+01 1.992340386180462630e+01 3.170124771826491550e+00 1.202580032911911985e+05
1.171179157631238787e+01 2.456836454977176132e+01 2.000594073245839866e+01 3.204628246671628045e+00 1.193141491737465258e+05
1.179033183121219608e+01 2.452016435929997584e+01 1.997650114779858299e+01 3.249237898346526432e+00 1.193528781670162280e+05
1.186887208030782759e+01 2.453353078991302638e+01 1.993231643956027455e+01 3.303282682807961113e+00 1.193065064892014343e+05
1.194741232371374728e+01 2.452087446600450704e+01 1.991661564822437569e+01 3.354753547750894516e+00 1.198587191902462655e+05
1.202595256154143222e+01 2.441554327959318726e+01 1.985674667589930209e+01 3.379557385065924180e+00 1.192062502663246996e+05
1.210449279389946753e+01 2.460936860173391239e+01 1.994386156548177169e+01 3.432260297036717756e+00 1.194028586416615435e+05
1.218303302089363527e+01 2.453156928647473123e+01 1.991771430604517690e+01 3.469042812961532718e+00 1.193154725337374548e+05
1.226157324262700676e+01 2.451991563253765705e+01 1.993779835871400152e+01 3.512331204177552291e+00 1.193393215541437821e+05
1.234011345920003322e+01 2.461840279736534853e+01 1.994021778695147518e+01 3.574206573583088797e+00 1.191584158915338048e+05
1.241865367071062565e+01 2.449269842642872064e+01 1.985777238773228603e+01 3.610493768440631523e+00 1.193861412021247816e+05
1.249719387725422415e+01 2.473071980874037123e+01 1.999425226449140069e+01 3.666975732508834351e+00 1.194691617464202136e+05
1.257573407892389383e+01 2.454582866475579550e+01 1.987681623547131338e+01 3.707058348514967516e+00 1.187028713911019149e+05
1.265427427581038877e+01 2.469276904241166903e+01 1.996137570780641823e+01 3.771992167293451104e+00 1.185686884106639773e+05
1.273281446800221772e+01 2.447687942587252508e+01 1.980767053543761236e+01 3.815296659815689662e+00 1.189778948190700321e+05
1.281135465558572584e+01 2.458315751268522575e+01 1.987810422239186536e+01 3.875203661885745721e+00 1.189468391992407414e+05
1.288989483864514796e+01 2.456611192105598107e+01 1.976176912825878418e+01 3.913433863811861091e+00 1.186425125989617372e+05
1.296843501726268322e+01 2.475491229230157941e+01 1.997701580397703935e+01 3.971257829209322132e+00 1.182554581732001971e+05
1.304697519151855190e+01 2.466705649716257653e+01 1.989932769281617198e+01 4.036461915084093910e+00 1.182802766200436163e+05
1.312551536149104692e+01 2.464571712864486130e+01 1.986772075061157139e+01 4.063272728514192522e+00 1.183837238949955645e+05
1.320405552725660492e+01 2.464597754858496614e+01 1.987991237195458893e+01 4.110012161058403279e+00 1.179908325920420320e+05
1.328259568888985243e+01 2.463114859992532502e+01 1.982748656307652269e+01 4.164184725207151772e+00 1.180902571280113916e+05
1.336113584646366270e+01 2.463690773043178694e+01 1.980892995614570395e+01 4.225663822779238465e+00 1.179352938295552740e+05
1.343967600004920548e+01 2.451750274340441038e+01 1.967828465101398550e+01 4.273961197921581245e+00 1.177144687411791383e+05
1.351821614971599317e+01 2.462174647427017149e+01 1.982472912934206022e+01 4.326586592724976477e+00 1.176506037409326236e+05
1.359675629553193588e+01 2.452496359286181615e+01 1.976408967952617601e+01 4.351432599522692790e+00 1.174921918645839032e+05
1.367529643756338231e+01 2.456198062774577195e+01 1.974956875166914472e+01 4.398794696359487055e+00 1.172672299915665062e+05
1.375383657587516595e+01 2.462355470963026605e+01 1.978026058015721489e+01 4.469695029402881659e+00 1.174377798444011860e+05
1.383237671053064766e+01 2.457327963554089933e+01 1.973044679130055812e+01 4.521116778941466130e+00 1.171501549860449159e+05
1.391091684159175834e+01 2.473025309755471213e+01 1.982198108541805937e+01 4.587681360231331773e+00 1.172717087927002285e+05
1.398945696911903269e+01 2.464622737031595534e+01 1.975768213511132032e+01 4.618822727105115433e+00 1.166083345001648559e+05
1.406799709317166069e+01 2.467799791510998375e+01 1.976560180093312269e+01 4.697793882669159871e+00 1.173040163949426496e+05
1.414653721380751428e+01 2.454312309989078855e+01 1.965093864633176324e+01 4.734646133372381271e+00 1.167728134492698155e+05
1.422507733108318817e+01 2.473370178760177751e+01 1.980121442760026085e+01 4.778965196316916852e+00 1.163961674132854678e+05
1.430361744505403543e+01 2.466947992644655940e+01 1.975614977926223403e+01 4.859233341810702989e+00 1.166074259579130303e+05
1.438215755577419586e+01 2.467410335150758627e+01 1.979357799381300609e+01 4.905665146983557712e+00 1.162185723584459920e+05
1.446069766329663686e+01 2.460063896613313617e+01 1.974159293565215378e+01 4.966027020892265220e+00 1.158206639936045831e+05
1.453923776767318010e+01 2.469897998192221067e+01 1.973669011664303241e+01 5.022097831656927802e+00 1.159215208319382655e+05
1.461777786895453346e+01 2.466859034821180430e+01 1.973016152023952685e+01 5.064616761244293386e+00 1.157506731861711160e+05
1.469631796719032302e+01 2.476281746709464215e+01 1.982533101496118988e+01 5.109705991557163429e+00 1.153608733589879266e+05
1.477485806242911437e+01 2.468154861045265847e+01 1.976974754458279548e+01 5.184886158579694815e+00 1.154171795656540489e+05
1.485339815471844993e+01 2.472160196357384976e+01 1.978021490312815089e+01 5.248712320608291293e+00 1.151005296879130619e+05
1.493193824410487203e+01 2.474415488155077014e+01 1.975867209857790030e+01 5.310696766284550563e+00 1.156588329228124785e+05
1.501047833063394421e+01 2.473909162146646068e+01 1.982045997552087968e+01 5.364214686904632323e+00 1.153581729711975786e+05
1.508901841435028857e+01 2.473771291191150112e+01 1.982731473109400966e+01 5.422780751279340450e+00 1.151678756485783670e+05
1.516755849529759992e+01 2.481514661821953283e+01 1.980295373949100934e+01 5.463308955870377126e+00 1.147124814753706014e+05
1.524609857351867070e+01 2.468416272588909166e+01 1.980009338951380826e+01 5.523956719245816771e+00 1.146395660126329458e+05
1.532463864905541762e+01 2.476108144034345671e+01 1.980667396332902896e+01 5.593095655874069649e+00 1.141121063189349661e+05
1.540317872194890292e+01 2.471829927137563843e+01 1.979301904628288611e+01 5.644244290226586358e+00 1.143461969748711999e+05
1.548171879223935399e+01 2.471591644598525761e+01 1.976952072769200441e+01 5.713274666599655660e+00 1.139927334121056920e+05
1.556025885996618996e+01 2.481137825201831149e+01 1.983738124074448095e+01 5.796937641762095694e+00 1.142160525665253663e+05
1.563879892516803238e+01 2.475999118812435995e+01 1.985557855711257602e+01 5.828024121149110393e+00 1.138326945792653278e+05
1.571733898788273187e+01 2.484009551806696336e+01 1.989385159147176907e+01 5.882166996734675024e+00 1.136729285760885978e+05
1.579587904814739119e+01 2.487940562421604085e+01 1.988190557067009578e+01 5.974475542632203151e+00 1.140644271360627463e+05
1.587441910599837769e+01 2.479270388032469796e+01 1.983366964607638749e+01 6.014826185581898521e+00 1.133968141874311696e+05
1.595295916147133575e+01 2.483192979359865760e+01 1.988748862673155315e+01 6.073476152573313414e+00 1.132383990077958442e+05
1.603149921460121874e+01 2.485405847417228742e+01 1.986666212122378283e+01 6.170579031474187737e+00 1.133736945000854903e+05
1.611003926542229436e+01 2.486925854672733394e+01 1.987968040442324025e+01 6.240734923262524880e+00 1.132945665964228392e+05
1.618857931396816596e+01 2.490625343160918348e+01 1.989913792450413510e+01 6.311474287877774536e+00 1.133111974521422089e+05
1.626711936027179561e+01 2.491798166704751694e+01 1.997348898755066315e+01 6.358926793328222971e+00 1.126858374895107845e+05
1.634565940436549525e+01 2.491165244606220597e+01 1.990519296533651783e+01 6.452553725165554255e+00 1.128197233928760834e+05
1.642419944628097639e+01 2.494963351768808479e+01 1.993361860509869032e+01 6.495931928062063321e+00 1.123989895436944935e+05
1.650273948604932883e+01 2.497822138615846299e+01 2.001514325765996816e+01 6.584716706129048802e+00 1.125434811462008511e+05
1.658127952370107394e+01 2.497474385080982273e+01 1.998255384553991476e+01 6.637657857262646566e+00 1.125740147997117019e+05
1.665981955926614333e+01 2.499994436527500596e+01 1.999655580389795162e+01 6.724272517631090906e+00 1.125478797855327575e+05
1.673835959277390728e+01 2.503341727291660490e+01 2.001779689739199242e+01 6.805646181822946339e+00 1.123929638145625358e+05
1.681689962425318896e+01 2.501613055819017717e+01 1.998567088126535296e+01 6.860913984925580245e+00 1.121222012261560158e+05
1.689543965373228218e+01 2.506282655055944630e+01 2.004488147043351276e+01 6.928250931251102251e+00 1.122051563896855951e+05
1.697397968123895495e+01 2.497569796691392696e+01 2.000365368066458771e+01 6.983422719541964696e+00 1.120095233215519693e+05
1.705251970680045304e+01 2.506937988520438410e+01 2.003766522135724060e+01 7.071805696196491908e+00 1.119664719018905889e+05
1.713105973044353902e+01 2.503250941660814988e+01 2.005455550193500613e+01 7.149971664786956893e+00 1.119280679136343097e+05
1.720959975219447102e+01 2.515926635756903096e+01 2.012825760026722222e+01 7.219184747317671125e+00 1.117877526829892886e+05
1.728813977207903463e+01 2.510047358915901938e+01 2.013725245890690019e+01 7.301041250945218053e+00 1.119214240629584383e+05
1.736667979012256424e+01 2.518856519905463998e+01 2.016351780518957781e+01 7.373169730736162109e+00 1.118663465392665530e+05
1.744521980634991110e+01 2.522038963409530155e+01 2.018907812302964544e+01 7.451765547645584853e+00 1.115838780102304881e+05
1.752375982078550365e+01 2.516400956868055516e+01 2.016967935104928600e+01 7.536604101813475509e+00 1.112682774095900531e+05
1.760229983345331917e+01 2.516944466147518256e+01 2.016873206383051809e+01 7.602132149580516085e+00 1.113866675844349229e+05
1.768083984437692635e+01 2.531270755433323316e+01 2.031972230578005423e+01 7.674481593261202939e+00 1.115153426853005949e+05
1.775937985357945692e+01 2.533843508810441136e+01 2.035572212000198888e+01 7.753070379626046282e+00 1.115257703010235709e+05
1.783791986108364824e+01 2.534560045919251081e+01 2.034116093989235807e+01 7.819127774603702008e+00 1.113951994896439865e+05
1.791645986691183268e+01 2.536714930238522570e+01 2.034217762240279725e+01 7.927534379832890110e+00 1.116544788890266354e+05
1.799499987108595889e+01 2.533281981769873425e+01 2.032384532065371729e+01 7.979931314884177951e+00 1.114523208189154975e+05
1.807353987362759185e+01 2.548140135235538750e+01 2.043746224678068657e+01 8.076999542026873868e+00 1.113122954592134483e+05
1.815207987455791638e+01 2.546709417839241141e+01 2.043941719082734920e+01 8.140583523577204161e+00 1.112756952681268158e+05
1.823061987389775851e+01 2.560411608035738951e+01 2.056891383161172726e+01 8.231913071241054425e+00 1.113825006754669303e+05
1.830915987166758541e+01 2.554211801222242428e+01 2.050191996945664030e+01 8.344228224215713752e+00 1.118751879684128799e+05
1.838769986788751964e+01 2.568965379815777439e+01 2.062265590620301126e+01 8.407231027679296531e+00 1.116379946816620504e+05
1.846623986257733563e+01 2.560881057647064551e+01 2.061223529354127848e+01 8.488207278402013500e+00 1.116509614719553938e+05
1.854477985575647381e+01 2.564432044407114120e+01 2.064009952331869613e+01 8.564673476134931462e+00 1.115045687786348280e+05
1.862331984744404423e+01 2.570014196413950813e+01 2.064928036124365818e+01 8.645796473000402216e+00 1.116160344815265998e+05
1.870185983765884075e+01 2.581047929127644736e+01 2.073296113645087502e+01 8.762009781200193359e+00 1.119115530164609227e+05
1.878039982641934458e+01 2.579593186323556964e+01 2.078475913911622897e+01 8.811307934230253380e+00 1.123892138484105235e+05
1.885893981374372075e+01 2.583254798677588582e+01 2.079370095297078791e+01 8.887423179457561773e+00 1.122793465988360258e+05
1.893747979964983941e+01 2.597807075385694020e+01 2.093968632002043506e+01 9.017350183546746223e+00 1.122760026555706572e+05
1.901601978415527228e+01 2.606458109984108162e+01 2.095658321481995046e+01 9.084425532650989510e+00 1.125429302925368102e+05
1.909455976727730331e+01 2.615056704708629098e+01 2.106634317987508709e+01 9.193631042331993797e+00 1.124060174000676925e+05
1.917309974903293579e+01 2.621019208834022507e+01 2.112933930760332402e+01 9.278099780959950138e+00 1.129733550151611998e+05
1.925163972943889235e+01 2.619219089727492289e+01 2.115551924182076959e+01 9.351929977409628947e+00 1.124569703213485773e+05
1.933017970851161849e+01 2.632847614081390120e+01 2.122547292604713220e+01 9.454445758238126274e+00 1.132990155237574654e+05
1.940871968626730748e+01 2.636331369228477683e+01 2.129039915288099394e+01 9.555382742996512135e+00 1.133935495984902373e+05
1.948725966272188259e+01 2.648673316961619406e+01 2.138340104753111248e+01 9.645957917238328960e+00 1.132328168228254508e+05
1.956579963789100773e+01 2.653316303985599944e+01 2.145214550372582707e+01 9.739858058331408941e+00 1.136990787972539547e+05
1.964433961179010524e+01 2.658666563120221937e+01 2.147079425517287277e+01 9.820873756622768624e+00 1.138495465434788930e+05
1.972287958443434519e+01 2.666530825014373107e+01 2.153900298883440811e+01 9.906081450394374599e+00 1.141358554442041932e+05
1.980141955583865965e+01 2.685209938838404398e+01 2.175919979476473642e+01 9.999361556710487875e+00 1.138557677357275243e+05
1.987995952601774619e+01 2.689692903871319629e+01 2.177454293073180480e+01 1.008038546032869753e+01 1.145069454216283048e+05
1.995849949498606790e+01 2.700468677272610662e+01 2.187227157859161508e+01 1.017885421243691724e+01 1.149090894590614625e+05
2.003703946275786052e+01 2.710219299983723573e+01 2.197364571836258307e+01 1.027310667138959488e+01 1.149884082063264359e+05
2.011557942934713950e+01 2.708877558130316032e+01 2.198972156976004300e+01 1.039187673970317682e+01 1.153209419323403999e+05
2.019411939476770712e+01 2.718219493465086956e+01 2.206137356276474293e+01 1.047023927367927065e+01 1.150983721720342292e+05
2.027265935903314542e+01 2.719748282271245898e+01 2.211264774106949460e+01 1.056473946636593730e+01 1.149682247773347190e+05
2.035119932215682326e+01 2.717316957446398362e+01 2.211945264350494256e+01 1.063531322294756798e+01 1.147477545117160043e+05
2.042973928415191054e+01 2.708611752033336373e+01 2.205780777294241091e+01 1.073373085684271011e+01 1.144732359704815899e+05
2.050827924503137467e+01 2.718585943404332639e+01 2.214833460288213374e+01 1.084065117282164969e+01 1.144259286071239185e+05
2.058681920480798766e+01 2.722635148918207193e+01 2.212543115645984670e+01 1.096323494619093530e+01 1.143794491392914351e+05
2.066535916349431901e+01 2.707675428210902524e+01 2.211883478137175629e+01 1.099831183936711909e+01 1.141467589923005435e+05
2.074389912110275347e+01 2.700657504243453033e+01 2.208935248026374509e+01 1.110802793423849444e+01 1.140116177734916273e+05
2.082243907764548752e+01 2.710287840719450259e+01 2.214546335001181276e+01 1.115573570439823747e+01 1.138307113980120921e+05
2.090097903313453642e+01 2.710020496612037277e+01 2.218165408349225487e+01 1.125537681833641557e+01 1.136176305006802577e+05
2.097951898758173783e+01 2.714654641385786960e+01 2.217375927007473990e+01 1.136248584622556557e+01 1.130522373236591375e+05
2.105805894099874109e+01 2.706924574758092561e+01 2.224147628780461616e+01 1.145585245768098304e+01 1.129785744807482697e+05
2.113659889339703568e+01 2.705590016710996792e+01 2.219603071868064958e+01 1.157241070687738826e+01 1.131173662598837109e+05
2.121513884478793344e+01 2.709915724050590669e+01 2.226994643585768685e+01 1.165106039012236572e+01 1.128713809693348740e+05
2.129367879518258277e+01 2.708562105059666791e+01 2.221355080506866031e+01 1.173961815643248841e+01 1.126996653398573981e+05
2.137221874459196869e+01 2.706805520620481786e+01 2.225988246408644500e+01 1.184235496385676356e+01 1.123539190369109274e+05
2.145075869302691274e+01 2.697621493541768345e+01 2.222530582123868825e+01 1.191848455980128918e+01 1.122283010375766171e+05
2.152929864049807307e+01 2.700992553646488403e+01 2.227645202522352363e+01 1.204406690633506116e+01 1.122749373858347390e+05
2.160783858701596571e+01 2.708295882199593052e+01 2.240203729095702201e+01 1.214036316708048524e+01 1.125184958002747589e+05
2.168637853259094683e+01 2.718026787669139210e+01 2.243323634231109409e+01 1.222017840910924846e+01 1.121651689904443047e+05
2.176491847723321982e+01 2.709405133143974354e+01 2.243804986909456289e+01 1.232371535130738494e+01 1.118554566351132671e+05
2.184345842095285306e+01 2.707548142970679095e+01 2.242318426269345721e+01 1.243961361363685469e+01 1.118568119418736896e+05
2.192199836375975508e+01 2.709437651210572540e+01 2.253990698441240426e+01 1.253939399589737391e+01 1.115588580612269579e+05
2.200053830566371005e+01 2.715790323065753498e+01 2.246773889904113375e+01 1.259893921801176475e+01 1.114905764959034423e+05
2.207907824667434582e+01 2.712824546230710254e+01 2.254884428574065325e+01 1.274240624964688884e+01 1.113679874759854138e+05
2.215761818680116590e+01 2.705895014864252701e+01 2.250850753581456942e+01 1.283893626144974931e+01 1.111292685995513166e+05
2.223615812605353526e+01 2.706839962130008814e+01 2.256139822547318374e+01 1.296112535084886552e+01 1.113122192299507151e+05
2.231469806444068738e+01 2.711602701963913020e+01 2.261532399583786912e+01 1.304545145983428611e+01 1.109769221101500589e+05
2.239323800197172432e+01 2.715748785230481133e+01 2.259832907817118652e+01 1.318305438381012351e+01 1.110913258964001143e+05
2.247177793865562023e+01 2.711913056451492565e+01 2.268030915071555853e+01 1.326209476531762732e+01 1.109382757801732369e+05
2.255031787450123204e+01 2.719615797535801605e+01 2.274035879940689853e+01 1.339263195325364464e+01 1.106424682436070143e+05
2.262885780951728165e+01 2.717232189206149684e+01 2.264844016939122540e+01 1.351771733424259558e+01 1.107455354189393402e+05
2.270739774371238440e+01 2.717736797367520296e+01 2.279067745631974873e+01 1.359067386885607931e+01 1.102041104548053845e+05
2.278593767709502771e+01 2.721900946528698384e+01 2.285285599682407209e+01 1.369181052894398931e+01 1.107861795839029510e+05
2.286447760967358178e+01 2.724087302621055073e+01 2.294249483057994610e+01 1.383683859482194123e+01 1.099721572685484280e+05
2.294301754145629957e+01 2.713911919309230214e+01 2.286048432666001062e+01 1.393181854283802679e+01 1.103387789888912812e+05
2.302155747245133455e+01 2.714649027980926732e+01 2.290299076678838830e+01 1.401618462221817474e+01 1.102127716433662135e+05
2.310009740266672296e+01 2.711793947273170957e+01 2.284293013166674768e+01 1.412426828625509323e+01 1.102498965193751210e+05
2.317863733211038380e+01 2.719817850549318194e+01 2.298916122889803049e+01 1.423728633622060968e+01 1.100216240055230010e+05
2.325717726079013303e+01 2.719520123548332435e+01 2.300166365144664127e+01 1.434289584677268259e+01 1.098648348315082840e+05
2.333571718871368716e+01 2.726872560732521222e+01 2.308825770728754279e+01 1.449598891430831493e+01 1.099233512069820426e+05
2.341425711588865965e+01 2.723047992098511472e+01 2.305207466923976511e+01 1.466987331542307516e+01 1.101150638028770481e+05
2.349279704232255384e+01 2.730476366217204287e+01 2.315686888206874627e+01 1.470928338499576782e+01 1.098761028861564992e+05
2.357133696802278067e+01 2.727647616378493112e+01 2.321125829986713285e+01 1.484081404403083226e+01 1.098689452180817898e+05
2.364987689299664453e+01 2.728389843075052212e+01 2.323483643825829503e+01 1.491853973228191244e+01 1.097945383109721151e+05
2.372841681725136453e+01 2.736034392584800301e+01 2.328489002601295255e+01 1.507169188500279589e+01 1.098320472911414690e+05
2.380695674079405322e+01 2.745005640098860766e+01 2.335732567384966885e+01 1.519922993806944511e+01 1.092847111566438543e+05
2.388549666363174140e+01 2.743739531340679960e+01 2.341144978770395824e+01 1.531265307321962510e+01 1.097351010620614252e+05
2.396403658577134976e+01 2.741875196982453033e+01 2.342638949514072877e+01 1.542482781428476279e+01 1.094857095113372925e+05
2.404257650721972439e+01 2.744739520437810398e+01 2.350910692482517206e+01 1.554271776095429658e+01 1.094813156586569385e+05
2.412111642798362254e+01 2.751200983814106849e+01 2.357667129283651164e+01 1.565215816313258479e+01 1.096448602971857617e+05
2.419965634806970556e+01 2.747077123842854718e+01 2.364739463590299096e+01 1.575369725766216789e+01 1.093561833027760731e+05
2.427819626748454596e+01 2.756322126970069419e+01 2.367790231369033549e+01 1.591955896537840154e+01 1.095319115259699902e+05
2.435673618623464520e+01 2.760876574698330188e+01 2.377201972448030887e+01 1.595640415221103225e+01 1.097033090530670888e+05
2.443527610432640529e+01 2.765915678296663671e+01 2.380070830693822614e+01 1.610296931127161102e+01 1.094387367758454930e+05
2.451381602176616425e+01 2.773774778549573838e+01 2.390926087600876571e+01 1.624886458657275412e+01 1.095601523252712359e+05
2.459235593856016067e+01 2.766954953073833678e+01 2.391256149028298950e+01 1.641873703684633767e+01 1.094940893589610932e+05
2.467089585471456203e+01 2.768279602983031751e+01 2.390889511721748661e+01 1.651935186183565563e+01 1.094751661974191957e+05
2.474943577023546126e+01 2.779706772900221523e+01 2.408151338226686278e+01 1.668744376011152752e+01 1.097584894223509182e+05
2.482797568512887310e+01 2.780309791243040252e+01 2.411498460094181340e+01 1.676445850519784031e+01 1.098860654464827385e+05
2.490651559940072346e+01 2.782031997576655158e+01 2.419537313991032690e+01 1.691405390027056299e+01 1.098863203364096989e+05
2.498505551305688144e+01 2.782316834206243072e+01 2.412000635112974578e+01 1.699774166853867285e+01 1.092170336334439053e+05
2.506359542610313440e+01 2.804621505688699301e+01 2.421383945549714056e+01 1.727718072114237202e+01 1.100125593676117278e+05
2.514213533854519511e+01 2.797437003754470908e+01 2.437696234955787844e+01 1.734592594412866973e+01 1.094081572953903378e+05
2.522067525038871239e+01 2.804993911306409160e+01 2.440517165135915789e+01 1.745312551329910278e+01 1.102410542807251331e+05
2.529921516163925688e+01 2.810099052502872397e+01 2.445478714485052762e+01 1.755543879771845184e+01 1.098923202018751326e+05
2.537775507230233529e+01 2.811526344284797219e+01 2.462790358023325865e+01 1.766357902563445847e+01 1.098370827721859096e+05
2.545629498238338684e+01 2.816460566487791084e+01 2.467694852453690757e+01 1.780058591035206916e+01 1.101502452558377117e+05
2.553483489188777966e+01 2.820427732561781298e+01 2.466075308155336288e+01 1.791471479112492915e+01 1.104206971509690193e+05
2.561337480082082152e+01 2.815925633799535532e+01 2.468781873172514807e+01 1.805001830337251789e+01 1.098716456523788365e+05
2.569191470918774911e+01 2.815492817287834981e+01 2.478198659590427866e+01 1.810708265522645988e+01 1.095951116982561653e+05
2.577045461699373874e+01 2.836347113875105208e+01 2.494422881334374154e+01 1.837171711199133739e+01 1.103989280916438584e+05
2.584899452424390631e+01 2.841050520373438815e+01 2.496671437741077781e+01 1.851426552043440665e+01 1.108158667203726072e+05
2.592753443094329668e+01 2.840243394186088466e+01 2.505305831873979017e+01 1.863110252620642626e+01 1.106151736021182733e+05
2.600607433709690852e+01 2.853185625602237252e+01 2.507585396693269786e+01 1.876943525810771618e+01 1.111182582094412501e+05
2.608461424270966944e+01 2.857031875073849747e+01 2.518745453645427546e+01 1.887799549195798932e+01 1.114218977348277258e+05
2.616315414778644310e+01 2.859767105055431102e+01 2.528940894824003749e+01 1.896398476852656145e+01 1.109518848960057512e+05
2.624169405233205055e+01 2.871754327316595123e+01 2.543002222125430478e+01 1.913340845806363433e+01 1.115006328054821352e+05
2.632023395635124174e+01 2.871119847192793628e+01 2.543447785130690164e+01 1.930285570574885412e+01 1.112067854089466709e+05
2.639877385984871694e+01 2.880269493939049852e+01 2.556363945645982838e+01 1.952230629432174780e+01 1.110959460146029596e+05
2.647731376282911953e+01 2.887073519792364351e+01 2.555072165576218879e+01 1.963214459259991074e+01 1.116066917331635632e+05
2.655585366529703606e+01 2.901464762814441301e+01 2.581023550963458035e+01 1.969581361332683400e+01 1.116513925403326284e+05
2.663439356725699980e+01 2.900789346996689488e+01 2.576555253435134674e+01 1.985113522497109884e+01 1.126322578920279484e+05
2.671293346871349428e+01 2.917152271670205721e+01 2.594276104621597767e+01 2.004286203002441624e+01 1.124797426718693168e+05
2.679147336967094617e+01 2.927567168895854621e+01 2.604765144720641956e+01 2.018423476648923653e+01 1.126419642222140101e+05
2.687001327013372531e+01 2.923598028102524893e+01 2.612020949002502235e+01 2.036924421644614469e+01 1.126033788108973968e+05
2.694855317010616602e+01 2.926915782439597535e+01 2.619111984333981269e+01 2.044011657606780830e+01 1.130511991960044979e+05
2.702709306959254221e+01 2.934812164734340101e+01 2.625671396770034605e+01 2.051413042237587447e+01 1.125515162929107755e+05
2.710563296859707094e+01 2.939268250713141484e+01 2.625712804335418227e+01 2.075958318519930401e+01 1.131584827890684246e+05
2.718417286712393377e+01 2.952714470829900151e+01 2.654516336877795268e+01 2.089646701734313439e+01 1.127325146058627724e+05
2.726271276517725894e+01 2.970286473541140637e+01 2.662127135814092327e+01 2.104551835043725916e+01 1.129665092951910628e+05
2.734125266276112498e+01 2.955599506721532066e+01 2.654282900536153988e+01 2.120354800757207059e+01 1.128964658146306610e+05
2.741979255987956776e+01 2.970235487549160425e+01 2.680156339861464332e+01 2.137692330998713786e+01 1.137580283891619911e+05
2.749833245653658054e+01 2.968440653039848698e+01 2.683233130634704366e+01 2.152145055853494071e+01 1.134487100038143544e+05
2.757687235273609616e+01 2.970076101545445368e+01 2.683958017093488380e+01 2.160708706564237502e+01 1.131953395667869190e+05
2.765541224848202262e+01 2.978188854525889440e+01 2.692855265246038599e+01 2.168468354023627498e+01 1.136373439628733904e+05
2.773395214377820395e+01 2.970327592251125637e+01 2.705453080893702023e+01 2.195465007586145489e+01 1.136714060660768446e+05
2.781249203862845576e+01 2.963498663571036218e+01 2.693943467146807436e+01 2.193472725936675616e+01 1.132858668686000165e+05
2.789103193303654038e+01 2.985436792424808417e+01 2.717633429151997504e+01 2.222361667039627164e+01 1.134497582947509218e+05
2.796957182700618816e+01 2.970198111037453970e+01 2.719178506198602463e+01 2.230439405409851972e+01 1.134346233607174800e+05
2.804811172054107615e+01 2.984416986904148672e+01 2.727570191088782536e+01 2.241760890064869471e+01 1.134936781443656218e+05
2.812665161364485655e+01 2.990142041260561001e+01 2.731488571071728089e+01 2.264231334464221135e+01 1.134945792505519785e+05
2.820519150632112115e+01 2.976808269180582656e+01 2.738264027479212714e+01 2.260541424650205045e+01 1.126086687424659322e+05
2.828373139857343332e+01 2.960519762256738474e+01 2.714169330828837090e+01 2.281671848633331479e+01 1.130001049220763816e+05
2.836227129040531736e+01 2.971981854868242934e+01 2.751002590043033535e+01 2.291333424077445358e+01 1.123813767503026029e+05
2.844081118182025847e+01 2.984683742605918511e+01 2.744068565491269496e+01 2.307659384389339152e+01 1.126316944388925476e+05
2.851935107282169923e+01 2.972255283772537737e+01 2.731071895121160864e+01 2.314321223364784075e+01 1.119265141112813581e+05
2.859789096341304315e+01 2.954096739202810085e+01 2.743246390127406542e+01 2.322137625459478016e+01 1.108703431416631356e+05
2.867643085359765820e+01 2.954669287869594996e+01 2.731021223868640035e+01 2.324209393482678365e+01 1.112246871892080962e+05
2.875497074337888392e+01 2.951294268668521426e+01 2.758936570287630730e+01 2.339213617040311632e+01 1.114740302490015456e+05
2.883351063276001369e+01 2.958663694481651163e+01 2.743725418061772459e+01 2.372836262646558581e+01 1.114905476591954211e+05
2.891205052174430890e+01 2.944157866271093482e+01 2.741527167709469026e+01 2.371441154648929484e+01 1.102554382689073536e+05
2.899059041033499184e+01 2.952124559614146904e+01 2.749297670375413460e+01 2.393389463979082876e+01 1.117743739340993197e+05
2.906913029853525643e+01 2.961221979219776657e+01 2.769105009414033347e+01 2.416570073743369917e+01 1.115395252870955883e+05
2.914767018634825746e+01 2.957782259858754514e+01 2.748722750541799797e+01 2.416371425695982467e+01 1.107596190668377094e+05
2.922621007377712132e+01 2.952481246192798281e+01 2.767002188347182567e+01 2.431213780845048333e+01 1.113582406158116646e+05
2.930474996082492822e+01 2.950799423388605902e+01 2.789186518820450900e+01 2.455279764270094844e+01 1.111099405417014932e+05
2.938328984749474060e+01 2.969368195705784075e+01 2.788741401684696442e+01 2.466655486752107862e+01 1.108440420682756667e+05
2.946182973378957826e+01 2.944855856379225756e+01 2.784332318495032865e+01 2.474106496207074812e+01 1.102322188839023293e+05
2.954036961971243258e+01 2.963504899051705976e+01 2.784646115110897213e+01 2.489348745404428342e+01 1.104727315985080932e+05
2.961890950526625943e+01 2.972907390024199259e+01 2.810895016214146835e+01 2.514651515566827200e+01 1.107686135120093677e+05
2.969744939045398979e+01 2.981256067852507030e+01 2.801590017009830191e+01 2.514458273004867195e+01 1.113206086346365919e+05
2.977598927527852268e+01 2.970784015910820131e+01 2.817156521378572620e+01 2.521662830496832086e+01 1.113929345935494057e+05
2.985452915974272159e+01 2.990562276507683137e+01 2.842886651512473506e+01 2.550682557290638286e+01 1.109164222179306234e+05
2.993306904384942868e+01 2.987711341585658431e+01 2.834662408067560690e+01 2.544752631698775147e+01 1.114877246585563553e+05
3.001160892760143994e+01 2.997138541022781411e+01 2.828492431455661915e+01 2.576144490659647701e+01 1.117393596989697107e+05
3.009014881100154071e+01 3.003417688508882932e+01 2.818769388833688438e+01 2.601516133477668191e+01 1.120560985183658922e+05
3.016868869405248077e+01 3.017638185085220925e+01 2.885345395095517063e+01 2.625320763309298400e+01 1.124728300748553738e+05
3.024722857675697441e+01 3.018055338986394887e+01 2.872983955687175595e+01 2.641519507172794334e+01 1.121214722084932146e+05
3.032576845911771457e+01 3.017935462805428060e+01 2.911178223035923551e+01 2.669070115028771184e+01 1.115796942315788183e+05
3.040430834113736580e+01 3.050141195086002099e+01 2.887384456108680197e+01 2.689590938169722278e+01 1.133665269609479292e+05
3.048284822281856421e+01 3.010300757862188803e+01 2.888799014837555035e+01 2.688734222230416648e+01 1.116889211561453558e+05
3.056138810416392460e+01 3.046513839322031103e+01 2.934240531994557344e+01 2.713082637467422131e+01 1.115641945711106382e+05
3.063992798517602267e+01 3.058168626311211113e+01 2.950754296924248621e+01 2.727751046970081816e+01 1.128343895438767649e+05
3.071846786585741640e+01 3.069791092629244389e+01 2.926840878681457170e+01 2.751648767259376527e+01 1.131548666244886699e+05
3.079700774621063886e+01 3.095123866865561979e+01 2.943274205580891589e+01 2.764344235133196293e+01 1.139622981396857358e+05
3.087554762623818760e+01 3.077237249078256909e+01 2.949425068508738690e+01 2.798964945656287995e+01 1.130961057166038081e+05
3.095408750594254599e+01 3.087528307829022722e+01 2.967620830284245415e+01 2.795937928493037816e+01 1.127313143511041853e+05
3.103262738532617249e+01 3.131251303622403270e+01 2.992956506449475285e+01 2.808904622925139094e+01 1.149056172774439183e+05
3.111116726439149005e+01 3.105448768296268724e+01 2.982277937256419875e+01 2.830260133789061783e+01 1.138913759687559213e+05
3.118970714314090387e+01 3.129603816899635405e+01 3.015294694216724736e+01 2.845153088196526170e+01 1.144046881652717420e+05
3.126824702157679781e+01 3.136272891571246646e+01 3.037692008595860926e+01 2.880189295523304338e+01 1.148413519947178283e+05
3.134678689970152377e+01 3.145816909679214390e+01 3.048242388131482628e+01 2.927406678603288270e+01 1.140787186767881503e+05
3.142532677751741588e+01 3.173326118928246942e+01 3.025473835129276168e+01 2.935721985925339794e+01 1.166236599114532582e+05
3.150386665502678696e+01 3.150715592894885120e+01 3.065090193578492972e+01 2.942203145158860167e+01 1.151939802493246680e+05
3.158240653223192140e+01 3.156888264490338258e+01 3.034066064838053833e+01 2.944077943484992943e+01 1.174792322439702111e+05
3.166094640913508229e+01 3.169869600373913343e+01 3.084710690973002656e+01 2.962642269693023778e+01 1.163502551850607706e+05
3.173948628573851494e+01 3.201175661604341371e+01 3.068273863253369527e+01 2.990460571714639215e+01 1.176478388415752852e+05
3.181802616204443623e+01 3.218215089431019749e+01 3.123329543666134711e+01 2.984848785754134326e+01 1.179342802524939179e+05
3.189656603805504531e+01 3.233515381603525896e+01 3.125001069967376921e+01 3.034831947917723127e+01 1.188752941081056633e+05
3.197510591377251998e+01 3.256886824495881427e+01 3.138713322449919829e+01 3.061096762725680165e+01 1.183932462230951351e+05
3.205364578919900964e+01 3.259504289645329322e+01 3.172983506896045114e+01 3.078485600902996566e+01 1.193415857859058742e+05
3.213218566433665302e+01 3.256565889905466804e+01 3.113511304561128057e+01 3.052748268730273296e+01 1.203316809497000213e+05
3.221072553918755688e+01 3.257183831308082489e+01 3.137074838319628611e+01 3.090380123078692165e+01 1.187396630227197020e+05
3.228926541375382442e+01 3.326386449163083370e+01 3.181431528462386282e+01 3.127061550473402107e+01 1.208061730150142394e+05
3.236780528803751622e+01 3.302910902001006832e+01 3.207267123337162218e+01 3.158476207338335229e+01 1.215087412675535452e+05
3.244634516204068575e+01 3.375135573685759738e+01 3.172041452127262673e+01 3.138537220113155612e+01 1.215188615354700305e+05
3.252488503576537227e+01 3.338707372074203761e+01 3.203980943567265882e+01 3.098517281032534143e+01 1.204095648133386567e+05
3.260342490921358660e+01 3.338847998354623314e+01 3.261156508090229522e+01 3.202247014657096713e+01 1.220293418889809109e+05
3.268196478238731828e+01 3.343545653007299023e+01 3.282037017049768934e+01 3.217537923873405248e+01 1.223142776449907396e+05
3.276050465528854261e+01 3.401876601759821739e+01 3.279301889904674283e+01 3.218374744822718725e+01 1.258293244740711234e+05
3.283904452791921358e+01 3.439521417050185192e+01 3.257677439985880596e+01 3.271182362577751945e+01 1.271724452360251744e+05
3.291758440028127097e+01 3.474368381808206863e+01 3.332008450516905640e+01 3.239146414112219929e+01 1.239854667184961581e+05
3.299612427237663326e+01 3.473300266577056306e+01 3.308998259728959113e+01 3.300201043563747305e+01 1.250002443101702083e+05
3.307466414420719758e+01 3.446771104496893656e+01 3.335247306021511093e+01 3.227015796818427162e+01 1.248176265898373531e+05
3.315320401577483977e+01 3.548274689452205877e+01 3.466271907536022923e+01 3.339391100428215253e+01 1.266155269754801702e+05
3.323174388708143567e+01 3.418690599431944577e+01 3.457778457268190664e+01 3.381504018424613633e+01 1.238110374617254129e+05
3.331028375812883269e+01 3.472303074301387227e+01 3.417894330846991124e+01 3.349178564246012257e+01 1.276838583743582276e+05
3.338882362891884981e+01 3.531992156743172018e+01 3.469495525561802651e+01 3.427669064966589474e+01 1.279920190990060364e+05
3.346736349945329891e+01 3.580066095486778721e+01 3.362712628230568157e+01 3.441062753791126028e+01 1.244869577714875632e+05
3.354590336973399189e+01 3.631609793281484144e+01 3.351296179359245997e+01 3.429726939628975657e+01 1.319789758053891710e+05
3.362444323976268379e+01 3.790579390773689994e+01 3.481858554740181688e+01 3.365894475281681508e+01 1.332967278548283502e+05
3.370298310954115806e+01 3.516475081501994993e+01 3.460116387656582759e+01 3.585660094222025407e+01 1.292789566431146231e+05
3.378152297907114132e+01 3.694785427353784257e+01 3.479963113753961323e+01 3.551323015491286839e+01 1.326974497587030637e+05
3.386006284835436730e+01 3.645757683903060808e+01 3.469237984654422036e+01 3.400758014163742615e+01 1.297793765188519465e+05
3.393860271739255552e+01 3.688742140268774961e+01 3.491908911214686384e+01 3.645209853858828097e+01 1.359754772994945233e+05
3.401714258618739706e+01 3.720504303801924806e+01 3.772269124342553681e+01 3.594694635655027781e+01 1.244520201697007142e+05
3.409568245474058301e+01 3.967136531303582103e+01 3.775792288179722078e+01 3.658354443925273358e+01 1.411984876830946305e+05
3.417422232305376895e+01 3.462165223094301325e+01 3.490732867493932901e+01 3.339872727002025243e+01 1.268741624596902839e+05
3.425276219112861043e+01 3.673606571917506614e+01 3.632663694683638766e+01 3.655526703381238462e+01 1.352256119831461110e+05
3.433130205896674880e+01 4.082320032636558693e+01 4.079951371364954582e+01 4.274687612671849735e+01 1.368398358625763212e+05
3.440984192656979701e+01 4.011985783669753403e+01 3.736160062750605704e+01 3.776762247023753361e+01 1.449508240698557929e+05
3.448838179393936088e+01 4.554611761306033912e+01 3.880849573395327923e+01 4.022106169996958869e+01 1.556981689292315859e+05
3.456692166107702491e+01 4.111778198911935789e+01 3.874808319627649666e+01 3.439274449960448976e+01 1.414517271402783226e+05
3.464546152798438072e+01 4.771162840026278928e+01 4.849554375096870018e+01 2.665752182873486476e+01 1.291226705419843929e+05
3.472400139466299152e+01 3.643040577808127978e+01 3.518474882843255358e+01 5.116666050592710491e+01 1.596616361534852767e+05
