# 0.9993 0.9998
7.871241428633635184e-02 3.396365970513133825e-01 3.442778036094951699e-01 6.762527143059732194e-05 9.878319108525203092e+02
1.618072713909662341e-01 8.940785915648367110e-01 8.959623458661344353e-01 3.734744378429107406e-04 3.942048062074612972e+03
2.418771330418761079e-01 2.159356254355894844e+00 2.144948964068969399e+00 4.538681244335174845e-04 5.406343383954776982e+03
3.211923215201240578e-01 2.805821315091772572e+00 2.809778077166110055e+00 1.140514480187301404e-03 1.054955357922785151e+04
4.002017901256537113e-01 2.774227283191960769e+00 2.766077256627618386e+00 1.547691404273180815e-03 1.489390553609582821e+04
4.790568272527075955e-01 3.505272029265150469e+00 3.464774674495726625e+00 2.482428046870975048e-03 1.461449700513821153e+04
5.578229290343351687e-01 3.896311067965071651e+00 3.833977480487340994e+00 3.466360255195520025e-03 2.113436395495916076e+04
6.365331115321660738e-01 4.905721274234678297e+00 4.818436033837022237e+00 4.809307442169680723e-03 2.258193925361760557e+04
7.152058371535838788e-01 4.409910446695405106e+00 4.313656421925035289e+00 6.392932253893805761e-03 2.588293729594645993e+04
7.938522421846891941e-01 5.047494072424761669e+00 4.909688873545584364e+00 7.737746516533331939e-03 2.710483922137137415e+04
8.724794443688169698e-01 5.701946176968375468e+00 5.522550988892888313e+00 9.075740971572812330e-03 2.905696093351558739e+04
9.510922062407737299e-01 5.713258571404072228e+00 5.527207509160656507e+00 1.055289472657848851e-02 3.174891842821665341e+04
1.029693835175838679e+00 6.997583239687590329e+00 6.721643438315056507e+00 1.313309788027212585e-02 3.236571596234567187e+04
1.108286699878543891e+00 7.380384808951086839e+00 7.086700101606584035e+00 1.510616600771003473e-02 3.329171978997645783e+04
1.186872541411916560e+00 7.508139600766284616e+00 7.173964730859834660e+00 1.823255825100092431e-02 3.535644448774715420e+04
1.265452668213572940e+00 8.081622457836834528e+00 7.700600658300751356e+00 2.041483837663481474e-02 3.738808800773039547e+04
1.344028082638708543e+00 8.428075741810719279e+00 8.011999688801495267e+00 2.365877070617812203e-02 4.055832070429148735e+04
1.422599565533279709e+00 9.254849516993383318e+00 8.824080855944735902e+00 2.530466185199486615e-02 4.009504369193748425e+04
1.501167734229200246e+00 1.001721609202249041e+01 9.488260511634141636e+00 2.960199063574883022e-02 4.232463617932797933e+04
1.579733083222462531e+00 9.983073673927050251e+00 9.450041491521382397e+00 3.327020131777728290e-02 4.545354874867082253e+04
1.658296013281593151e+00 1.025556217403497428e+01 9.688134810814130304e+00 3.551266626866532439e-02 4.588742964720377495e+04
1.736856852652245875e+00 1.097268004620213588e+01 1.032359058117529749e+01 4.022590163498102750e-02 4.584642155131558684e+04
1.815415872753641580e+00 1.157332648560174171e+01 1.088939015765594220e+01 4.412140555649903678e-02 4.809651241948590905e+04
1.893973299967037560e+00 1.224965193989494416e+01 1.151097636193709306e+01 4.951701758322340358e-02 4.928165723025929037e+04
1.972529324606241641e+00 1.235362090627119080e+01 1.159567993161314803e+01 5.352119149925833874e-02 5.159199538848676457e+04
2.051084107826015579e+00 1.255875995009624013e+01 1.173865479527157873e+01 5.822084912118027922e-02 5.290943728428173199e+04
2.129637787001040561e+00 1.345572096013180463e+01 1.257246102821828160e+01 6.310674595491110039e-02 5.491266937822439650e+04
2.208190479956450680e+00 1.363418358521940199e+01 1.271573789589952064e+01 6.903244275470303559e-02 5.564978011586879438e+04
2.286742288326184092e+00 1.398519750893546565e+01 1.305936190329738444e+01 7.296838940330191425e-02 5.584086123111344932e+04
2.365293300241981811e+00 1.403797981762049218e+01 1.306145667812106304e+01 7.932771214106079660e-02 5.659996346548432484e+04
2.443843592503681883e+00 1.428216452839849637e+01 1.329034792952824162e+01 8.437633645637604429e-02 5.913148033161037893e+04
2.522393232343909553e+00 1.497071018389706509e+01 1.390769981484236339e+01 9.076669873347156803e-02 6.017510611562162376e+04
2.600942278872942381e+00 1.498699006378170928e+01 1.388482024412923721e+01 9.870453365970988102e-02 6.245318984005775565e+04
2.679490784269383141e+00 1.499603126604853642e+01 1.381453617636408815e+01 1.045415350951210548e-01 6.169597157670999877e+04
2.758038794767343038e+00 1.538367858213527484e+01 1.422074271735643158e+01 1.098823036387888558e-01 6.366663365359875752e+04
2.836586351479573942e+00 1.573725340858000799e+01 1.453023885363575474e+01 1.180952420551140830e-01 6.600121455871615035e+04
2.915133491087511963e+00 1.610397221630196185e+01 1.483721270160519445e+01 1.238180896779473017e-01 6.550886038135774288e+04
2.993680246422668834e+00 1.636332862679459055e+01 1.507953282179160759e+01 1.316694412329760255e-01 6.561262073672789847e+04
3.072226646958827967e+00 1.629795842541114581e+01 1.494375676081097559e+01 1.421018693953004786e-01 6.818006772429269040e+04
3.150772719230606977e+00 1.620799473887673869e+01 1.488952701541794177e+01 1.463743746072627694e-01 6.849211502465237572e+04
3.229318487190934395e+00 1.610120996469137822e+01 1.475269985985081256e+01 1.580448898933863588e-01 6.863689155831698736e+04
3.307863972517584905e+00 1.627283133956099448e+01 1.486252323889838145e+01 1.647207451890498608e-01 6.988110717774054501e+04
3.386409194877053608e+00 1.646141348491144285e+01 1.501000063048467759e+01 1.740419749487175094e-01 7.211907548461476108e+04
3.464954172152534095e+00 1.630553990224018435e+01 1.486881448616235168e+01 1.817800185299852656e-01 7.223743404611964070e+04
3.543498920641575456e+00 1.648739473757656882e+01 1.500130330433876225e+01 1.925028597785163609e-01 7.405496804733334284e+04
3.622043455228019404e+00 1.638566810869105694e+01 1.491354179049694473e+01 2.011469225949042150e-01 7.417085242677670612e+04
3.700587789532037597e+00 1.644420797172379523e+01 1.491350425675569191e+01 2.123851435995406656e-01 7.529206635363587702e+04
3.779131936041457696e+00 1.640673814885720461e+01 1.486361201227969708e+01 2.221109245693283218e-01 7.631941677069143043e+04
3.857675906227046259e+00 1.637361948325327177e+01 1.482152875041173878e+01 2.301789025537902822e-01 7.736987501981720561e+04
3.936219710643986680e+00 1.636883546750979335e+01 1.477736880005839737e+01 2.422243104207253139e-01 7.811916554214261123e+04
4.014763359021444877e+00 1.641043118622065222e+01 1.479725294474375730e+01 2.522588867815736546e-01 7.755567998621432343e+04
4.093306860341824560e+00 1.621331429212726860e+01 1.456756967200395003e+01 2.645908826721911633e-01 7.962030990377881972e+04
4.171850222911064776e+00 1.645168548882911352e+01 1.479485200232160480e+01 2.713558929741751724e-01 8.008296878808508336e+04
4.250393454421145911e+00 1.608398533412704268e+01 1.442120827743423206e+01 2.864586683155089797e-01 8.014910674208249839e+04
4.328936562005788247e+00 1.624904456479536918e+01 1.460678815291895916e+01 2.952749338872610596e-01 8.244073283557522518e+04
4.407479552290201497e+00 1.612761336454747862e+01 1.444459068820590808e+01 3.058102293968460450e-01 8.217363859937910456e+04
4.486022431435594982e+00 1.594267147378640281e+01 1.427983448447306714e+01 3.156225126892439614e-01 8.321984303280970198e+04
4.564565205179107465e+00 1.604519191467466399e+01 1.434063700918546935e+01 3.313317414163380326e-01 8.423976007635371934e+04
4.643107878869670024e+00 1.606704799190432809e+01 1.433391825653960794e+01 3.423562509689767608e-01 8.526655781616753666e+04
4.721650457500300213e+00 1.586883066600579362e+01 1.411548672978008589e+01 3.512546898203307566e-01 8.511165404714473698e+04
4.800192945737217443e+00 1.591192422255900851e+01 1.412578965452794932e+01 3.689400555223900091e-01 8.644844423921723501e+04
4.878735347946150824e+00 1.590053259594994728e+01 1.412634126139994173e+01 3.767660418588107407e-01 8.743713700471102493e+04
4.957277668216146793e+00 1.591967104565320135e+01 1.409526208154719029e+01 4.016455475669910569e-01 8.751506977179087698e+04
5.035819910381144737e+00 1.591909483850907669e+01 1.408102450366994063e+01 4.098906149111022357e-01 8.729369315279417788e+04
5.114362078039562221e+00 1.585565435200254214e+01 1.398014583862050131e+01 4.262342056733919859e-01 8.884895952753459278e+04
5.192904174572115394e+00 1.558430774315815093e+01 1.373414603921773747e+01 4.373978871654176648e-01 8.966482453998936398e+04
5.271446203158030919e+00 1.570245377860172198e+01 1.381964982888171534e+01 4.530120163624598018e-01 9.055512351618110551e+04
5.349988166789838573e+00 1.568527226601561253e+01 1.378979185611267688e+01 4.665591187655784844e-01 9.055856536865628732e+04
5.428530068286878674e+00 1.574659990668882337e+01 1.378318627817909992e+01 4.889259344960725784e-01 9.161214097759698052e+04
5.507071910307648643e+00 1.567481383880086909e+01 1.373691356912228123e+01 5.000797178871627668e-01 9.183226098310163070e+04
5.585613695361120179e+00 1.572499100111724246e+01 1.372940494083485952e+01 5.242341206525995556e-01 9.383010333427600563e+04
5.664155425817094525e+00 1.575549747021792335e+01 1.375794462292572007e+01 5.321634326580674257e-01 9.324895594793335476e+04
5.742697103915729961e+00 1.568907800366164018e+01 1.369722296978718212e+01 5.384187245175550141e-01 9.363459901191138488e+04
5.821238731776284148e+00 1.569722956024840599e+01 1.370169625878191688e+01 5.577512989648777397e-01 9.403317616259766510e+04
5.899780311405160127e+00 1.576395277035660136e+01 1.372843725245986946e+01 5.734303829958943277e-01 9.504547133769661014e+04
5.978321844703323507e+00 1.577961465553760867e+01 1.373312186943373803e+01 5.878550733342712276e-01 9.555711123105556180e+04
6.056863333473133437e+00 1.576609563658603186e+01 1.371295220394167735e+01 6.082760471722075124e-01 9.677691462105808023e+04
6.135404779424661115e+00 1.568961216829949201e+01 1.356104618076289725e+01 6.306455776890698139e-01 9.747637570140692696e+04
6.213946184181517118e+00 1.586759549775805489e+01 1.377749948286203363e+01 6.434419091255824119e-01 9.776208139773836592e+04
6.292487549286247983e+00 1.607516553847061402e+01 1.390184850657173321e+01 6.638221911605645120e-01 9.866573060062574223e+04
6.371028876205335756e+00 1.598637016682300604e+01 1.380996129203757761e+01 6.686413695877594376e-01 9.804130114328814670e+04
6.449570166333828070e+00 1.583719601637429264e+01 1.365222256458086392e+01 6.955098724071490102e-01 9.973673047130742634e+04
6.528111420999634262e+00 1.604521858699741088e+01 1.380118383158089301e+01 7.126442479164426524e-01 9.911495308912190376e+04
6.606652641467518627e+00 1.599618098844558212e+01 1.375888747040648141e+01 7.317089180131326476e-01 9.993914944848167943e+04
6.685193828942805006e+00 1.620532762421880335e+01 1.390492277504199947e+01 7.471098465871135463e-01 9.956341362130016205e+04
6.763734984574836240e+00 1.608679403810995723e+01 1.379995355687728420e+01 7.646812522884811614e-01 9.951052579758765933e+04
6.842276109460177835e+00 1.607174640634032414e+01 1.375125821529576164e+01 7.942413464818737223e-01 1.008815456794669008e+05
6.920817204645620890e+00 1.616398560352828184e+01 1.382954926933256878e+01 8.130764917722764773e-01 1.016883481912839925e+05
6.999358271130968312e+00 1.634571507922359146e+01 1.397507896087439150e+01 8.317652069339183107e-01 1.022425811405276909e+05
7.077899309871646949e+00 1.631568389823693366e+01 1.393882621184513226e+01 8.460678914383049642e-01 1.030113876190856390e+05
7.156440321781138536e+00 1.650352720584112021e+01 1.408543490005089183e+01 8.639220293932322603e-01 1.021048222250069521e+05
7.234981307733260536e+00 1.670292316100271890e+01 1.414525711539889485e+01 8.996114537545188972e-01 1.029928563199284108e+05
7.313522268564292439e+00 1.655002522762210759e+01 1.403560557372655104e+01 9.107310084805917416e-01 1.028232830513712688e+05
7.392063205074973276e+00 1.660497083782951222e+01 1.409229480336245643e+01 9.301871319575923946e-01 1.028462737722420279e+05
7.470604118032365015e+00 1.662889760432977582e+01 1.406709123334695377e+01 9.569594924347626375e-01 1.041642494049227098e+05
7.549145008171610272e+00 1.674458147035709032e+01 1.416367155620805107e+01 9.726855657780286712e-01 1.046085541604609753e+05
7.627685876197570103e+00 1.671779101311738458e+01 1.411039216793291473e+01 1.002439102976482976e+00 1.048919318122477707e+05
7.706226722786373884e+00 1.689186510708757893e+01 1.424937004012856967e+01 1.018344325345154511e+00 1.048814825109708763e+05
7.784767548586863484e+00 1.678721982144756808e+01 1.416668852099274822e+01 1.034377863772126815e+00 1.043086370278908580e+05
7.863308354221953955e+00 1.701041447801798512e+01 1.435351046703188160e+01 1.055777640469448109e+00 1.058229248713465495e+05
7.941849140289923170e+00 1.718130846184011418e+01 1.445652898950848098e+01 1.080794266409311977e+00 1.046601967012116802e+05
8.020389907365611748e+00 1.707991815293241444e+01 1.434531499326844184e+01 1.105089306468881594e+00 1.069783180345688888e+05
8.098930656001561701e+00 1.712699187118230881e+01 1.437716289259359748e+01 1.132523806864806248e+00 1.065137758596430795e+05
8.177471386729090241e+00 1.724958720136088886e+01 1.448830811766401538e+01 1.150440982031800230e+00 1.065748640796367545e+05
8.256012100059292536e+00 1.734796729358805933e+01 1.452095109009481355e+01 1.175943337252003840e+00 1.069638369666382205e+05
8.334552796484000936e+00 1.725803731283356868e+01 1.446169381509400154e+01 1.198562156382068089e+00 1.073501104962795653e+05
8.413093476476680266e+00 1.742202857873285282e+01 1.456226554821328811e+01 1.217440855695366420e+00 1.070187999513262621e+05
8.491634140493276917e+00 1.749492354030649821e+01 1.459658649122831342e+01 1.246975619997419571e+00 1.072596180093474395e+05
8.570174788973028868e+00 1.751915511249747581e+01 1.459128709384140521e+01 1.263894678542456074e+00 1.075048136981119169e+05
8.648715422339215309e+00 1.764927723291484440e+01 1.473486573416999157e+01 1.288462925778788293e+00 1.083489200623774959e+05
8.727256040999876063e+00 1.756170042719217506e+01 1.465752757626907865e+01 1.312540419175199702e+00 1.079061980624141288e+05
8.805796645348495488e+00 1.771871489997071691e+01 1.474958501500827168e+01 1.345801910755173969e+00 1.074077383587600052e+05
8.884337235764643737e+00 1.779234006299699900e+01 1.479264003105847003e+01 1.362658511561108510e+00 1.079513217264881678e+05
8.962877812614589601e+00 1.788890665310325190e+01 1.486514210690054760e+01 1.392480697090953567e+00 1.089357035156276106e+05
9.041418376251867173e+00 1.791673706244015918e+01 1.491418694043243853e+01 1.410852073423777497e+00 1.095136962528190343e+05
9.119958927017840722e+00 1.779433790269171922e+01 1.480502145161069727e+01 1.442403055015792690e+00 1.091290042005344585e+05
9.198499465242209183e+00 1.799852931746845641e+01 1.490705196215537853e+01 1.474741997634692048e+00 1.094508963735526922e+05
9.277039991243508865e+00 1.795143304705757004e+01 1.485770321510352154e+01 1.498519427342243304e+00 1.088610428377510398e+05
9.355580505329580632e+00 1.809699387731223652e+01 1.497279772445731538e+01 1.522960055588231665e+00 1.095539236152875528e+05
9.434121007798012215e+00 1.813154852449737220e+01 1.499724788599340108e+01 1.540210172512439302e+00 1.096949390526807256e+05
9.512661498936562765e+00 1.829042227682972310e+01 1.508053009320411064e+01 1.580502647039128572e+00 1.101931479581369786e+05
9.591201979023569635e+00 1.825850912158097472e+01 1.508304346914922789e+01 1.607574604858725387e+00 1.097430523732663714e+05
9.669742448328321416e+00 1.829825227565561718e+01 1.509849794288730074e+01 1.639291774769143117e+00 1.094631670914782153e+05
9.748282907111432749e+00 1.835787919366866205e+01 1.511598237121600441e+01 1.660901549804171262e+00 1.103227109352289845e+05
9.826823355625185386e+00 1.838526415830841998e+01 1.513557153873149197e+01 1.683715029085862236e+00 1.102120025699911494e+05
9.905363794113858589e+00 1.846069995699381749e+01 1.515951326963515911e+01 1.725780812951486887e+00 1.099678063843407144e+05
9.983904222814045326e+00 1.838905368379839445e+01 1.511486967347940613e+01 1.748551220408724127e+00 1.100780476754236443e+05
1.006244464195495070e+01 1.854280522012317434e+01 1.524383201500227969e+01 1.780750185645612715e+00 1.103520333474162180e+05
1.014098505175868148e+01 1.848162426700689664e+01 1.517677562459797080e+01 1.802201585056724342e+00 1.100786572960472840e+05
1.021952545244051613e+01 1.849951306603047385e+01 1.515630231508113113e+01 1.833544501546743088e+00 1.107776084095763945e+05
1.029806584420916415e+01 1.858089556683606958e+01 1.522307035230173433e+01 1.868460608266621525e+00 1.103833945616023702e+05
1.037660622726701654e+01 1.860805815086321147e+01 1.524122617423040005e+01 1.900172383737709803e+00 1.109695857429615717e+05
1.045514660181038380e+01 1.868937642124708987e+01 1.530077424646018081e+01 1.926326669581372997e+00 1.102847595115434524e+05
1.053368696802971982e+01 1.868536722349712065e+01 1.530278645130996118e+01 1.946192039417652619e+00 1.107173708178188972e+05
1.061222732610984210e+01 1.869066349664597126e+01 1.525507675329477841e+01 1.982707543262885785e+00 1.108311661780113936e+05
1.069076767623013779e+01 1.881242016227133362e+01 1.536065781189819290e+01 2.022223635804159869e+00 1.112592138450658822e+05
1.076930801856475739e+01 1.885487493802973447e+01 1.536073591235453684e+01 2.042878672870185319e+00 1.111977092849321198e+05
1.084784835328281005e+01 1.890001290274682333e+01 1.540223703462348759e+01 2.082987935666828161e+00 1.105656665951815085e+05
1.092638868054854306e+01 1.889937915811636060e+01 1.539363019336083305e+01 2.118360475868994897e+00 1.108198866276706394e+05
1.100492900052151413e+01 1.901777825362290031e+01 1.550024522041506003e+01 2.148898439774756142e+00 1.108754290356376005e+05
1.108346931335675833e+01 1.905382836122753076e+01 1.552296274024321399e+01 2.170918779567985624e+00 1.103028161941121507e+05
1.116200961920494805e+01 1.891122121525361166e+01 1.536720407711947267e+01 2.215323586619217355e+00 1.105505733914948651e+05
1.124054991821254212e+01 1.899773249592568192e+01 1.543933152211480397e+01 2.233074686762943628e+00 1.104629973684474244e+05
1.131909021052193687e+01 1.899227330864640351e+01 1.543049505994664550e+01 2.273259225913326631e+00 1.107623223507204239e+05
1.139763049627160285e+01 1.902564978336834756e+01 1.547736770511246540e+01 2.301530072403282556e+00 1.102220691682974284e+05
1.147617077559622167e+01 1.896435604609404280e+01 1.540350754895606045e+01 2.333560692862850061e+00 1.107261972595392726e+05
1.155471104862680853e+01 1.913122801913768711e+01 1.549300823319882525e+01 2.377415741953465389e+00 1.104075197108137945e+05
1.163325131549084368e+01 1.910986268829970314e+01 1.546285780587085412e+01 2.420524895566277479e+00 1.110464374588343489e+05
1.171179157631238787e+01 1.917337506111548606e+01 1.552470155856944523e+01 2.441681567969322231e+00 1.101369861712304555e+05
1.179033183121219608e+01 1.916767192349275462e+01 1.554396018563577542e+01 2.474315470421520224e+00 1.101302111299592361e+05
1.186887208030782759e+01 1.919502838470012307e+01 1.549842338975181022e+01 2.519505618053177187e+00 1.100439052830854780e+05
1.194741232371374728e+01 1.917701924955473913e+01 1.551043114338357753e+01 2.553414835221587076e+00 1.105377241594611260e+05
1.202595256154143222e+01 1.913304836333935199e+01 1.548071234559150611e+01 2.566960975931496414e+00 1.099176206448531302e+05
1.210449279389946753e+01 1.927534806609466145e+01 1.555984300354618632e+01 2.615846970438167940e+00 1.099842524247998954e+05
1.218303302089363527e+01 1.923569463512981415e+01 1.555820556330117199e+01 2.636593749496250361e+00 1.099981979789192847e+05
1.226157324262700676e+01 1.923735611056045158e+01 1.556223017976743428e+01 2.674880807847936026e+00 1.099661311285319098e+05
1.234011345920003322e+01 1.934940497020412309e+01 1.562283924888176756e+01 2.722460446230642539e+00 1.097833456804324960e+05
1.241865367071062565e+01 1.927208429467846429e+01 1.554679476180203501e+01 2.756691709835913162e+00 1.099371188089877978e+05
1.249719387725422415e+01 1.944727856573518210e+01 1.566550791741558513e+01 2.797111162720363087e+00 1.099334931651271181e+05
1.257573407892389383e+01 1.929498296114480738e+01 1.556597988173918345e+01 2.833556484815848542e+00 1.092775703788474202e+05
1.265427427581038877e+01 1.943005963303467709e+01 1.567088976657563926e+01 2.877177461582955065e+00 1.091187928473054053e+05
1.273281446800221772e+01 1.928275314250378258e+01 1.556015629111371190e+01 2.913057574333239419e+00 1.095152241816270689e+05
1.281135465558572584e+01 1.938736667507749090e+01 1.563474775351953028e+01 2.962364816308817428e+00 1.093475385037059896e+05
1.288989483864514796e+01 1.941145901419719166e+01 1.556265579104722541e+01 2.989518783077687036e+00 1.089840120796693373e+05
1.296843501726268322e+01 1.953810104147518700e+01 1.571984067533923302e+01 3.029795978342537222e+00 1.087493795526404429e+05
1.304697519151855190e+01 1.947178449124387711e+01 1.566156874558074463e+01 3.083816677936427997e+00 1.087471624443766923e+05
1.312551536149104692e+01 1.946545317053058000e+01 1.565565241726507750e+01 3.099451882106699863e+00 1.087577219107620476e+05
1.320405552725660492e+01 1.948236905278471198e+01 1.569472082867480367e+01 3.141727373188779815e+00 1.083788767397826596e+05
1.328259568888985243e+01 1.949278260204555835e+01 1.566425409151492154e+01 3.187184842621550551e+00 1.084635724544093537e+05
1.336113584646366270e+01 1.950544602900954416e+01 1.566002882971407750e+01 3.234102310852646767e+00 1.082442340390796744e+05
1.343967600004920548e+01 1.942860495898124995e+01 1.557550124429456595e+01 3.270278632976205468e+00 1.080679098942105920e+05
1.351821614971599317e+01 1.949836873393329384e+01 1.566694053003502063e+01 3.310243201914399691e+00 1.080828869926752668e+05
1.359675629553193588e+01 1.944545447591647402e+01 1.565890501559606207e+01 3.332441142653782329e+00 1.078391845207261940e+05
1.367529643756338231e+01 1.948617189741330336e+01 1.564470649679978997e+01 3.365366922407264649e+00 1.076282544785751670e+05
1.375383657587516595e+01 1.953873233104421203e+01 1.567664458315654841e+01 3.425444373061347747e+00 1.076571485820279195e+05
1.383237671053064766e+01 1.949830577692847910e+01 1.562438876615978600e+01 3.466092846887633527e+00 1.074015287833490584e+05
1.391091684159175834e+01 1.963895019412010612e+01 1.573710376338240913e+01 3.510122937707869539e+00 1.074710144440416479e+05
1.398945696911903269e+01 1.959547757000068913e+01 1.567956949719858528e+01 3.531259998482752849e+00 1.068906620917741675e+05
1.406799709317166069e+01 1.962279749389780648e+01 1.569112057461126497e+01 3.602626168078304048e+00 1.074644537687380944e+05
1.414653721380751428e+01 1.954756841172136816e+01 1.564573363813264351e+01 3.626595076295423770e+00 1.069748233383317129e+05
1.422507733108318817e+01 1.967453616320611687e+01 1.574210764727280676e+01 3.671930851814911634e+00 1.065813211759906117e+05
1.430361744505403543e+01 1.964404198492773190e+01 1.573598651553837513e+01 3.724685577524690760e+00 1.067481686065689573e+05
1.438215755577419586e+01 1.966454744907670005e+01 1.575103963350582958e+01 3.773369271438201000e+00 1.063260305099176185e+05
1.446069766329663686e+01 1.962561995957894823e+01 1.571808576300948168e+01 3.820248084717093651e+00 1.059959562210401782e+05
1.453923776767318010e+01 1.971077154526032515e+01 1.573552534288291582e+01 3.858069843686495748e+00 1.060028355730643816e+05
1.461777786895453346e+01 1.970093051329476097e+01 1.576795043282082531e+01 3.896174813473102905e+00 1.058165827852919319e+05
1.469631796719032302e+01 1.975243049357371916e+01 1.581205432842402203e+01 3.932422238442738305e+00 1.054193594014401169e+05
1.477485806242911437e+01 1.970886577866093248e+01 1.578237097052688220e+01 3.993740998188253233e+00 1.055176165051102726e+05
1.485339815471844993e+01 1.975709026450430272e+01 1.580128045331674258e+01 4.039798012052876253e+00 1.051885934847529279e+05
1.493193824410487203e+01 1.981052845012922958e+01 1.582637000956499840e+01 4.083915707694529829e+00 1.056442384627136489e+05
1.501047833063394421e+01 1.979706307101151097e+01 1.584200703433262802e+01 4.134182583388328780e+00 1.053929517907079862e+05
1.508901841435028857e+01 1.979584437768570382e+01 1.586683384298603272e+01 4.179004922451832194e+00 1.052039555438103707e+05
1.516755849529759992e+01 1.988028705387104011e+01 1.587068471151064841e+01 4.201496984649183197e+00 1.047047104643006751e+05
1.524609857351867070e+01 1.979379964368713374e+01 1.587619379233235684e+01 4.259155160252386274e+00 1.046347134088651510e+05
1.532463864905541762e+01 1.987536099006201695e+01 1.591069670089174437e+01 4.313526159737086196e+00 1.040823731775397609e+05
1.540317872194890292e+01 1.983708922020299070e+01 1.588364119308253564e+01 4.351884558582745477e+00 1.042806719896381837e+05
1.548171879223935399e+01 1.985938129939572150e+01 1.589313774533296098e+01 4.414730338247490060e+00 1.039956421642787609e+05
1.556025885996618996e+01 1.993601257609955724e+01 1.597244934904573554e+01 4.463744138839132347e+00 1.040247153954235400e+05
1.563879892516803238e+01 1.989784172203077617e+01 1.596574817003315339e+01 4.497393825290493474e+00 1.037526237527969206e+05
1.571733898788273187e+01 1.997171452795264202e+01 1.602000319165918185e+01 4.530312160531248189e+00 1.036456811606404663e+05
1.579587904814739119e+01 2.002125074674764704e+01 1.602132983971595337e+01 4.609624253059522836e+00 1.038661579740922170e+05
1.587441910599837769e+01 1.997054811624101944e+01 1.601530483195083576e+01 4.639889226677904155e+00 1.032626875248976139e+05
1.595295916147133575e+01 2.001443305730620281e+01 1.603216283301113165e+01 4.685505909341623365e+00 1.030264791613128327e+05
1.603149921460121874e+01 2.003759990165291782e+01 1.604281608819257343e+01 4.756346236930660609e+00 1.031853634038034797e+05
1.611003926542229436e+01 2.004720959383659462e+01 1.605094291220402170e+01 4.811765000505005219e+00 1.029557500049422815e+05
1.618857931396816596e+01 2.010784736704977149e+01 1.608464007692763076e+01 4.863361553756679001e+00 1.030366733806490956e+05
1.626711936027179561e+01 2.015248658242508739e+01 1.618150729058616832e+01 4.909336971211499367e+00 1.023991324887253868e+05
1.634565940436549525e+01 2.014469977035895099e+01 1.611282568272206461e+01 4.976688361636930402e+00 1.025269144879470987e+05
1.642419944628097639e+01 2.017495124361238368e+01 1.613959903312774102e+01 5.012554789144028078e+00 1.021518942098036787e+05
1.650273948604932883e+01 2.021699237188017761e+01 1.621192279519195267e+01 5.080943719798356462e+00 1.023011445855296333e+05
1.658127952370107394e+01 2.021429972608024173e+01 1.619494265639783492e+01 5.122405443236895728e+00 1.022194150976740057e+05
1.665981955926614333e+01 2.025508479563331932e+01 1.621932328956213709e+01 5.189573731493722697e+00 1.021234979536312021e+05
1.673835959277390728e+01 2.030356434979794855e+01 1.627886471881317476e+01 5.249418141455485021e+00 1.020321497639587760e+05
1.681689962425318896e+01 2.030216628493226239e+01 1.624941212998152196e+01 5.310185711660817098e+00 1.017446153676628310e+05
1.689543965373228218e+01 2.034669534627578713e+01 1.631696039840907986e+01 5.358247469296240517e+00 1.016312296850084967e+05
1.697397968123895495e+01 2.027943201559050479e+01 1.627841443049227621e+01 5.399571227509657234e+00 1.016323921472570073e+05
1.705251970680045304e+01 2.037478382363209661e+01 1.632534177649256080e+01 5.477075697722834313e+00 1.015289442394298676e+05
1.713105973044353902e+01 2.037022136019460206e+01 1.632112720062190903e+01 5.532799571074352052e+00 1.014974845313631668e+05
1.720959975219447102e+01 2.048090942547455384e+01 1.639481279586939166e+01 5.586398540224138287e+00 1.013723992340501718e+05
1.728813977207903463e+01 2.044583410328331041e+01 1.641747665022187519e+01 5.653585629193369044e+00 1.013897601963038323e+05
1.736667979012256424e+01 2.052698659224552813e+01 1.649196516599236872e+01 5.713943789398771678e+00 1.013099103127730486e+05
1.744521980634991110e+01 2.057328652518595291e+01 1.648481718508427818e+01 5.768678579390195793e+00 1.010127964775404398e+05
1.752375982078550365e+01 2.051744461965575894e+01 1.648318459965694771e+01 5.837272073499785385e+00 1.007136084957846615e+05
1.760229983345331917e+01 2.053951067797207131e+01 1.649819301317321418e+01 5.891170281478077975e+00 1.007915208061353187e+05
1.768083984437692635e+01 2.065737053870928364e+01 1.661237639001104682e+01 5.937408681697030843e+00 1.009076681016518705e+05
1.775937985357945692e+01 2.070335169106907358e+01 1.666492473337113367e+01 6.002674264724589648e+00 1.008018227019965852e+05
1.783791986108364824e+01 2.070477257653417169e+01 1.667061405673836560e+01 6.056761976619174703e+00 1.006866718005549192e+05
1.791645986691183268e+01 2.073466464495448136e+01 1.668843196759259229e+01 6.125633521685516669e+00 1.009038114866239921e+05
1.799499987108595889e+01 2.074665768584424441e+01 1.668299294894192286e+01 6.176592915055628019e+00 1.006811360336789512e+05
1.807353987362759185e+01 2.087049350498168820e+01 1.679421031061905012e+01 6.247376393519415316e+00 1.005476236829778500e+05
1.815207987455791638e+01 2.085260155005799376e+01 1.680582055330156521e+01 6.313659365864102035e+00 1.003935412271304231e+05
1.823061987389775851e+01 2.098815202443226724e+01 1.691038500686373780e+01 6.362619777357441997e+00 1.005525065715749952e+05
1.830915987166758541e+01 2.096004021499337000e+01 1.686342386807243088e+01 6.465760374111880537e+00 1.009598099342749483e+05
1.838769986788751964e+01 2.108601104657926228e+01 1.696180676996963399e+01 6.513581599265943822e+00 1.007524775678891310e+05
1.846623986257733563e+01 2.101560498571172531e+01 1.694953783599759234e+01 6.570793037125016944e+00 1.007381302335318323e+05
1.854477985575647381e+01 2.105729935597749503e+01 1.700248702452520888e+01 6.636570299155497565e+00 1.006276397811055358e+05
1.862331984744404423e+01 2.111658699666222461e+01 1.701305705279725444e+01 6.696996035153491178e+00 1.006299504171002045e+05
1.870185983765884075e+01 2.120725630138418083e+01 1.710924544510232437e+01 6.781703174235359732e+00 1.008967751161979104e+05
1.878039982641934458e+01 2.121534235017958991e+01 1.714482326488728603e+01 6.806753850164198205e+00 1.012876696778283513e+05
1.885893981374372075e+01 2.124971939495796391e+01 1.715740435606913294e+01 6.877124695266496168e+00 1.010996078781564720e+05
1.893747979964983941e+01 2.138463423035198119e+01 1.727720250607986685e+01 6.988253048735747264e+00 1.011253235296362545e+05
1.901601978415527228e+01 2.147510213617743347e+01 1.732922057614013411e+01 7.028120845813702111e+00 1.013585078470725566e+05
1.909455976727730331e+01 2.151015037042500921e+01 1.740088666777983661e+01 7.105287144302678826e+00 1.011810844920069358e+05
1.917309974903293579e+01 2.159613316293573959e+01 1.747053743015359117e+01 7.169928369316159511e+00 1.016545426794706873e+05
1.925163972943889235e+01 2.161253323521392389e+01 1.751466418446320006e+01 7.247686297376489506e+00 1.011421051748360915e+05
1.933017970851161849e+01 2.172129138737859577e+01 1.758118695288911582e+01 7.319688481067895047e+00 1.018826504090875678e+05
1.940871968626730748e+01 2.176467104253849172e+01 1.762814015304932980e+01 7.398113020824845343e+00 1.019334260465168336e+05
1.948725966272188259e+01 2.185717548236199903e+01 1.771112746738231536e+01 7.461624117693411051e+00 1.018105079355004418e+05
1.956579963789100773e+01 2.191600381065343939e+01 1.775243285470704890e+01 7.535912273131141426e+00 1.021842196327858110e+05
1.964433961179010524e+01 2.199560515737659117e+01 1.782016448793839913e+01 7.608301184724497013e+00 1.022546741272021900e+05
1.972287958443434519e+01 2.203337172962547896e+01 1.788521243526068361e+01 7.672708698972642516e+00 1.024813189157735324e+05
1.980141955583865965e+01 2.217658137899955051e+01 1.802044137298038962e+01 7.742381495689666160e+00 1.022454960743872944e+05
1.987995952601774619e+01 2.226033225049297570e+01 1.807033888266743915e+01 7.817599488907508665e+00 1.028164989692993840e+05
1.995849949498606790e+01 2.233781994048535324e+01 1.816176303307067386e+01 7.875541077282562696e+00 1.031338837678805721e+05
2.003703946275786052e+01 2.242390095512603665e+01 1.825578531061538357e+01 7.947580894171516697e+00 1.032547780258242856e+05
2.011557942934713950e+01 2.242869413109872667e+01 1.824686000548448206e+01 8.039668787500634295e+00 1.034976963634502172e+05
2.019411939476770712e+01 2.251122973423031937e+01 1.831915884830733887e+01 8.127454193193051069e+00 1.032281023845726886e+05
2.027265935903314542e+01 2.253898782366080411e+01 1.837663166874041565e+01 8.180122993273984733e+00 1.030759059461441357e+05
2.035119932215682326e+01 2.251487131490782190e+01 1.837407531225784751e+01 8.236821604653574269e+00 1.028612176545166585e+05
2.042973928415191054e+01 2.246008124419159913e+01 1.834585567000584305e+01 8.320526326665095951e+00 1.027123860622225329e+05
2.050827924503137467e+01 2.252364412662982929e+01 1.840890205351227138e+01 8.398209510182050863e+00 1.025672451003836177e+05
2.058681920480798766e+01 2.258783147679105596e+01 1.839943464062946532e+01 8.496908537394682881e+00 1.025035761975262430e+05
2.066535916349431901e+01 2.247670657454802168e+01 1.845890406651563254e+01 8.523853858170921782e+00 1.022247450357058988e+05
2.074389912110275347e+01 2.242643023125611990e+01 1.840683754476387435e+01 8.614541659501748327e+00 1.020563429987319105e+05
2.082243907764548752e+01 2.250011879815943061e+01 1.847704771269362567e+01 8.646304607837786094e+00 1.019372731015837344e+05
2.090097903313453642e+01 2.251707444859488660e+01 1.849999812467091687e+01 8.732182949629709867e+00 1.016759539565577434e+05
2.097951898758173783e+01 2.255240737568557563e+01 1.850594546210582436e+01 8.775570406336729690e+00 1.011073015842788154e+05
2.105805894099874109e+01 2.250619201046938755e+01 1.855203552352967833e+01 8.876480038269408013e+00 1.009510808723289229e+05
2.113659889339703568e+01 2.248987982226465121e+01 1.852012801723365243e+01 8.957483082540994346e+00 1.011571920243965142e+05
2.121513884478793344e+01 2.254950194777040551e+01 1.858302341636757760e+01 9.033352650171542209e+00 1.008740926764408359e+05
2.129367879518258277e+01 2.253411170914935013e+01 1.854884072550458285e+01 9.091351000888973743e+00 1.006834809930039628e+05
2.137221874459196869e+01 2.252231738094349112e+01 1.858513790146616884e+01 9.175947025218530229e+00 1.003358981748898223e+05
2.145075869302691274e+01 2.247530010000825840e+01 1.857780286106470768e+01 9.225144448556063637e+00 1.002159319929103367e+05
2.152929864049807307e+01 2.249586468011842300e+01 1.860995289477217440e+01 9.316854344345486538e+00 1.001863053913237236e+05
2.160783858701596571e+01 2.253768716612731637e+01 1.871212037593057431e+01 9.394323910509346121e+00 1.003757657384617341e+05
2.168637853259094683e+01 2.265128869365148034e+01 1.877109327832651431e+01 9.462506668148552791e+00 1.000386268488601345e+05
2.176491847723321982e+01 2.259405364135555772e+01 1.876450372148544332e+01 9.541355641584031488e+00 9.967449976308908663e+04
2.184345842095285306e+01 2.258018905125718589e+01 1.874376029031019897e+01 9.623049351745089908e+00 9.966305073945608456e+04
2.192199836375975508e+01 2.258874272154451646e+01 1.885302293056059852e+01 9.724260288553878695e+00 9.942066764742271334e+04
2.200053830566371005e+01 2.266746881484956333e+01 1.879767618303238308e+01 9.775645692592384250e+00 9.938857006046207971e+04
2.207907824667434582e+01 2.265290059782154941e+01 1.889687956257710155e+01 9.853573502262474193e+00 9.912735486201099411e+04
2.215761818680116590e+01 2.260280478402598447e+01 1.885553080973210527e+01 9.950377649106478373e+00 9.895451845680510451e+04
2.223615812605353526e+01 2.260266773586682731e+01 1.889685436020682374e+01 1.004496161077919858e+01 9.910195139047531120e+04
2.231469806444068738e+01 2.263925139756110738e+01 1.890122696932813540e+01 1.008301320797643719e+01 9.871147283107321709e+04
2.239323800197172432e+01 2.267670634218292136e+01 1.896331369244076370e+01 1.019878261071847092e+01 9.873040917763760081e+04
2.247177793865562023e+01 2.265755709614438018e+01 1.900303945658163585e+01 1.026837852332906564e+01 9.864490228888248384e+04
2.255031787450123204e+01 2.272680232822104074e+01 1.905776311270291501e+01 1.038137216531761275e+01 9.840582125442089455e+04
2.262885780951728165e+01 2.271055695035258992e+01 1.902497745541117524e+01 1.046324965015539910e+01 9.837773999929131242e+04
2.270739774371238440e+01 2.271660126072446673e+01 1.910888435615377290e+01 1.052600952073746932e+01 9.796960988226639165e+04
2.278593767709502771e+01 2.276663483863174520e+01 1.914616655462464223e+01 1.062893499833098154e+01 9.843250323295622366e+04
2.286447760967358178e+01 2.279637639458736942e+01 1.926974657586914574e+01 1.074193588786502751e+01 9.764440748513989092e+04
2.294301754145629957e+01 2.271407856280909243e+01 1.920016658070779769e+01 1.081295651799397817e+01 9.795929455681781110e+04
2.302155747245133455e+01 2.275996235639633269e+01 1.925677641970159115e+01 1.088799849720989421e+01 9.788045534342652536e+04
2.310009740266672296e+01 2.270580331299345644e+01 1.918727180470829197e+01 1.096497929373250813e+01 9.786316990346762759e+04
2.317863733211038380e+01 2.279323947232482794e+01 1.932865048977955524e+01 1.105078743071162073e+01 9.757787079155404354e+04
2.325717726079013303e+01 2.278933416472792928e+01 1.935922935551630175e+01 1.114511492857159425e+01 9.747793105764329084e+04
2.333571718871368716e+01 2.285192847022942075e+01 1.943007227042105001e+01 1.124450021931113852e+01 9.746701251209141628e+04
2.341425711588865965e+01 2.286089461949273272e+01 1.941835233973598562e+01 1.138710516366595016e+01 9.758134891915564367e+04
2.349279704232255384e+01 2.290014756696036002e+01 1.948384973826486544e+01 1.142446542079935234e+01 9.737418638218739943e+04
2.357133696802278067e+01 2.289626363915690277e+01 1.954796697238553804e+01 1.151758997616259350e+01 9.735322141429719341e+04
2.364987689299664453e+01 2.290473283715972741e+01 1.957063168369489148e+01 1.157209379663754767e+01 9.732332099210763408e+04
2.372841681725136453e+01 2.297424079605213976e+01 1.960379304367749853e+01 1.171292862965906778e+01 9.723772447800992813e+04
2.380695674079405322e+01 2.304634395509231837e+01 1.966875893038504586e+01 1.179749261955942075e+01 9.678328936295690073e+04
2.388549666363174140e+01 2.302894919227716031e+01 1.973204106569023963e+01 1.187953008242762643e+01 9.706223046176828211e+04
2.396403658577134976e+01 2.301746996642510368e+01 1.974378633716854736e+01 1.198939974786462415e+01 9.693855227332716458e+04
2.404257650721972439e+01 2.307777310402956772e+01 1.982572712805844972e+01 1.208531496253850790e+01 9.684750104242276575e+04
2.412111642798362254e+01 2.310798883781982127e+01 1.988468692156587281e+01 1.213222956980244582e+01 9.688304056537408906e+04
2.419965634806970556e+01 2.307421210855664384e+01 1.990243133035503575e+01 1.221653124645596655e+01 9.667251557989188586e+04
2.427819626748454596e+01 2.318683311729632734e+01 1.991104646371367792e+01 1.235896905753999953e+01 9.686950424350665708e+04
2.435673618623464520e+01 2.323993028584861165e+01 2.003562710682640002e+01 1.236692285434514638e+01 9.689903326735056180e+04
2.443527610432640529e+01 2.325243973917879714e+01 2.006161947322661376e+01 1.249455094838377001e+01 9.657754750733476249e+04
2.451381602176616425e+01 2.333055595659055825e+01 2.014792651632942366e+01 1.260172331537489399e+01 9.674217288089774956e+04
2.459235593856016067e+01 2.327304977105920614e+01 2.015544456825108099e+01 1.271735603274607129e+01 9.662256445302112843e+04
2.467089585471456203e+01 2.327673427842729481e+01 2.016382745404987631e+01 1.282293195459641844e+01 9.649567007471823308e+04
2.474943577023546126e+01 2.338648522793150164e+01 2.029233653308005714e+01 1.291845233464241183e+01 9.677394033805340587e+04
2.482797568512887310e+01 2.339917447362315173e+01 2.032616074041616017e+01 1.297077735644034924e+01 9.683520398152452253e+04
2.490651559940072346e+01 2.339231794918206120e+01 2.042183941362937816e+01 1.310623092881181684e+01 9.667475893060036469e+04
2.498505551305688144e+01 2.342514742099307057e+01 2.036485195506952905e+01 1.318995866191428057e+01 9.622411745296364825e+04
2.506359542610313440e+01 2.361644726020711360e+01 2.049296122834341105e+01 1.340297390444006176e+01 9.686268020398939552e+04
2.514213533854519511e+01 2.356287826136640362e+01 2.055935773798225341e+01 1.342708482623195643e+01 9.639026838615475572e+04
2.522067525038871239e+01 2.364717897685492076e+01 2.059425585126824387e+01 1.351817442931280766e+01 9.707739913857306237e+04
2.529921516163925688e+01 2.368613059467480042e+01 2.062777331134279279e+01 1.361996477471603839e+01 9.667394843325107649e+04
2.537775507230233529e+01 2.366969882058294061e+01 2.078055837143596918e+01 1.370369496096082784e+01 9.673402339393566945e+04
2.545629498238338684e+01 2.371738785732794597e+01 2.081085968107349871e+01 1.382987483832751963e+01 9.685204560620606935e+04
2.553483489188777966e+01 2.376445160276763602e+01 2.081838581059136928e+01 1.389954652062310458e+01 9.698210309634770965e+04
2.561337480082082152e+01 2.376144139701922242e+01 2.087060177888075074e+01 1.400905722449590840e+01 9.666032556751889933e+04
2.569191470918774911e+01 2.373898337920549295e+01 2.092991543397713627e+01 1.404063359793369692e+01 9.633253084160159051e+04
2.577045461699373874e+01 2.393183161234385992e+01 2.104679275602277500e+01 1.426550902614073912e+01 9.699674378321805852e+04
2.584899452424390631e+01 2.399512796007792303e+01 2.112131025405750862e+01 1.438089028086739063e+01 9.726212344765588932e+04
2.592753443094329668e+01 2.399371874262977045e+01 2.116925662765888561e+01 1.448531940450239119e+01 9.714760467433962913e+04
2.600607433709690852e+01 2.409938561406588065e+01 2.123437833487294668e+01 1.460663533087521060e+01 9.739765133415671880e+04
2.608461424270966944e+01 2.413073273796097951e+01 2.127828380268007180e+01 1.469257951768342707e+01 9.784623865553349606e+04
2.616315414778644310e+01 2.412171470884693392e+01 2.138349560692774176e+01 1.476228803644204746e+01 9.739542962462881405e+04
2.624169405233205055e+01 2.426397354621569846e+01 2.151592885323089277e+01 1.482299597346296061e+01 9.786530430133147456e+04
2.632023395635124174e+01 2.422700862407264566e+01 2.148965134831350809e+01 1.499796535025374489e+01 9.741251003627351020e+04
2.639877385984871694e+01 2.432510105396163169e+01 2.162742863468504950e+01 1.511640991278190782e+01 9.743122956205703667e+04
2.647731376282911953e+01 2.439620152034351719e+01 2.162585477390785371e+01 1.521842291761947230e+01 9.783065798907785211e+04
2.655585366529703606e+01 2.453136043800508403e+01 2.186049433885319715e+01 1.531965186611358654e+01 9.780692872374651779e+04
2.663439356725699980e+01 2.450730425627918407e+01 2.180318855034488834e+01 1.541603530687593882e+01 9.859217037909579813e+04
2.671293346871349428e+01 2.465567738244364193e+01 2.195602563154419684e+01 1.557356870542503025e+01 9.844507987770237378e+04
2.679147336967094617e+01 2.478247531253263958e+01 2.202007563311865468e+01 1.570087765627984489e+01 9.855621441520605003e+04
2.687001327013372531e+01 2.472872713589664784e+01 2.205697905074050169e+01 1.580002162197583893e+01 9.850222687247714202e+04
2.694855317010616602e+01 2.476072883005932113e+01 2.217186730220969082e+01 1.585160612798519431e+01 9.894641865563286410e+04
2.702709306959254221e+01 2.480048768125740111e+01 2.222224309763877415e+01 1.592751481816388370e+01 9.830351973452628590e+04
2.710563296859707094e+01 2.487671833903412022e+01 2.218355868438962730e+01 1.614275557167907493e+01 9.908443472845436190e+04
2.718417286712393377e+01 2.500416667588768505e+01 2.242199844856433444e+01 1.624543342437060289e+01 9.859362759955326328e+04
2.726271276517725894e+01 2.515073153237738168e+01 2.249549571830185002e+01 1.633026660734735103e+01 9.894126889091551129e+04
2.734125266276112498e+01 2.500466670903218969e+01 2.248639976453528888e+01 1.644925795126727763e+01 9.865228908898045484e+04
2.741979255987956776e+01 2.514553515540699280e+01 2.264001827471126305e+01 1.657307374035455183e+01 9.938026726644493465e+04
2.749833245653658054e+01 2.510062246617007986e+01 2.274205011779618246e+01 1.671380983177179402e+01 9.909815578999914578e+04
2.757687235273609616e+01 2.514882124452530832e+01 2.267804752166972548e+01 1.673323078378528450e+01 9.871363179490447510e+04
2.765541224848202262e+01 2.521917101377769654e+01 2.272193533885928574e+01 1.682800610603025859e+01 9.937243799933258560e+04
2.773395214377820395e+01 2.519037614285997151e+01 2.289048246276039933e+01 1.704869000880678698e+01 9.944565686913418176e+04
2.781249203862845576e+01 2.509107083543656103e+01 2.274413224078555373e+01 1.699709279802767981e+01 9.888024744874059979e+04
2.789103193303654038e+01 2.524911005105065698e+01 2.290954719297151598e+01 1.720296620015633948e+01 9.902544666930531093e+04
2.796957182700618816e+01 2.519146799555828053e+01 2.304893360356235732e+01 1.731798049387392169e+01 9.907914468139996461e+04
2.804811172054107615e+01 2.528405298839264503e+01 2.317344952585238715e+01 1.739202730162247690e+01 9.906864290839634486e+04
2.812665161364485655e+01 2.534771430239796786e+01 2.318045374628496447e+01 1.752487454594222882e+01 9.892844703636071063e+04
2.820519150632112115e+01 2.525836193588190781e+01 2.313121342831209404e+01 1.751956832722288127e+01 9.815079763056298543e+04
2.828373139857343332e+01 2.507712927720337248e+01 2.302277273026509974e+01 1.777220361659515291e+01 9.841145123352401424e+04
2.836227129040531736e+01 2.522897336748426156e+01 2.324554691232121328e+01 1.776385527856943014e+01 9.785906056064393488e+04
2.844081118182025847e+01 2.526552837646687166e+01 2.314181185011939945e+01 1.791892497307236809e+01 9.791058025033667218e+04
2.851935107282169923e+01 2.517904788668019123e+01 2.319989064731574402e+01 1.793306459924536611e+01 9.730999912209312606e+04
2.859789096341304315e+01 2.506923566329598430e+01 2.328315223951107171e+01 1.806137618799078481e+01 9.673107014354180137e+04
2.867643085359765820e+01 2.504823767252458211e+01 2.310721274344234288e+01 1.803190406604332807e+01 9.678029613095268724e+04
2.875497074337888392e+01 2.502183458597134802e+01 2.329910099831093007e+01 1.817060211491145694e+01 9.698245677775552031e+04
2.883351063276001369e+01 2.513744563827733458e+01 2.328059313605911385e+01 1.848592245854128535e+01 9.698762861646682722e+04
2.891205052174430890e+01 2.494751159166458976e+01 2.319288378571259912e+01 1.837807605642749209e+01 9.558538540063303662e+04
2.899059041033499184e+01 2.507180122624778207e+01 2.331739488050269671e+01 1.859565036476860200e+01 9.693376303873040888e+04
2.906913029853525643e+01 2.513049986971205740e+01 2.338157450190719899e+01 1.872918127388311049e+01 9.678001475627918262e+04
2.914767018634825746e+01 2.514830755936770501e+01 2.328298222639766024e+01 1.879409440572626977e+01 9.621593346739234403e+04
2.922621007377712132e+01 2.505969104788186641e+01 2.345648270581853367e+01 1.889934556155969148e+01 9.670966153597866651e+04
2.930474996082492822e+01 2.508109096525891957e+01 2.359899142712189857e+01 1.912147292297543189e+01 9.659272104928072076e+04
2.938328984749474060e+01 2.526726086512629621e+01 2.371493746170109063e+01 1.923696589049394845e+01 9.612373622790371883e+04
2.946182973378957826e+01 2.504563966240051442e+01 2.374479910818567419e+01 1.943495706872740669e+01 9.587227270512437099e+04
2.954036961971243258e+01 2.516262007171719262e+01 2.370741785924595391e+01 1.939214411296870466e+01 9.572361989294820523e+04
2.961890950526625943e+01 2.524533631673744338e+01 2.393134000167975728e+01 1.973024141696055977e+01 9.609290843894654245e+04
2.969744939045398979e+01 2.527731854490370011e+01 2.375673188074290110e+01 1.965102073178482911e+01 9.641309684173561982e+04
2.977598927527852268e+01 2.537079005266657461e+01 2.390091747287246804e+01 1.978079770533545911e+01 9.655287343867740128e+04
2.985452915974272159e+01 2.539687972927801951e+01 2.419771075524090875e+01 1.993125510684043533e+01 9.591007682887570991e+04
2.993306904384942868e+01 2.549293186613391171e+01 2.426960450514969736e+01 2.005705230750831802e+01 9.651612168895156356e+04
3.001160892760143994e+01 2.553292794382413788e+01 2.411118171959506640e+01 2.024007914237150274e+01 9.691958597344385635e+04
3.009014881100154071e+01 2.558889805936827244e+01 2.409000679624006835e+01 2.043758567335720144e+01 9.687662721953475557e+04
3.016868869405248077e+01 2.565714823120461929e+01 2.450623070362728839e+01 2.045930828671166779e+01 9.727344858116588148e+04
3.024722857675697441e+01 2.571143723929743174e+01 2.455053848467673205e+01 2.075319939116132772e+01 9.661940704408637248e+04
3.032576845911771457e+01 2.574667016008069709e+01 2.464060853439223209e+01 2.088148075550612859e+01 9.622979415254923515e+04
3.040430834113736580e+01 2.597206519485510867e+01 2.465163198226211705e+01 2.110135155235088433e+01 9.787097951073794684e+04
3.048284822281856421e+01 2.573388597859149485e+01 2.473855017023353398e+01 2.113550431125704065e+01 9.658079356589120289e+04
3.056138810416392460e+01 2.592929983965551699e+01 2.479435297011187700e+01 2.120494493034946970e+01 9.600307714993790432e+04
3.063992798517602267e+01 2.600560603273692806e+01 2.503813539245902220e+01 2.124012110981972867e+01 9.760780511708690028e+04
3.071846786585741640e+01 2.620259049444274879e+01 2.489125506617055095e+01 2.145438493729535878e+01 9.783808742771978723e+04
3.079700774621063886e+01 2.630944047274617148e+01 2.523392311933782750e+01 2.183846967064815203e+01 9.824477444848390587e+04
3.087554762623818760e+01 2.618719487166141136e+01 2.526736563027361271e+01 2.207321065546667782e+01 9.782601821166725131e+04
3.095408750594254599e+01 2.640229809653043702e+01 2.555737753624780240e+01 2.209920014853287995e+01 9.723455735378166719e+04
3.103262738532617249e+01 2.660619899353808648e+01 2.572120471907529904e+01 2.220725698084874722e+01 9.893404849303209630e+04
3.111116726439149005e+01 2.635679876474382155e+01 2.544585842763832417e+01 2.227495255737134272e+01 9.840216581745409349e+04
3.118970714314090387e+01 2.655709873445710656e+01 2.568385304306358563e+01 2.244400619242286865e+01 9.865675908541824901e+04
3.126824702157679781e+01 2.666446052298068281e+01 2.581229234521615368e+01 2.266810846390936263e+01 9.893029489272332285e+04
3.134678689970152377e+01 2.688212669599707638e+01 2.599401017022231386e+01 2.292827198893793650e+01 9.830112884385368670e+04
3.142532677751741588e+01 2.697701735643903831e+01 2.582562781255601791e+01 2.309363376498577125e+01 1.004590726249562722e+05
3.150386665502678696e+01 2.675532792780408187e+01 2.598343471198406718e+01 2.314433096777707277e+01 9.903735191211981873e+04
3.158240653223192140e+01 2.682664190901195767e+01 2.574830219202068093e+01 2.316132314928538705e+01 1.006461263865147193e+05
3.166094640913508229e+01 2.712018744900159106e+01 2.645643399197704682e+01 2.338947458831905735e+01 1.003752620760428399e+05
3.173948628573851494e+01 2.729698276962966474e+01 2.613603573460905949e+01 2.370329923890570711e+01 1.010485579942837940e+05
3.181802616204443623e+01 2.751173715398495290e+01 2.691948313559561967e+01 2.350695538887240588e+01 1.015037507058528863e+05
3.189656603805504531e+01 2.754966238682198210e+01 2.690641141518714718e+01 2.405837483411200139e+01 1.020752631561174348e+05
3.197510591377251998e+01 2.765389873254073905e+01 2.704730298486139972e+01 2.426567062113005591e+01 1.015012236597288284e+05
3.205364578919900964e+01 2.766920162027529173e+01 2.699226962950861619e+01 2.398417887979330132e+01 1.019047742345037259e+05
3.213218566433665302e+01 2.788616369054305366e+01 2.650199219527826955e+01 2.439005537011210833e+01 1.036082032355880219e+05
3.221072553918755688e+01 2.790954401039564914e+01 2.686579532787245483e+01 2.425576581817934141e+01 1.022933219945370656e+05
3.228926541375382442e+01 2.859553524132032010e+01 2.766621595143745083e+01 2.454050695249272707e+01 1.035785589953136223e+05
3.236780528803751622e+01 2.807360475016669454e+01 2.745265682411096719e+01 2.473233710636415239e+01 1.041794808192244673e+05
3.244634516204068575e+01 2.882014586784704591e+01 2.746698329863590615e+01 2.529583645102945511e+01 1.044823269611260330e+05
3.252488503576537227e+01 2.845313290961832564e+01 2.766004609261099390e+01 2.476651916648118146e+01 1.039573875842960406e+05
3.260342490921358660e+01 2.856100150843317564e+01 2.782390626099684994e+01 2.560117841697147867e+01 1.045152027504122379e+05
3.268196478238731828e+01 2.842706840059762285e+01 2.800077818233874183e+01 2.545496214191814488e+01 1.051616802737917023e+05
3.276050465528854261e+01 2.938291984542193092e+01 2.876647655040179430e+01 2.646829068123924245e+01 1.071776968448451807e+05
3.283904452791921358e+01 2.954083284814868904e+01 2.826491139835196265e+01 2.567134813385600722e+01 1.091714559381279105e+05
3.291758440028127097e+01 2.946055725257130931e+01 2.882048721747725750e+01 2.611759831300351919e+01 1.067987858756953501e+05
3.299612427237663326e+01 2.979618998995304935e+01 2.872636012775631542e+01 2.676039462291990390e+01 1.077370058326741128e+05
3.307466414420719758e+01 2.954084689088520577e+01 2.851845627339308109e+01 2.559103144310975253e+01 1.074972109278262069e+05
3.315320401577483977e+01 3.041891663725990469e+01 2.967623217441876804e+01 2.664893706806593698e+01 1.089305231257114938e+05
3.323174388708143567e+01 2.937787121872334950e+01 2.934999739228497262e+01 2.672982894057913938e+01 1.055407186306484800e+05
3.331028375812883269e+01 2.970274320271850144e+01 2.963519055367305199e+01 2.689178010503410476e+01 1.085523862311628473e+05
3.338882362891884981e+01 3.012843809266484030e+01 2.979508609348183512e+01 2.716235270327823415e+01 1.093995910504646599e+05
3.346736349945329891e+01 3.081426788526817973e+01 2.932856917534692798e+01 2.792549537017238848e+01 1.078504484862986719e+05
3.354590336973399189e+01 3.133115941423012529e+01 2.945793691130749536e+01 2.733014047606707564e+01 1.135897929040793388e+05
3.362444323976268379e+01 3.235755271308444492e+01 3.014613312250992294e+01 2.809040619536663996e+01 1.161966770952101942e+05
3.370298310954115806e+01 2.997472427963741026e+01 2.894271038333390678e+01 2.719354634665600301e+01 1.103136505944375822e+05
3.378152297907114132e+01 3.214012817723927640e+01 2.927731482981603151e+01 2.823999939759405464e+01 1.140325649491926742e+05
3.386006284835436730e+01 3.140836021213480223e+01 3.001576651878414381e+01 2.769347907328933545e+01 1.120977259595067444e+05
3.393860271739255552e+01 3.161674914322882657e+01 3.051261220846611621e+01 2.969113801116320062e+01 1.170259341537735017e+05
3.401714258618739706e+01 3.144883775321954644e+01 3.259980385191930452e+01 2.806368840736701742e+01 1.097912946333710861e+05
3.409568245474058301e+01 3.369638598908804994e+01 3.297833370911953921e+01 3.034739404983962885e+01 1.192537962297785416e+05
3.417422232305376895e+01 2.980425533645961167e+01 3.147976221577356881e+01 2.854502381180170900e+01 1.142065190575374290e+05
3.425276219112861043e+01 3.178020787380196666e+01 2.995467372789893901e+01 2.995897075247587438e+01 1.146909748569669027e+05
3.433130205896674880e+01 3.383194083819463316e+01 3.613973334602061982e+01 3.349837069100811959e+01 1.127552847447797540e+05
3.440984192656979701e+01 3.289175196538715085e+01 2.937888840806973789e+01 2.962856269820380462e+01 1.160379345248278114e+05
3.448838179393936088e+01 3.803284143610877521e+01 3.278552211768678859e+01 3.046215514142268432e+01 1.255024180533779290e+05
3.456692166107702491e+01 3.371495527849122453e+01 3.276358013212526998e+01 2.593048888451406597e+01 1.116459477547586139e+05
3.464546152798438072e+01 3.705071398197623012e+01 4.251180447654429884e+01 2.550043760524974346e+01 1.300982396748393221e+05
3.472400139466299152e+01 3.217559125916987739e+01 1.892130597700944961e+01 3.362031504650381208e+01 1.510330897181161854e+05
