# 0.9992 0.9998
7.871241428633635184e-02 4.047140753102212440e-01 4.088212864311028261e-01 8.631499891983744567e-05 1.012470589877494604e+03
1.618072713909662341e-01 1.132549236094869904e+00 1.128013476845595164e+00 4.684747975875397158e-04 4.040974511834585883e+03
2.418771330418761079e-01 2.754221054975452887e+00 2.730455723121713252e+00 5.601210082076136382e-04 5.542525910830537214e+03
3.211923215201240578e-01 3.440544050182695823e+00 3.431618868576277848e+00 1.440678671550897931e-03 1.081217790779451570e+04
4.002017901256537113e-01 3.414396997120892507e+00 3.385756827618766618e+00 1.953287556544882394e-03 1.526856769882286062e+04
4.790568272527075955e-01 4.435704827670639006e+00 4.364845225920049643e+00 3.059001346987484746e-03 1.497837634478885411e+04
5.578229290343351687e-01 5.051896621043147739e+00 4.946679231883281069e+00 4.284218747617181931e-03 2.167235156124827336e+04
6.365331115321660738e-01 6.345251475288223197e+00 6.202240979215805083e+00 5.934175289761302492e-03 2.315377872046622360e+04
7.152058371535838788e-01 5.698689378720708021e+00 5.543476456229587512e+00 7.778890432942590742e-03 2.654988292223056851e+04
7.938522421846891941e-01 6.479486347506266064e+00 6.269947216589471850e+00 9.405070206332535876e-03 2.778419657740498224e+04
8.724794443688169698e-01 7.417037438126888205e+00 7.151917190760503473e+00 1.101932855825880908e-02 2.980493248632175164e+04
9.510922062407737299e-01 7.540343261911546691e+00 7.266383595491465286e+00 1.279904633321407928e-02 3.257158927145141206e+04
1.029693835175838679e+00 9.295311845525510819e+00 8.906639235543698518e+00 1.595197868487118267e-02 3.321460019764219760e+04
1.108286699878543891e+00 9.832639539935314588e+00 9.423808734609908200e+00 1.822075299770408927e-02 3.418084473416637047e+04
1.186872541411916560e+00 1.007148126658213450e+01 9.610498351952163176e+00 2.193991156512433913e-02 3.629806556418460968e+04
1.265452668213572940e+00 1.076659455278110400e+01 1.025493203477394211e+01 2.450662228776305865e-02 3.837397584710273077e+04
1.344028082638708543e+00 1.125972805210348859e+01 1.070019169889554078e+01 2.833414989248209809e-02 4.162983927228431276e+04
1.422599565533279709e+00 1.237698685258415487e+01 1.179794892237856985e+01 3.034362487627912178e-02 4.116387419341301575e+04
1.501167734229200246e+00 1.339859256816879274e+01 1.270248695150700691e+01 3.543630283104332729e-02 4.344938389986855327e+04
1.579733083222462531e+00 1.337454754320299877e+01 1.266731358506639893e+01 4.005359131104328785e-02 4.668572213536856725e+04
1.658296013281593151e+00 1.377422136798143626e+01 1.302986917964184244e+01 4.258899712169323531e-02 4.712014855117137631e+04
1.736856852652245875e+00 1.474576944582933891e+01 1.390180282771511600e+01 4.820493094037436865e-02 4.709841782437859365e+04
1.815415872753641580e+00 1.552574636278219700e+01 1.464444858850801978e+01 5.258906969251859326e-02 4.938273597627675917e+04
1.893973299967037560e+00 1.643315240990925474e+01 1.548647073153454556e+01 5.916543017266794741e-02 5.064438435360671428e+04
1.972529324606241641e+00 1.655331620529012682e+01 1.558527154429930306e+01 6.369339939425358588e-02 5.301281122068982222e+04
2.051084107826015579e+00 1.681891747707177842e+01 1.577554490201202597e+01 6.942377006596357758e-02 5.436447212928199588e+04
2.129637787001040561e+00 1.794687790449165732e+01 1.683491111354248559e+01 7.548399598237029440e-02 5.644740662446704664e+04
2.208190479956450680e+00 1.814095803990097622e+01 1.699279949966997805e+01 8.234017164928258969e-02 5.720337226604107855e+04
2.286742288326184092e+00 1.863119863673640353e+01 1.747439466118699514e+01 8.701601011315493461e-02 5.739766597914885642e+04
2.365293300241981811e+00 1.867357211956335661e+01 1.745192121981411759e+01 9.416070335416683312e-02 5.815732158508885914e+04
2.443843592503681883e+00 1.885499848029384040e+01 1.763680467062008361e+01 9.969297362036066978e-02 6.077565733628307498e+04
2.522393232343909553e+00 1.971236632403395816e+01 1.840179832150617045e+01 1.078551452036946440e-01 6.188461816689254192e+04
2.600942278872942381e+00 1.976951115103605261e+01 1.841380231949877100e+01 1.164420044899157902e-01 6.423410476865967212e+04
2.679490784269383141e+00 1.962890563163820801e+01 1.818602284499780453e+01 1.237996125911876438e-01 6.346692005214994424e+04
2.758038794767343038e+00 2.006431048886265955e+01 1.864947050359399938e+01 1.298568294209675178e-01 6.548813294761049474e+04
2.836586351479573942e+00 2.051328129343763962e+01 1.904260488205621016e+01 1.394810529758358786e-01 6.791290289745097107e+04
2.915133491087511963e+00 2.092988193789792817e+01 1.939856351173622429e+01 1.458603133005035024e-01 6.738321300546635757e+04
2.993680246422668834e+00 2.111249027321445837e+01 1.957250733681916088e+01 1.547492521692369616e-01 6.752140259486671130e+04
3.072226646958827967e+00 2.102137399003443363e+01 1.939311221424400955e+01 1.672296621692128948e-01 7.018360452487994917e+04
3.150772719230606977e+00 2.080076713046612724e+01 1.922341443212373591e+01 1.723175532767674545e-01 7.051844570696746814e+04
3.229318487190934395e+00 2.057106613289582242e+01 1.896177211570057963e+01 1.855129047448484114e-01 7.061372339453430322e+04
3.307863972517584905e+00 2.064770549110219378e+01 1.897721793533682089e+01 1.935911401425646494e-01 7.192499096313399787e+04
3.386409194877053608e+00 2.083793128969004727e+01 1.913148324011184798e+01 2.044503659640210247e-01 7.422051010770858556e+04
3.464954172152534095e+00 2.058704666971334163e+01 1.889501847190462769e+01 2.126897350243433238e-01 7.439460461910386221e+04
3.543498920641575456e+00 2.071073188939971033e+01 1.897841765165784267e+01 2.258597069093955800e-01 7.625596491494962538e+04
3.622043455228019404e+00 2.047748312352218036e+01 1.876569921395969942e+01 2.351639786294042467e-01 7.640619268468035443e+04
3.700587789532037597e+00 2.040364902369913835e+01 1.861958796704688623e+01 2.491862528259775889e-01 7.757916456252177886e+04
3.779131936041457696e+00 2.031830252357209332e+01 1.852719444575909336e+01 2.598732927322535136e-01 7.859914500512179802e+04
3.857675906227046259e+00 2.020588521182273567e+01 1.841372139921912421e+01 2.682496016998974220e-01 7.968357722631597426e+04
3.936219710643986680e+00 2.012900589231011850e+01 1.828268136891630036e+01 2.833079017595851457e-01 8.047821695645125874e+04
4.014763359021444877e+00 2.012596497618086389e+01 1.825754127264092830e+01 2.956216503041433907e-01 7.991914232823636848e+04
4.093306860341824560e+00 1.978905915319944242e+01 1.789880527316305248e+01 3.093921465607748500e-01 8.206767757715172775e+04
4.171850222911064776e+00 2.004034734823777697e+01 1.813106179897276249e+01 3.182188673223045883e-01 8.250426512613943487e+04
4.250393454421145911e+00 1.951205474035681320e+01 1.760867101086142839e+01 3.344080369656823870e-01 8.257907205001432158e+04
4.328936562005788247e+00 1.966608478983255992e+01 1.778158603823840167e+01 3.439333609423432248e-01 8.498582390566224058e+04
4.407479552290201497e+00 1.944172418364462018e+01 1.750348729120258184e+01 3.581382917190559234e-01 8.474033995043365576e+04
4.486022431435594982e+00 1.918403751009518032e+01 1.729169131362533207e+01 3.684516783176061128e-01 8.575979116175121453e+04
4.564565205179107465e+00 1.927338477566759423e+01 1.733158484711158920e+01 3.872227181748545410e-01 8.685494768548637512e+04
4.643107878869670024e+00 1.924660256796895652e+01 1.728161602112812290e+01 3.995096039030667234e-01 8.792709160714513564e+04
4.721650457500300213e+00 1.897413994996099973e+01 1.698595011257851439e+01 4.098534573713357165e-01 8.776338317516165262e+04
4.800192945737217443e+00 1.897848597734045484e+01 1.695076430990919292e+01 4.275673919949046220e-01 8.917657515105389757e+04
4.878735347946150824e+00 1.893085738504597515e+01 1.691739976490973518e+01 4.375977160995281889e-01 9.017729473080599564e+04
4.957277668216146793e+00 1.896222397289551864e+01 1.689886415380417262e+01 4.672620101867164810e-01 9.027954407146772428e+04
5.035819910381144737e+00 1.889090926517389946e+01 1.681309334735607308e+01 4.777205761605254897e-01 9.006979933495937439e+04
5.114362078039562221e+00 1.878480754511425133e+01 1.664720915796587519e+01 4.952809893626874960e-01 9.166479863473086152e+04
5.192904174572115394e+00 1.846794671473669425e+01 1.637251664090070591e+01 5.087395548315578608e-01 9.252365879737149226e+04
5.271446203158030919e+00 1.857043982898521151e+01 1.644240630101187506e+01 5.262418796651684438e-01 9.345672143541586411e+04
5.349988166789838573e+00 1.854252595058871478e+01 1.639851181586561779e+01 5.430661629632183018e-01 9.343598898769544030e+04
5.428530068286878674e+00 1.859837229954727533e+01 1.637958433981204109e+01 5.675185865189464884e-01 9.457471540327327966e+04
5.507071910307648643e+00 1.849276899482860870e+01 1.630146747893948600e+01 5.802696423254158908e-01 9.478666440167430846e+04
5.585613695361120179e+00 1.850646837607835238e+01 1.625503131510306787e+01 6.085964442190697765e-01 9.688231794725749933e+04
5.664155425817094525e+00 1.858198498658050468e+01 1.631392911628299558e+01 6.186161803418690486e-01 9.626713400426557928e+04
5.742697103915729961e+00 1.846411706768526528e+01 1.620160678179645686e+01 6.265349729287681413e-01 9.670270488052537257e+04
5.821238731776284148e+00 1.846478237868570815e+01 1.620062875406178904e+01 6.469882550343803995e-01 9.712762005223026790e+04
5.899780311405160127e+00 1.852883484955025040e+01 1.621779577089175461e+01 6.655324962876726369e-01 9.813565747681802895e+04
5.978321844703323507e+00 1.854786183787646081e+01 1.623224216071829318e+01 6.814234142529135285e-01 9.864522470072060241e+04
6.056863333473133437e+00 1.851126411544091965e+01 1.618506173102563039e+01 7.029938268627541342e-01 9.993977444247993117e+04
6.135404779424661115e+00 1.841447238843439038e+01 1.600095524681909964e+01 7.325752065088736442e-01 1.007099359099771973e+05
6.213946184181517118e+00 1.863108847532281231e+01 1.625653189221158001e+01 7.447570473019810011e-01 1.010082767946825334e+05
6.292487549286247983e+00 1.883945222481507997e+01 1.637952112076811062e+01 7.677709019565316373e-01 1.019478036627823312e+05
6.371028876205335756e+00 1.874985335387385277e+01 1.627161203778734233e+01 7.758455283432746930e-01 1.012707292920807959e+05
6.449570166333828070e+00 1.860522718893716032e+01 1.612246938831462728e+01 8.056784791583170291e-01 1.030971859624750214e+05
6.528111420999634262e+00 1.880203073175215778e+01 1.624853236164421233e+01 8.242019847133579269e-01 1.024780387885624077e+05
6.606652641467518627e+00 1.875981770430292528e+01 1.622738468574224413e+01 8.465131270147989717e-01 1.033274787735817226e+05
6.685193828942805006e+00 1.899474846644580595e+01 1.637558414626456482e+01 8.655597207803013005e-01 1.029415190606861433e+05
6.763734984574836240e+00 1.884723479335751506e+01 1.625009134797544874e+01 8.830855403232734657e-01 1.028792378382700408e+05
6.842276109460177835e+00 1.882917089298198121e+01 1.619574653806154174e+01 9.147344026432426833e-01 1.043149343576283136e+05
6.920817204645620890e+00 1.892502330236871799e+01 1.628608940642469349e+01 9.388687961936116322e-01 1.051183901623719285e+05
6.999358271130968312e+00 1.914953589155085112e+01 1.645053863987667597e+01 9.607377853026726200e-01 1.057151420388915867e+05
7.077899309871646949e+00 1.909153162835258044e+01 1.638565077163609374e+01 9.802604919197199784e-01 1.065890872631135862e+05
7.156440321781138536e+00 1.930079376210155928e+01 1.655116496545851490e+01 9.978949262739437165e-01 1.056437859276252711e+05
7.234981307733260536e+00 1.950337908108777540e+01 1.660496565567863314e+01 1.042000697084322081e+00 1.065521640370124369e+05
7.313522268564292439e+00 1.934933159300781114e+01 1.647782759377679795e+01 1.051833651593810703e+00 1.063573659828534146e+05
7.392063205074973276e+00 1.941775149758977648e+01 1.655266135512585635e+01 1.075719446766316034e+00 1.064053407882447937e+05
7.470604118032365015e+00 1.944596209904459982e+01 1.652642465497985569e+01 1.108903855702637831e+00 1.077806729369565728e+05
7.549145008171610272e+00 1.958392176979511135e+01 1.665856473853467179e+01 1.124972386873719143e+00 1.082249175141576707e+05
7.627685876197570103e+00 1.952390173114585181e+01 1.656227282165929537e+01 1.156428896396297867e+00 1.085683855589383747e+05
7.706226722786373884e+00 1.971763323355089170e+01 1.671186930394675940e+01 1.174929281596031494e+00 1.085511218660304730e+05
7.784767548586863484e+00 1.959090620154195150e+01 1.659810451460133152e+01 1.195727191608246143e+00 1.079966155753821658e+05
7.863308354221953955e+00 1.985295349401466680e+01 1.682339782217132296e+01 1.218640174209014715e+00 1.095137589644344989e+05
7.941849140289923170e+00 2.002899544425148548e+01 1.692110394979996002e+01 1.248207871254099599e+00 1.083642288439817494e+05
8.020389907365611748e+00 1.991090703031662557e+01 1.680064194662904598e+01 1.273517993460032027e+00 1.107837656999180763e+05
8.098930656001561701e+00 1.995104928374729880e+01 1.682144060516102257e+01 1.309341107027219619e+00 1.102975682739177719e+05
8.177471386729090241e+00 2.008111839276040200e+01 1.694041973754743680e+01 1.326942915768526632e+00 1.103830292354670091e+05
8.256012100059292536e+00 2.018643447842038086e+01 1.696531334053307560e+01 1.356282020903639030e+00 1.107765617143780546e+05
8.334552796484000936e+00 2.007105741884787165e+01 1.690756741969920185e+01 1.380324920142014022e+00 1.112075064605355001e+05
8.413093476476680266e+00 2.024955698363210743e+01 1.700350471632959071e+01 1.404692473409702602e+00 1.108909720519114780e+05
8.491634140493276917e+00 2.032271471768869375e+01 1.701548591021712298e+01 1.438330438806089129e+00 1.111216384541090956e+05
8.570174788973028868e+00 2.034821173745010725e+01 1.702985790174957259e+01 1.458525503880332419e+00 1.113874522888916399e+05
8.648715422339215309e+00 2.048200944372981880e+01 1.716597557094404181e+01 1.485788144691061685e+00 1.122728331281737192e+05
8.727256040999876063e+00 2.036611912098208776e+01 1.707288976897253718e+01 1.513353292571859132e+00 1.118711613922274264e+05
8.805796645348495488e+00 2.054374685060919248e+01 1.717235129197358035e+01 1.549143618663355149e+00 1.113554981419365213e+05
8.884337235764643737e+00 2.061810392410903958e+01 1.721382607409508836e+01 1.569568310599702254e+00 1.119127724290484766e+05
8.962877812614589601e+00 2.072379279443340039e+01 1.729467770493721801e+01 1.601037498601710407e+00 1.128756851128773560e+05
9.041418376251867173e+00 2.074305361398369030e+01 1.734528188790867986e+01 1.622743044947358326e+00 1.135224153533966601e+05
9.119958927017840722e+00 2.057728430619761539e+01 1.718648928753813010e+01 1.660716072027348167e+00 1.131709621398787567e+05
9.198499465242209183e+00 2.078934309445046225e+01 1.729342682933767250e+01 1.700007467069885925e+00 1.134973788208447950e+05
9.277039991243508865e+00 2.072995337894648316e+01 1.723552808448374307e+01 1.722609457540074107e+00 1.129401204204178212e+05
9.355580505329580632e+00 2.088622298281002898e+01 1.735418299011448084e+01 1.752564657636197731e+00 1.136308907555706246e+05
9.434121007798012215e+00 2.091470620745390008e+01 1.738086804658082229e+01 1.767239957407399586e+00 1.137772758843110350e+05
9.512661498936562765e+00 2.107437296576127039e+01 1.746103822295368246e+01 1.814226648335591330e+00 1.143028262419729290e+05
9.591201979023569635e+00 2.102437886693239477e+01 1.744706551361516134e+01 1.845738186731275210e+00 1.138775804235961987e+05
9.669742448328321416e+00 2.105367347179960191e+01 1.745286237749390779e+01 1.881890655010762137e+00 1.135634153078014206e+05
9.748282907111432749e+00 2.111695650553407688e+01 1.746031871713137562e+01 1.905687543353115077e+00 1.145238103077393025e+05
9.826823355625185386e+00 2.114549279971309659e+01 1.748202290159446193e+01 1.927292130943501380e+00 1.143733400365487760e+05
9.905363794113858589e+00 2.120697675270781346e+01 1.749997444475248187e+01 1.977573979678904248e+00 1.141319806644254277e+05
9.983904222814045326e+00 2.111862911099910178e+01 1.744844869465267223e+01 2.000931149470755344e+00 1.142758659058713820e+05
1.006244464195495070e+01 2.127948231220450026e+01 1.757557133025954599e+01 2.041637877036726056e+00 1.145889296696868259e+05
1.014098505175868148e+01 2.119736154372029802e+01 1.748375248824999773e+01 2.065628895998012915e+00 1.142552026727117918e+05
1.021952545244051613e+01 2.120478437702464802e+01 1.744122388379969735e+01 2.097972666284291243e+00 1.150309570604867477e+05
1.029806584420916415e+01 2.127639006105103192e+01 1.749812434774633729e+01 2.140443511735721227e+00 1.146749846658126189e+05
1.037660622726701654e+01 2.129018953372693090e+01 1.751934495035332162e+01 2.177862706885234090e+00 1.152223808949654485e+05
1.045514660181038380e+01 2.138727025161051998e+01 1.758506336340711584e+01 2.206199396075568586e+00 1.145476381688158872e+05
1.053368696802971982e+01 2.136353745440387897e+01 1.756869672215855260e+01 2.228386400781403598e+00 1.150191570290109375e+05
1.061222732610984210e+01 2.135113066072566923e+01 1.752072904268736053e+01 2.272089421202462045e+00 1.151601935645025515e+05
1.069076767623013779e+01 2.146549138992906691e+01 1.760252148804712036e+01 2.315310708961254793e+00 1.156248445266013150e+05
1.076930801856475739e+01 2.152314725297882347e+01 1.759826953239142711e+01 2.339584101492938384e+00 1.155620637317570072e+05
1.084784835328281005e+01 2.155353683066694259e+01 1.763457215266855727e+01 2.385227512349121781e+00 1.148978819300269388e+05
1.092638868054854306e+01 2.152840545030627695e+01 1.759972280965252978e+01 2.420730014247099771e+00 1.151922535114004131e+05
1.100492900052151413e+01 2.165556006155630442e+01 1.772046561515848850e+01 2.462641154023853307e+00 1.152651961913572741e+05
1.108346931335675833e+01 2.169787632437034475e+01 1.775023528910795889e+01 2.485491168553761288e+00 1.146755946204092907e+05
1.116200961920494805e+01 2.151858444360185274e+01 1.755847898380255145e+01 2.535802779853423505e+00 1.149426842310353240e+05
1.124054991821254212e+01 2.160713347680494323e+01 1.762669598380832525e+01 2.554534890568280314e+00 1.148486476199203753e+05
1.131909021052193687e+01 2.160228854804583420e+01 1.760548249795310483e+01 2.600201334882753290e+00 1.152125718882978981e+05
1.139763049627160285e+01 2.163086239232085006e+01 1.764033130691717588e+01 2.632769786677991330e+00 1.146281454357371840e+05
1.147617077559622167e+01 2.154493739817338138e+01 1.756230853219604171e+01 2.672782340803390611e+00 1.151619221500947024e+05
1.155471104862680853e+01 2.171553487708971630e+01 1.764860275439638571e+01 2.717871116540045318e+00 1.148820122853813082e+05
1.163325131549084368e+01 2.167163892622271248e+01 1.760456543517958394e+01 2.763719314757819401e+00 1.155262802796710748e+05
1.171179157631238787e+01 2.174907863822116738e+01 1.767650730576007589e+01 2.789926317997482474e+00 1.145965307241659175e+05
1.179033183121219608e+01 2.172227113530080445e+01 1.767623915329148332e+01 2.830219757091454458e+00 1.146144225512723788e+05
1.186887208030782759e+01 2.174741573236314451e+01 1.762170753840028325e+01 2.877492770759045193e+00 1.145399471136567881e+05
1.194741232371374728e+01 2.172717920534847380e+01 1.761789453953360862e+01 2.920685106480656934e+00 1.150666169245702768e+05
1.202595256154143222e+01 2.166012567018614376e+01 1.758496174427555658e+01 2.939861596680156897e+00 1.144275871172443876e+05
1.210449279389946753e+01 2.182468186791922449e+01 1.766249102774255775e+01 2.987459966194897287e+00 1.145567285004749865e+05
1.218303302089363527e+01 2.177159050291374953e+01 1.765424857771175482e+01 3.017889211960470774e+00 1.145242907291991141e+05
1.226157324262700676e+01 2.175695495757187814e+01 1.765913042486594264e+01 3.056252042335579677e+00 1.145161268433512014e+05
1.234011345920003322e+01 2.187123873391192674e+01 1.770857029929370796e+01 3.107741637641074472e+00 1.143338935689706123e+05
1.241865367071062565e+01 2.176755733963549488e+01 1.761234192988820269e+01 3.144261974115008851e+00 1.145269627008878888e+05
1.249719387725422415e+01 2.197363790374992831e+01 1.775600832076812097e+01 3.198115158600231656e+00 1.145666921216506744e+05
1.257573407892389383e+01 2.179984849870525920e+01 1.763165992213000521e+01 3.231506459882056426e+00 1.138499273717152828e+05
1.265427427581038877e+01 2.194242569248563868e+01 1.773328514095480202e+01 3.287590552981330294e+00 1.137028552583848214e+05
1.273281446800221772e+01 2.176508617917887634e+01 1.759822633075259191e+01 3.325700458291778627e+00 1.141167037651581632e+05
1.281135465558572584e+01 2.187103942592064598e+01 1.767571334735584188e+01 3.377820714303934047e+00 1.140088804501217674e+05
1.288989483864514796e+01 2.186973449535158665e+01 1.757932564563914113e+01 3.413082310121922536e+00 1.136671844571252732e+05
1.296843501726268322e+01 2.203045903788354565e+01 1.775449545544488572e+01 3.464467486151118880e+00 1.133556921431692899e+05
1.304697519151855190e+01 2.195665238865802493e+01 1.769749735250105971e+01 3.520551149512449296e+00 1.133728845192847366e+05
1.312551536149104692e+01 2.194001431678454495e+01 1.767966977839419584e+01 3.542594210979574942e+00 1.134258827532746654e+05
1.320405552725660492e+01 2.195146970064444858e+01 1.771350013847342808e+01 3.584483261793017572e+00 1.130422632654228946e+05
1.328259568888985243e+01 2.194969284087270722e+01 1.766373031284365780e+01 3.634526385049284603e+00 1.131353527470610134e+05
1.336113584646366270e+01 2.195643073562099090e+01 1.766526482838467871e+01 3.685085156494198877e+00 1.129416080614011007e+05
1.343967600004920548e+01 2.186524365700552153e+01 1.754790569776380948e+01 3.727580966301097476e+00 1.127444764946999348e+05
1.351821614971599317e+01 2.194830983640984812e+01 1.766412443388948006e+01 3.774574886298068588e+00 1.127248743188237859e+05
1.359675629553193588e+01 2.187869757493864142e+01 1.764644478397241301e+01 3.796706343312375775e+00 1.125243920524636633e+05
1.367529643756338231e+01 2.191774756198401164e+01 1.762600626149173166e+01 3.837271356673267242e+00 1.123022649613977119e+05
1.375383657587516595e+01 2.197198932425823870e+01 1.764820684138720708e+01 3.904395425426388844e+00 1.123967812707419944e+05
1.383237671053064766e+01 2.192166274823454941e+01 1.760066153933087563e+01 3.948450658485043618e+00 1.121231102305750537e+05
1.391091684159175834e+01 2.206840428627051409e+01 1.769443855463395110e+01 3.999536279943757489e+00 1.122245601608137222e+05
1.398945696911903269e+01 2.200750657078196326e+01 1.763668301282108786e+01 4.034096753741605923e+00 1.115969127000990120e+05
1.406799709317166069e+01 2.203961592683706883e+01 1.763957788966060036e+01 4.100295767814771786e+00 1.122291471066763770e+05
1.414653721380751428e+01 2.193266008165236158e+01 1.755621036664994250e+01 4.138093662403917961e+00 1.117211068122834695e+05
1.422507733108318817e+01 2.209237405582864611e+01 1.767819610336211511e+01 4.181408436443662779e+00 1.113360229627308581e+05
1.430361744505403543e+01 2.204329109577998835e+01 1.766247000143494716e+01 4.245255086901614128e+00 1.115248013292498654e+05
1.438215755577419586e+01 2.206259781067799963e+01 1.768753010695824557e+01 4.291036348279374302e+00 1.111173257092102140e+05
1.446069766329663686e+01 2.200553660571036829e+01 1.764130280558914521e+01 4.341060997682473221e+00 1.107503118490753259e+05
1.453923776767318010e+01 2.209578961553987497e+01 1.765807012743433191e+01 4.389650385741290073e+00 1.108054947798638168e+05
1.461777786895453346e+01 2.207948510119047825e+01 1.765658185391335167e+01 4.434902038854552586e+00 1.106263850765059033e+05
1.469631796719032302e+01 2.215432404785737930e+01 1.774375410861387081e+01 4.473915348514080570e+00 1.102299607167296199e+05
1.477485806242911437e+01 2.208455333502482532e+01 1.769810309531198911e+01 4.546508740679152893e+00 1.103087213821762125e+05
1.485339815471844993e+01 2.213570707788670333e+01 1.771872600432686440e+01 4.588839040795886781e+00 1.099855225870675786e+05
1.493193824410487203e+01 2.217604213810810165e+01 1.771588793018607433e+01 4.647329114713771858e+00 1.104951852888401772e+05
1.501047833063394421e+01 2.216812261872140866e+01 1.776229084353026977e+01 4.693267455889113648e+00 1.102185446422829118e+05
1.508901841435028857e+01 2.216022301209344292e+01 1.776314811680544636e+01 4.752639161722214567e+00 1.100287919180591707e+05
1.516755849529759992e+01 2.224363473587650120e+01 1.776880775166068460e+01 4.790395757395804033e+00 1.095413401849096117e+05
1.524609857351867070e+01 2.213886358385092379e+01 1.777863967617375707e+01 4.842179164396604563e+00 1.094706659570573102e+05
1.532463864905541762e+01 2.222007857941050801e+01 1.779759858852648335e+01 4.897513619283191844e+00 1.089265068089455453e+05
1.540317872194890292e+01 2.217322803771538275e+01 1.776321458243426221e+01 4.946713365425075004e+00 1.091408568467721052e+05
1.548171879223935399e+01 2.218886838733149958e+01 1.776324427920043192e+01 5.020607130202036750e+00 1.088226881550121616e+05
1.556025885996618996e+01 2.227355717769836474e+01 1.784070271153099796e+01 5.082792197215804997e+00 1.089562097596352396e+05
1.563879892516803238e+01 2.222728032565554201e+01 1.783527688373200348e+01 5.113651902827794693e+00 1.086210677473930700e+05
1.571733898788273187e+01 2.231060812173034691e+01 1.789105671697423361e+01 5.148607863967703757e+00 1.084999750543218979e+05
1.579587904814739119e+01 2.235146479496599525e+01 1.787794213952813394e+01 5.233965291962555000e+00 1.087973442844485544e+05
1.587441910599837769e+01 2.228626666083363261e+01 1.785335657234573503e+01 5.274210103111220960e+00 1.081593837594450451e+05
1.595295916147133575e+01 2.233005063124535283e+01 1.789899286359406005e+01 5.315568200020412526e+00 1.079570037895472051e+05
1.603149921460121874e+01 2.235166569263416392e+01 1.788284697964877523e+01 5.405248242229956368e+00 1.081088086800232559e+05
1.611003926542229436e+01 2.236072450700298120e+01 1.789383004277849309e+01 5.465134194323091776e+00 1.079493758337257750e+05
1.618857931396816596e+01 2.241179179186424264e+01 1.793739148688698037e+01 5.526932015899387984e+00 1.079958978822068893e+05
1.626711936027179561e+01 2.244304335770315362e+01 1.800090316866049633e+01 5.568310015028488991e+00 1.073647336668172502e+05
1.634565940436549525e+01 2.243777512364855653e+01 1.794311118303185637e+01 5.651067322839628204e+00 1.074948668903111829e+05
1.642419944628097639e+01 2.246758566550894543e+01 1.796670683214125219e+01 5.688511751661216032e+00 1.070988168001041340e+05
1.650273948604932883e+01 2.250636955299784248e+01 1.804694552387447715e+01 5.769177681832344362e+00 1.072492866201391007e+05
1.658127952370107394e+01 2.250209225204405072e+01 1.801525692293673941e+01 5.819969580850617774e+00 1.072173767467628641e+05
1.665981955926614333e+01 2.253535837933851482e+01 1.804219150691938012e+01 5.896044098533967492e+00 1.071504331324566301e+05
1.673835959277390728e+01 2.257920157490608304e+01 1.807933890893580298e+01 5.962596268704894342e+00 1.070346166733771097e+05
1.681689962425318896e+01 2.257043734052463080e+01 1.806657577510437562e+01 6.025733458032836332e+00 1.067501671138585516e+05
1.689543965373228218e+01 2.261617159314487679e+01 1.811786680713252551e+01 6.082843340204315830e+00 1.067328630361540272e+05
1.697397968123895495e+01 2.253564684790055850e+01 1.807684658838061864e+01 6.129252282484445757e+00 1.066343829667707178e+05
1.705251970680045304e+01 2.263466328310835252e+01 1.812645753503575108e+01 6.215031388265070511e+00 1.065663463690105709e+05
1.713105973044353902e+01 2.261521036794311357e+01 1.811670663508709822e+01 6.281519829054476034e+00 1.065266400722130347e+05
1.720959975219447102e+01 2.273279282080276076e+01 1.819609489528241397e+01 6.345013603905073296e+00 1.063992723103612516e+05
1.728813977207903463e+01 2.268785904661306319e+01 1.821779000450471742e+01 6.416607872318610184e+00 1.064715581732811697e+05
1.736667979012256424e+01 2.277136505373469433e+01 1.826818212304544176e+01 6.485146696421715262e+00 1.063987588287834515e+05
1.744521980634991110e+01 2.281402421738637187e+01 1.828964032542794271e+01 6.541111519024218168e+00 1.061120810202247376e+05
1.752375982078550365e+01 2.275668565137556598e+01 1.826143962246736407e+01 6.612638846487547184e+00 1.058030630624275509e+05
1.760229983345331917e+01 2.276940669253691851e+01 1.827469807762658505e+01 6.678357642813108619e+00 1.058979920475018735e+05
1.768083984437692635e+01 2.289699236689767758e+01 1.839340612787163209e+01 6.743143284097169676e+00 1.060261729698835552e+05
1.775937985357945692e+01 2.293501839309331558e+01 1.845290981328439983e+01 6.807865846361591977e+00 1.059686606353743118e+05
1.783791986108364824e+01 2.294017956898787958e+01 1.843312397909910061e+01 6.868412132193012276e+00 1.058510097911008052e+05
1.791645986691183268e+01 2.296434147779558543e+01 1.845305925853920925e+01 6.965299604831633573e+00 1.060953073729121534e+05
1.799499987108595889e+01 2.295360595540983795e+01 1.843243513247037058e+01 7.014634990276994664e+00 1.058723663495115761e+05
1.807353987362759185e+01 2.309472543387697741e+01 1.856385800657632856e+01 7.092590032607990480e+00 1.057301087968826469e+05
1.815207987455791638e+01 2.307900644343719421e+01 1.857776800878377799e+01 7.156048940982937978e+00 1.056370954107631260e+05
1.823061987389775851e+01 2.321281001048683024e+01 1.868177362634209615e+01 7.232095574308305963e+00 1.057717421447158558e+05
1.830915987166758541e+01 2.316547560727030941e+01 1.861875889872735712e+01 7.334860559769242450e+00 1.062159609881291399e+05
1.838769986788751964e+01 2.330507539040464238e+01 1.873190727976288628e+01 7.383678344909203162e+00 1.059987113601566962e+05
1.846623986257733563e+01 2.322783444735383895e+01 1.872835253132300082e+01 7.459189192916145572e+00 1.059947757061223092e+05
1.854477985575647381e+01 2.326556319829663622e+01 1.876973299520867755e+01 7.534384143788577681e+00 1.058697726359848893e+05
1.862331984744404423e+01 2.332300607109188917e+01 1.877660197203433512e+01 7.597085617339745411e+00 1.059221240055294329e+05
1.870185983765884075e+01 2.342335638394231268e+01 1.886871050865979882e+01 7.706414269362812597e+00 1.062023703579280555e+05
1.878039982641934458e+01 2.342377445757590593e+01 1.892652703285049043e+01 7.739412849708322995e+00 1.066391375080943399e+05
1.885893981374372075e+01 2.345886253096100305e+01 1.891558097078328871e+01 7.816628648277858638e+00 1.064820950096384040e+05
1.893747979964983941e+01 2.360190828384604700e+01 1.905314687589028111e+01 7.925994055643546865e+00 1.064932341420533194e+05
1.901601978415527228e+01 2.368832455486964150e+01 1.910271744104933234e+01 7.977383961183137195e+00 1.067480540176892537e+05
1.909455976727730331e+01 2.374663684093941640e+01 1.918161034708215951e+01 8.073094470109404952e+00 1.065830645722088811e+05
1.917309974903293579e+01 2.381812519181339027e+01 1.924245226877707893e+01 8.153429126042190944e+00 1.071022666068452672e+05
1.925163972943889235e+01 2.382458136085451272e+01 1.929870365594184989e+01 8.229638019371188662e+00 1.065870860148685169e+05
1.933017970851161849e+01 2.394025865400357489e+01 1.934603003253640452e+01 8.317027514919255182e+00 1.073752635085599613e+05
1.940871968626730748e+01 2.398349528502080474e+01 1.939789126841487032e+01 8.395257023403681629e+00 1.074482405414143432e+05
1.948725966272188259e+01 2.409105284992037710e+01 1.948078883182614263e+01 8.468335185738096627e+00 1.073008952804773144e+05
1.956579963789100773e+01 2.414771750695020103e+01 1.955156482714489385e+01 8.550717251676877240e+00 1.077306431471924443e+05
1.964433961179010524e+01 2.421085362174675737e+01 1.960139730302319094e+01 8.635368046494338756e+00 1.078331361894389120e+05
1.972287958443434519e+01 2.426946653612160532e+01 1.965728545214397727e+01 8.714925524773605048e+00 1.080862916903296573e+05
1.980141955583865965e+01 2.443566982698190415e+01 1.985634192426488553e+01 8.795257632403428616e+00 1.078328912281748198e+05
1.987995952601774619e+01 2.450251494504684402e+01 1.987794777573439120e+01 8.869832194760379096e+00 1.084371765907634835e+05
1.995849949498606790e+01 2.458770250004098301e+01 1.997148386393756425e+01 8.952642852482613378e+00 1.087914363836364791e+05
2.003703946275786052e+01 2.468581964185875322e+01 2.007262814098123016e+01 9.020698324413706004e+00 1.088952277730864880e+05
2.011557942934713950e+01 2.467874633797485018e+01 2.007078312870597614e+01 9.132235542532503914e+00 1.091802967099530651e+05
2.019411939476770712e+01 2.476428257944623823e+01 2.015394459524862469e+01 9.218935543510696107e+00 1.089278636268458504e+05
2.027265935903314542e+01 2.478769928895514596e+01 2.021061655688000513e+01 9.298858313660463892e+00 1.087869267613740667e+05
2.035119932215682326e+01 2.476440116437036565e+01 2.019729803895941345e+01 9.360044980932523018e+00 1.085713304396688036e+05
2.042973928415191054e+01 2.469032945227840159e+01 2.015054274487778230e+01 9.447729473215876084e+00 1.083653121891162009e+05
2.050827924503137467e+01 2.477477391274783258e+01 2.024510988062501582e+01 9.547134126030055512e+00 1.082658250723834208e+05
2.058681920480798766e+01 2.482498553802427921e+01 2.021359592557505991e+01 9.644361414574857960e+00 1.082065388490662299e+05
2.066535916349431901e+01 2.469310151028354738e+01 2.024079567440521998e+01 9.665833808953063766e+00 1.079582034289228905e+05
2.074389912110275347e+01 2.463636735223690977e+01 2.021763131202696329e+01 9.782372145489109272e+00 1.077948380121853261e+05
2.082243907764548752e+01 2.472008533056106572e+01 2.026597989651142839e+01 9.822010475441645738e+00 1.076423460798596498e+05
2.090097903313453642e+01 2.472451053201920246e+01 2.029092601948063646e+01 9.903809562037878322e+00 1.074028231219130976e+05
2.097951898758173783e+01 2.476737917181078785e+01 2.030569443942111363e+01 9.980027801616447647e+00 1.068386888256904786e+05
2.105805894099874109e+01 2.470691007109992654e+01 2.035067814391419105e+01 1.008154984383555330e+01 1.067159790622789733e+05
2.113659889339703568e+01 2.469224539995893863e+01 2.032270791305688462e+01 1.016544315253778308e+01 1.068982583568135451e+05
2.121513884478793344e+01 2.474351361322161580e+01 2.038163751373997812e+01 1.024483996714812761e+01 1.066208549741936877e+05
2.129367879518258277e+01 2.472203548884193225e+01 2.034272815677583424e+01 1.032691516723123470e+01 1.064438782876830228e+05
2.137221874459196869e+01 2.471332270832997580e+01 2.036422137135322075e+01 1.041317368396338772e+01 1.060999802708490170e+05
2.145075869302691274e+01 2.464487989165975179e+01 2.035673359896173196e+01 1.047025954098721101e+01 1.059680055667379638e+05
2.152929864049807307e+01 2.466933225931062168e+01 2.038384695881026332e+01 1.058550040234182532e+01 1.059865161682503385e+05
2.160783858701596571e+01 2.473047757104479061e+01 2.051680220769686258e+01 1.067188141841909754e+01 1.061959952538306679e+05
2.168637853259094683e+01 2.483940443715387048e+01 2.055504562851233175e+01 1.075505782301618929e+01 1.058497602749605285e+05
2.176491847723321982e+01 2.476351931627527847e+01 2.055422517432008078e+01 1.083484321369201631e+01 1.055171669069909403e+05
2.184345842095285306e+01 2.474697591995583323e+01 2.053217815893401266e+01 1.093463952192912991e+01 1.055027385571932828e+05
2.192199836375975508e+01 2.476077052119077493e+01 2.066245507495121103e+01 1.103589378543701116e+01 1.052287494742854324e+05
2.200053830566371005e+01 2.483657549813979770e+01 2.058694282199871850e+01 1.107303692647240112e+01 1.051894972563559713e+05
2.207907824667434582e+01 2.481366782185230946e+01 2.066811453814669264e+01 1.119247958765705064e+01 1.049857450767041591e+05
2.215761818680116590e+01 2.475417211406674056e+01 2.066290162777395878e+01 1.128747379177832322e+01 1.047841669403791893e+05
2.223615812605353526e+01 2.475916096512155207e+01 2.070758264416685179e+01 1.140647996961017441e+01 1.049380489076730446e+05
2.231469806444068738e+01 2.480061432904418339e+01 2.070800785648063425e+01 1.145257395594300220e+01 1.045768748121216777e+05
2.239323800197172432e+01 2.483910203641948655e+01 2.073301423192403092e+01 1.157598414333714132e+01 1.046430636702459306e+05
2.247177793865562023e+01 2.481453151234649823e+01 2.080761150196020282e+01 1.165048042368679937e+01 1.045238628116982582e+05
2.255031787450123204e+01 2.488277684255744404e+01 2.086057895876943391e+01 1.178321929907777488e+01 1.042495865300890582e+05
2.262885780951728165e+01 2.486813652052595813e+01 2.078509970133391249e+01 1.185546128558430823e+01 1.042801464882486471e+05
2.270739774371238440e+01 2.487062600922513056e+01 2.090848638630188105e+01 1.194791385828133556e+01 1.038112532480062364e+05
2.278593767709502771e+01 2.491640632344667239e+01 2.096568912396914186e+01 1.204700970462914356e+01 1.043408041390892176e+05
2.286447760967358178e+01 2.494540765225438861e+01 2.108667035212113916e+01 1.218833054479536671e+01 1.035336630141035857e+05
2.294301754145629957e+01 2.484700689396075646e+01 2.099588239547405877e+01 1.225908056784812494e+01 1.038608960192347440e+05
2.302155747245133455e+01 2.488041938671500120e+01 2.106675998212665490e+01 1.234054179001896578e+01 1.037687842214197735e+05
2.310009740266672296e+01 2.483456307034028399e+01 2.095904838820599636e+01 1.243610148005274141e+01 1.037773385881166323e+05
2.317863733211038380e+01 2.492030746589102108e+01 2.112857392708003346e+01 1.253064362834068923e+01 1.035047208817893697e+05
2.325717726079013303e+01 2.491586224885112699e+01 2.114120221418579249e+01 1.261853088783541565e+01 1.033844020904896024e+05
2.333571718871368716e+01 2.499086391424485498e+01 2.123604903027746715e+01 1.276333473767210869e+01 1.034110692767150613e+05
2.341425711588865965e+01 2.497394400739047171e+01 2.120513046550878755e+01 1.291719612264182615e+01 1.035665197242572176e+05
2.349279704232255384e+01 2.503430511210428122e+01 2.130891348302101562e+01 1.295530635542780651e+01 1.033398804153090168e+05
2.357133696802278067e+01 2.501442355591800748e+01 2.136712082676100621e+01 1.305764708633267013e+01 1.033214271777454414e+05
2.364987689299664453e+01 2.502604544666658271e+01 2.138371361233072676e+01 1.313658079238059173e+01 1.032785045206883078e+05
2.372841681725136453e+01 2.509741964762066857e+01 2.141361738209723242e+01 1.326996845214632437e+01 1.032524868492492969e+05
2.380695674079405322e+01 2.517813436115882553e+01 2.151237795570713018e+01 1.337655655547740352e+01 1.027629497984692280e+05
2.388549666363174140e+01 2.515962227339505475e+01 2.153694701715401649e+01 1.347024836446692042e+01 1.031080751945757947e+05
2.396403658577134976e+01 2.514540434428312210e+01 2.156242331156268222e+01 1.358878850246068914e+01 1.029293893380773516e+05
2.404257650721972439e+01 2.519709957369736131e+01 2.167152803924014393e+01 1.369502379903677713e+01 1.028725222810858686e+05
2.412111642798362254e+01 2.523707218980170808e+01 2.171579804416047210e+01 1.377268467178874367e+01 1.029543175093999307e+05
2.419965634806970556e+01 2.520438053042310500e+01 2.173617222955726902e+01 1.387487891536984286e+01 1.027218576701654238e+05
2.427819626748454596e+01 2.530566581729670261e+01 2.176537738005035649e+01 1.402599139210482626e+01 1.028927683087568730e+05
2.435673618623464520e+01 2.535510132216133528e+01 2.188491070200301891e+01 1.404380290842033574e+01 1.030060725516163657e+05
2.443527610432640529e+01 2.538907338741743658e+01 2.189865491376869500e+01 1.419623399731731972e+01 1.026998298108263261e+05
2.451381602176616425e+01 2.546974746731580908e+01 2.200454001870393839e+01 1.428838691110462200e+01 1.028384865853880619e+05
2.459235593856016067e+01 2.540802406412185732e+01 2.201993861966771959e+01 1.442459341369318970e+01 1.027513418190096709e+05
2.467089585471456203e+01 2.541067074163272110e+01 2.202797424373895296e+01 1.454409141369231762e+01 1.026619613561941806e+05
2.474943577023546126e+01 2.551793151463575171e+01 2.216342589941656982e+01 1.466722478086979464e+01 1.029425972470306006e+05
2.482797568512887310e+01 2.553542750632521674e+01 2.218093099161264803e+01 1.473701878961680656e+01 1.030461687111813226e+05
2.490651559940072346e+01 2.553650139299443467e+01 2.229796492526438811e+01 1.488888601158048175e+01 1.029483375750433042e+05
2.498505551305688144e+01 2.555885156848329842e+01 2.223624945269849462e+01 1.496707272574071368e+01 1.023915371576566104e+05
2.506359542610313440e+01 2.576211931901901409e+01 2.230961860515412809e+01 1.520570805575510676e+01 1.031247482097592147e+05
2.514213533854519511e+01 2.569863545673681315e+01 2.243874779162772626e+01 1.526007664795557339e+01 1.025672138391483313e+05
2.522067525038871239e+01 2.578381560724838550e+01 2.248376221305440126e+01 1.537163103464304292e+01 1.033445107134194113e+05
2.529921516163925688e+01 2.583066528749019852e+01 2.252359902955447168e+01 1.546342720276365590e+01 1.029483983232702885e+05
2.537775507230233529e+01 2.581890245041038412e+01 2.266048179161155218e+01 1.555984012089271040e+01 1.029559754209438979e+05
2.545629498238338684e+01 2.587304191116862739e+01 2.268693225614209297e+01 1.568494073516632881e+01 1.031518884679341427e+05
2.553483489188777966e+01 2.591239154603271189e+01 2.269182406950659470e+01 1.580355541051294743e+01 1.033692942951302393e+05
2.561337480082082152e+01 2.588737410086172375e+01 2.276473417009465550e+01 1.589826903921454004e+01 1.029216870666896721e+05
2.569191470918774911e+01 2.587990810054967028e+01 2.283298239703280430e+01 1.595421649901098959e+01 1.026092977815141639e+05
2.577045461699373874e+01 2.607479102865539744e+01 2.295197524481334739e+01 1.618333838322614326e+01 1.033870808232787240e+05
2.584899452424390631e+01 2.613628582990173044e+01 2.302867443238461931e+01 1.632617497836511689e+01 1.037064322296832834e+05
2.592753443094329668e+01 2.613063199016025706e+01 2.314615782433067182e+01 1.646509558020639119e+01 1.035247413935369987e+05
2.600607433709690852e+01 2.625237436811194769e+01 2.314692708101980045e+01 1.657554539177645481e+01 1.038875245018885762e+05
2.608461424270966944e+01 2.627752782991892389e+01 2.322761997802447809e+01 1.667234656968039630e+01 1.042865441362084821e+05
2.616315414778644310e+01 2.629528648737997543e+01 2.334320329095061552e+01 1.674746548237327914e+01 1.038338663008261065e+05
2.624169405233205055e+01 2.642911335163533693e+01 2.345205399794975420e+01 1.684463316913102915e+01 1.043415911927352572e+05
2.632023395635124174e+01 2.640328226585993576e+01 2.346891218223942133e+01 1.706702747844011014e+01 1.039377847751801164e+05
2.639877385984871694e+01 2.650184898591193061e+01 2.353848304096240440e+01 1.715007480878201562e+01 1.038931132348193642e+05
2.647731376282911953e+01 2.656469393622824526e+01 2.355301226848829543e+01 1.730053644712169003e+01 1.043703072479213442e+05
2.655585366529703606e+01 2.671089317507002292e+01 2.381968793047298760e+01 1.741908620059898638e+01 1.043554321550192253e+05
2.663439356725699980e+01 2.669662921218237273e+01 2.373160033980438754e+01 1.748998099223329206e+01 1.052433013514414633e+05
2.671293346871349428e+01 2.685213651109792821e+01 2.390607672435652375e+01 1.768201388326754042e+01 1.050917517833218444e+05
2.679147336967094617e+01 2.696146964509911825e+01 2.399077006726367500e+01 1.779911487160014261e+01 1.052362354288180795e+05
2.687001327013372531e+01 2.692056182748491366e+01 2.405285053507197546e+01 1.794730021900065253e+01 1.051893251597323833e+05
2.694855317010616602e+01 2.695313715426045320e+01 2.414494195063603499e+01 1.803957039211440971e+01 1.056351131772039662e+05
2.702709306959254221e+01 2.700754413955038657e+01 2.419481692973896614e+01 1.807706266734848555e+01 1.050500884692449763e+05
2.710563296859707094e+01 2.707146384093091029e+01 2.420898592352651235e+01 1.830684731426887524e+01 1.057592960274014185e+05
2.718417286712393377e+01 2.720972516592114232e+01 2.449637238567557063e+01 1.843849114394194899e+01 1.052820235483748111e+05
2.726271276517725894e+01 2.737184359600079020e+01 2.449386745075718608e+01 1.852150400554738852e+01 1.055971174502941285e+05
2.734125266276112498e+01 2.721663913387656208e+01 2.446410615000777256e+01 1.865728700961612674e+01 1.053913052319555718e+05
2.741979255987956776e+01 2.735792565813166277e+01 2.466679812834768981e+01 1.884618191276745236e+01 1.061832740587373846e+05
2.749833245653658054e+01 2.731487346849404929e+01 2.473168501097922700e+01 1.893498148452511742e+01 1.058861514798438002e+05
2.757687235273609616e+01 2.734674996657025403e+01 2.470548033113778530e+01 1.904108993247043102e+01 1.055346118240033829e+05
2.765541224848202262e+01 2.743174306751663138e+01 2.477025119497404759e+01 1.909878524459230320e+01 1.061367718399722653e+05
2.773395214377820395e+01 2.738443366060482731e+01 2.486425368773001310e+01 1.931759836700900834e+01 1.061668753064120829e+05
2.781249203862845576e+01 2.729095164722471623e+01 2.479698403861516098e+01 1.933051874123642122e+01 1.056480670541988948e+05
2.789103193303654038e+01 2.748099358473244536e+01 2.507037908974791662e+01 1.959150392881280567e+01 1.058309924807688512e+05
2.796957182700618816e+01 2.737508111426328838e+01 2.510004183085685980e+01 1.966829000147038542e+01 1.058542486547183071e+05
2.804811172054107615e+01 2.749649225838389910e+01 2.516438170281011821e+01 1.975088006614314295e+01 1.058543376805897278e+05
2.812665161364485655e+01 2.756327958066168549e+01 2.525274485051991036e+01 1.996386599863572897e+01 1.058117786015993624e+05
2.820519150632112115e+01 2.744412366052051055e+01 2.517421828686130070e+01 1.986534976952530585e+01 1.049479958398916788e+05
2.828373139857343332e+01 2.727967670359076990e+01 2.508578474554548876e+01 2.014960987535313564e+01 1.052671117566019529e+05
2.836227129040531736e+01 2.741944440691104390e+01 2.536043922134984285e+01 2.018404526037956259e+01 1.046741529247527797e+05
2.844081118182025847e+01 2.748757620876816432e+01 2.519168925364315470e+01 2.031102790973045913e+01 1.048367493634092825e+05
2.851935107282169923e+01 2.738564712265910472e+01 2.521734805128916790e+01 2.035493572474953439e+01 1.041927888338952034e+05
2.859789096341304315e+01 2.724457327767424886e+01 2.535340945730802176e+01 2.045825807320912304e+01 1.033921132017288619e+05
2.867643085359765820e+01 2.721415199370110116e+01 2.512743428831461756e+01 2.046627053700441934e+01 1.035901757963994460e+05
2.875497074337888392e+01 2.720190312058932136e+01 2.537250949089072449e+01 2.063650345238153960e+01 1.037868311560338479e+05
2.883351063276001369e+01 2.729580151549300737e+01 2.532045418322279673e+01 2.097963180789852444e+01 1.038018946735211357e+05
2.891205052174430890e+01 2.711605987518047201e+01 2.528270872223868793e+01 2.094239065421129808e+01 1.024589760254336434e+05
2.899059041033499184e+01 2.723813437379881108e+01 2.539662555676811451e+01 2.110859793449169430e+01 1.039102851621226291e+05
2.906913029853525643e+01 2.730283398318078980e+01 2.544886735516451637e+01 2.130976684392987863e+01 1.037066880690258258e+05
2.914767018634825746e+01 2.731095848689821182e+01 2.543945351131966248e+01 2.136740897706671305e+01 1.030023216479423572e+05
2.922621007377712132e+01 2.720961496950846836e+01 2.558121197455268003e+01 2.148947959588863554e+01 1.035195704411866755e+05
2.930474996082492822e+01 2.723697827092434309e+01 2.578042975851015228e+01 2.173938135345069966e+01 1.033662186543429707e+05
2.938328984749474060e+01 2.741290771785945779e+01 2.576671327442019432e+01 2.183343498156560258e+01 1.030093741913939739e+05
2.946182973378957826e+01 2.716923983124409503e+01 2.574983418320345052e+01 2.195352021255203567e+01 1.025789776562821207e+05
2.954036961971243258e+01 2.732780623397484376e+01 2.571025256821355498e+01 2.191158772646873487e+01 1.026086788932657219e+05
2.961890950526625943e+01 2.742094574768209014e+01 2.603136382969750073e+01 2.233797297992905229e+01 1.029865961120246502e+05
2.969744939045398979e+01 2.746417181544675401e+01 2.588036335610772554e+01 2.230983430457035510e+01 1.034033889960440720e+05
2.977598927527852268e+01 2.747784311285820280e+01 2.591028571734223718e+01 2.238430070145422945e+01 1.035778914540299156e+05
2.985452915974272159e+01 2.757644940173542025e+01 2.629251618704131843e+01 2.259416934948805533e+01 1.029600482170594332e+05
2.993306904384942868e+01 2.762824414048455424e+01 2.633040557860063302e+01 2.259488876844142169e+01 1.035178085742884286e+05
3.001160892760143994e+01 2.769802253971591810e+01 2.620338234458919047e+01 2.289254801355033564e+01 1.038879528499893931e+05
3.009014881100154071e+01 2.774004529755117687e+01 2.620268906193432201e+01 2.316991600483216374e+01 1.039583636735509208e+05
3.016868869405248077e+01 2.786109706300597821e+01 2.656990653891903875e+01 2.317032259191037369e+01 1.044075855850496446e+05
3.024722857675697441e+01 2.789338522948561661e+01 2.654447100586997621e+01 2.346307853595645199e+01 1.038610685991812934e+05
3.032576845911771457e+01 2.790845737652728786e+01 2.681304280794637762e+01 2.358104471781088307e+01 1.034651272739002889e+05
3.040430834113736580e+01 2.816037015861531856e+01 2.686483416854251516e+01 2.385861398482065354e+01 1.051313560945790086e+05
3.048284822281856421e+01 2.787244225235204098e+01 2.683035457002021573e+01 2.388251670067153754e+01 1.036506332963104214e+05
3.056138810416392460e+01 2.812788275818937933e+01 2.706190071913785644e+01 2.396957210495619606e+01 1.032462797292705654e+05
3.063992798517602267e+01 2.822613619413286301e+01 2.729707513690875587e+01 2.403005110424573942e+01 1.047256103993054567e+05
3.071846786585741640e+01 2.838588005636024647e+01 2.692990385682341881e+01 2.429826954048643373e+01 1.049569044544282515e+05
3.079700774621063886e+01 2.856928371841908998e+01 2.725428520988484848e+01 2.451055506363466208e+01 1.055443747301606927e+05
3.087554762623818760e+01 2.841808201590460214e+01 2.730157690332735854e+01 2.479053808128011127e+01 1.050540731059404061e+05
3.095408750594254599e+01 2.857360662068776946e+01 2.769790113371845663e+01 2.489172674854292922e+01 1.044203428460600262e+05
3.103262738532617249e+01 2.890544686376239980e+01 2.786512873339505347e+01 2.493592129124212420e+01 1.063632427118917403e+05
3.111116726439149005e+01 2.865317376467006838e+01 2.754686434660358429e+01 2.498819375700235668e+01 1.055840914642326970e+05
3.118970714314090387e+01 2.882912475489415982e+01 2.784574327176727948e+01 2.525279092188045382e+01 1.059932757772753830e+05
3.126824702157679781e+01 2.894526278703831679e+01 2.798150617842868471e+01 2.546901901735377294e+01 1.063672283444343630e+05
3.134678689970152377e+01 2.909822352427008951e+01 2.809429128509331264e+01 2.578706085897727007e+01 1.056434508328221855e+05
3.142532677751741588e+01 2.927948959899865855e+01 2.798891413600361133e+01 2.592846016635348150e+01 1.079686527836577297e+05
3.150386665502678696e+01 2.903028236428898978e+01 2.842182248513467968e+01 2.629126350968077119e+01 1.065397222553135216e+05
3.158240653223192140e+01 2.911478505941902384e+01 2.794017496087431240e+01 2.599822510832910183e+01 1.085253456021397869e+05
3.166094640913508229e+01 2.931333602282822426e+01 2.862742170961179866e+01 2.633609230625043551e+01 1.077904179277288204e+05
3.173948628573851494e+01 2.960361147183530761e+01 2.840706393855347400e+01 2.645127237442573787e+01 1.088260548472212104e+05
3.181802616204443623e+01 2.978614842775214555e+01 2.903749011300410032e+01 2.660457400076604983e+01 1.092834142690173176e+05
3.189656603805504531e+01 2.987946053786655654e+01 2.916388337540740139e+01 2.696773797254754967e+01 1.100376858240634319e+05
3.197510591377251998e+01 3.004424670882568194e+01 2.940875747453134537e+01 2.723143489170438514e+01 1.092842372466103552e+05
3.205364578919900964e+01 3.008609606507088330e+01 2.925997789000116001e+01 2.716352835071685945e+01 1.100589009368887200e+05
3.213218566433665302e+01 3.015324900532832686e+01 2.885148251153339061e+01 2.721432495722281075e+01 1.113492077612997527e+05
3.221072553918755688e+01 3.017860535409680978e+01 2.910739963718100398e+01 2.727718537403305277e+01 1.099712956770471792e+05
3.228926541375382442e+01 3.093610303263910311e+01 2.962224005768154456e+01 2.763354407441438809e+01 1.116045541165305622e+05
3.236780528803751622e+01 3.049547169543881253e+01 2.979187477866409139e+01 2.778084331082070335e+01 1.122791497116514947e+05
3.244634516204068575e+01 3.122221056367429526e+01 2.967263928008325635e+01 2.832901531261084926e+01 1.123335544620378932e+05
3.252488503576537227e+01 3.086521675366302375e+01 3.012276576510975090e+01 2.785500160841956685e+01 1.114314945282775006e+05
3.260342490921358660e+01 3.091674947285661901e+01 3.039576050533558060e+01 2.858968575345472729e+01 1.126306997393169877e+05
3.268196478238731828e+01 3.087575053163822858e+01 3.072518927288225044e+01 2.871156005825395852e+01 1.130886281323915609e+05
3.276050465528854261e+01 3.161547482262073672e+01 3.091510007842886054e+01 2.902411981027244181e+01 1.159206954881673737e+05
3.283904452791921358e+01 3.198603507538399526e+01 3.048409936351037786e+01 2.896610201190015843e+01 1.176816630280779063e+05
3.291758440028127097e+01 3.206030734284805561e+01 3.129029570519331571e+01 2.904771061493532613e+01 1.148319202838656347e+05
3.299612427237663326e+01 3.223085216222951743e+01 3.085382663473729892e+01 2.973813866485741997e+01 1.157885293487284798e+05
3.307466414420719758e+01 3.191365029515646157e+01 3.080368294462747869e+01 2.873658322697890100e+01 1.154632976408810209e+05
3.315320401577483977e+01 3.294586646798249063e+01 3.208950976212220496e+01 2.978820212818497737e+01 1.173049353326549463e+05
3.323174388708143567e+01 3.173155853341874888e+01 3.185301062825783447e+01 3.016303380459332573e+01 1.139545413137897267e+05
3.331028375812883269e+01 3.214469152312717881e+01 3.228796600397516414e+01 2.973640337026553837e+01 1.172960568120080861e+05
3.338882362891884981e+01 3.258833725559863126e+01 3.214506400830072863e+01 3.032388739415032575e+01 1.180970650698638055e+05
3.346736349945329891e+01 3.325345125081103248e+01 3.138423138616818875e+01 3.075683548020927560e+01 1.153991147112182371e+05
3.354590336973399189e+01 3.379657177613994179e+01 3.162558256256334488e+01 3.051668491602048405e+01 1.220972412408007076e+05
3.362444323976268379e+01 3.516684840696439807e+01 3.264367346261073521e+01 3.131887630963983327e+01 1.243385123845943745e+05
3.370298310954115806e+01 3.252077566536321029e+01 3.102963965675114721e+01 3.105502945568813900e+01 1.191142581347303785e+05
3.378152297907114132e+01 3.445311781627012238e+01 3.239073603962211934e+01 3.204508712289435834e+01 1.226641905768107390e+05
3.386006284835436730e+01 3.379773853662476313e+01 3.215193946007037340e+01 3.111940088091252932e+01 1.200335715266072802e+05
3.393860271739255552e+01 3.425798565780185356e+01 3.289457901991988109e+01 3.264796778069288052e+01 1.256974355920446105e+05
3.401714258618739706e+01 3.422607725252493083e+01 3.511956247772074136e+01 3.160139438538288559e+01 1.162400783062683768e+05
3.409568245474058301e+01 3.668007439903674083e+01 3.585785621657679911e+01 3.392916554837688636e+01 1.293830406769369729e+05
3.417422232305376895e+01 3.209796292881129887e+01 3.316846951812625122e+01 3.090916909425267534e+01 1.197538448259336146e+05
3.425276219112861043e+01 3.412115373449501732e+01 3.273206398556945373e+01 3.298295577523043676e+01 1.235775572828732547e+05
3.433130205896674880e+01 3.744037488102511446e+01 3.718009036690752822e+01 3.798224726128734119e+01 1.232189860725191975e+05
3.440984192656979701e+01 3.628116575360314755e+01 3.336812033342655326e+01 3.264615477042224256e+01 1.289028867234917998e+05
3.448838179393936088e+01 4.147375999973111504e+01 3.574278402474747196e+01 3.533166479277623040e+01 1.392744370754968841e+05
3.456692166107702491e+01 3.695533803153895747e+01 3.486502995720523046e+01 2.870944217036942803e+01 1.234017388040960213e+05
3.464546152798438072e+01 4.113834295821303044e+01 4.896668358375607255e+01 2.109481679070943017e+01 1.297588871277594735e+05
3.472400139466299152e+01 3.406058923927426463e+01 2.554106585020210929e+01 4.805648459577302845e+01 1.546259649549598980e+05
