# 0.9994 0.9998
7.871241428633635184e-02 2.528136167572883619e-01 2.570606073191399887e-01 4.064353595327847228e-05 9.406752578771192930e+02
1.618072713909662341e-01 6.146580185135113172e-01 6.210126535292895822e-01 2.315918169577093125e-04 3.752763289154913764e+03
2.418771330418761079e-01 1.366386390330050382e+00 1.362865294552418893e+00 2.783507473395197126e-04 5.145830818590583476e+03
3.211923215201240578e-01 1.942850586265617352e+00 1.957302661234454400e+00 6.848310891729204614e-04 1.004682841687699329e+04
4.002017901256537113e-01 1.907718843574544243e+00 1.916782084147193643e+00 9.458229936182151838e-04 1.417714106168496619e+04
4.790568272527075955e-01 2.283031428297952914e+00 2.276453448969761872e+00 1.573082008494445334e-03 1.391829443323937630e+04
5.578229290343351687e-01 2.481260401697922280e+00 2.467773013610163435e+00 2.214183989715064020e-03 2.010614833643717066e+04
6.365331115321660738e-01 3.055901543154027067e+00 3.031232123232520781e+00 3.044566037039485914e-03 2.148904559254518972e+04
7.152058371535838788e-01 2.790172883281922367e+00 2.763067808756304977e+00 4.112517001311550256e-03 2.460892085947142550e+04
7.938522421846891941e-01 3.173029132320738022e+00 3.122161935715720205e+00 4.957121458772869617e-03 2.580549052372358710e+04
8.724794443688169698e-01 3.492943352361389753e+00 3.420465945290855458e+00 5.888292523188815887e-03 2.762853631764560487e+04
9.510922062407737299e-01 3.445202852130370363e+00 3.371009026100048267e+00 6.866900176330209549e-03 3.017839904969076815e+04
1.029693835175838679e+00 4.078453845372534303e+00 3.950337662362018332e+00 8.655532563595847578e-03 3.074625073263772356e+04
1.108286699878543891e+00 4.283714287306660040e+00 4.147920198535222980e+00 9.848141922895764511e-03 3.159816728958502790e+04
1.186872541411916560e+00 4.269454740027408768e+00 4.111167196266188206e+00 1.201936771387041546e-02 3.356215733161429671e+04
1.265452668213572940e+00 4.648061073372815599e+00 4.453794205271263351e+00 1.361274570950690536e-02 3.550852250619933329e+04
1.344028082638708543e+00 4.823887613560976284e+00 4.614955432826134185e+00 1.576464586467445431e-02 3.851541751768581162e+04
1.422599565533279709e+00 5.241039004385465994e+00 5.020453802238597163e+00 1.693010121035562823e-02 3.805954121352772199e+04
1.501167734229200246e+00 5.689309756095705772e+00 5.408178928653573969e+00 1.995411347991454462e-02 4.018194784828800039e+04
1.579733083222462531e+00 5.656377425092345312e+00 5.370709797113819128e+00 2.236684467295385961e-02 4.310771223746753094e+04
1.658296013281593151e+00 5.736616355669994505e+00 5.425488782899002160e+00 2.412117030206207061e-02 4.353997570363384148e+04
1.736856852652245875e+00 6.104928051329465255e+00 5.744171597632125703e+00 2.735980688003437564e-02 4.346585577436506719e+04
1.815415872753641580e+00 6.443306465328540789e+00 6.061362066697233431e+00 2.995086830057382132e-02 4.564751448189105577e+04
1.893973299967037560e+00 6.762691882153913703e+00 6.338472311315276109e+00 3.374335199902561006e-02 4.669167363140200177e+04
1.972529324606241641e+00 6.875393421272026018e+00 6.442922621404330918e+00 3.650478917796084327e-02 4.888991173677645565e+04
2.051084107826015579e+00 6.998397426224775231e+00 6.521360703850039187e+00 3.998038160770504140e-02 5.014260668810921197e+04
2.129637787001040561e+00 7.491523814261792147e+00 6.966895463353639073e+00 4.327815169367234954e-02 5.199865731668173248e+04
2.208190479956450680e+00 7.614144758673398350e+00 7.063805306917990023e+00 4.762439315652580718e-02 5.270092968858949462e+04
2.286742288326184092e+00 7.777502668293906574e+00 7.219062357070485270e+00 5.048653567391761521e-02 5.288454654962864879e+04
2.365293300241981811e+00 7.845116459711022117e+00 7.256768994923072924e+00 5.493109823685497078e-02 5.363971641986642499e+04
2.443843592503681883e+00 8.052578682713875224e+00 7.440492834780909170e+00 5.863140422230721932e-02 5.600697661569938646e+04
2.522393232343909553e+00 8.421600448119351157e+00 7.771857389161981544e+00 6.275357291588351538e-02 5.693292964355877484e+04
2.600942278872942381e+00 8.469256102680320808e+00 7.792798489570690101e+00 6.807813540012487563e-02 5.907610473226614704e+04
2.679490784269383141e+00 8.550893346702594044e+00 7.811544225703938693e+00 7.262469560881927577e-02 5.833919846133985266e+04
2.758038794767343038e+00 8.808794485344645153e+00 8.076061278118851661e+00 7.642649964547375274e-02 6.021512419515151851e+04
2.836586351479573942e+00 8.998042450253286972e+00 8.224403746659755043e+00 8.233048564888795218e-02 6.238031540689960821e+04
2.915133491087511963e+00 9.205480447488540108e+00 8.395969736321553967e+00 8.683144559881932067e-02 6.195627720839635003e+04
2.993680246422668834e+00 9.473109232366764942e+00 8.647533690860631950e+00 9.198693444072840453e-02 6.199682942816946161e+04
3.072226646958827967e+00 9.482776608453619360e+00 8.601523822902372274e+00 9.943860032626958279e-02 6.438734068699739146e+04
3.150772719230606977e+00 9.499737661603537831e+00 8.629762854551822571e+00 1.032459385877990271e-01 6.465750571437874896e+04
3.229318487190934395e+00 9.500817271001741560e+00 8.601300716313518890e+00 1.112663720149851959e-01 6.489622086568394298e+04
3.307863972517584905e+00 9.689271152120785047e+00 8.747973250897482345e+00 1.159844009880284521e-01 6.601173365528280556e+04
3.386409194877053608e+00 9.842636561383864446e+00 8.868089519699887902e+00 1.232013045556169112e-01 6.814102787071687635e+04
3.464954172152534095e+00 9.819014279926872035e+00 8.845946728309483476e+00 1.283300184419153556e-01 6.816011305050381634e+04
3.543498920641575456e+00 1.000536264205047132e+01 8.990654276781521403e+00 1.355465036306569560e-01 6.989210259439169022e+04
3.622043455228019404e+00 9.986247280055106756e+00 8.978480068712155315e+00 1.419710139508300051e-01 6.994774481136162649e+04
3.700587789532037597e+00 1.015779469648653155e+01 9.088536289063450013e+00 1.509095648906875198e-01 7.097660073084922624e+04
3.779131936041457696e+00 1.017011929549008187e+01 9.101499186793844842e+00 1.572194251143902710e-01 7.200897437327083026e+04
3.857675906227046259e+00 1.022793314410797727e+01 9.141133164347776230e+00 1.634758733519835194e-01 7.299289712519012392e+04
3.936219710643986680e+00 1.027528521455238675e+01 9.155782180062997710e+00 1.722227484425854771e-01 7.366664748899887491e+04
4.014763359021444877e+00 1.032874301319451149e+01 9.189252015148612784e+00 1.804202808633228738e-01 7.309529132301984646e+04
4.093306860341824560e+00 1.034760155952509031e+01 9.177734888199866603e+00 1.879143429363866746e-01 7.500143586570730258e+04
4.171850222911064776e+00 1.050814157870823706e+01 9.315858323597781876e+00 1.930890787147622467e-01 7.551855264369172801e+04
4.250393454421145911e+00 1.036982639757875369e+01 9.168077941070675863e+00 2.043015423127376995e-01 7.556213601150752220e+04
4.328936562005788247e+00 1.047817940677584048e+01 9.291205809846042385e+00 2.106396687032420778e-01 7.763771600878766913e+04
4.407479552290201497e+00 1.051149879637612905e+01 9.296567563598054917e+00 2.186621943429438719e-01 7.734156440911772370e+04
4.486022431435594982e+00 1.043427614818386040e+01 9.223962295268048450e+00 2.255288221113906644e-01 7.842670378415282175e+04
4.564565205179107465e+00 1.056907634245260930e+01 9.318674881517551967e+00 2.374257810887677733e-01 7.931138882287927845e+04
4.643107878869670024e+00 1.057034328463816308e+01 9.298951292662007262e+00 2.451500923286391020e-01 8.025216565831654589e+04
4.721650457500300213e+00 1.055117597929494089e+01 9.258131956822577280e+00 2.533904601252504607e-01 8.011849616446452274e+04
4.800192945737217443e+00 1.064660990430832399e+01 9.324525736359834838e+00 2.648658677490842717e-01 8.131418445028958376e+04
4.878735347946150824e+00 1.065066593007363593e+01 9.338175826582748584e+00 2.720397180122087200e-01 8.227486019435559865e+04
4.957277668216146793e+00 1.070827958655415024e+01 9.344254010661103393e+00 2.906425163671868539e-01 8.231195404761693499e+04
5.035819910381144737e+00 1.076878767865975028e+01 9.393556781005878875e+00 2.964955024780921433e-01 8.207661734052120300e+04
5.114362078039562221e+00 1.077761033362235032e+01 9.378303584540415017e+00 3.080921452655814852e-01 8.355548043474764563e+04
5.192904174572115394e+00 1.061603187049480823e+01 9.230535511626307255e+00 3.166462982553033823e-01 8.428982804703833244e+04
5.271446203158030919e+00 1.073730296878408197e+01 9.316849570578206396e+00 3.292720521615714602e-01 8.509889614038588479e+04
5.349988166789838573e+00 1.076092692539949525e+01 9.332221322363693616e+00 3.393169227081001549e-01 8.515406731814683008e+04
5.428530068286878674e+00 1.086869168108997563e+01 9.385153237572543716e+00 3.538217336816358860e-01 8.604735326497362985e+04
5.507071910307648643e+00 1.081957116744162128e+01 9.351643515646360427e+00 3.625826375491901787e-01 8.628427314126578858e+04
5.585613695361120179e+00 1.090406357922564240e+01 9.393030454489517567e+00 3.796681468818854932e-01 8.809229319826242863e+04
5.664155425817094525e+00 1.092360560873323116e+01 9.412669003446815452e+00 3.853195198085022644e-01 8.757966815762832994e+04
5.742697103915729961e+00 1.090013158401910509e+01 9.390093161101917829e+00 3.917564585618289463e-01 8.787137776617371128e+04
5.821238731776284148e+00 1.093181623042026374e+01 9.414561080557632522e+00 4.063373491832789619e-01 8.823550077180570224e+04
5.899780311405160127e+00 1.100496978728924624e+01 9.459236693208552538e+00 4.182937917032031327e-01 8.924176434589871496e+04
5.978321844703323507e+00 1.103984387313705007e+01 9.492219575615177263e+00 4.291259690523960835e-01 8.975250265145236335e+04
6.056863333473133437e+00 1.104121951576425964e+01 9.475512679937374116e+00 4.449486407360525586e-01 9.083745871106917912e+04
6.135404779424661115e+00 1.103606741134542624e+01 9.422973083538114025e+00 4.600751635712181931e-01 9.141181858789699618e+04
6.213946184181517118e+00 1.115130727019441181e+01 9.558659849687330734e+00 4.686634378524891509e-01 9.167221980998928484e+04
6.292487549286247983e+00 1.133136497238830742e+01 9.676505915393883939e+00 4.854757388868978785e-01 9.250937969609501306e+04
6.371028876205335756e+00 1.127952480153049031e+01 9.639604257110383045e+00 4.866988994629709575e-01 9.198482990283776599e+04
6.449570166333828070e+00 1.117513664632315695e+01 9.519469515741535659e+00 5.071637838513218810e-01 9.343773416676255874e+04
6.528111420999634262e+00 1.135043544579249186e+01 9.654221542071327988e+00 5.219496718216651843e-01 9.281474204543369706e+04
6.606652641467518627e+00 1.132384384633724395e+01 9.616757794995477227e+00 5.361506035607030984e-01 9.359218224074675527e+04
6.685193828942805006e+00 1.148228989414783463e+01 9.747295360847093804e+00 5.475476494326912968e-01 9.323531123290669348e+04
6.763734984574836240e+00 1.141428631612988021e+01 9.675392462873286803e+00 5.609566945406763150e-01 9.321381055495703185e+04
6.842276109460177835e+00 1.142406847018043159e+01 9.645817097351498504e+00 5.817637650929208259e-01 9.445024291055586946e+04
6.920817204645620890e+00 1.148867616789540413e+01 9.713164067459828743e+00 5.955022652510181258e-01 9.526002801168916631e+04
6.999358271130968312e+00 1.161099870951866642e+01 9.806774779572805301e+00 6.093208840522611469e-01 9.574883499658462824e+04
7.077899309871646949e+00 1.161741436096071745e+01 9.804397479501695045e+00 6.186565269283330615e-01 9.632067280549813586e+04
7.156440321781138536e+00 1.175508744517114401e+01 9.917374536953525777e+00 6.344493674293535390e-01 9.549197633235843387e+04
7.234981307733260536e+00 1.193323531369754065e+01 9.996637999812010733e+00 6.586359660436370556e-01 9.634256302106787916e+04
7.313522268564292439e+00 1.180989487271001259e+01 9.906470626099231680e+00 6.699005448235229032e-01 9.621420095658018545e+04
7.392063205074973276e+00 1.186215546863765624e+01 9.957213167413014432e+00 6.838870796707858801e-01 9.620809624299370626e+04
7.470604118032365015e+00 1.188325741332229768e+01 9.940786374675631976e+00 7.036293137050992907e-01 9.740530527588282712e+04
7.549145008171610272e+00 1.195080271384617809e+01 9.995713186807245521e+00 7.150315135490968865e-01 9.784273382253083400e+04
7.627685876197570103e+00 1.197970200393022822e+01 1.000570863748598782e+01 7.364054075350514594e-01 9.803002885057301319e+04
7.706226722786373884e+00 1.210554743655899834e+01 1.010941733924474306e+01 7.492062231827953944e-01 9.803609423803782556e+04
7.784767548586863484e+00 1.204463978575268079e+01 1.004534284973713909e+01 7.647883714299457125e-01 9.743446864824883232e+04
7.863308354221953955e+00 1.220349250416401610e+01 1.017923773824721678e+01 7.796713092763556396e-01 9.892070622079521127e+04
7.941849140289923170e+00 1.235607976189490032e+01 1.028533859538751827e+01 8.029013506022428803e-01 9.776311371552718629e+04
8.020389907365611748e+00 1.229049699123816808e+01 1.020856777130077475e+01 8.180219535075105020e-01 9.987550559466185223e+04
8.098930656001561701e+00 1.233039722852869602e+01 1.023738559267693660e+01 8.376528640980920315e-01 9.945978641664794122e+04
8.177471386729090241e+00 1.242741878122761179e+01 1.032494313586299484e+01 8.486920246803185686e-01 9.946366454584064195e+04
8.256012100059292536e+00 1.251623007470352533e+01 1.037211357269548273e+01 8.728026896720016969e-01 9.985038177272917528e+04
8.334552796484000936e+00 1.245146675044201423e+01 1.031618113516069180e+01 8.876725564118620460e-01 1.001536153243853332e+05
8.413093476476680266e+00 1.259322738993514612e+01 1.041909836631688968e+01 9.004284563835729394e-01 9.980409416261411388e+04
8.491634140493276917e+00 1.267450194939666019e+01 1.047674789911227045e+01 9.224433531044488044e-01 1.000636192974822916e+05
8.570174788973028868e+00 1.268724072803626512e+01 1.046597726415785168e+01 9.335322136267865112e-01 1.002593423116087506e+05
8.648715422339215309e+00 1.278542339872264755e+01 1.057688966229745908e+01 9.540214836438000168e-01 1.010391904988455353e+05
8.727256040999876063e+00 1.273976657677320112e+01 1.052010156030019949e+01 9.720178864460187196e-01 1.005194820090968569e+05
8.805796645348495488e+00 1.288148778533795991e+01 1.061099906889355005e+01 9.947155576138863031e-01 1.000768039210550050e+05
8.884337235764643737e+00 1.293515081788145693e+01 1.064244294998537299e+01 1.011113642568088888e+00 1.005868554373230872e+05
8.962877812614589601e+00 1.301238305091787950e+01 1.071764162928341158e+01 1.032686627331392382e+00 1.015938330394572986e+05
9.041418376251867173e+00 1.304708668025518037e+01 1.074619046387616450e+01 1.049053718312645378e+00 1.020494886998947622e+05
9.119958927017840722e+00 1.297751424699983325e+01 1.068381301114118287e+01 1.073903311678231498e+00 1.016311523206607089e+05
9.198499465242209183e+00 1.314867970783545204e+01 1.078086917224377572e+01 1.094580827149277402e+00 1.019160496144684003e+05
9.277039991243508865e+00 1.313387795188686624e+01 1.075553702020799918e+01 1.114018605351903668e+00 1.012797349336670886e+05
9.355580505329580632e+00 1.325368019527281227e+01 1.085792605135552691e+01 1.131167143652592744e+00 1.019703766664631839e+05
9.434121007798012215e+00 1.328426066443259757e+01 1.087407760050205852e+01 1.147800009843555902e+00 1.021072398795692861e+05
9.512661498936562765e+00 1.343456489709790525e+01 1.095738376066337771e+01 1.178667805076570652e+00 1.025686087678057229e+05
9.591201979023569635e+00 1.342104029527597397e+01 1.097577768024073208e+01 1.197786105303281223e+00 1.020727227939983277e+05
9.669742448328321416e+00 1.346781037227429856e+01 1.099598295061421283e+01 1.224125653170150985e+00 1.018492066648031177e+05
9.748282907111432749e+00 1.353485977402255713e+01 1.104355766145517492e+01 1.238669561065169455e+00 1.025325315397162194e+05
9.826823355625185386e+00 1.355082850464085098e+01 1.105858136723731810e+01 1.257004993980799235e+00 1.024859790605144226e+05
9.905363794113858589e+00 1.363015890388009055e+01 1.109298891514031560e+01 1.289374493285229573e+00 1.022437421712563228e+05
9.983904222814045326e+00 1.360322381307164008e+01 1.107621138271993999e+01 1.306825687303838190e+00 1.022784718451032095e+05
1.006244464195495070e+01 1.371894702190482462e+01 1.115029892200666417e+01 1.330931356921122521e+00 1.024969561056665407e+05
1.014098505175868148e+01 1.368728033666080357e+01 1.113035163806601879e+01 1.351178800461416252e+00 1.023243059535400535e+05
1.021952545244051613e+01 1.373771875462978720e+01 1.115154209201132396e+01 1.366996651815601593e+00 1.028826621259389358e+05
1.029806584420916415e+01 1.380662495483799468e+01 1.120353764384261552e+01 1.398676397520907999e+00 1.024344708266031521e+05
1.037660622726701654e+01 1.385575351551717027e+01 1.122528432231442430e+01 1.419084694232992883e+00 1.030622206488270749e+05
1.045514660181038380e+01 1.391435331434156808e+01 1.128789631627537382e+01 1.438647607578485532e+00 1.023741252043145796e+05
1.053368696802971982e+01 1.393287298176757716e+01 1.130109839222133949e+01 1.453851342536575997e+00 1.027443558802211483e+05
1.061222732610984210e+01 1.397038643562276228e+01 1.130101836549928151e+01 1.484395833029018341e+00 1.028105200916071335e+05
1.069076767623013779e+01 1.407697211373261936e+01 1.138628040776911554e+01 1.511345707658417803e+00 1.031632220653806289e+05
1.076930801856475739e+01 1.410509719050653032e+01 1.139147775086854963e+01 1.530703642752049065e+00 1.031175354063748964e+05
1.084784835328281005e+01 1.416578381429720679e+01 1.143738335329618039e+01 1.557096704818328625e+00 1.025594860281028377e+05
1.092638868054854306e+01 1.419705770692135438e+01 1.145567886281229697e+01 1.583296671867252314e+00 1.027245044320784073e+05
1.100492900052151413e+01 1.428297349515301384e+01 1.153922329309062178e+01 1.608192565211454150e+00 1.027539806600574084e+05
1.108346931335675833e+01 1.432604508079686667e+01 1.157849367587061273e+01 1.626094207769263722e+00 1.022078008758649084e+05
1.116200961920494805e+01 1.425528572613698941e+01 1.148573971085695788e+01 1.656276588203261735e+00 1.024333765967197542e+05
1.124054991821254212e+01 1.432380350170196337e+01 1.155305795484317954e+01 1.666121066681456320e+00 1.023492980938262335e+05
1.131909021052193687e+01 1.431773836818300794e+01 1.154277218206603273e+01 1.699403552496680625e+00 1.025227429101517191e+05
1.139763049627160285e+01 1.436833801591846083e+01 1.159939731351741976e+01 1.725106115332263990e+00 1.020837337861696869e+05
1.147617077559622167e+01 1.434253613467277511e+01 1.155218183464880433e+01 1.753426468008505656e+00 1.025192312707814854e+05
1.155471104862680853e+01 1.449401936522555090e+01 1.164256716933447677e+01 1.779374973457623188e+00 1.021507460862059379e+05
1.163325131549084368e+01 1.450170192043997908e+01 1.164489445197590811e+01 1.811253374939692851e+00 1.027574188357784587e+05
1.171179157631238787e+01 1.454499898138857716e+01 1.168400353332183883e+01 1.830150772854289842e+00 1.018993990216749517e+05
1.179033183121219608e+01 1.457193290675628994e+01 1.172427922034618142e+01 1.850666194973963341e+00 1.018430737755503214e+05
1.186887208030782759e+01 1.461053615976805808e+01 1.170853575128601065e+01 1.891183089261680550e+00 1.017473225019612582e+05
1.194741232371374728e+01 1.459955128772011790e+01 1.171789541476973717e+01 1.916685333253337342e+00 1.021723664520594175e+05
1.202595256154143222e+01 1.458762533517243654e+01 1.173087923201271821e+01 1.925895704488467919e+00 1.015884474920857610e+05
1.210449279389946753e+01 1.469246153635283925e+01 1.178133845518951972e+01 1.965407676723135877e+00 1.015718830088479881e+05
1.218303302089363527e+01 1.467954634337424125e+01 1.178850451772851216e+01 1.982324970679327558e+00 1.016435642002124659e+05
1.226157324262700676e+01 1.470692670288390680e+01 1.181493822059069565e+01 2.011158118811080087e+00 1.015799221820718667e+05
1.234011345920003322e+01 1.480408539510401589e+01 1.188223772019971136e+01 2.041001785568306026e+00 1.014017934519876726e+05
1.241865367071062565e+01 1.477556002533107815e+01 1.185019938528185257e+01 2.072035079086340215e+00 1.014793104519686312e+05
1.249719387725422415e+01 1.490101130021790254e+01 1.193732265328057274e+01 2.104511278648917294e+00 1.013773305221586925e+05
1.257573407892389383e+01 1.479176894390367636e+01 1.186941752795920912e+01 2.130259886554627613e+00 1.008551228609337268e+05
1.265427427581038877e+01 1.490674936953673679e+01 1.196630332483321624e+01 2.167128880059221441e+00 1.006951273084574495e+05
1.273281446800221772e+01 1.482364015941971758e+01 1.188436125243541674e+01 2.197458408439036504e+00 1.010292645091330633e+05
1.281135465558572584e+01 1.491825986930497550e+01 1.195619505650681091e+01 2.227248273221287711e+00 1.007658294284055009e+05
1.288989483864514796e+01 1.497073074632481671e+01 1.193993753067343455e+01 2.250730424112064476e+00 1.003893914198885032e+05
1.296843501726268322e+01 1.505280965242748970e+01 1.204216041086943001e+01 2.275796715998406050e+00 1.002817313937554281e+05
1.304697519151855190e+01 1.501057438391922894e+01 1.199207364777515927e+01 2.318165617757268482e+00 1.002304262694337958e+05
1.312551536149104692e+01 1.501482060106423866e+01 1.202198603649143926e+01 2.334782512484214312e+00 1.001815136287581845e+05
1.320405552725660492e+01 1.505199806346425362e+01 1.205783522202571234e+01 2.366936473142491337e+00 9.981441833191510523e+04
1.328259568888985243e+01 1.507768668548018276e+01 1.205080218241554668e+01 2.402728672836968560e+00 9.986987643545003084e+04
1.336113584646366270e+01 1.509607068870761282e+01 1.205913763349115442e+01 2.434260871549155159e+00 9.962010188193953945e+04
1.343967600004920548e+01 1.505122302693595948e+01 1.201459717591874821e+01 2.466914816721771153e+00 9.946648917923464614e+04
1.351821614971599317e+01 1.510671502655672782e+01 1.209576319950758538e+01 2.499579027617952143e+00 9.954352759691720712e+04
1.359675629553193588e+01 1.507219361796665957e+01 1.208647297082060668e+01 2.518876539576461848e+00 9.921764641442171705e+04
1.367529643756338231e+01 1.511534615683799920e+01 1.208689623111635214e+01 2.540674790035868824e+00 9.903851485676686571e+04
1.375383657587516595e+01 1.517446290257639063e+01 1.212391441130417213e+01 2.580457249439720879e+00 9.894516021505018580e+04
1.383237671053064766e+01 1.515371008024820654e+01 1.210193694497402994e+01 2.620983768023911420e+00 9.874120337943061895e+04
1.391091684159175834e+01 1.527417322490684626e+01 1.220717097696313935e+01 2.650765699951460164e+00 9.873829179541562917e+04
1.398945696911903269e+01 1.525735483683890514e+01 1.217184065439093210e+01 2.669349252963585606e+00 9.826251055551263562e+04
1.406799709317166069e+01 1.529278529962845568e+01 1.218226732388974121e+01 2.721989121276389145e+00 9.869537775078491541e+04
1.414653721380751428e+01 1.525387527889799522e+01 1.216597101081006294e+01 2.740528279313766635e+00 9.827216987582574075e+04
1.422507733108318817e+01 1.533388731305346120e+01 1.225078063247715399e+01 2.769951903089683753e+00 9.787468178951423033e+04
1.430361744505403543e+01 1.533135832622462758e+01 1.225131893564313579e+01 2.813091360479886394e+00 9.799314532511710422e+04
1.438215755577419586e+01 1.536049402581302381e+01 1.225909448005367075e+01 2.851878573714633269e+00 9.754369174216766260e+04
1.446069766329663686e+01 1.534241305391491750e+01 1.225098454583616459e+01 2.885385732291197769e+00 9.728992089403257705e+04
1.453923776767318010e+01 1.541677240434149354e+01 1.227235281744717099e+01 2.917966658417197934e+00 9.720573808976463624e+04
1.461777786895453346e+01 1.542495688288399514e+01 1.231019051486851268e+01 2.944489923237427753e+00 9.703045873440447031e+04
1.469631796719032302e+01 1.544692933980243410e+01 1.234551990037992297e+01 2.973389189160276835e+00 9.659917298515407310e+04
1.477485806242911437e+01 1.543475097257301698e+01 1.234164639585060463e+01 3.015852627784965101e+00 9.674827810883312486e+04
1.485339815471844993e+01 1.548444723489938468e+01 1.236480065709717202e+01 3.057614128831798173e+00 9.640733407240983797e+04
1.493193824410487203e+01 1.555331715277701221e+01 1.239347991917013658e+01 3.093181868738398510e+00 9.675385708297496603e+04
1.501047833063394421e+01 1.553694327382602935e+01 1.241855923039631193e+01 3.124394838829309684e+00 9.654015272716991603e+04
1.508901841435028857e+01 1.554037190747350472e+01 1.243145805258038195e+01 3.160473041619353385e+00 9.634195985458661744e+04
1.516755849529759992e+01 1.561732964506671095e+01 1.247228407058372746e+01 3.183122277433463765e+00 9.584154870483149716e+04
1.524609857351867070e+01 1.556294053823931378e+01 1.246241100159981485e+01 3.227706614401049112e+00 9.578096863014226255e+04
1.532463864905541762e+01 1.564060580947687384e+01 1.251202474141995502e+01 3.267271060447203723e+00 9.522382602692255750e+04
1.540317872194890292e+01 1.561728589062218830e+01 1.250308009980192203e+01 3.305926428850940901e+00 9.539806497597125417e+04
1.548171879223935399e+01 1.564828603709860744e+01 1.250997184738059431e+01 3.353492891275259957e+00 9.515743864145959378e+04
1.556025885996618996e+01 1.570128246395763760e+01 1.258408530136400927e+01 3.385724888316604453e+00 9.502342933415494917e+04
1.563879892516803238e+01 1.568809988156516333e+01 1.258250206200830590e+01 3.405937906830875495e+00 9.485078230533261376e+04
1.571733898788273187e+01 1.574816319926786790e+01 1.264886859100824879e+01 3.435359739557479752e+00 9.474439764061065216e+04
1.579587904814739119e+01 1.580625169526028273e+01 1.262963221023920468e+01 3.496872688267637308e+00 9.487386729257140541e+04
1.587441910599837769e+01 1.577842003431524986e+01 1.265985162653317175e+01 3.522823392521796215e+00 9.432862913059873972e+04
1.595295916147133575e+01 1.582475447177988670e+01 1.267052207887656223e+01 3.557914566029160230e+00 9.404144601528390194e+04
1.603149921460121874e+01 1.584606262720693692e+01 1.269130923635839636e+01 3.611060799570445567e+00 9.420816924846386246e+04
1.611003926542229436e+01 1.585174665973285357e+01 1.270707035484464775e+01 3.661383090881817903e+00 9.387134938572546525e+04
1.618857931396816596e+01 1.592711473915595732e+01 1.273819334280764082e+01 3.700378765558294258e+00 9.399448226133565186e+04
1.626711936027179561e+01 1.598319571376408454e+01 1.282970201692878476e+01 3.731919529337385022e+00 9.336286368103258428e+04
1.634565940436549525e+01 1.597871942433536141e+01 1.278004874774960697e+01 3.777875117167101227e+00 9.347820258763196762e+04
1.642419944628097639e+01 1.600042798380031428e+01 1.281018800687139425e+01 3.817053628246391384e+00 9.315160005588247441e+04
1.650273948604932883e+01 1.604468715925142774e+01 1.286759012575463679e+01 3.860847629547841553e+00 9.328966278062101628e+04
1.658127952370107394e+01 1.605106285007455469e+01 1.287099593930042651e+01 3.901565259144536224e+00 9.310732403564418200e+04
1.665981955926614333e+01 1.608776599698197174e+01 1.289456002115484878e+01 3.949049477918839646e+00 9.298088841177060385e+04
1.673835959277390728e+01 1.614460517131238504e+01 1.293907893949786470e+01 3.994251428779046265e+00 9.291659048112024902e+04
1.681689962425318896e+01 1.615323988331255478e+01 1.294666159782576820e+01 4.039987139770595093e+00 9.262262165865213319e+04
1.689543965373228218e+01 1.619732753249308033e+01 1.299517451219466047e+01 4.076844233130935358e+00 9.237602478542450990e+04
1.697397968123895495e+01 1.614811842202535885e+01 1.297111691684771984e+01 4.116063106657643189e+00 9.251611461993090052e+04
1.705251970680045304e+01 1.624160349915259971e+01 1.301823927482932142e+01 4.169908020320525210e+00 9.236397531727435126e+04
1.713105973044353902e+01 1.625265086098795564e+01 1.302754659837139606e+01 4.215107016645385229e+00 9.232902680333686294e+04
1.720959975219447102e+01 1.634865536376013395e+01 1.309662764351135600e+01 4.255241750157610525e+00 9.218702114190776774e+04
1.728813977207903463e+01 1.633870683080955288e+01 1.311438761378654227e+01 4.308279789739428267e+00 9.215027630857385520e+04
1.736667979012256424e+01 1.639796202751971066e+01 1.320131984511674794e+01 4.342783276104897006e+00 9.205877646730767447e+04
1.744521980634991110e+01 1.644746581877036107e+01 1.320734927962739214e+01 4.385705665079968618e+00 9.175471940178587101e+04
1.752375982078550365e+01 1.640510371872582240e+01 1.320572703447800578e+01 4.435026577184931540e+00 9.147571366376629157e+04
1.760229983345331917e+01 1.643930156241830076e+01 1.322635250792851025e+01 4.479217940968709399e+00 9.152080126567427942e+04
1.768083984437692635e+01 1.653276389479434272e+01 1.331482365523627287e+01 4.526382199401964179e+00 9.162557256248345948e+04
1.775937985357945692e+01 1.659730876576559311e+01 1.337820778913521025e+01 4.565710414754107660e+00 9.142365095881010348e+04
1.783791986108364824e+01 1.659783286787175172e+01 1.337138348262449661e+01 4.601509599636097292e+00 9.133526599681268272e+04
1.791645986691183268e+01 1.663545794119001897e+01 1.340444895336998599e+01 4.661330311810479188e+00 9.149013553879244137e+04
1.799499987108595889e+01 1.667421370753672960e+01 1.342172482134261458e+01 4.699090559959998359e+00 9.127555546105881513e+04
1.807353987362759185e+01 1.676559260187376310e+01 1.351937454075371825e+01 4.753908655602876898e+00 9.117894191476974811e+04
1.815207987455791638e+01 1.675302146268487036e+01 1.352435895772128305e+01 4.806908315002729637e+00 9.090400561471610854e+04
1.823061987389775851e+01 1.687794676790631243e+01 1.362585745277861449e+01 4.855510953706539290e+00 9.111930110780060932e+04
1.830915987166758541e+01 1.687710403863432518e+01 1.361211364510709920e+01 4.919787701542456482e+00 9.140436095399450278e+04
1.838769986788751964e+01 1.698596618485461462e+01 1.369528468721938275e+01 4.956890484595685820e+00 9.125116712623997591e+04
1.846623986257733563e+01 1.692230979718965145e+01 1.369376346924510024e+01 5.007431789365496044e+00 9.118938741662082612e+04
1.854477985575647381e+01 1.697042701059580239e+01 1.374163548935240087e+01 5.061904872020185131e+00 9.113320313266704034e+04
1.862331984744404423e+01 1.704023842377719333e+01 1.374993577115704468e+01 5.110023366144238466e+00 9.102940178488941456e+04
1.870185983765884075e+01 1.710180450521304607e+01 1.383451503694511509e+01 5.167648226565644265e+00 9.125619377342963708e+04
1.878039982641934458e+01 1.712101174731665765e+01 1.386218550522922577e+01 5.195659907039060776e+00 9.160615576378114929e+04
1.885893981374372075e+01 1.716921054877331443e+01 1.389839026307716630e+01 5.249130194068463595e+00 9.137644418022205355e+04
1.893747979964983941e+01 1.728006629357875568e+01 1.398043364485768691e+01 5.322353214711262659e+00 9.138777606453323097e+04
1.901601978415527228e+01 1.737163771998549677e+01 1.407451614989419930e+01 5.364253070145128532e+00 9.160130325159899076e+04
1.909455976727730331e+01 1.738274625610044666e+01 1.410449301703287261e+01 5.406421851935012235e+00 9.138786470388993621e+04
1.917309974903293579e+01 1.747330779748660134e+01 1.417014329403298056e+01 5.461370768767052297e+00 9.179228753611848515e+04
1.925163972943889235e+01 1.750157511047378023e+01 1.422662714971098730e+01 5.524555113045289012e+00 9.129077239985867345e+04
1.933017970851161849e+01 1.759622648274972789e+01 1.428101381263429737e+01 5.576881776116314526e+00 9.192736685991164995e+04
1.940871968626730748e+01 1.764668070093259544e+01 1.433502538296259665e+01 5.644728918981996912e+00 9.196172259719368594e+04
1.948725966272188259e+01 1.771669002322338216e+01 1.440066822619167120e+01 5.685288992963797305e+00 9.189782875219249399e+04
1.956579963789100773e+01 1.777774044747354054e+01 1.445500786974621121e+01 5.754722979230201929e+00 9.212999575510335853e+04
1.964433961179010524e+01 1.786507447875921173e+01 1.453751654951629746e+01 5.809994530787911948e+00 9.214923899547975452e+04
1.972287958443434519e+01 1.789847252254608634e+01 1.455906364200883019e+01 5.856735844824166648e+00 9.236652244550322939e+04
1.980141955583865965e+01 1.799989035054417386e+01 1.469189508583886195e+01 5.911285321712967722e+00 9.216503632357524475e+04
1.987995952601774619e+01 1.809099607693107004e+01 1.474371268286517100e+01 5.965300836589891631e+00 9.268632854302365740e+04
1.995849949498606790e+01 1.815824013080821686e+01 1.481389460497939758e+01 6.013175361239621708e+00 9.293376557616988430e+04
2.003703946275786052e+01 1.822079373433628291e+01 1.490948238534896753e+01 6.091661427848311661e+00 9.304357062796052196e+04
2.011557942934713950e+01 1.825016297796493348e+01 1.489434929321737400e+01 6.145152250359625867e+00 9.323783333365710860e+04
2.019411939476770712e+01 1.832319177668080812e+01 1.495726861318813405e+01 6.209590592502829409e+00 9.293957776291116897e+04
2.027265935903314542e+01 1.835675394440291086e+01 1.503520624510854908e+01 6.252769505853567722e+00 9.276220678214028885e+04
2.035119932215682326e+01 1.834305256213513857e+01 1.503478656962527360e+01 6.295738987707355072e+00 9.255595375891571166e+04
2.042973928415191054e+01 1.831973145592068164e+01 1.502492509361848505e+01 6.358269616806921043e+00 9.249416322050386225e+04
2.050827924503137467e+01 1.835369696765861036e+01 1.505596514320872359e+01 6.422706192815547332e+00 9.227027457585913362e+04
2.058681920480798766e+01 1.842715756188647447e+01 1.511002937901555576e+01 6.492365801961922145e+00 9.219336245292746753e+04
2.066535916349431901e+01 1.834665605113348974e+01 1.511269978796554270e+01 6.524206669233993061e+00 9.187386821398175380e+04
2.074389912110275347e+01 1.831383013265367410e+01 1.510669560833571090e+01 6.578669148316526716e+00 9.173113713050032675e+04
2.082243907764548752e+01 1.837538920657157959e+01 1.516503537254412315e+01 6.615674370001459970e+00 9.162438069850993634e+04
2.090097903313453642e+01 1.840784669094825787e+01 1.517427763425474296e+01 6.695051783138931789e+00 9.132606372212106362e+04
2.097951898758173783e+01 1.843290736076308178e+01 1.519280329319264844e+01 6.714527995622111334e+00 9.080117369925048843e+04
2.105805894099874109e+01 1.840971563473795669e+01 1.521948521428645229e+01 6.794828454434328258e+00 9.057919970354561519e+04
2.113659889339703568e+01 1.840330788627796110e+01 1.523060693544890576e+01 6.864436402334906262e+00 9.079551527794945287e+04
2.121513884478793344e+01 1.846223950422888294e+01 1.527480205103450572e+01 6.912610180675271998e+00 9.050993484793149401e+04
2.129367879518258277e+01 1.845492255467057419e+01 1.526305725096800892e+01 6.970239618182969998e+00 9.030533534519054228e+04
2.137221874459196869e+01 1.844554643998031196e+01 1.528986784237486241e+01 7.030862881656902097e+00 8.996502750508997997e+04
2.145075869302691274e+01 1.843668790767723209e+01 1.531485370657650869e+01 7.075515591082973899e+00 8.983160759908918408e+04
2.152929864049807307e+01 1.845149676916401305e+01 1.532310264177223402e+01 7.131104453729027348e+00 8.975421700638950279e+04
2.160783858701596571e+01 1.847048143359682726e+01 1.539463911431154308e+01 7.190686291975487698e+00 8.990860311364909285e+04
2.168637853259094683e+01 1.857676062933702710e+01 1.543653743426121316e+01 7.244333480196747388e+00 8.958683674526916002e+04
2.176491847723321982e+01 1.856252144430877493e+01 1.545372603576289983e+01 7.296851089706020588e+00 8.918798530470722471e+04
2.184345842095285306e+01 1.855185264084934715e+01 1.544609621525442833e+01 7.381491086753785957e+00 8.916756520622504468e+04
2.192199836375975508e+01 1.854578932295236271e+01 1.553956816178524392e+01 7.444193629701097770e+00 8.899173496866495407e+04
2.200053830566371005e+01 1.863407347133669489e+01 1.554042939329131912e+01 7.495005142240531271e+00 8.894819652400234190e+04
2.207907824667434582e+01 1.862590299628084978e+01 1.558301733645790499e+01 7.548903004353852531e+00 8.864442088195882388e+04
2.215761818680116590e+01 1.858998237835922041e+01 1.556738282489808256e+01 7.611287840727479548e+00 8.851003416590033157e+04
2.223615812605353526e+01 1.859559326789920775e+01 1.560198992197086909e+01 7.691491823602026656e+00 8.859051919993681076e+04
2.231469806444068738e+01 1.862192462244626157e+01 1.561835235305304970e+01 7.730723092166733146e+00 8.820538733184181910e+04
2.239323800197172432e+01 1.864956241006897031e+01 1.566331128789228799e+01 7.806246434345339935e+00 8.813264572862336354e+04
2.247177793865562023e+01 1.865563227977505534e+01 1.571314408911272764e+01 7.859599759127411822e+00 8.807754990563332103e+04
2.255031787450123204e+01 1.870028183750471484e+01 1.577333929453770089e+01 7.938138015779844459e+00 8.789490904423627944e+04
2.262885780951728165e+01 1.869792428164860709e+01 1.573548214142556922e+01 7.992241833371762638e+00 8.781706409924903710e+04
2.270739774371238440e+01 1.872046575174089966e+01 1.583020674617036683e+01 8.060326870570301949e+00 8.748366603174537886e+04
2.278593767709502771e+01 1.876549490308626389e+01 1.584593753931286564e+01 8.140353347633643821e+00 8.781425010285836470e+04
2.286447760967358178e+01 1.879328761689068017e+01 1.594236820848236569e+01 8.195518314407619798e+00 8.710903731432894710e+04
2.294301754145629957e+01 1.874960131547993569e+01 1.591694124415824163e+01 8.271783987398007909e+00 8.733845679472471238e+04
2.302155747245133455e+01 1.880411647717541612e+01 1.594241251986711916e+01 8.343851903996910124e+00 8.724442843939286831e+04
2.310009740266672296e+01 1.873901445350168871e+01 1.590038944706953572e+01 8.385479360228439205e+00 8.723204383770105778e+04
2.317863733211038380e+01 1.882454363368204397e+01 1.599638127315832925e+01 8.435000087696193916e+00 8.694606873249405180e+04
2.325717726079013303e+01 1.883030250341888134e+01 1.604166399630491213e+01 8.512861116290199703e+00 8.686115644986920233e+04
2.333571718871368716e+01 1.885831378161486072e+01 1.610864315178058703e+01 8.581864385452336208e+00 8.673602931187581271e+04
2.341425711588865965e+01 1.890498419024953591e+01 1.611277997800779715e+01 8.701060467856814640e+00 8.683389776851901843e+04
2.349279704232255384e+01 1.892236663871758040e+01 1.615364610510582111e+01 8.728549608053137732e+00 8.670890908566291910e+04
2.357133696802278067e+01 1.894575811723983705e+01 1.623400687280099675e+01 8.785077959626301336e+00 8.661684369907672226e+04
2.364987689299664453e+01 1.895264897216745936e+01 1.623935060932268470e+01 8.846126716004235391e+00 8.658215212911207345e+04
2.372841681725136453e+01 1.901075404201385410e+01 1.626549920751415357e+01 8.958246222341934129e+00 8.640098472152580507e+04
2.380695674079405322e+01 1.907847562985796941e+01 1.635127242320864127e+01 8.998474332647541374e+00 8.600588604952949390e+04
2.388549666363174140e+01 1.905667316570845315e+01 1.641331851397317365e+01 9.052530612107597463e+00 8.622691461132354743e+04
2.396403658577134976e+01 1.904545608035819626e+01 1.642603215293528507e+01 9.147694809992060527e+00 8.616164262434770353e+04
2.404257650721972439e+01 1.912658996626374375e+01 1.645086304369758423e+01 9.214190013965882997e+00 8.605395002979041601e+04
2.412111642798362254e+01 1.913008061684755390e+01 1.651753963538623182e+01 9.252958561415349337e+00 8.598019897141277033e+04
2.419965634806970556e+01 1.911168106944602130e+01 1.656055768681018137e+01 9.344236795753023017e+00 8.579680729001402506e+04
2.427819626748454596e+01 1.922559515745209779e+01 1.659104254106875942e+01 9.438020019526128124e+00 8.602236513793330232e+04
2.435673618623464520e+01 1.929202520827291778e+01 1.671059328741969807e+01 9.468370065874271546e+00 8.594002842226253415e+04
2.443527610432640529e+01 1.927143731871587917e+01 1.670076850570993798e+01 9.566486972656056409e+00 8.565202834586567769e+04
2.451381602176616425e+01 1.934693448685040096e+01 1.677601391857211510e+01 9.635987756905317170e+00 8.579717195967397129e+04
2.459235593856016067e+01 1.929485686532713373e+01 1.681716353692145205e+01 9.716201642759129342e+00 8.565919196406796982e+04
2.467089585471456203e+01 1.930793323622896906e+01 1.682622456340160966e+01 9.804907449450100287e+00 8.546069811753174872e+04
2.474943577023546126e+01 1.940612217618822299e+01 1.691547084476681206e+01 9.869863637724252570e+00 8.566809345995669719e+04
2.482797568512887310e+01 1.940699287772818238e+01 1.694353807605524054e+01 9.940014777797424372e+00 8.569593495909239573e+04
2.490651559940072346e+01 1.939326630240245564e+01 1.700143660882044472e+01 1.001237619611320540e+01 8.546687579759658547e+04
2.498505551305688144e+01 1.945178659706694191e+01 1.700067224358441109e+01 1.008594557872956443e+01 8.519507025472937676e+04
2.506359542610313440e+01 1.961035889548483979e+01 1.709462677693517207e+01 1.023018667458403641e+01 8.566661094752069039e+04
2.514213533854519511e+01 1.957853111265951185e+01 1.718222964375156181e+01 1.025546437925815368e+01 8.536107769583609479e+04
2.522067525038871239e+01 1.966045568472402394e+01 1.718212501067134923e+01 1.033009431523797339e+01 8.579664070061189705e+04
2.529921516163925688e+01 1.968294936713930809e+01 1.720379581623501153e+01 1.039525480720901918e+01 8.549708710161417548e+04
2.537775507230233529e+01 1.965914255818736933e+01 1.732016058432169103e+01 1.048902929701816866e+01 8.556535308858357894e+04
2.545629498238338684e+01 1.969319376913257713e+01 1.735589068100181365e+01 1.056950886594585093e+01 8.556039200501287996e+04
2.553483489188777966e+01 1.976124420386877745e+01 1.737062574504516377e+01 1.064024439931575117e+01 8.561031397493579425e+04
2.561337480082082152e+01 1.977888669638291219e+01 1.742824890376604685e+01 1.072633536787455455e+01 8.544951165363621840e+04
2.569191470918774911e+01 1.975765097657009406e+01 1.749178753016703425e+01 1.078274707959610801e+01 8.514231092831408023e+04
2.577045461699373874e+01 1.992008361639980052e+01 1.757594527571052723e+01 1.094244452964379377e+01 8.557196631713154784e+04
2.584899452424390631e+01 1.998058996601892900e+01 1.762407530183697801e+01 1.099443403156678301e+01 8.578237551536763203e+04
2.592753443094329668e+01 1.998589159012850303e+01 1.769755693772125937e+01 1.108425412108909747e+01 8.569770677522238111e+04
2.600607433709690852e+01 2.005663648566231316e+01 1.777506826415870833e+01 1.118411311968002586e+01 8.585737595419930585e+04
2.608461424270966944e+01 2.010975014474916378e+01 1.779196312163426086e+01 1.126013814000242341e+01 8.629457120156293968e+04
2.616315414778644310e+01 2.010478414337791975e+01 1.787116949964083545e+01 1.131753354101102182e+01 8.590684052179574792e+04
2.624169405233205055e+01 2.022078163306845511e+01 1.798952816817472211e+01 1.133544092845303375e+01 8.625594651596438780e+04
2.632023395635124174e+01 2.017758134658593505e+01 1.794178140887628459e+01 1.146525316153149809e+01 8.579863528306651278e+04
2.639877385984871694e+01 2.025816383078297633e+01 1.807844399963982340e+01 1.154545391563726398e+01 8.585224749756738311e+04
2.647731376282911953e+01 2.032891546653794990e+01 1.811255375968300996e+01 1.164174661862656102e+01 8.611737647517530422e+04
2.655585366529703606e+01 2.045145805548375506e+01 1.828370640804701708e+01 1.172394855793369217e+01 8.609832190310684382e+04
2.663439356725699980e+01 2.042235426368860018e+01 1.823979823667662359e+01 1.178728169222028477e+01 8.665625080299346882e+04
2.671293346871349428e+01 2.057466557435268939e+01 1.836686096292092074e+01 1.188354997896446363e+01 8.657013367744709831e+04
2.679147336967094617e+01 2.071394266098355530e+01 1.844966255948458311e+01 1.199194326394083099e+01 8.659086349971707386e+04
2.687001327013372531e+01 2.064871740691547686e+01 1.848243092670391619e+01 1.208041251544974770e+01 8.659573711241125420e+04
2.694855317010616602e+01 2.064444498428222730e+01 1.852719911227292826e+01 1.214475751199766940e+01 8.684053128242409730e+04
2.702709306959254221e+01 2.068955860056491503e+01 1.859446451783608012e+01 1.223597735760233540e+01 8.628295835740007169e+04
2.710563296859707094e+01 2.076316826614785782e+01 1.855637822714624718e+01 1.237762387566892563e+01 8.709252928418701049e+04
2.718417286712393377e+01 2.087193818196301009e+01 1.879901831173827276e+01 1.243123675023281116e+01 8.656721609040125622e+04
2.726271276517725894e+01 2.100072334297696486e+01 1.881005933929041873e+01 1.252557026027582587e+01 8.701768732467931113e+04
2.734125266276112498e+01 2.088220118126780633e+01 1.882475000676583576e+01 1.259408077094487055e+01 8.663193592220547725e+04
2.741979255987956776e+01 2.098073648063559205e+01 1.893789467077484190e+01 1.265779401277228722e+01 8.722620600899164856e+04
2.749833245653658054e+01 2.096722691007590100e+01 1.899392921612535545e+01 1.278440510160823784e+01 8.696040784155552683e+04
2.757687235273609616e+01 2.102745675498002953e+01 1.904863277125521392e+01 1.284004837485652217e+01 8.663750346956327849e+04
2.765541224848202262e+01 2.106712232819781505e+01 1.901782124902576498e+01 1.296209060983340322e+01 8.726282562487268297e+04
2.773395214377820395e+01 2.106307856396422196e+01 1.913749484523488320e+01 1.308054154310941186e+01 8.731633274809214345e+04
2.781249203862845576e+01 2.096890808664086236e+01 1.902596834814503879e+01 1.305755262117085813e+01 8.684604286117989977e+04
2.789103193303654038e+01 2.109248294749491137e+01 1.918601605670031418e+01 1.323479149191502380e+01 8.693543191745661898e+04
2.796957182700618816e+01 2.110936885693391574e+01 1.935561485547421512e+01 1.334002420856790572e+01 8.686129944485114538e+04
2.804811172054107615e+01 2.113767491258223075e+01 1.936793332300919346e+01 1.336536668543004680e+01 8.691239368054008810e+04
2.812665161364485655e+01 2.121000604674556556e+01 1.947453244703782715e+01 1.344011263052027516e+01 8.670617402725895226e+04
2.820519150632112115e+01 2.113450714524143237e+01 1.935679483105285925e+01 1.349486436638898468e+01 8.589489315093524056e+04
2.828373139857343332e+01 2.095747524842278864e+01 1.930423694539540236e+01 1.368800957603822788e+01 8.606133917039196240e+04
2.836227129040531736e+01 2.110378464708163193e+01 1.942606928114043541e+01 1.365558894921450417e+01 8.565658404221606907e+04
2.844081118182025847e+01 2.112688762758259742e+01 1.945036892450877986e+01 1.383777150986394133e+01 8.556265484296022623e+04
2.851935107282169923e+01 2.105996560596344480e+01 1.945292329306582602e+01 1.382638035144697497e+01 8.510814783783414168e+04
2.859789096341304315e+01 2.101934384064583838e+01 1.953573124601991040e+01 1.397407613663959403e+01 8.468533055683421844e+04
2.867643085359765820e+01 2.098737014067628692e+01 1.948715325306086399e+01 1.395692756837390114e+01 8.469483938790278626e+04
2.875497074337888392e+01 2.096116221582035166e+01 1.953170683051217438e+01 1.405766421665830634e+01 8.485132573389110621e+04
2.883351063276001369e+01 2.105062305339265905e+01 1.955292362265258177e+01 1.427902535799583461e+01 8.485633838662591006e+04
2.891205052174430890e+01 2.090175965554038839e+01 1.945127204051762249e+01 1.417714607979362818e+01 8.340017602454038570e+04
2.899059041033499184e+01 2.103299462360652683e+01 1.961148470797028764e+01 1.445329839822814932e+01 8.455331809607127798e+04
2.906913029853525643e+01 2.105632513157652497e+01 1.963517318430607617e+01 1.444481035296015747e+01 8.440524750751462125e+04
2.914767018634825746e+01 2.111350119029749806e+01 1.964130605889530656e+01 1.456115596447149407e+01 8.418356287583833910e+04
2.922621007377712132e+01 2.102633464641633054e+01 1.972346666487259625e+01 1.461815684032502993e+01 8.450079058624162280e+04
2.930474996082492822e+01 2.105315885711921453e+01 1.993419956684092043e+01 1.474958789125871306e+01 8.447992447570573131e+04
2.938328984749474060e+01 2.121169332933138207e+01 1.997948297210930590e+01 1.487061942595120456e+01 8.380290769908019865e+04
2.946182973378957826e+01 2.101783709234795694e+01 1.995905562346303697e+01 1.499056469759895727e+01 8.377964544104668312e+04
2.954036961971243258e+01 2.111620471559050571e+01 1.992130182290823015e+01 1.497844049333311389e+01 8.344802193689816340e+04
2.961890950526625943e+01 2.116019290675977516e+01 2.010188176031472906e+01 1.520907231844605789e+01 8.378430652105054469e+04
2.969744939045398979e+01 2.119999361789943393e+01 1.994706014585070974e+01 1.518975515692811129e+01 8.397398137701355154e+04
2.977598927527852268e+01 2.136415255216946818e+01 2.017812740621016587e+01 1.538919904518162873e+01 8.404506311229654239e+04
2.985452915974272159e+01 2.132637311609946096e+01 2.029506140501782596e+01 1.536529600888160019e+01 8.348347650234245521e+04
2.993306904384942868e+01 2.147172942175653887e+01 2.048806961954630879e+01 1.562888279065782982e+01 8.413164310576106072e+04
3.001160892760143994e+01 2.147482095284380321e+01 2.032088462363940451e+01 1.574465082487279055e+01 8.448245376736730395e+04
3.009014881100154071e+01 2.151158067093145121e+01 2.031040467597078703e+01 1.582453269670730300e+01 8.442968667772080516e+04
3.016868869405248077e+01 2.154979839879775128e+01 2.049143405524689143e+01 1.577368638788501798e+01 8.471484273988220957e+04
3.024722857675697441e+01 2.163886686706177898e+01 2.071528111537384831e+01 1.598637668893558050e+01 8.398026135922664253e+04
3.032576845911771457e+01 2.161323493812514940e+01 2.063377430389921585e+01 1.600057099248007120e+01 8.332906886581737490e+04
3.040430834113736580e+01 2.181564200371254003e+01 2.071570799228950222e+01 1.629545679820203929e+01 8.503545716507508769e+04
3.048284822281856421e+01 2.169224223521069561e+01 2.072976373972094066e+01 1.633020296019829232e+01 8.429932930395730364e+04
3.056138810416392460e+01 2.180073492701050952e+01 2.088405773715400571e+01 1.640941608977025723e+01 8.349493704865421751e+04
3.063992798517602267e+01 2.182218527754608317e+01 2.099012354930873059e+01 1.636315028463758736e+01 8.478718854501206079e+04
3.071846786585741640e+01 2.204573932312585427e+01 2.095315619738131474e+01 1.654768723607121927e+01 8.542355645673858817e+04
3.079700774621063886e+01 2.211140396103075645e+01 2.126853985351766596e+01 1.673124932856932645e+01 8.532886431065427314e+04
3.087554762623818760e+01 2.203681739955084495e+01 2.131862584473983091e+01 1.695033020579619176e+01 8.527370793556494755e+04
3.095408750594254599e+01 2.236249479346539104e+01 2.169106523946050302e+01 1.718727077438709827e+01 8.466359881406729983e+04
3.103262738532617249e+01 2.243364202303235544e+01 2.173251941483045258e+01 1.726443545186805295e+01 8.601821321067138342e+04
3.111116726439149005e+01 2.213601555545579558e+01 2.160105740199164615e+01 1.727495116279631659e+01 8.583039798644692928e+04
3.118970714314090387e+01 2.235045542827116094e+01 2.172182333447139158e+01 1.734221886078753272e+01 8.578149027474109607e+04
3.126824702157679781e+01 2.237718777750452048e+01 2.190057604636245259e+01 1.743043243958391386e+01 8.567171236877561023e+04
3.134678689970152377e+01 2.272205368133535330e+01 2.209270851386480317e+01 1.774461588338506601e+01 8.531451870670476637e+04
3.142532677751741588e+01 2.272266174521591253e+01 2.191329595602658742e+01 1.769247798750747691e+01 8.730351295714173466e+04
3.150386665502678696e+01 2.249796210627801329e+01 2.194574767937750437e+01 1.782786917287445050e+01 8.584293208808041527e+04
3.158240653223192140e+01 2.261451643950273294e+01 2.187395329256951726e+01 1.789071047214574506e+01 8.727508943907919456e+04
3.166094640913508229e+01 2.284422371221844017e+01 2.246582679948302541e+01 1.804093971645653482e+01 8.748973582057924068e+04
3.173948628573851494e+01 2.309822012401653524e+01 2.215568831536252858e+01 1.847636845509658698e+01 8.718236954427784076e+04
3.181802616204443623e+01 2.325149635040371265e+01 2.284909252559548065e+01 1.830420831201246301e+01 8.792911570754478453e+04
3.189656603805504531e+01 2.314941919940628523e+01 2.276591308969669925e+01 1.858480829417694125e+01 8.813295849966166134e+04
3.197510591377251998e+01 2.327026628275568498e+01 2.275468665205170993e+01 1.862340393141153427e+01 8.750576706579721940e+04
3.205364578919900964e+01 2.338120951589985452e+01 2.302998370949709539e+01 1.866022087585993461e+01 8.812170817844338308e+04
3.213218566433665302e+01 2.365383631133639142e+01 2.275326100301822407e+01 1.900234940539202100e+01 8.997439740921401244e+04
3.221072553918755688e+01 2.369774332071137479e+01 2.290576117861469641e+01 1.878087857886490042e+01 8.866568573953931627e+04
3.228926541375382442e+01 2.426183658468901072e+01 2.360932084613337523e+01 1.899372821514250020e+01 8.948611145386457792e+04
3.236780528803751622e+01 2.368022325993176125e+01 2.332203391422635264e+01 1.943106852944694296e+01 9.040502404628277873e+04
3.244634516204068575e+01 2.439675672205271795e+01 2.332113820077172761e+01 1.965065538000060030e+01 9.099320265584232402e+04
3.252488503576537227e+01 2.400525334567435110e+01 2.331138974319685175e+01 1.948484603682694072e+01 9.032789079806228983e+04
3.260342490921358660e+01 2.424929726739025782e+01 2.342756361644767438e+01 1.993696662768764938e+01 9.010203835509213968e+04
3.268196478238731828e+01 2.410629509732860853e+01 2.382582261268492729e+01 1.987035114731321173e+01 9.158250410552413086e+04
3.276050465528854261e+01 2.494065109575295125e+01 2.415847653829696284e+01 2.045858536955364926e+01 9.197339759996168141e+04
3.283904452791921358e+01 2.499298295845666118e+01 2.431964916832956902e+01 2.041751337996600313e+01 9.362381527082964021e+04
3.291758440028127097e+01 2.482470378755871110e+01 2.440507750623779160e+01 2.037225053070217129e+01 9.248428594216353667e+04
3.299612427237663326e+01 2.522188609405716520e+01 2.438543160119467856e+01 2.052337200664755201e+01 9.397117474701114406e+04
3.307466414420719758e+01 2.525312132362172690e+01 2.450115414336521980e+01 2.036883226061255314e+01 9.364336776373337489e+04
3.315320401577483977e+01 2.569588167294571690e+01 2.510198109067151861e+01 2.131076055546621717e+01 9.439527943084170693e+04
3.323174388708143567e+01 2.495551310442538195e+01 2.484893865493827647e+01 2.108040303900473234e+01 9.136668124383057875e+04
3.331028375812883269e+01 2.521397922490385923e+01 2.492654497209773723e+01 2.103861659918537796e+01 9.354522322213805455e+04
3.338882362891884981e+01 2.555243516356438249e+01 2.497450999897635882e+01 2.156291265973876037e+01 9.374772745549694810e+04
3.346736349945329891e+01 2.631569656080621655e+01 2.511721750410671561e+01 2.188542886284725952e+01 9.303481422406985075e+04
3.354590336973399189e+01 2.675739414968665741e+01 2.485260871382823566e+01 2.157979519473325780e+01 9.850882180882399553e+04
3.362444323976268379e+01 2.713067346377631850e+01 2.609225495396067629e+01 2.279535295802134698e+01 1.005902530210979166e+05
3.370298310954115806e+01 2.545590000802656050e+01 2.462860282708772175e+01 2.155763420904825267e+01 9.490240213481265528e+04
3.378152297907114132e+01 2.737305637882687392e+01 2.530159770024107502e+01 2.261796961870539135e+01 9.774598845296139189e+04
3.386006284835436730e+01 2.674837920535241764e+01 2.543023107270198579e+01 2.263654738328496663e+01 9.738109677637302957e+04
3.393860271739255552e+01 2.732123083549381093e+01 2.626466040200715923e+01 2.323239434739257803e+01 1.021674870488120068e+05
3.401714258618739706e+01 2.649923222366435738e+01 2.699519678652146126e+01 2.241695664774704966e+01 9.657937425144777808e+04
3.409568245474058301e+01 2.865546036427688037e+01 2.804256903027030745e+01 2.501454423909739688e+01 1.033362328195880691e+05
3.417422232305376895e+01 2.504013414909558222e+01 2.559797032381206350e+01 2.235316284661891828e+01 1.033231376816883567e+05
3.425276219112861043e+01 2.709815442492217841e+01 2.556894546886475439e+01 2.355523251581568189e+01 1.011112275927158480e+05
3.433130205896674880e+01 2.817367514557156127e+01 2.787089243068349731e+01 2.575481272251608189e+01 9.564275026392391010e+04
3.440984192656979701e+01 2.774765982600498404e+01 2.550881687016369526e+01 2.351745147624981769e+01 9.716382056683204428e+04
3.448838179393936088e+01 3.182963020354215189e+01 2.564860625931947880e+01 2.254051690581833611e+01 1.068535018403307331e+05
3.456692166107702491e+01 2.871174834299569412e+01 2.655976702887135232e+01 2.284551320127454943e+01 9.807748408405337250e+04
3.464546152798438072e+01 3.197155347860890728e+01 3.193651368933892698e+01 1.718306829875031738e+01 1.175610304845657229e+05
3.472400139466299152e+01 2.936070260808186561e+01 1.750007779662148977e+01 2.986288211602562015e+01 1.239270462164301862e+05
