# 0.9995 0.9998
7.871241428633635184e-02 2.090184596448005083e-01 2.124762642507730392e-01 2.886878919878283425e-05 9.125892912349767130e+02
1.618072713909662341e-01 4.905712302884725484e-01 4.965917654296376216e-01 1.664728952044151281e-04 3.640062008739868361e+03
2.418771330418761079e-01 1.033345019709321688e+00 1.032395774739303995e+00 2.015565718131931557e-04 4.990751448119881388e+03
3.211923215201240578e-01 1.513905362149261968e+00 1.527710716223041443e+00 4.910124736832769364e-04 9.747366338347996134e+03
4.002017901256537113e-01 1.483254022675709161e+00 1.494113654514785505e+00 6.824577800976717101e-04 1.375042640907725945e+04
4.790568272527075955e-01 1.738535373419619390e+00 1.739436355979464111e+00 1.170170293557209248e-03 1.350376339226107484e+04
5.578229290343351687e-01 1.880930416150279560e+00 1.878762366761992375e+00 1.590693431538157650e-03 1.949465830535569694e+04
6.365331115321660738e-01 2.286767340302096052e+00 2.277151128168124483e+00 2.238253643398853236e-03 2.083917092799550664e+04
7.152058371535838788e-01 2.098573362356827676e+00 2.089376284202314249e+00 3.029407501233420674e-03 2.385170455592598955e+04
7.938522421846891941e-01 2.369405328438122460e+00 2.345005224841177238e+00 3.631523149728918716e-03 2.503217052566749044e+04
8.724794443688169698e-01 2.577345167630194833e+00 2.537908079965061958e+00 4.347771134241207834e-03 2.677976209786222171e+04
9.510922062407737299e-01 2.552826976290071048e+00 2.513253636422120518e+00 5.118707497272310253e-03 2.924544746217927241e+04
1.029693835175838679e+00 2.947118960220032946e+00 2.869442876960619948e+00 6.477419979752197660e-03 2.978516456080680291e+04
1.108286699878543891e+00 3.087895957718511664e+00 3.005195700314344798e+00 7.350409803488418617e-03 3.059443143268044878e+04
1.186872541411916560e+00 3.037910632531517496e+00 2.941113993339695032e+00 9.084740417417806052e-03 3.249853010402301516e+04
1.265452668213572940e+00 3.314410222586659849e+00 3.189075821803166289e+00 1.022745298297330491e-02 3.439368501204298809e+04
1.344028082638708543e+00 3.442526515809976928e+00 3.308203430323789718e+00 1.189385879953056523e-02 3.730388046363853209e+04
1.422599565533279709e+00 3.717542123930881903e+00 3.575402458511796056e+00 1.280757129929214859e-02 3.685332325188101095e+04
1.501167734229200246e+00 4.029256853735743604e+00 3.845710440491514781e+00 1.503958322015649246e-02 3.891234851252771477e+04
1.579733083222462531e+00 4.000667714458455038e+00 3.811667928379707693e+00 1.694518096885714795e-02 4.171858482946702861e+04
1.658296013281593151e+00 4.035542507302182891e+00 3.827717532305081161e+00 1.839535160153123183e-02 4.214911712328449357e+04
1.736856852652245875e+00 4.267581720937440259e+00 4.023892006115348252e+00 2.099953019826875100e-02 4.205780929590281448e+04
1.815415872753641580e+00 4.510055183669965828e+00 4.249424529433315278e+00 2.305352857753452736e-02 4.419702279086861381e+04
1.893973299967037560e+00 4.700152173452586624e+00 4.409674826583163565e+00 2.578618667375667806e-02 4.516068818405695492e+04
1.972529324606241641e+00 4.796783218427559170e+00 4.499250288496590144e+00 2.818780674704870690e-02 4.729168775478005409e+04
2.051084107826015579e+00 4.874568274206141361e+00 4.541733237002088863e+00 3.083782480754876029e-02 4.850619532373904076e+04
2.129637787001040561e+00 5.215922879780983124e+00 4.848093218186496856e+00 3.350396356746962456e-02 5.027756398976247874e+04
2.208190479956450680e+00 5.312348678327141194e+00 4.923895181883989558e+00 3.703980348224059777e-02 5.095945098834799137e+04
2.286742288326184092e+00 5.423494484067775012e+00 5.029428007687991808e+00 3.918671319287307664e-02 5.113930372935363994e+04
2.365293300241981811e+00 5.462094892709199456e+00 5.041681135620179610e+00 4.303216408067901677e-02 5.188962553282911540e+04
2.443843592503681883e+00 5.644770610515109865e+00 5.206568037994633968e+00 4.585107580025100937e-02 5.416040651942048135e+04
2.522393232343909553e+00 5.877671202660376792e+00 5.411294193499056604e+00 4.920095200285575648e-02 5.501998456938016170e+04
2.600942278872942381e+00 5.929792887828613246e+00 5.442466539865104203e+00 5.335460886078682158e-02 5.708474421679048100e+04
2.679490784269383141e+00 5.987999134632118192e+00 5.454511679859710860e+00 5.685687331188392368e-02 5.636058457003357762e+04
2.758038794767343038e+00 6.174309685165337847e+00 5.639555835065056755e+00 6.010615048499242524e-02 5.818018771797946829e+04
2.836586351479573942e+00 6.325359349195185388e+00 5.759772235143165275e+00 6.438814400905928936e-02 6.024725911416655435e+04
2.915133491087511963e+00 6.475901061989049801e+00 5.877661915707599327e+00 6.857827479021492978e-02 5.986174219915784488e+04
2.993680246422668834e+00 6.680823527635620707e+00 6.073418410651481025e+00 7.263637831727516592e-02 5.986839240351656190e+04
3.072226646958827967e+00 6.711603260530552895e+00 6.056681685763969369e+00 7.842712699113243979e-02 6.215637901308268192e+04
3.150772719230606977e+00 6.726513026761391068e+00 6.078690835997471176e+00 8.181266574300388728e-02 6.240215583934464667e+04
3.229318487190934395e+00 6.761674190934313877e+00 6.086575294289110261e+00 8.817043750778923161e-02 6.269556305061923922e+04
3.307863972517584905e+00 6.929785089612436444e+00 6.222842016790154140e+00 9.182057905918300511e-02 6.373357525782750599e+04
3.386409194877053608e+00 7.044784492404877696e+00 6.311000285005631483e+00 9.780738839904039306e-02 6.579834364747117797e+04
3.464954172152534095e+00 7.039578533495837398e+00 6.300846606208678757e+00 1.022597854062718553e-01 6.576457806816877564e+04
3.543498920641575456e+00 7.212726163918854461e+00 6.439029817341439532e+00 1.078040695017273981e-01 6.744397298598037742e+04
3.622043455228019404e+00 7.204070080604441983e+00 6.432913141190208961e+00 1.130154362640986010e-01 6.746707091266411589e+04
3.700587789532037597e+00 7.373997500008712791e+00 6.551636400347592648e+00 1.204024609422589681e-01 6.844491253522026818e+04
3.779131936041457696e+00 7.395059087945403675e+00 6.571907844888047023e+00 1.255530646244646942e-01 6.947643446362785471e+04
3.857675906227046259e+00 7.444713780432135053e+00 6.606580565217146983e+00 1.304342471102615253e-01 7.041886374825828534e+04
3.936219710643986680e+00 7.517217897585799058e+00 6.648644340666718833e+00 1.373161492897168323e-01 7.105528823049495986e+04
4.014763359021444877e+00 7.573653269280705480e+00 6.691538410118690550e+00 1.432017089770612761e-01 7.047774922131163476e+04
4.093306860341824560e+00 7.633219591367448764e+00 6.718089504713392834e+00 1.495332119726072440e-01 7.229130221160287329e+04
4.171850222911064776e+00 7.759374238267343848e+00 6.827396263911327701e+00 1.547845510144754133e-01 7.284174903419724433e+04
4.250393454421145911e+00 7.681488166992049393e+00 6.737071329647091211e+00 1.634510385838965074e-01 7.286935521061868349e+04
4.328936562005788247e+00 7.761509690320444577e+00 6.828678310757007708e+00 1.682043627318657031e-01 7.482180929626166471e+04
4.407479552290201497e+00 7.826958857121359969e+00 6.869759962050124180e+00 1.756416511398161684e-01 7.451331116117160127e+04
4.486022431435594982e+00 7.792320383844764997e+00 6.825279578229283217e+00 1.808612148895751837e-01 7.561416984680449241e+04
4.564565205179107465e+00 7.919868374765066221e+00 6.920789301175806152e+00 1.904619185809735826e-01 7.642442552565773076e+04
4.643107878869670024e+00 7.927519167865233030e+00 6.916286697423823959e+00 1.967384375452981282e-01 7.731503570012538694e+04
4.721650457500300213e+00 7.952373401233088224e+00 6.921032480503404472e+00 2.036254668062408291e-01 7.719565155736102315e+04
4.800192945737217443e+00 8.044330928178856865e+00 6.986951978310551148e+00 2.130164421889852722e-01 7.830885868584924901e+04
4.878735347946150824e+00 8.053652767590964601e+00 7.002912517389226821e+00 2.179197120234643570e-01 7.925308020084802411e+04
4.957277668216146793e+00 8.126283539660400734e+00 7.032618573796677097e+00 2.330572637507407896e-01 7.926937648065286339e+04
5.035819910381144737e+00 8.196720390036301040e+00 7.087303951781546374e+00 2.389756404412815838e-01 7.902624289088403748e+04
5.114362078039562221e+00 8.225568940811669449e+00 7.091161255932068919e+00 2.481211850163113075e-01 8.046108332284046628e+04
5.192904174572115394e+00 8.114803088693479438e+00 6.987501483310243344e+00 2.544655040447119654e-01 8.114789255993891857e+04
5.271446203158030919e+00 8.233167813634613807e+00 7.078270310030275958e+00 2.652761120314697241e-01 8.190833899277499586e+04
5.349988166789838573e+00 8.271424061235881808e+00 7.111658088028332436e+00 2.730546416614764160e-01 8.199872149732970865e+04
5.428530068286878674e+00 8.377276320893976447e+00 7.169474033527289514e+00 2.847208876489103480e-01 8.279866745462686231e+04
5.507071910307648643e+00 8.344253248185200533e+00 7.146127617483382544e+00 2.917906664627294422e-01 8.304145772843903978e+04
5.585613695361120179e+00 8.436385872558913590e+00 7.203792083301100213e+00 3.045458789522173526e-01 8.474043295419229253e+04
5.664155425817094525e+00 8.463247720092404336e+00 7.233503389867952826e+00 3.101566481154732213e-01 8.427182340962022135e+04
5.742697103915729961e+00 8.462668135894395149e+00 7.230967526127795253e+00 3.157448125051738330e-01 8.450862515361080295e+04
5.821238731776284148e+00 8.500098536697942464e+00 7.253730625458347347e+00 3.275015380185470892e-01 8.485846020117899752e+04
5.899780311405160127e+00 8.564807480921126981e+00 7.301788584857058062e+00 3.372455402657673629e-01 8.585313647505814151e+04
5.978321844703323507e+00 8.613953119988520868e+00 7.338886353702432253e+00 3.466339054206528103e-01 8.636485821516877331e+04
6.056863333473133437e+00 8.620273121647446857e+00 7.329815757585861569e+00 3.604734514211262453e-01 8.737050505035693641e+04
6.135404779424661115e+00 8.647130817393161806e+00 7.316677401561978655e+00 3.707279734814149519e-01 8.787918689322953287e+04
6.213946184181517118e+00 8.723907596027997258e+00 7.411654815978006461e+00 3.788277904488214221e-01 8.812173440572655818e+04
6.292487549286247983e+00 8.887686562601793128e+00 7.522860127865503621e+00 3.924409235994662515e-01 8.892247029220043623e+04
6.371028876205335756e+00 8.854841179129442352e+00 7.507600090589249930e+00 3.934114264434123709e-01 8.845347479589022987e+04
6.449570166333828070e+00 8.793082108643611505e+00 7.428631498706631753e+00 4.099494485645380215e-01 8.976653233090339927e+04
6.528111420999634262e+00 8.946345763439946808e+00 7.552331638399143898e+00 4.226900717414874276e-01 8.914744897656940157e+04
6.606652641467518627e+00 8.930261918887525852e+00 7.524092732623075541e+00 4.352492842325722533e-01 8.989813207873181091e+04
6.685193828942805006e+00 9.067996991671058993e+00 7.636715565253466842e+00 4.431102994073227164e-01 8.955659022336514317e+04
6.763734984574836240e+00 9.021630932060821451e+00 7.585546936159881071e+00 4.534980234372368302e-01 8.955386195596065954e+04
6.842276109460177835e+00 9.050164345738147986e+00 7.575933015606089782e+00 4.713891915078072259e-01 9.070868995932885446e+04
6.920817204645620890e+00 9.109212683163850244e+00 7.639843085849198800e+00 4.821498882990770674e-01 9.151624044177832548e+04
6.999358271130968312e+00 9.210533316835507023e+00 7.720875049826910974e+00 4.947074397259574319e-01 9.197253377525138785e+04
7.077899309871646949e+00 9.232932854580930382e+00 7.731064907835982325e+00 5.005981292941455996e-01 9.243130465174734127e+04
7.156440321781138536e+00 9.340137463035555143e+00 7.819687401973974161e+00 5.143283206688171738e-01 9.165576696848293068e+04
7.234981307733260536e+00 9.499275199072013010e+00 7.895632243348790880e+00 5.347554482909232521e-01 9.248406161548514501e+04
7.313522268564292439e+00 9.400435395272726424e+00 7.824379894239383404e+00 5.426699939618767621e-01 9.237810118029176374e+04
7.392063205074973276e+00 9.455319768031788641e+00 7.875559274370936613e+00 5.562726445114494211e-01 9.235664290923555382e+04
7.470604118032365015e+00 9.483125168823992368e+00 7.870192452973721942e+00 5.705081279055614907e-01 9.348047075958031928e+04
7.549145008171610272e+00 9.530594650303253701e+00 7.914535582397707714e+00 5.808563410447090680e-01 9.391469970894040307e+04
7.627685876197570103e+00 9.572277776276035155e+00 7.938898454761937451e+00 5.978880378146113062e-01 9.404882490429309837e+04
7.706226722786373884e+00 9.674368047358047562e+00 8.023705991841241669e+00 6.087318472651406243e-01 9.406298291411514219e+04
7.784767548586863484e+00 9.643000127905159147e+00 7.982404168540455203e+00 6.217624424091616753e-01 9.345114532485554810e+04
7.863308354221953955e+00 9.767419360369018477e+00 8.088705028201836456e+00 6.343430777683468635e-01 9.490670481717924122e+04
7.941849140289923170e+00 9.907214871486910823e+00 8.194642910596812158e+00 6.539275667528430258e-01 9.376686171689856565e+04
8.020389907365611748e+00 9.862914588963889173e+00 8.125925939445686197e+00 6.671564099960251015e-01 9.575869134204869624e+04
8.098930656001561701e+00 9.900612832977977007e+00 8.162275412847039391e+00 6.826414076740672243e-01 9.537183357431448530e+04
8.177471386729090241e+00 9.985780937961948212e+00 8.242702686386675026e+00 6.931830282697017953e-01 9.534270403371941939e+04
8.256012100059292536e+00 1.006130674456906959e+01 8.285947842717449774e+00 7.108672539961347070e-01 9.573033458726102253e+04
8.334552796484000936e+00 1.001516225913005442e+01 8.234584402838875050e+00 7.226138435134881188e-01 9.598781784651696216e+04
8.413093476476680266e+00 1.014062269651633841e+01 8.335779847991741320e+00 7.375180459371692976e-01 9.563242181858058029e+04
8.491634140493276917e+00 1.021879635304904888e+01 8.395031715586904753e+00 7.521438617857222342e-01 9.589966290973336436e+04
8.570174788973028868e+00 1.022998301133951315e+01 8.384712187374084635e+00 7.634290747006355904e-01 9.607142368703347165e+04
8.648715422339215309e+00 1.031489851240883127e+01 8.478781183227779294e+00 7.783988503353309607e-01 9.680616594792413525e+04
8.727256040999876063e+00 1.028457906840048963e+01 8.440812076178533019e+00 7.957643699396167447e-01 9.624815920857489982e+04
8.805796645348495488e+00 1.040993832355106896e+01 8.521120580768720032e+00 8.150654765064017093e-01 9.584302422264513734e+04
8.884337235764643737e+00 1.045887036285519756e+01 8.557286557736654586e+00 8.264556459279781553e-01 9.632936758591020771e+04
8.962877812614589601e+00 1.053002786603356711e+01 8.621842704069733188e+00 8.466226736039332845e-01 9.734357293233202654e+04
9.041418376251867173e+00 1.055721102571113690e+01 8.645646926082054762e+00 8.595896529312364587e-01 9.772701529670257878e+04
9.119958927017840722e+00 1.051816853853909883e+01 8.602713394311816586e+00 8.832935778539193761e-01 9.730346656111387711e+04
9.198499465242209183e+00 1.066494704063121723e+01 8.694891561811243008e+00 8.965659094563690479e-01 9.755900679456369835e+04
9.277039991243508865e+00 1.066373093141571005e+01 8.682251362992198906e+00 9.155465247441614274e-01 9.690719547619092918e+04
9.355580505329580632e+00 1.076506971989891603e+01 8.765606869662301293e+00 9.275004728262179476e-01 9.759138746122211160e+04
9.434121007798012215e+00 1.079687002632558368e+01 8.784649758774554229e+00 9.451655133929494079e-01 9.773556246612757968e+04
9.512661498936562765e+00 1.093481425803695117e+01 8.862717876224470714e+00 9.686366670848001181e-01 9.815957842696765147e+04
9.591201979023569635e+00 1.092445943052534219e+01 8.889663373739322694e+00 9.829928177819258206e-01 9.765404227257872117e+04
9.669742448328321416e+00 1.097146552212535831e+01 8.910306298471757813e+00 1.004450617491180475e+00 9.745867536055728851e+04
9.748282907111432749e+00 1.103634886177214369e+01 8.956764589434815349e+00 1.018421079171553556e+00 9.805078477836435195e+04
9.826823355625185386e+00 1.104831829449112135e+01 8.970789312700055973e+00 1.035485581436257130e+00 9.802385238060103438e+04
9.905363794113858589e+00 1.112440100615912186e+01 8.998315067698172243e+00 1.060856656699083356e+00 9.779969890415687405e+04
9.983904222814045326e+00 1.111469507964875980e+01 9.003613749282470380e+00 1.074596030793141921e+00 9.778192812871186470e+04
1.006244464195495070e+01 1.121648546787575462e+01 9.068630118936187756e+00 1.091278511468759760e+00 9.798002670296594442e+04
1.014098505175868148e+01 1.119459066811736747e+01 9.059629651169315068e+00 1.111449272087741580e+00 9.785680750573688420e+04
1.021952545244051613e+01 1.125140784132051763e+01 9.088264544962676439e+00 1.127158452813702194e+00 9.833919695903472893e+04
1.029806584420916415e+01 1.131943047446026362e+01 9.135968707237298148e+00 1.149884303441813360e+00 9.786749880719845532e+04
1.037660622726701654e+01 1.137192996753588226e+01 9.166747358326480466e+00 1.167590773108779567e+00 9.850077049921023718e+04
1.045514660181038380e+01 1.141889434770722289e+01 9.217995483760615727e+00 1.182581659671636976e+00 9.781346769404875522e+04
1.053368696802971982e+01 1.143756709394828519e+01 9.245066367386071349e+00 1.195453015762235616e+00 9.816276101428591937e+04
1.061222732610984210e+01 1.148544288508648137e+01 9.248054331636790693e+00 1.223121353237735187e+00 9.820965455287252553e+04
1.069076767623013779e+01 1.158149840402710851e+01 9.333023255250981975e+00 1.242135269570878275e+00 9.850728027921919420e+04
1.076930801856475739e+01 1.159945334481779433e+01 9.327500678931301081e+00 1.260851391636791829e+00 9.847257058062899159e+04
1.084784835328281005e+01 1.166511406031692566e+01 9.377300982853352451e+00 1.282272610900309973e+00 9.796506591798471345e+04
1.092638868054854306e+01 1.170580594604467528e+01 9.408999900667517124e+00 1.304303383720760046e+00 9.807606583659681201e+04
1.100492900052151413e+01 1.177798740818500178e+01 9.470487228706874205e+00 1.326807860195054811e+00 9.809414384179272747e+04
1.108346931335675833e+01 1.181979695453127199e+01 9.516891503382961304e+00 1.340172829607475302e+00 9.755951865154501866e+04
1.116200961920494805e+01 1.178425419341959213e+01 9.461125789841583256e+00 1.364659855736665817e+00 9.778004613861137477e+04
1.124054991821254212e+01 1.183577772796240168e+01 9.504450609237302672e+00 1.377298503542445429e+00 9.769646998397652351e+04
1.131909021052193687e+01 1.183617524530153631e+01 9.503267132758757896e+00 1.401515289678497034e+00 9.778962907231914869e+04
1.139763049627160285e+01 1.188687479867411056e+01 9.563217606411431149e+00 1.421170121339466741e+00 9.741312745925440686e+04
1.147617077559622167e+01 1.188128903745601761e+01 9.540341344632567555e+00 1.445710357339601737e+00 9.780279912734474055e+04
1.155471104862680853e+01 1.201582951863455939e+01 9.616211647512972860e+00 1.462655079237940470e+00 9.742527656492212554e+04
1.163325131549084368e+01 1.203254820256689861e+01 9.630601746952670794e+00 1.489427966855151775e+00 9.799787949586918694e+04
1.171179157631238787e+01 1.206401823802610096e+01 9.668015170672246583e+00 1.507063466502560845e+00 9.717993104343018786e+04
1.179033183121219608e+01 1.209973754054433215e+01 9.703635748027997110e+00 1.527294162543663569e+00 9.709647073974153318e+04
1.186887208030782759e+01 1.214339561111376398e+01 9.703284654141212329e+00 1.560426969607016767e+00 9.700492349813497276e+04
1.194741232371374728e+01 1.214022990010525582e+01 9.733122903460543540e+00 1.576208498649904532e+00 9.738260603855132649e+04
1.202595256154143222e+01 1.214178839789964570e+01 9.747047084193575017e+00 1.588638275183236859e+00 9.681750025409441150e+04
1.210449279389946753e+01 1.222706614103916145e+01 9.780293409512450964e+00 1.620203769579565911e+00 9.676982375715908711e+04
1.218303302089363527e+01 1.222532438198837390e+01 9.793645551128891569e+00 1.638180470578832093e+00 9.686549103591476160e+04
1.226157324262700676e+01 1.225905668830704265e+01 9.824136273317778389e+00 1.660096164105968386e+00 9.679123965155660699e+04
1.234011345920003322e+01 1.234824632778727604e+01 9.885735448541947079e+00 1.683788895642331696e+00 9.662148698116482410e+04
1.241865367071062565e+01 1.233620460743196823e+01 9.870067777980267465e+00 1.708629911329834439e+00 9.664341040647402406e+04
1.249719387725422415e+01 1.243898105074699778e+01 9.941305734136683725e+00 1.734572604860369349e+00 9.649255318001295382e+04
1.257573407892389383e+01 1.235563908533779021e+01 9.898783560872805865e+00 1.758517149440397942e+00 9.604526334078289801e+04
1.265427427581038877e+01 1.245488791061973011e+01 9.975954940730623832e+00 1.789441589561160395e+00 9.588271295495571394e+04
1.273281446800221772e+01 1.240597968308198418e+01 9.933065586237241007e+00 1.811682512860893324e+00 9.617104313002660638e+04
1.281135465558572584e+01 1.249525841503295176e+01 9.997214241871965612e+00 1.837284292579821843e+00 9.587304113631151267e+04
1.288989483864514796e+01 1.255348939331524782e+01 1.000247524984735925e+01 1.858318999175380792e+00 9.549675296125236491e+04
1.296843501726268322e+01 1.261637810798425896e+01 1.008061838856399106e+01 1.884529759115317393e+00 9.545596459890506230e+04
1.304697519151855190e+01 1.258128179365966659e+01 1.003192479801226078e+01 1.911875480178696796e+00 9.537187444547898485e+04
1.312551536149104692e+01 1.259174168363448487e+01 1.006225855654690804e+01 1.931336638250833460e+00 9.529387484926443722e+04
1.320405552725660492e+01 1.263678372586197263e+01 1.012181423514739009e+01 1.956636353546297169e+00 9.493165758789378742e+04
1.328259568888985243e+01 1.266645769442467362e+01 1.010517409278209833e+01 1.982117294408951125e+00 9.497145554923638701e+04
1.336113584646366270e+01 1.269015764693042492e+01 1.010905366866718325e+01 2.013810995306170692e+00 9.471249516524921637e+04
1.343967600004920548e+01 1.266367510234902483e+01 1.009988215111175336e+01 2.038835046713010080e+00 9.456066100741691480e+04
1.351821614971599317e+01 1.270719949999277887e+01 1.015740388197125554e+01 2.061396611282334312e+00 9.466124887808653875e+04
1.359675629553193588e+01 1.269084224559415475e+01 1.016621795873880174e+01 2.083416514548009690e+00 9.430447549107618397e+04
1.367529643756338231e+01 1.272839049794134958e+01 1.017562983273369426e+01 2.099937859038399246e+00 9.414694437543791719e+04
1.375383657587516595e+01 1.278944319952539388e+01 1.020975237038049421e+01 2.132817170958171360e+00 9.398971113518033235e+04
1.383237671053064766e+01 1.278268183348879639e+01 1.019693472267829293e+01 2.169246132860259024e+00 9.381779259753557562e+04
1.391091684159175834e+01 1.288749179668313261e+01 1.028973666043956392e+01 2.191717288575131484e+00 9.376641340071594459e+04
1.398945696911903269e+01 1.289168766530507604e+01 1.028061358658169588e+01 2.208624037927038319e+00 9.335827354722100426e+04
1.406799709317166069e+01 1.292306641428993075e+01 1.028995525614324791e+01 2.255609320582045996e+00 9.371052936446879175e+04
1.414653721380751428e+01 1.290389922244449927e+01 1.029214113324401048e+01 2.262503548520466534e+00 9.333472799554457015e+04
1.422507733108318817e+01 1.296423317175584700e+01 1.035143037762633611e+01 2.292051985027062422e+00 9.292830544874398038e+04
1.430361744505403543e+01 1.297145765510746784e+01 1.036958271229996420e+01 2.322841028055445900e+00 9.301977906600758433e+04
1.438215755577419586e+01 1.300740438404349852e+01 1.038007481019653788e+01 2.357279379166898003e+00 9.254832326102854859e+04
1.446069766329663686e+01 1.299872616143809090e+01 1.038258189684155219e+01 2.385226663090704857e+00 9.234164745313405001e+04
1.453923776767318010e+01 1.306473521811945027e+01 1.039915041102613991e+01 2.417900930589226505e+00 9.220963790080457693e+04
1.461777786895453346e+01 1.308177564700327089e+01 1.044184286853068500e+01 2.434692034040199626e+00 9.205264614730255562e+04
1.469631796719032302e+01 1.309772369692077021e+01 1.047801994059000918e+01 2.460332034739958207e+00 9.159111780523773632e+04
1.477485806242911437e+01 1.310205136862646391e+01 1.047765722247770626e+01 2.491260106845265554e+00 9.177292085031677561e+04
1.485339815471844993e+01 1.314870570053866494e+01 1.051135543184118681e+01 2.528359598737739855e+00 9.142966556494297402e+04
1.493193824410487203e+01 1.321770143303100120e+01 1.054106033512942098e+01 2.557546942175269233e+00 9.171501770705034141e+04
1.501047833063394421e+01 1.320905596270847049e+01 1.055992560987165518e+01 2.584359048289766481e+00 9.150962622897964320e+04
1.508901841435028857e+01 1.321562271602151561e+01 1.057365250016668057e+01 2.614686783619448285e+00 9.131199240722075047e+04
1.516755849529759992e+01 1.328360568514454698e+01 1.062231225031307957e+01 2.636231993383161054e+00 9.081563004893425386e+04
1.524609857351867070e+01 1.324928124197219503e+01 1.061055898090213745e+01 2.675109267648559719e+00 9.075987727388255007e+04
1.532463864905541762e+01 1.331658494962738715e+01 1.065074263381982611e+01 2.710209717803718110e+00 9.020838923777046148e+04
1.540317872194890292e+01 1.331077659198915875e+01 1.066597543216369282e+01 2.737439435769178697e+00 9.037248198365156713e+04
1.548171879223935399e+01 1.334791845259716325e+01 1.067763888452965837e+01 2.778363628269699070e+00 9.013929918538623315e+04
1.556025885996618996e+01 1.338356077077134820e+01 1.073874069982110768e+01 2.808212542451927529e+00 8.993412021150608780e+04
1.563879892516803238e+01 1.338346201984058759e+01 1.074688316791182530e+01 2.828448435279841799e+00 8.982080550487522851e+04
1.571733898788273187e+01 1.343484927458304234e+01 1.080242241275928983e+01 2.852974075633021300e+00 8.970268097587030206e+04
1.579587904814739119e+01 1.349550992050461673e+01 1.080264177560227878e+01 2.898706548063803456e+00 8.978398331267198955e+04
1.587441910599837769e+01 1.348231017634363305e+01 1.083318675844190615e+01 2.921436345405816759e+00 8.928068223662037053e+04
1.595295916147133575e+01 1.352606870324024690e+01 1.085185301444195360e+01 2.955201319906705759e+00 8.896549336130701704e+04
1.603149921460121874e+01 1.355097030067217467e+01 1.087324107426640474e+01 2.994594674102266652e+00 8.912005392099279561e+04
1.611003926542229436e+01 1.355429007000113728e+01 1.088050381456869786e+01 3.041404333495964618e+00 8.875283981145195139e+04
1.618857931396816596e+01 1.363735640166350116e+01 1.092473180689676404e+01 3.074895449654178048e+00 8.889043499396601692e+04
1.626711936027179561e+01 1.369095879039888786e+01 1.100438527172295622e+01 3.099789805099909756e+00 8.826521858380544290e+04
1.634565940436549525e+01 1.368900215209424864e+01 1.096839384938471795e+01 3.141113826292390332e+00 8.837162907036612160e+04
1.642419944628097639e+01 1.371187346765362491e+01 1.100362704397758051e+01 3.167651844358795099e+00 8.807255776295094984e+04
1.650273948604932883e+01 1.375413304423954308e+01 1.105758008094598743e+01 3.204552821051921185e+00 8.819945850166799210e+04
1.658127952370107394e+01 1.376444597641974354e+01 1.106499230381873744e+01 3.235139047549508096e+00 8.795995226721455401e+04
1.665981955926614333e+01 1.380103214085028895e+01 1.108343938595717226e+01 3.278621244321750616e+00 8.783235138592860312e+04
1.673835959277390728e+01 1.385830810729581408e+01 1.113235064665885155e+01 3.318604377205030875e+00 8.777256208728945057e+04
1.681689962425318896e+01 1.387056762723358716e+01 1.114975632339491796e+01 3.351061422685130520e+00 8.747670736219208629e+04
1.689543965373228218e+01 1.391632265996117823e+01 1.118390704066211327e+01 3.392929310497821760e+00 8.718908163458244235e+04
1.697397968123895495e+01 1.387623803633400321e+01 1.117160316726953262e+01 3.418776965515487376e+00 8.736839053789680474e+04
1.705251970680045304e+01 1.396525616932949632e+01 1.121171282421728677e+01 3.472366788081196809e+00 8.719436077333753929e+04
1.713105973044353902e+01 1.398386913339889226e+01 1.123082790239783435e+01 3.503760210957999277e+00 8.715764397173040197e+04
1.720959975219447102e+01 1.406612864520868023e+01 1.130498851490800760e+01 3.531766940046553227e+00 8.700917628435387451e+04
1.728813977207903463e+01 1.407288563094682488e+01 1.131703973288008847e+01 3.577755198094381139e+00 8.695135035982471891e+04
1.736667979012256424e+01 1.412093883119855953e+01 1.141127787079182809e+01 3.610456094726782084e+00 8.684725783369182318e+04
1.744521980634991110e+01 1.416581746472546044e+01 1.140832589015243670e+01 3.649121716282674122e+00 8.655726834944981965e+04
1.752375982078550365e+01 1.413205738310905524e+01 1.140805013178058935e+01 3.684405083092224142e+00 8.628782507848236128e+04
1.760229983345331917e+01 1.417904613128450286e+01 1.144384496756143577e+01 3.722452657556035049e+00 8.631355774650487001e+04
1.768083984437692635e+01 1.425366334952996183e+01 1.152235448388954353e+01 3.759458383511913304e+00 8.640712654371579993e+04
1.775937985357945692e+01 1.432592708323480934e+01 1.157647557374746583e+01 3.796487980529960282e+00 8.617698175566531427e+04
1.783791986108364824e+01 1.432426997894368625e+01 1.157688550258519200e+01 3.827834309881695152e+00 8.608101396908590687e+04
1.791645986691183268e+01 1.436253342916261921e+01 1.161621407523040617e+01 3.878819104995328892e+00 8.619322383890704077e+04
1.799499987108595889e+01 1.441215681056375963e+01 1.164214300479339670e+01 3.909988179433068201e+00 8.599527827232162235e+04
1.807353987362759185e+01 1.448528769078692058e+01 1.173029336905567099e+01 3.962822542971697892e+00 8.591734793112924672e+04
1.815207987455791638e+01 1.447905894888349287e+01 1.173934463548746443e+01 4.000043307161126549e+00 8.559006778201814450e+04
1.823061987389775851e+01 1.458625163779196576e+01 1.181727397938566604e+01 4.033233509846176901e+00 8.583502304932920379e+04
1.830915987166758541e+01 1.460044623740593472e+01 1.181990262258161550e+01 4.090657294441311542e+00 8.602854357080985210e+04
1.838769986788751964e+01 1.469549193727705827e+01 1.189913862927880217e+01 4.120630545072041961e+00 8.592162033900116512e+04
1.846623986257733563e+01 1.464688939557738578e+01 1.189699595609524607e+01 4.163809033299727957e+00 8.582826998382550664e+04
1.854477985575647381e+01 1.469044426890354593e+01 1.194289300444355462e+01 4.212044974221465843e+00 8.580540755168367468e+04
1.862331984744404423e+01 1.476294456399440769e+01 1.197203210698359044e+01 4.252487011589845878e+00 8.564447633768293599e+04
1.870185983765884075e+01 1.481436523929962057e+01 1.203114944597854752e+01 4.302533861091006884e+00 8.586994684033564408e+04
1.878039982641934458e+01 1.483493926399391860e+01 1.206013622515466821e+01 4.329738627038024923e+00 8.618399911321609397e+04
1.885893981374372075e+01 1.488671502314988793e+01 1.211389779673087652e+01 4.375938540426869139e+00 8.593094086778863857e+04
1.893747979964983941e+01 1.498296147549011081e+01 1.217025404088973772e+01 4.423035039727247764e+00 8.593827486664200842e+04
1.901601978415527228e+01 1.506661106328624022e+01 1.225640761351814412e+01 4.474130689382254999e+00 8.612717970921601227e+04
1.909455976727730331e+01 1.507660624141881556e+01 1.229517111501771076e+01 4.501142673459993304e+00 8.591117265912168659e+04
1.917309974903293579e+01 1.515960272444103829e+01 1.235947287335633327e+01 4.546607615759808319e+00 8.627675513190406491e+04
1.925163972943889235e+01 1.519168896843234151e+01 1.241037782122102584e+01 4.595934923614672485e+00 8.578322926982774516e+04
1.933017970851161849e+01 1.527588687179103033e+01 1.245599092580517819e+01 4.642580230926418139e+00 8.635874334449940943e+04
1.940871968626730748e+01 1.532905906087438552e+01 1.252740233952398619e+01 4.700390348636084070e+00 8.638721848725806922e+04
1.948725966272188259e+01 1.538907349766296662e+01 1.257023735254644947e+01 4.736544026684796016e+00 8.635678402090797317e+04
1.956579963789100773e+01 1.544902877666990193e+01 1.263595478626537094e+01 4.790714643565935127e+00 8.650535366419973434e+04
1.964433961179010524e+01 1.553213615314266249e+01 1.269633397655975848e+01 4.833549210023665665e+00 8.649947848949299078e+04
1.972287958443434519e+01 1.556728838949715232e+01 1.272438811238580669e+01 4.874014162719347176e+00 8.672731044514932728e+04
1.980141955583865965e+01 1.564616029648964890e+01 1.283120665911429903e+01 4.928017610019264083e+00 8.655145923571001913e+04
1.987995952601774619e+01 1.573425101886341970e+01 1.290356377088850515e+01 4.966294995232448883e+00 8.702413171481458994e+04
1.995849949498606790e+01 1.579861382544271642e+01 1.297356902361074482e+01 5.019337487369261552e+00 8.724380505399321555e+04
2.003703946275786052e+01 1.584617847740946139e+01 1.304641225068720267e+01 5.081668770953483794e+00 8.732602006121528393e+04
2.011557942934713950e+01 1.588157806442037412e+01 1.302571678709987424e+01 5.131739374828433675e+00 8.749948249428253621e+04
2.019411939476770712e+01 1.595462366585594438e+01 1.308851268313176419e+01 5.173944251827133911e+00 8.719548817651360878e+04
2.027265935903314542e+01 1.598178330589722584e+01 1.317087081331102283e+01 5.212582465022622458e+00 8.702190461791658890e+04
2.035119932215682326e+01 1.597766688187012640e+01 1.317199670271974021e+01 5.257516124502728871e+00 8.680907023867222597e+04
2.042973928415191054e+01 1.596190926018844536e+01 1.317137003678599250e+01 5.298077975824870833e+00 8.677566311261926603e+04
2.050827924503137467e+01 1.598786257015393097e+01 1.320671050286710013e+01 5.365098048460743563e+00 8.651904409293414210e+04
2.058681920480798766e+01 1.606402606258999199e+01 1.325057992234714277e+01 5.411098087609011564e+00 8.642907144619581231e+04
2.066535916349431901e+01 1.600243991418834710e+01 1.325490096849527788e+01 5.452044904595056529e+00 8.609972265552089084e+04
2.074389912110275347e+01 1.597341747912976295e+01 1.325051726025427890e+01 5.502863166151563235e+00 8.596817826413121657e+04
2.082243907764548752e+01 1.602781907105384107e+01 1.332087857987006352e+01 5.525080350306310173e+00 8.584725423063528433e+04
2.090097903313453642e+01 1.606833854187863153e+01 1.332470502540112633e+01 5.593504449948502710e+00 8.554293914494951605e+04
2.097951898758173783e+01 1.609122158347114251e+01 1.333946791199762849e+01 5.616648543088472501e+00 8.506959194595458393e+04
2.105805894099874109e+01 1.607590607800691984e+01 1.337174176535604886e+01 5.680827003983719869e+00 8.482763142596271064e+04
2.113659889339703568e+01 1.607333434027714603e+01 1.339624619062965216e+01 5.737438054877039839e+00 8.500920780742826173e+04
2.121513884478793344e+01 1.613150030357693865e+01 1.342216133048654569e+01 5.777600643364478650e+00 8.473338797712368250e+04
2.129367879518258277e+01 1.612513355344227861e+01 1.341090770632117568e+01 5.813299620646994015e+00 8.451569663214644243e+04
2.137221874459196869e+01 1.612195794990222453e+01 1.343675899540937024e+01 5.879800771708765694e+00 8.419774963164962537e+04
2.145075869302691274e+01 1.611979807722272184e+01 1.346394000159648563e+01 5.914878116563486721e+00 8.405271571021134150e+04
2.152929864049807307e+01 1.614353641360466085e+01 1.348253006201934312e+01 5.959552739966119894e+00 8.395393990716466215e+04
2.160783858701596571e+01 1.614888452633226024e+01 1.354009555385226982e+01 5.998661845768115342e+00 8.407110632099225768e+04
2.168637853259094683e+01 1.624510884039424496e+01 1.358609502860273643e+01 6.058439289320595833e+00 8.375980228878666821e+04
2.176491847723321982e+01 1.625618523062080811e+01 1.362069085628675147e+01 6.102603864564109415e+00 8.336146166938838724e+04
2.184345842095285306e+01 1.624213097912713621e+01 1.360655465057551794e+01 6.173245298231558209e+00 8.332818137582243071e+04
2.192199836375975508e+01 1.623215325777499629e+01 1.367893414424147025e+01 6.226201014323265781e+00 8.319443022920025396e+04
2.200053830566371005e+01 1.632070435808354603e+01 1.370447951264306496e+01 6.262672399314956451e+00 8.313923896057349339e+04
2.207907824667434582e+01 1.631421213604835074e+01 1.373415773437109699e+01 6.317863592588721211e+00 8.283722724941941851e+04
2.215761818680116590e+01 1.628735396543836345e+01 1.372116945832874890e+01 6.367137345560885286e+00 8.269909691916132579e+04
2.223615812605353526e+01 1.629386340871249317e+01 1.373324693171456445e+01 6.431386113835450224e+00 8.274133232791782939e+04
2.231469806444068738e+01 1.632119950945827114e+01 1.376503770461408216e+01 6.453202357294220093e+00 8.237028473440661037e+04
2.239323800197172432e+01 1.634365853618797360e+01 1.381682506806252597e+01 6.532178246418398615e+00 8.227961516739721992e+04
2.247177793865562023e+01 1.635908169191851513e+01 1.384413178318854776e+01 6.585424917356028196e+00 8.222878581332739850e+04
2.255031787450123204e+01 1.639644917200688568e+01 1.390915292299193240e+01 6.631567047083517963e+00 8.206191736785722605e+04
2.262885780951728165e+01 1.640149405200980937e+01 1.388939336961196247e+01 6.692052731782179187e+00 8.196931931453169091e+04
2.270739774371238440e+01 1.642282055320695022e+01 1.396483070895437351e+01 6.738038650049961831e+00 8.164547311985483975e+04
2.278593767709502771e+01 1.647137064442049237e+01 1.397039364379233994e+01 6.819349132443891293e+00 8.190722085130853520e+04
2.286447760967358178e+01 1.648843056534141027e+01 1.405288267487387088e+01 6.865033400579574341e+00 8.127387922333214374e+04
2.294301754145629957e+01 1.647275660912740847e+01 1.405621324211673162e+01 6.917750975062229912e+00 8.144511638441868126e+04
2.302155747245133455e+01 1.652210621331159501e+01 1.409684787977291442e+01 6.987763604806082718e+00 8.133056596227665432e+04
2.310009740266672296e+01 1.646236265702187040e+01 1.405915623820615679e+01 7.036141092838044564e+00 8.132855308962469280e+04
2.317863733211038380e+01 1.653725658888149397e+01 1.412871951806598858e+01 7.073711458174307687e+00 8.104482748074672418e+04
2.325717726079013303e+01 1.655123841340952850e+01 1.418888602189047710e+01 7.133589828591061277e+00 8.096754625279674656e+04
2.333571718871368716e+01 1.656632208870575695e+01 1.423521792962775656e+01 7.184922902724544258e+00 8.078988421317187021e+04
2.341425711588865965e+01 1.662405506648453368e+01 1.426332006962003085e+01 7.281210165826032643e+00 8.087184227139184077e+04
2.349279704232255384e+01 1.663603401803890947e+01 1.427680028237834442e+01 7.309855622037109590e+00 8.079360493855272944e+04
2.357133696802278067e+01 1.666797898189368965e+01 1.435675492876299586e+01 7.348395816668512381e+00 8.064672652482513513e+04
2.364987689299664453e+01 1.667213291898942984e+01 1.437603964304508075e+01 7.405560658534209750e+00 8.059592694651983038e+04
2.372841681725136453e+01 1.672128862613096700e+01 1.438965802228437774e+01 7.482827811963629117e+00 8.039731558467811556e+04
2.380695674079405322e+01 1.679112842025135066e+01 1.449560266593935864e+01 7.548496077120924852e+00 8.003624033931642771e+04
2.388549666363174140e+01 1.677094344619712984e+01 1.452129139489767695e+01 7.579207278760270228e+00 8.024713265318730555e+04
2.396403658577134976e+01 1.676530707161563072e+01 1.453251400557492978e+01 7.649926911402079810e+00 8.020731722323580470e+04
2.404257650721972439e+01 1.685168103676244300e+01 1.457262170596580120e+01 7.721519821325194322e+00 8.006949738128152967e+04
2.412111642798362254e+01 1.684434304777944291e+01 1.462697207241259889e+01 7.759006773019445191e+00 7.997290399712810176e+04
2.419965634806970556e+01 1.683965243469887696e+01 1.466234512534526679e+01 7.821428822489486343e+00 7.978871569898207963e+04
2.427819626748454596e+01 1.693539793753697253e+01 1.469128674596469786e+01 7.902547397214666702e+00 8.003461856371149770e+04
2.435673618623464520e+01 1.700512281434702899e+01 1.481667648165727513e+01 7.939213966972105574e+00 7.983663806771609234e+04
2.443527610432640529e+01 1.697650605002977287e+01 1.479970896463333752e+01 7.992546215342686722e+00 7.962996637524933612e+04
2.451381602176616425e+01 1.704958017106106993e+01 1.486803244344947394e+01 8.064893187603887625e+00 7.975259730225559906e+04
2.459235593856016067e+01 1.700579581579483346e+01 1.489627706136251994e+01 8.113875417070186558e+00 7.962927785021862655e+04
2.467089585471456203e+01 1.702160073010595553e+01 1.492031391419166830e+01 8.203635142935281621e+00 7.939411136408150196e+04
2.474943577023546126e+01 1.711622944543718461e+01 1.498844479128669249e+01 8.258708482935213979e+00 7.955083152128002257e+04
2.482797568512887310e+01 1.711018410314329685e+01 1.502021278155365280e+01 8.330851794480171435e+00 7.953250810936854396e+04
2.490651559940072346e+01 1.709948388244654893e+01 1.504403861331000591e+01 8.376465907827880031e+00 7.933693132990079175e+04
2.498505551305688144e+01 1.715960161727955224e+01 1.508815109138049060e+01 8.447541846869937032e+00 7.911745154585402634e+04
2.506359542610313440e+01 1.729920176846585633e+01 1.517403264902495863e+01 8.560880221256066847e+00 7.950913052333336964e+04
2.514213533854519511e+01 1.728455089333096950e+01 1.522965931761875780e+01 8.582908096084905125e+00 7.931426813004942960e+04
2.522067525038871239e+01 1.735357109996463265e+01 1.525685903028897172e+01 8.640190998090815810e+00 7.956152498597223894e+04
2.529921516163925688e+01 1.737559694559503143e+01 1.529878247506673183e+01 8.710137188197554892e+00 7.935591244475090934e+04
2.537775507230233529e+01 1.735544611280751326e+01 1.536578957632927178e+01 8.783624457195223556e+00 7.942741141294757836e+04
2.545629498238338684e+01 1.738867317271660795e+01 1.540134876845739065e+01 8.851331427101733595e+00 7.935701036605551781e+04
2.553483489188777966e+01 1.745404625405956978e+01 1.541885076881491834e+01 8.917285300111030821e+00 7.940595172186748823e+04
2.561337480082082152e+01 1.747240811565501417e+01 1.546082459581455204e+01 8.972535093867536560e+00 7.927937817166591412e+04
2.569191470918774911e+01 1.746831626545193572e+01 1.553604940787303157e+01 9.027634772540906738e+00 7.902369529264813173e+04
2.577045461699373874e+01 1.760139623859995694e+01 1.561373686322890819e+01 9.166721496589143925e+00 7.931166773254386499e+04
2.584899452424390631e+01 1.766431653501652832e+01 1.566481649863706060e+01 9.208324776580271376e+00 7.948015593533762149e+04
2.592753443094329668e+01 1.766596060411648494e+01 1.573821798661128923e+01 9.275764618151566054e+00 7.942438125855442195e+04
2.600607433709690852e+01 1.773161357530631932e+01 1.578243400762017856e+01 9.352520180948607376e+00 7.952249119969538879e+04
2.608461424270966944e+01 1.779798666492840198e+01 1.581760575863099838e+01 9.429906127778838965e+00 7.995878618492955866e+04
2.616315414778644310e+01 1.779024381011618416e+01 1.587374812394681989e+01 9.456631211870421438e+00 7.961488802234693139e+04
2.624169405233205055e+01 1.788150231447280802e+01 1.601429023571056476e+01 9.512244867207938270e+00 7.983804043579839345e+04
2.632023395635124174e+01 1.785600048733629208e+01 1.594223184128933291e+01 9.613272473333941193e+00 7.942892498770148086e+04
2.639877385984871694e+01 1.791132488228278419e+01 1.605000540627798955e+01 9.651374243689391008e+00 7.950121542662566935e+04
2.647731376282911953e+01 1.799576473946909516e+01 1.609722457617984404e+01 9.731764375693058966e+00 7.972373507989443897e+04
2.655585366529703606e+01 1.808686570636235658e+01 1.625228542689127309e+01 9.818920822648712132e+00 7.969786898206912156e+04
2.663439356725699980e+01 1.808067103919815821e+01 1.625736212392522972e+01 9.878952211437063369e+00 8.014339351696115045e+04
2.671293346871349428e+01 1.822315300048952835e+01 1.632283659076403737e+01 9.981054612298416728e+00 8.008364703624669346e+04
2.679147336967094617e+01 1.834433588872690635e+01 1.642687638543288031e+01 1.003755396363938424e+01 8.005872993675190082e+04
2.687001327013372531e+01 1.828369055443314650e+01 1.644572730252394877e+01 1.012708141475249235e+01 8.007916682718560332e+04
2.694855317010616602e+01 1.827708628991758744e+01 1.647480459764372185e+01 1.019078525676103730e+01 8.021321387512370711e+04
2.702709306959254221e+01 1.832865190571697411e+01 1.656180870526398863e+01 1.022782772724631961e+01 7.971892462108550535e+04
2.710563296859707094e+01 1.839099614453503406e+01 1.651847061141105399e+01 1.031870403275928894e+01 8.048183317362602975e+04
2.718417286712393377e+01 1.848958044538986201e+01 1.671338322088210049e+01 1.037925351407739782e+01 8.001299472505945596e+04
2.726271276517725894e+01 1.860502955359604016e+01 1.675090225195528504e+01 1.049002036995138454e+01 8.045421212451640167e+04
2.734125266276112498e+01 1.849552826502524283e+01 1.680942251670593990e+01 1.052875264344504025e+01 8.007143146675784374e+04
2.741979255987956776e+01 1.857765750150254647e+01 1.691380009325995104e+01 1.059459854040560067e+01 8.055099053524283227e+04
2.749833245653658054e+01 1.858530108974731831e+01 1.689617353444955228e+01 1.065159967317545053e+01 8.032796574401015823e+04
2.757687235273609616e+01 1.864237210358096775e+01 1.695054841559999304e+01 1.070264806568302873e+01 8.005862630138816894e+04
2.765541224848202262e+01 1.867495562253534658e+01 1.697256395683861641e+01 1.085892721942479433e+01 8.062303986083689961e+04
2.773395214377820395e+01 1.867520785600054012e+01 1.701991740596062996e+01 1.088996512626678381e+01 8.064185995488565823e+04
2.781249203862845576e+01 1.859606558598176917e+01 1.693414422836726985e+01 1.092971849892413161e+01 8.023409395537522505e+04
2.789103193303654038e+01 1.868931803855922524e+01 1.708695642668340753e+01 1.104490187484809205e+01 8.029902079358455376e+04
2.796957182700618816e+01 1.874337243167192213e+01 1.724035814922174126e+01 1.114588385405381210e+01 8.012056082215000060e+04
2.804811172054107615e+01 1.876026328910849728e+01 1.724016995882551484e+01 1.118151918307991188e+01 8.020234076169010950e+04
2.812665161364485655e+01 1.880912583332774091e+01 1.736469093248632944e+01 1.122430652974510679e+01 7.999685057205293560e+04
2.820519150632112115e+01 1.875320116381496049e+01 1.730851159873920153e+01 1.126631168482285084e+01 7.918172987810203631e+04
2.828373139857343332e+01 1.859057783958142807e+01 1.726193104747598994e+01 1.142217328887885408e+01 7.934717264931926911e+04
2.836227129040531736e+01 1.872585378722725125e+01 1.734138646079550128e+01 1.140136505916358090e+01 7.897014869693611399e+04
2.844081118182025847e+01 1.874006464268175876e+01 1.735435722476316656e+01 1.156449432474290440e+01 7.882979735993154463e+04
2.851935107282169923e+01 1.869404392528616654e+01 1.740338040197543990e+01 1.156136468261570904e+01 7.848374642722912540e+04
2.859789096341304315e+01 1.868437345906046687e+01 1.739009804794722314e+01 1.164453901926987278e+01 7.810230357154486410e+04
2.867643085359765820e+01 1.864146842344737109e+01 1.737450760654544624e+01 1.166206947238228331e+01 7.812337479010138486e+04
2.875497074337888392e+01 1.862511391452233056e+01 1.745935877312468421e+01 1.178177365863289339e+01 7.823271064134237531e+04
2.883351063276001369e+01 1.867702203208367706e+01 1.747821056975053722e+01 1.197903113912244599e+01 7.820208094175477163e+04
2.891205052174430890e+01 1.857139955348531402e+01 1.741439132643427001e+01 1.192152921434509061e+01 7.685440190788870677e+04
2.899059041033499184e+01 1.869644882535941122e+01 1.752947826805801768e+01 1.210486384814490712e+01 7.780376768000578159e+04
2.906913029853525643e+01 1.870623043407481134e+01 1.753044845917883876e+01 1.208263729899787009e+01 7.763789382336253766e+04
2.914767018634825746e+01 1.878414570977131604e+01 1.761175886261064250e+01 1.220843424151934897e+01 7.762458513977279654e+04
2.922621007377712132e+01 1.869693478512993678e+01 1.764980078678914666e+01 1.225917324058000268e+01 7.772519597174930095e+04
2.930474996082492822e+01 1.870268748958094918e+01 1.776649130100241791e+01 1.238750543734893661e+01 7.778869893083836359e+04
2.938328984749474060e+01 1.885711261778522996e+01 1.783393197821957088e+01 1.247975100831290618e+01 7.711938970825722208e+04
2.946182973378957826e+01 1.870494962210949907e+01 1.784800711647021387e+01 1.259699568164731964e+01 7.714199852525704773e+04
2.954036961971243258e+01 1.877359158928698335e+01 1.785215975634281094e+01 1.256624693051965025e+01 7.681449485128257948e+04
2.961890950526625943e+01 1.877489958251235080e+01 1.789320197544095592e+01 1.278145033227022154e+01 7.713169838274571521e+04
2.969744939045398979e+01 1.887573663460920415e+01 1.783241903865974010e+01 1.277571490132510057e+01 7.725307352631512913e+04
2.977598927527852268e+01 1.904065812834758020e+01 1.795484160930320883e+01 1.282352053645123391e+01 7.723731449527046061e+04
2.985452915974272159e+01 1.899195409254517486e+01 1.819826906758565954e+01 1.292400511151272369e+01 7.678477937122956791e+04
2.993306904384942868e+01 1.912523052527174272e+01 1.829870258429345142e+01 1.317734971961340484e+01 7.742544842029669962e+04
3.001160892760143994e+01 1.910748271150157507e+01 1.821300203690730868e+01 1.327088046444869995e+01 7.769261749878653791e+04
3.009014881100154071e+01 1.915473289119239553e+01 1.811460844527637448e+01 1.328588083400472364e+01 7.764145695664153027e+04
3.016868869405248077e+01 1.917782126477046134e+01 1.831966434900970242e+01 1.328003047712083884e+01 7.794207498236084939e+04
3.024722857675697441e+01 1.927589294500731754e+01 1.856879287578194493e+01 1.346842418655025497e+01 7.714814315570260806e+04
3.032576845911771457e+01 1.924165096294657218e+01 1.841278006465450190e+01 1.344687430997939614e+01 7.644178976320243964e+04
3.040430834113736580e+01 1.942772824413894028e+01 1.850129881631578499e+01 1.367045485175697017e+01 7.807678189585456857e+04
3.048284822281856421e+01 1.935370657067188560e+01 1.849475414865239387e+01 1.361309495406464443e+01 7.758689032827601477e+04
3.056138810416392460e+01 1.943493183161763938e+01 1.862948490078797548e+01 1.378406233586879104e+01 7.690716103852083324e+04
3.063992798517602267e+01 1.941629919315296604e+01 1.870985786288789754e+01 1.373007419838818066e+01 7.785513819823526137e+04
3.071846786585741640e+01 1.966093989988779711e+01 1.867885579687138176e+01 1.384204318068228723e+01 7.860478729487438977e+04
3.079700774621063886e+01 1.968157821234993676e+01 1.906633408248988815e+01 1.407718345179772079e+01 7.829086810305212566e+04
3.087554762623818760e+01 1.964859774533370995e+01 1.902641325953460338e+01 1.420663864266076715e+01 7.842785268354551226e+04
3.095408750594254599e+01 1.998626612416497395e+01 1.943806684382710515e+01 1.443447447724241250e+01 7.783722878812786075e+04
3.103262738532617249e+01 1.998051238948568198e+01 1.940309699440333446e+01 1.441909770929290957e+01 7.906071735963855463e+04
3.111116726439149005e+01 1.969459802672216853e+01 1.925479455195923961e+01 1.441871019041743907e+01 7.890546845370619849e+04
3.118970714314090387e+01 1.997397606877640186e+01 1.955648835536507590e+01 1.455168131648144048e+01 7.871242985025285452e+04
3.126824702157679781e+01 1.996300481792021131e+01 1.962595021432957765e+01 1.466615836031090936e+01 7.867567875504119729e+04
3.134678689970152377e+01 2.027298614049435699e+01 1.964583226702279006e+01 1.492630755250586816e+01 7.824525150401298015e+04
3.142532677751741588e+01 2.031718060984553986e+01 1.972361685591246783e+01 1.486167190632986568e+01 8.011429225303788553e+04
3.150386665502678696e+01 2.006548514623097645e+01 1.978932351428867520e+01 1.492880552002119643e+01 7.875435562426588149e+04
3.158240653223192140e+01 2.022272831377512148e+01 1.972301800002768957e+01 1.495633420718453976e+01 8.002035787340908428e+04
3.166094640913508229e+01 2.038708725699514801e+01 2.012069694143661636e+01 1.508938902505326851e+01 8.043895808644191129e+04
3.173948628573851494e+01 2.064227896571685150e+01 2.002141596588614192e+01 1.533760146949513192e+01 7.976604266488445865e+04
3.181802616204443623e+01 2.075725464513699237e+01 2.034133160222348735e+01 1.523229604850253338e+01 8.065036599204760569e+04
3.189656603805504531e+01 2.059159673572297677e+01 2.023647862887946403e+01 1.541851788298110826e+01 8.050598144892236451e+04
3.197510591377251998e+01 2.075370918687466926e+01 2.041957848650120866e+01 1.561373863475110113e+01 8.012363957358503831e+04
3.205364578919900964e+01 2.086608722696497864e+01 2.057273454148052139e+01 1.576937145588575717e+01 8.086873563889403886e+04
3.213218566433665302e+01 2.113231012282300014e+01 2.051361987127245712e+01 1.589850329417871677e+01 8.249802402842543961e+04
3.221072553918755688e+01 2.125850389408047292e+01 2.078485200232840313e+01 1.574837772403352609e+01 8.145310617126786383e+04
3.228926541375382442e+01 2.164166219436412675e+01 2.112645950266096406e+01 1.594726576233821902e+01 8.194168050255447451e+04
3.236780528803751622e+01 2.119291129668329887e+01 2.091685209346345431e+01 1.613187290631488580e+01 8.292762281563066063e+04
3.244634516204068575e+01 2.184528033974729411e+01 2.095748818647912870e+01 1.627056446107171794e+01 8.382876126450220181e+04
3.252488503576537227e+01 2.135894739328183078e+01 2.085931945266170828e+01 1.631321435251829399e+01 8.276305175180746301e+04
3.260342490921358660e+01 2.171730107120155040e+01 2.108608078805944430e+01 1.676647141160203347e+01 8.249013192417635582e+04
3.268196478238731828e+01 2.161415881243910420e+01 2.122681274440075327e+01 1.648553997406256855e+01 8.437991969048019382e+04
3.276050465528854261e+01 2.232511360262060052e+01 2.185220734280062160e+01 1.683900007104527319e+01 8.394779949563760601e+04
3.283904452791921358e+01 2.234648910113361708e+01 2.192082263629236039e+01 1.694306563085036998e+01 8.524079836097612861e+04
3.291758440028127097e+01 2.219202779745589638e+01 2.191894452877242472e+01 1.696902100134194669e+01 8.457202425762418716e+04
3.299612427237663326e+01 2.253300666225266013e+01 2.173798235525955036e+01 1.694590130634356839e+01 8.629561424390294997e+04
3.307466414420719758e+01 2.266591530139141497e+01 2.236593087060608553e+01 1.693332135423059270e+01 8.602621583625556377e+04
3.315320401577483977e+01 2.296190399041220687e+01 2.225755533734895764e+01 1.753534334887845603e+01 8.667655175622663228e+04
3.323174388708143567e+01 2.237396874244576850e+01 2.237864162456022754e+01 1.740158792480731265e+01 8.386790747285792895e+04
3.331028375812883269e+01 2.256427019012185653e+01 2.224059824634867155e+01 1.725389328581586312e+01 8.549825874646217562e+04
3.338882362891884981e+01 2.279005583317233530e+01 2.231461356877857227e+01 1.775525437014318442e+01 8.546539402087335475e+04
3.346736349945329891e+01 2.348300616088374682e+01 2.293061028589063710e+01 1.756964538346779037e+01 8.457159017651887552e+04
3.354590336973399189e+01 2.391202718979444697e+01 2.200863341332815182e+01 1.763391314956566092e+01 8.991431707833084511e+04
3.362444323976268379e+01 2.396224277626964394e+01 2.286087221699020944e+01 1.846872640810028088e+01 9.192396689887357934e+04
3.370298310954115806e+01 2.279310375152290291e+01 2.207040640411621624e+01 1.775180992865456275e+01 8.633503314325537940e+04
3.378152297907114132e+01 2.417120582913419469e+01 2.248819628978712615e+01 1.851424345042720887e+01 8.867957770410555531e+04
3.386006284835436730e+01 2.382618033491523946e+01 2.286378245112239327e+01 1.815536170604260846e+01 8.877838052357235574e+04
3.393860271739255552e+01 2.449670143369287700e+01 2.358658476946058258e+01 1.917362368819719620e+01 9.343413535112151294e+04
3.401714258618739706e+01 2.340091687847236912e+01 2.375441986700047181e+01 1.750181394954925906e+01 8.793566861494129989e+04
3.409568245474058301e+01 2.545880209977853070e+01 2.471729502983097504e+01 2.022247470019351212e+01 9.535705287142856105e+04
3.417422232305376895e+01 2.241071145263720865e+01 2.193283638956881632e+01 1.739380009929674387e+01 9.582761274610646069e+04
3.425276219112861043e+01 2.411382105357866124e+01 2.314081897815615463e+01 1.847385352573755668e+01 9.356224335392487410e+04
3.433130205896674880e+01 2.452234980508505302e+01 2.451438051259346906e+01 1.886999540057182401e+01 8.652543902740809426e+04
3.440984192656979701e+01 2.520124409021001810e+01 2.255963984504368725e+01 1.845681254856983955e+01 8.890749307978439901e+04
3.448838179393936088e+01 2.802209041721976845e+01 2.471161871425676892e+01 1.854409531810831524e+01 9.797694010967569193e+04
3.456692166107702491e+01 2.553076974476565297e+01 2.432753452839205366e+01 2.010206217890326741e+01 9.324627445209369762e+04
3.464546152798438072e+01 2.887865606566823828e+01 2.736073108107155605e+01 1.179035461977982457e+01 1.054469579520428233e+05
3.472400139466299152e+01 2.635646585018506727e+01 1.869606991059854195e+01 2.286908588772908502e+01 1.057108674155785411e+05
