# 0.9997 0.9998
7.871241428633635184e-02 7.685185192899428308e-02 7.800341780460465224e-02 7.372267515795911674e-06 8.098289169178568727e+02
1.618072713909662341e-01 1.710511188668678850e-01 1.731916737339404544e-01 4.441707800013919646e-05 3.227943371021230632e+03
2.418771330418761079e-01 3.461311490690754389e-01 3.461544614637632189e-01 5.910618613378304173e-05 4.423885374112521276e+03
3.211923215201240578e-01 5.364775898689412292e-01 5.414311796072321936e-01 1.377515804728144310e-04 8.651408611974666201e+03
4.002017901256537113e-01 5.180524639537571474e-01 5.218312155512900841e-01 1.961524903791889987e-04 1.219058190717311300e+04
4.790568272527075955e-01 6.120465851796507151e-01 6.156493936982575521e-01 3.531746313970389180e-04 1.198782029997164318e+04
5.578229290343351687e-01 6.554210947217066208e-01 6.585908498449111192e-01 5.004720111555343567e-04 1.726339416460131906e+04
6.365331115321660738e-01 7.783589717462828794e-01 7.801409919918722569e-01 7.012449098505824183e-04 1.846788370560478870e+04
7.152058371535838788e-01 7.046400056653168154e-01 7.082778234749042001e-01 9.785166634201298338e-04 2.109176456956592665e+04
7.938522421846891941e-01 7.954072866598740355e-01 7.960232427453247661e-01 1.182475082534164721e-03 2.220647969321538039e+04
8.724794443688169698e-01 8.458520338311451559e-01 8.415761219168237384e-01 1.471828102868682434e-03 2.368714073247605120e+04
9.510922062407737299e-01 8.453098170024169189e-01 8.419914985277933139e-01 1.759590598830289071e-03 2.584827120111304976e+04
1.029693835175838679e+00 9.248502076939645322e-01 9.109295075311917289e-01 2.197404545274801464e-03 2.629063127252995037e+04
1.108286699878543891e+00 9.760909958207248938e-01 9.606933632806696766e-01 2.552422625867216063e-03 2.695396236279113873e+04
1.186872541411916560e+00 9.372897576119360030e-01 9.210660788082806194e-01 3.184893857731076108e-03 2.863918944371127873e+04
1.265452668213572940e+00 1.022368325218669050e+00 9.979416131609670781e-01 3.633411991226656763e-03 3.034507007005530249e+04
1.344028082638708543e+00 1.062717552819720801e+00 1.036994130579868223e+00 4.290067123685995312e-03 3.290440096794594865e+04
1.422599565533279709e+00 1.139899465487120844e+00 1.111179563253789082e+00 4.675293984988425529e-03 3.247975404680772044e+04
1.501167734229200246e+00 1.213761809906090949e+00 1.174115883818193096e+00 5.483570403273516254e-03 3.430806618344493472e+04
1.579733083222462531e+00 1.217365702074616474e+00 1.174875394785372951e+00 6.111584264812595230e-03 3.668849215418621316e+04
1.658296013281593151e+00 1.212766532865774405e+00 1.165344390514629236e+00 6.659934336631915218e-03 3.710769291205309128e+04
1.736856852652245875e+00 1.270794271275776710e+00 1.214221041800167544e+00 7.729276747070904473e-03 3.696963151740579633e+04
1.815415872753641580e+00 1.341290787739876089e+00 1.279016963037195476e+00 8.659418891179788275e-03 3.894120306351999898e+04
1.893973299967037560e+00 1.379567664027554708e+00 1.308456084998291802e+00 9.634922253703210107e-03 3.963195603418225073e+04
1.972529324606241641e+00 1.416369748851729282e+00 1.341173797281149938e+00 1.061071091095740042e-02 4.151493827012929978e+04
2.051084107826015579e+00 1.440218944826706426e+00 1.355043441969275175e+00 1.178308819156989595e-02 4.259464893798893900e+04
2.129637787001040561e+00 1.546560740889677987e+00 1.449553110896985020e+00 1.256838228457842106e-02 4.407628314212003170e+04
2.208190479956450680e+00 1.573539491880712626e+00 1.470609377085991154e+00 1.394913747997398971e-02 4.468149379197688540e+04
2.286742288326184092e+00 1.609120412325545368e+00 1.502406020798904507e+00 1.510052152768063746e-02 4.484682879608683288e+04
2.365293300241981811e+00 1.616086054222432900e+00 1.501072346895794052e+00 1.638804542831830482e-02 4.557081910885108664e+04
2.443843592503681883e+00 1.693399205114431538e+00 1.570540581274010972e+00 1.786042879431748789e-02 4.749661664192357421e+04
2.522393232343909553e+00 1.746812125518410808e+00 1.616626076779578147e+00 1.880315192422039872e-02 4.813728672938956151e+04
2.600942278872942381e+00 1.775186503471517963e+00 1.635513889630279438e+00 2.080314366897810172e-02 4.992666487129477900e+04
2.679490784269383141e+00 1.807046483065701592e+00 1.652228588057189862e+00 2.226160491938238700e-02 4.925771566046767839e+04
2.758038794767343038e+00 1.868390530721276033e+00 1.707373158985812989e+00 2.367713382621765977e-02 5.086744685121605289e+04
2.836586351479573942e+00 1.936389489104036743e+00 1.765471433938978985e+00 2.562083142557169957e-02 5.259401857952659338e+04
2.915133491087511963e+00 1.981675575870617489e+00 1.801146893553578598e+00 2.704226402303044896e-02 5.233194339747157210e+04
2.993680246422668834e+00 2.049464626516288135e+00 1.863565262072605533e+00 2.869112211429897252e-02 5.223725598206499853e+04
3.072226646958827967e+00 2.092026343518596843e+00 1.886275317308340860e+00 3.148312146789376820e-02 5.416795493907033233e+04
3.150772719230606977e+00 2.087609407302542408e+00 1.883637442101269377e+00 3.259852465537051852e-02 5.432767961154809745e+04
3.229318487190934395e+00 2.125132661892989994e+00 1.907232117778169922e+00 3.529220401172043081e-02 5.480846147629650659e+04
3.307863972517584905e+00 2.212500244850448716e+00 1.982241309501878712e+00 3.667320491602490268e-02 5.557020201458231895e+04
3.386409194877053608e+00 2.252621062422382803e+00 2.010294536791206621e+00 3.907355225863317488e-02 5.739806398341517342e+04
3.464954172152534095e+00 2.276573735081266481e+00 2.031806613832164654e+00 4.112837209962925955e-02 5.720611456836867001e+04
3.543498920641575456e+00 2.361862350889617268e+00 2.099077106445355501e+00 4.349684726607739443e-02 5.868472230913011299e+04
3.622043455228019404e+00 2.355627027014717711e+00 2.098653397866054426e+00 4.554225256906375280e-02 5.861096384225545626e+04
3.700587789532037597e+00 2.449701740952318740e+00 2.165843115647506423e+00 4.830617842093547221e-02 5.942653992964948702e+04
3.779131936041457696e+00 2.465342139101483365e+00 2.180351268204344439e+00 5.093660514152451024e-02 6.042260727456952736e+04
3.857675906227046259e+00 2.499449687663225284e+00 2.205579144000080927e+00 5.329149745080027922e-02 6.121226338879344257e+04
3.936219710643986680e+00 2.559068591825330863e+00 2.251372041726042994e+00 5.596356824095472665e-02 6.175167924800587934e+04
4.014763359021444877e+00 2.601122837026212942e+00 2.285040135867741018e+00 5.866804169265675550e-02 6.115076662024352117e+04
4.093306860341824560e+00 2.661521060209337541e+00 2.329798647243563892e+00 6.122429478865800551e-02 6.264669492878991878e+04
4.171850222911064776e+00 2.708521894765552496e+00 2.367563617264876630e+00 6.372599962731588519e-02 6.330799841582398949e+04
4.250393454421145911e+00 2.712167364882500209e+00 2.364281060667708712e+00 6.692095687414517657e-02 6.326255759146346827e+04
4.328936562005788247e+00 2.751705138218114577e+00 2.402818303010470391e+00 6.963348596747348518e-02 6.479491142644797219e+04
4.407479552290201497e+00 2.821507390565086038e+00 2.456519721614376817e+00 7.255440456331392618e-02 6.447138756420466962e+04
4.486022431435594982e+00 2.836969796006245659e+00 2.466011921016387110e+00 7.508855870159487911e-02 6.559424863921247015e+04
4.564565205179107465e+00 2.908674926143617334e+00 2.526936974785877865e+00 7.866467227457785150e-02 6.616270483384140243e+04
4.643107878869670024e+00 2.920706340494818143e+00 2.528228227558887653e+00 8.206147406123469323e-02 6.687480931627139216e+04
4.721650457500300213e+00 2.957320908005433679e+00 2.558365386982859313e+00 8.499464372708322168e-02 6.681693802300638345e+04
4.800192945737217443e+00 3.024998327505751039e+00 2.606237508145769599e+00 8.893446915116175189e-02 6.764135597874116502e+04
4.878735347946150824e+00 3.032556428106558677e+00 2.614777361826209567e+00 9.168687864215301075e-02 6.852380982954792853e+04
4.957277668216146793e+00 3.100354209208117329e+00 2.664464300619023174e+00 9.719508594683427816e-02 6.847570754342287546e+04
5.035819910381144737e+00 3.150559867746558051e+00 2.701246102713898534e+00 9.961102770887961255e-02 6.821344934349659889e+04
5.114362078039562221e+00 3.191683617541877904e+00 2.734027310392745935e+00 1.037667063044596244e-01 6.949643215551228786e+04
5.192904174572115394e+00 3.175525649125350736e+00 2.714408549597045361e+00 1.067369362098711805e-01 7.002418869795276260e+04
5.271446203158030919e+00 3.246025345186582367e+00 2.767487591349521825e+00 1.116427385808644729e-01 7.060567669106976246e+04
5.349988166789838573e+00 3.274188449753888452e+00 2.795899681132900660e+00 1.148742090616201306e-01 7.083170313376185368e+04
5.428530068286878674e+00 3.359401241527756987e+00 2.856769816397362050e+00 1.196732806104698343e-01 7.132698872530090739e+04
5.507071910307648643e+00 3.362830572924805139e+00 2.855301753750979721e+00 1.244461747814971514e-01 7.156830941471832921e+04
5.585613695361120179e+00 3.433267337294499288e+00 2.906801685770090238e+00 1.291858147531759482e-01 7.289372824034214136e+04
5.664155425817094525e+00 3.463188346327136902e+00 2.942694484970544533e+00 1.321352394875910108e-01 7.258619469030835899e+04
5.742697103915729961e+00 3.482117513107817253e+00 2.958948111288870919e+00 1.343520421431931011e-01 7.265513667031515797e+04
5.821238731776284148e+00 3.517217639024019959e+00 2.984099553964580931e+00 1.399953147333805048e-01 7.297914390577163431e+04
5.899780311405160127e+00 3.557376738993514476e+00 3.011668011879367501e+00 1.442556463276098155e-01 7.387875803869799711e+04
5.978321844703323507e+00 3.600659466820228527e+00 3.041664178128420382e+00 1.492299235293883253e-01 7.439735813062071975e+04
6.056863333473133437e+00 3.630148445384845601e+00 3.064462778519671193e+00 1.545394948446540961e-01 7.513280627438233932e+04
6.135404779424661115e+00 3.688206692109416096e+00 3.102223446788148209e+00 1.588431581612025911e-01 7.543749736867134925e+04
6.213946184181517118e+00 3.706807539779652050e+00 3.128348066204889033e+00 1.623244731798704210e-01 7.562885361510599614e+04
6.292487549286247983e+00 3.807595285747406244e+00 3.201272797622634503e+00 1.691665794284714364e-01 7.629684313585591735e+04
6.371028876205335756e+00 3.806452575148977946e+00 3.209655013393841294e+00 1.705222406823545811e-01 7.600771306205535075e+04
6.449570166333828070e+00 3.807864243552153471e+00 3.190309782584261011e+00 1.782417352108030539e-01 7.684631581479204760e+04
6.528111420999634262e+00 3.892736347093992411e+00 3.265234384330025552e+00 1.843089300346313353e-01 7.629508220230959705e+04
6.606652641467518627e+00 3.906851099806308181e+00 3.271104285548635637e+00 1.902800455409462965e-01 7.693029249114000413e+04
6.685193828942805006e+00 3.984646965257175211e+00 3.337804966270221829e+00 1.934227814627671183e-01 7.666687699506887293e+04
6.763734984574836240e+00 3.972968926737557638e+00 3.323673562907347279e+00 1.995208188541386929e-01 7.673104590433138947e+04
6.842276109460177835e+00 4.029556853409902217e+00 3.359645446731975849e+00 2.060969246444409320e-01 7.757272333704181074e+04
6.920817204645620890e+00 4.064528380319037737e+00 3.387619787330942156e+00 2.115117972860397488e-01 7.835607293864566600e+04
6.999358271130968312e+00 4.122501003377258222e+00 3.436056534148646424e+00 2.162454699813382286e-01 7.871608111091805040e+04
7.077899309871646949e+00 4.156559530604076791e+00 3.465208573819782423e+00 2.205053803647933075e-01 7.884074771785574558e+04
7.156440321781138536e+00 4.205100979772048220e+00 3.504805386146643276e+00 2.260638430965703216e-01 7.823466998879516905e+04
7.234981307733260536e+00 4.300923949725174111e+00 3.566717248702982790e+00 2.360880659057611186e-01 7.900790682024245325e+04
7.313522268564292439e+00 4.266060884623569471e+00 3.539696835044692680e+00 2.402977933301667091e-01 7.895088934074736608e+04
7.392063205074973276e+00 4.315209771398164307e+00 3.576317529215118807e+00 2.455076766200569305e-01 7.888691229804400064e+04
7.470604118032365015e+00 4.349726175781419180e+00 3.602230451033877401e+00 2.517594529964224392e-01 7.973060625124735816e+04
7.549145008171610272e+00 4.354815532797039701e+00 3.605741677025492198e+00 2.564210475562374580e-01 8.016058710642886581e+04
7.627685876197570103e+00 4.414459820801757139e+00 3.650460967636649734e+00 2.658150807369961122e-01 8.014918309096820303e+04
7.706226722786373884e+00 4.466120590338938712e+00 3.690521938650943579e+00 2.705781504321251307e-01 8.016455820021558611e+04
7.784767548586863484e+00 4.470160310874253362e+00 3.687869889638856868e+00 2.769735513071286959e-01 7.957116552866001439e+04
7.863308354221953955e+00 4.535400459410006135e+00 3.740632666171001208e+00 2.823223924134491969e-01 8.086023280124703888e+04
7.941849140289923170e+00 4.615683216621611074e+00 3.806868028887563593e+00 2.919569962884193126e-01 7.984106933327688603e+04
8.020389907365611748e+00 4.617618149550017037e+00 3.795993414094232410e+00 2.981327106301378538e-01 8.141835929990479781e+04
8.098930656001561701e+00 4.649749551894052146e+00 3.827425087283181426e+00 3.068048418763874574e-01 8.112513848063138721e+04
8.177471386729090241e+00 4.699672371056426989e+00 3.875364948050848302e+00 3.099726456811761066e-01 8.098963181876009912e+04
8.256012100059292536e+00 4.747988126627378236e+00 3.910973519844498369e+00 3.176266647646068253e-01 8.139228824682939739e+04
8.334552796484000936e+00 4.741670465763508702e+00 3.892578089699251453e+00 3.258944862572644707e-01 8.147501648322671826e+04
8.413093476476680266e+00 4.811498530373304661e+00 3.952583021056994106e+00 3.325639576202338299e-01 8.114247054488024150e+04
8.491634140493276917e+00 4.868077340815877285e+00 4.005561538663433119e+00 3.384361982856998741e-01 8.140894833901562379e+04
8.570174788973028868e+00 4.874544098153219096e+00 4.004751285412913475e+00 3.443674621360784394e-01 8.150072888540179702e+04
8.648715422339215309e+00 4.919224192852955646e+00 4.050312298460154281e+00 3.525896423235340693e-01 8.206468213640710746e+04
8.727256040999876063e+00 4.930510333489661612e+00 4.049991165571356078e+00 3.600407035365921216e-01 8.141559474932517332e+04
8.805796645348495488e+00 4.998512795520326790e+00 4.106158271280812677e+00 3.682645786180599456e-01 8.119311649422076880e+04
8.884337235764643737e+00 5.031459383110684414e+00 4.125307245456946603e+00 3.741420236032024227e-01 8.157379100250214105e+04
8.962877812614589601e+00 5.075145105676429402e+00 4.161429119204575144e+00 3.832876474796073074e-01 8.253921345989950350e+04
9.041418376251867173e+00 5.104095029448453502e+00 4.189673946565787510e+00 3.885125429229180916e-01 8.268870826461342222e+04
9.119958927017840722e+00 5.099432065714487372e+00 4.174476224186828510e+00 4.005442358897723931e-01 8.236233492948657658e+04
9.198499465242209183e+00 5.179554532055963278e+00 4.241400218467995309e+00 4.078967437954079678e-01 8.243546703934654943e+04
9.277039991243508865e+00 5.197962499298125927e+00 4.247277182001862883e+00 4.156512911747919370e-01 8.179846839390427340e+04
9.355580505329580632e+00 5.260653229407705744e+00 4.299726695041928615e+00 4.253202579218250401e-01 8.243210627829802979e+04
9.434121007798012215e+00 5.282187805994097651e+00 4.316769674530666734e+00 4.289612757905209572e-01 8.259923162204053369e+04
9.512661498936562765e+00 5.371849039228736800e+00 4.384997814908914826e+00 4.392866258306661331e-01 8.288153907673124922e+04
9.591201979023569635e+00 5.372411458416351593e+00 4.392471868683547775e+00 4.495146039465952037e-01 8.239977332957320323e+04
9.669742448328321416e+00 5.408326681976586947e+00 4.415587856802518196e+00 4.603123971622542498e-01 8.227133103940555884e+04
9.748282907111432749e+00 5.456465065560361261e+00 4.449261929647179592e+00 4.671026189599053469e-01 8.260131597434500873e+04
9.826823355625185386e+00 5.467332668707322263e+00 4.463498477951311827e+00 4.772593891904261532e-01 8.255590187432931270e+04
9.905363794113858589e+00 5.516275446758791112e+00 4.489530352080949527e+00 4.878425422703189795e-01 8.247811244034649280e+04
9.983904222814045326e+00 5.531873549199159079e+00 4.503496920566566253e+00 4.948107954187266344e-01 8.225048900205011887e+04
1.006244464195495070e+01 5.593695223423273077e+00 4.554449810192608084e+00 5.014646812715622959e-01 8.243487704337727337e+04
1.014098505175868148e+01 5.582801757172369150e+00 4.547619678531519050e+00 5.122501930734325581e-01 8.240581901262881001e+04
1.021952545244051613e+01 5.643622234436568519e+00 4.593487184813745294e+00 5.194189699789178993e-01 8.267850632150059391e+04
1.029806584420916415e+01 5.693405854372963759e+00 4.626138618753875775e+00 5.325229928717080119e-01 8.218999768425663933e+04
1.037660622726701654e+01 5.722913331690076433e+00 4.658954729615435220e+00 5.373862761971346380e-01 8.272555195272427227e+04
1.045514660181038380e+01 5.751033025422582767e+00 4.678498602532489947e+00 5.456974132469329941e-01 8.212250152212652029e+04
1.053368696802971982e+01 5.772976406549786610e+00 4.706712071787824136e+00 5.547516396658711546e-01 8.240466656370136479e+04
1.061222732610984210e+01 5.818210612707139795e+00 4.729967649419442033e+00 5.675535982095841758e-01 8.240261701588693541e+04
1.069076767623013779e+01 5.877739733629391061e+00 4.782546161795979245e+00 5.748011813194452424e-01 8.251488860138287419e+04
1.076930801856475739e+01 5.891635706161721941e+00 4.784363388273311202e+00 5.859513307215433731e-01 8.253366903162481321e+04
1.084784835328281005e+01 5.939996962449105133e+00 4.823403501885929145e+00 5.969634595240471686e-01 8.217118515333953837e+04
1.092638868054854306e+01 5.987738050149909341e+00 4.856382045600733832e+00 6.041433813618170001e-01 8.212244854073708120e+04
1.100492900052151413e+01 6.023141879654261288e+00 4.901173884580823703e+00 6.152299460452073099e-01 8.210507708706271660e+04
1.108346931335675833e+01 6.054913504349825004e+00 4.928002579177424458e+00 6.235736040082509035e-01 8.160662356446895865e+04
1.116200961920494805e+01 6.069544974766571954e+00 4.931970725440834258e+00 6.331738647263104314e-01 8.183903885365212045e+04
1.124054991821254212e+01 6.082906870019824552e+00 4.950099901999132967e+00 6.395902645300842737e-01 8.172188835221291811e+04
1.131909021052193687e+01 6.099176922328888750e+00 4.958565714958338866e+00 6.512441018010782789e-01 8.161266851709858747e+04
1.139763049627160285e+01 6.135732845857114981e+00 4.992489618957656639e+00 6.627840737399212090e-01 8.140889252494656830e+04
1.147617077559622167e+01 6.160683295522959568e+00 5.016535020292043789e+00 6.748645836212054938e-01 8.164371398454607697e+04
1.155471104862680853e+01 6.237135201393812167e+00 5.065583249275414701e+00 6.845751562128626899e-01 8.131361136851907941e+04
1.163325131549084368e+01 6.264165608092151949e+00 5.089701583170452182e+00 6.948014170386922483e-01 8.170669046146831533e+04
1.171179157631238787e+01 6.279442026763859985e+00 5.112038342219539011e+00 7.030269064544294455e-01 8.107682755386983627e+04
1.179033183121219608e+01 6.317992840098552776e+00 5.148998826252329408e+00 7.114880743014054820e-01 8.087489315095881466e+04
1.186887208030782759e+01 6.360094577315640763e+00 5.165081773411130506e+00 7.261215590595989644e-01 8.083544519056039280e+04
1.194741232371374728e+01 6.372176315471685726e+00 5.190984600421905348e+00 7.334590281779576060e-01 8.106917033851711312e+04
1.202595256154143222e+01 6.380186477952101143e+00 5.196699722933621146e+00 7.438817498464187494e-01 8.055097775062022265e+04
1.210449279389946753e+01 6.425397210374406143e+00 5.233147471937926731e+00 7.570749102831884070e-01 8.041381885731960938e+04
1.218303302089363527e+01 6.437066733489096748e+00 5.240960515031629186e+00 7.657374835194276086e-01 8.054397818517118867e+04
1.226157324262700676e+01 6.472712581083892580e+00 5.262636319899123727e+00 7.772650488021776161e-01 8.051815355857879331e+04
1.234011345920003322e+01 6.534988845978057626e+00 5.318702454486755826e+00 7.866971451481249433e-01 8.035959846434429346e+04
1.241865367071062565e+01 6.538813433686077481e+00 5.313385449297520324e+00 8.006765191041091967e-01 8.017910013465261727e+04
1.249719387725422415e+01 6.603024934677083735e+00 5.368487091621571672e+00 8.123265930324574668e-01 7.991315133861155482e+04
1.257573407892389383e+01 6.584353353991500235e+00 5.363058518828380805e+00 8.251813879189471290e-01 7.972264179432658420e+04
1.265427427581038877e+01 6.630677201796725484e+00 5.407770284386770321e+00 8.380709203907876770e-01 7.955025533788584289e+04
1.273281446800221772e+01 6.640622116318748880e+00 5.398245206750737601e+00 8.493569890364925934e-01 7.961565585166557867e+04
1.281135465558572584e+01 6.691908472618072423e+00 5.451914210354637191e+00 8.601505497202410755e-01 7.931879977817433246e+04
1.288989483864514796e+01 6.744325776925570004e+00 5.480060849065531592e+00 8.756266329902184786e-01 7.896522090832653339e+04
1.296843501726268322e+01 6.776375660097218478e+00 5.521782372722235266e+00 8.847779387102262527e-01 7.908382707623066381e+04
1.304697519151855190e+01 6.758014911623470233e+00 5.497258828025219479e+00 8.967858370297627779e-01 7.892398891224667022e+04
1.312551536149104692e+01 6.777623368207791543e+00 5.522342520488946249e+00 9.081717149752497331e-01 7.874900200536639022e+04
1.320405552725660492e+01 6.819705523344548936e+00 5.568214874702020367e+00 9.220826896832030606e-01 7.838940073460478743e+04
1.328259568888985243e+01 6.849265991157088784e+00 5.579348350155183489e+00 9.370403711964003790e-01 7.837595103631132224e+04
1.336113584646366270e+01 6.879465423296568183e+00 5.599936611933481245e+00 9.470350073114213174e-01 7.812675094691543200e+04
1.343967600004920548e+01 6.879339588315286136e+00 5.607462869332139555e+00 9.600934593936988337e-01 7.798889313724788371e+04
1.351821614971599317e+01 6.907113310077149571e+00 5.630753299269837697e+00 9.743141324539348336e-01 7.806362151480295870e+04
1.359675629553193588e+01 6.911560840653645954e+00 5.651207014048857502e+00 9.831448344151785257e-01 7.770590117087094404e+04
1.367529643756338231e+01 6.938108288918204636e+00 5.671744862585343938e+00 9.931630165903705398e-01 7.759011265791523329e+04
1.375383657587516595e+01 6.996803188692143571e+00 5.699888571611220200e+00 1.011355129723187085e+00 7.727031861697422573e+04
1.383237671053064766e+01 7.010323776523401662e+00 5.721753899646552455e+00 1.026457715649904623e+00 7.722147687498730375e+04
1.391091684159175834e+01 7.071332160472928230e+00 5.770005948618143421e+00 1.037854305911196429e+00 7.699373597238259390e+04
1.398945696911903269e+01 7.095239559243898597e+00 5.798967008975592918e+00 1.047493342252476367e+00 7.684475181074262946e+04
1.406799709317166069e+01 7.122436955800472091e+00 5.808485326351585876e+00 1.071591075533598891e+00 7.691264959596672270e+04
1.414653721380751428e+01 7.132992124055866690e+00 5.835570524172810636e+00 1.073889709185401387e+00 7.668938700518671249e+04
1.422507733108318817e+01 7.157561283478623082e+00 5.852016804029567254e+00 1.091595708482622440e+00 7.628957879404161940e+04
1.430361744505403543e+01 7.177373275319903989e+00 5.868975200936346504e+00 1.104893737628525052e+00 7.629493220754593494e+04
1.438215755577419586e+01 7.213789404177663123e+00 5.905777466662259556e+00 1.122466710709659976e+00 7.576314099368784809e+04
1.446069766329663686e+01 7.229245179704009594e+00 5.913173197259547820e+00 1.134719166497265563e+00 7.570550086218130309e+04
1.453923776767318010e+01 7.269347457038231930e+00 5.941585297811356803e+00 1.144641815535462515e+00 7.543953801142767770e+04
1.461777786895453346e+01 7.292078907809174559e+00 5.974255581603039822e+00 1.158455189903364158e+00 7.534048270557470096e+04
1.469631796719032302e+01 7.295096788981489944e+00 5.980860581288723665e+00 1.172582134396706222e+00 7.481307316433366213e+04
1.477485806242911437e+01 7.321739230957621913e+00 6.001018341659892563e+00 1.190067206884977580e+00 7.506457010853923566e+04
1.485339815471844993e+01 7.363141715147089705e+00 6.039093649578187062e+00 1.209660016024211915e+00 7.475980269989791850e+04
1.493193824410487203e+01 7.404977976551593066e+00 6.063577937796967632e+00 1.221484908474868458e+00 7.483070699738644180e+04
1.501047833063394421e+01 7.414595938097418681e+00 6.074542158643355449e+00 1.235322508488962967e+00 7.464472319926701311e+04
1.508901841435028857e+01 7.426358917181780761e+00 6.099829568462469709e+00 1.249617487591243137e+00 7.443852426894499513e+04
1.516755849529759992e+01 7.478580850039945993e+00 6.147622367552743938e+00 1.265417066808225410e+00 7.399213067052260158e+04
1.524609857351867070e+01 7.473791597187540603e+00 6.146571377837564576e+00 1.282498192198099130e+00 7.396647693200525828e+04
1.532463864905541762e+01 7.516454444011380964e+00 6.165108342967882571e+00 1.297395485627344858e+00 7.350566008826449979e+04
1.540317872194890292e+01 7.541793632161220451e+00 6.204151345679187024e+00 1.313563119686580460e+00 7.360259315715979028e+04
1.548171879223935399e+01 7.571627202972729620e+00 6.211632255436777328e+00 1.331257630008736870e+00 7.334345621673477581e+04
1.556025885996618996e+01 7.586699163019945402e+00 6.247220704722439955e+00 1.341835065056745213e+00 7.304279276482076966e+04
1.563879892516803238e+01 7.604488727859809671e+00 6.263228971906921849e+00 1.356674656644161647e+00 7.302202397872570145e+04
1.571733898788273187e+01 7.632406210737921803e+00 6.295550166771387346e+00 1.371616357846697332e+00 7.289509646488742146e+04
1.579587904814739119e+01 7.679987847308302307e+00 6.322861342671962426e+00 1.390643788444603235e+00 7.283348850283805223e+04
1.587441910599837769e+01 7.697887818889381784e+00 6.350700901087219741e+00 1.405600184722446855e+00 7.244514242446940625e+04
1.595295916147133575e+01 7.723326250586735497e+00 6.365971380940510294e+00 1.421310403154132818e+00 7.207766408961363777e+04
1.603149921460121874e+01 7.752667862467937709e+00 6.403279125910161795e+00 1.444996769293000138e+00 7.218325149632313696e+04
1.611003926542229436e+01 7.759069732734655389e+00 6.407178002629157376e+00 1.459262304225460438e+00 7.178674648872662510e+04
1.618857931396816596e+01 7.835518547663165911e+00 6.458358766795161188e+00 1.478003358302108383e+00 7.191504865117193549e+04
1.626711936027179561e+01 7.870052154565078339e+00 6.500329364968698620e+00 1.489786697042771113e+00 7.139499389258540759e+04
1.634565940436549525e+01 7.870123468275177281e+00 6.482358724898086066e+00 1.517367626186304719e+00 7.141969673867194797e+04
1.642419944628097639e+01 7.893308985854016413e+00 6.527080396014270036e+00 1.524748564508516591e+00 7.118064922691699758e+04
1.650273948604932883e+01 7.928566936384857655e+00 6.549833291647577660e+00 1.540989382112577966e+00 7.127797438806398713e+04
1.658127952370107394e+01 7.944086715855165792e+00 6.565115203754343653e+00 1.561372554121849054e+00 7.090003520750996540e+04
1.665981955926614333e+01 7.974175453266502345e+00 6.585683503025950181e+00 1.577601905808311278e+00 7.080954773029674834e+04
1.673835959277390728e+01 8.015680013392810110e+00 6.634441693732759049e+00 1.595445765132471161e+00 7.071702656438769191e+04
1.681689962425318896e+01 8.038019767060623266e+00 6.652083307727622241e+00 1.619445173797404047e+00 7.049618137937627034e+04
1.689543965373228218e+01 8.074505702924273720e+00 6.680899159887250249e+00 1.637210128056801883e+00 7.017532860095186334e+04
1.697397968123895495e+01 8.065649525420171884e+00 6.681478399660086609e+00 1.648856910725383651e+00 7.026954390560233151e+04
1.705251970680045304e+01 8.126042028994472588e+00 6.722391554495784405e+00 1.676824996393914136e+00 7.011974605369775963e+04
1.713105973044353902e+01 8.147848547932767360e+00 6.746599060041153173e+00 1.689403268959163817e+00 7.003808424515969818e+04
1.720959975219447102e+01 8.198314945723559788e+00 6.793406025392155989e+00 1.706973008837113337e+00 6.982990328140404017e+04
1.728813977207903463e+01 8.223858960981450750e+00 6.822656205347102265e+00 1.732961651804395320e+00 6.980453030714741908e+04
1.736667979012256424e+01 8.241699528485810333e+00 6.867890196734096619e+00 1.741992192307624032e+00 6.961396831274978467e+04
1.744521980634991110e+01 8.283632469689866440e+00 6.883194152874352767e+00 1.768364617009985817e+00 6.940852449069192517e+04
1.752375982078550365e+01 8.272705793046796430e+00 6.884030960401601007e+00 1.784421924666178327e+00 6.913683322373183910e+04
1.760229983345331917e+01 8.327823844375103590e+00 6.933694680251025311e+00 1.797152248872897706e+00 6.915118689389014617e+04
1.768083984437692635e+01 8.355698694820940631e+00 6.968232671410468981e+00 1.820165846852405345e+00 6.916464459011184226e+04
1.775937985357945692e+01 8.432798721466149061e+00 7.015193441260210605e+00 1.842448299913323595e+00 6.895159305008735100e+04
1.783791986108364824e+01 8.433774554582248228e+00 7.036452049697697220e+00 1.850519296903032629e+00 6.877070153527177172e+04
1.791645986691183268e+01 8.458325066716550822e+00 7.058375848345738390e+00 1.880692916287598937e+00 6.874564099928890937e+04
1.799499987108595889e+01 8.509598149594122418e+00 7.083822116432947347e+00 1.902346051609642430e+00 6.864966467711993027e+04
1.807353987362759185e+01 8.535990212044893610e+00 7.129494121678459528e+00 1.920040885530599484e+00 6.858219720912972116e+04
1.815207987455791638e+01 8.553836327984763344e+00 7.136702653462703161e+00 1.944612480963433976e+00 6.819831990231806412e+04
1.823061987389775851e+01 8.612393725644965414e+00 7.193061738844935604e+00 1.961169360268200323e+00 6.845669981758948416e+04
1.830915987166758541e+01 8.638352926247451435e+00 7.217713597557104954e+00 1.986417702813662256e+00 6.840605166652913613e+04
1.838769986788751964e+01 8.702769431304226089e+00 7.277106994117477967e+00 2.001628940956776681e+00 6.843663992978357419e+04
1.846623986257733563e+01 8.692202498577181302e+00 7.270905784511386472e+00 2.023137071239472284e+00 6.822219559186538390e+04
1.854477985575647381e+01 8.725746424324620776e+00 7.311464521673831207e+00 2.049396811632206106e+00 6.828523896162738674e+04
1.862331984744404423e+01 8.785515924512115049e+00 7.346426488533322363e+00 2.065598347224857800e+00 6.804186742510423937e+04
1.870185983765884075e+01 8.814004721538216458e+00 7.371230516914148545e+00 2.090021147966544923e+00 6.821478676554557751e+04
1.878039982641934458e+01 8.834866483637803469e+00 7.413664052561838247e+00 2.108863071433367153e+00 6.839758467319206102e+04
1.885893981374372075e+01 8.881699048916726014e+00 7.444810718220488788e+00 2.129311051844085867e+00 6.814876112936982827e+04
1.893747979964983941e+01 8.937826840913745130e+00 7.477410474742847590e+00 2.159130462221593660e+00 6.811317629367376503e+04
1.901601978415527228e+01 8.992272495197465076e+00 7.551760241452345923e+00 2.175071189375026748e+00 6.820518249552630004e+04
1.909455976727730331e+01 9.011417467209305698e+00 7.573943618175844605e+00 2.202561102658173287e+00 6.805371532626933185e+04
1.917309974903293579e+01 9.059518010053649206e+00 7.620416167544575181e+00 2.221030647843142081e+00 6.824972586829168722e+04
1.925163972943889235e+01 9.086325410389918034e+00 7.652566497718057192e+00 2.245959160967834656e+00 6.783497213790079695e+04
1.933017970851161849e+01 9.148541533674428905e+00 7.695065097265261223e+00 2.276295004474358397e+00 6.818153795291582355e+04
1.940871968626730748e+01 9.190252350516166402e+00 7.742502278979069175e+00 2.292747692910733104e+00 6.822559505640965654e+04
1.948725966272188259e+01 9.236851889144515937e+00 7.773706645989250319e+00 2.323643048373457365e+00 6.823788576789050421e+04
1.956579963789100773e+01 9.275408785508236775e+00 7.817879349202713435e+00 2.341163687808543337e+00 6.818111474258809176e+04
1.964433961179010524e+01 9.335896151668453768e+00 7.870146142278042767e+00 2.366588166543921012e+00 6.818290064706832345e+04
1.972287958443434519e+01 9.367361218160658254e+00 7.901354720382139263e+00 2.389987728459714411e+00 6.837443116165550600e+04
1.980141955583865965e+01 9.409542365574848688e+00 7.947513076821175027e+00 2.410976007879285454e+00 6.827604363259363163e+04
1.987995952601774619e+01 9.472939409008946043e+00 8.011198913794446597e+00 2.434695995901415166e+00 6.857932780318985169e+04
1.995849949498606790e+01 9.522817669988757672e+00 8.048744240460347754e+00 2.457635569494312389e+00 6.875735639175713004e+04
2.003703946275786052e+01 9.533154478002888510e+00 8.079083945864203642e+00 2.481882894156111075e+00 6.869723246609915805e+04
2.011557942934713950e+01 9.574020709712311117e+00 8.104284676400400400e+00 2.513740428520263137e+00 6.881788211236635107e+04
2.019411939476770712e+01 9.635536172310162684e+00 8.165432755425257483e+00 2.528346963353009791e+00 6.853917077717532811e+04
2.027265935903314542e+01 9.636080943355720407e+00 8.188057243834380827e+00 2.552678111483106971e+00 6.836356601491109177e+04
2.035119932215682326e+01 9.660573980653060389e+00 8.197657224061122960e+00 2.580868311148996064e+00 6.814107885115573299e+04
2.042973928415191054e+01 9.662852642180553175e+00 8.223564199765029059e+00 2.603505602770466165e+00 6.814534945713145135e+04
2.050827924503137467e+01 9.676050960304589665e+00 8.223612349042488390e+00 2.624297966677032523e+00 6.781177419900144741e+04
2.058681920480798766e+01 9.729837911114952220e+00 8.284494134053691283e+00 2.653647200377146298e+00 6.774443906899783178e+04
2.066535916349431901e+01 9.702114649595689144e+00 8.264846170943412673e+00 2.662813315957742510e+00 6.737017248256361927e+04
2.074389912110275347e+01 9.700203119060104129e+00 8.278458460502958971e+00 2.693642908092714450e+00 6.728985924247170624e+04
2.082243907764548752e+01 9.727164830123955497e+00 8.319547874219678008e+00 2.713406601682064156e+00 6.709437606655717536e+04
2.090097903313453642e+01 9.775308079074614298e+00 8.340434488319719009e+00 2.746057745784728166e+00 6.681283761117639369e+04
2.097951898758173783e+01 9.787908850225040425e+00 8.355272917607951655e+00 2.766785843954201685e+00 6.653702695334416057e+04
2.105805894099874109e+01 9.788426882179599886e+00 8.384256213622226284e+00 2.794571519474696508e+00 6.626834468516000197e+04
2.113659889339703568e+01 9.789807942612052116e+00 8.393071164336637580e+00 2.805487292663994658e+00 6.628569071344722761e+04
2.121513884478793344e+01 9.827133568650236128e+00 8.424440436164807977e+00 2.834265040265397939e+00 6.604955106103917933e+04
2.129367879518258277e+01 9.834540822216508715e+00 8.429155990095845041e+00 2.860033579473635346e+00 6.580288472681133135e+04
2.137221874459196869e+01 9.848535253518909016e+00 8.463837630293921777e+00 2.892601912512739126e+00 6.552885640035138204e+04
2.145075869302691274e+01 9.848053677403742157e+00 8.472673268276658121e+00 2.912496419076980647e+00 6.541637938635826140e+04
2.152929864049807307e+01 9.886443189334126913e+00 8.506606738814790347e+00 2.934643828538903154e+00 6.525019303120979748e+04
2.160783858701596571e+01 9.870805244489712749e+00 8.533407230822406930e+00 2.957850290003163352e+00 6.527590421250014333e+04
2.168637853259094683e+01 9.934304745112196855e+00 8.564244679852082598e+00 2.988882025977634527e+00 6.498584702544299216e+04
2.176491847723321982e+01 9.974896617332552395e+00 8.603808642256188577e+00 3.014404385399535702e+00 6.467406522048231272e+04
2.184345842095285306e+01 9.943789881259036179e+00 8.588569025457109873e+00 3.037269468685479534e+00 6.452775682657092693e+04
2.192199836375975508e+01 9.949031126287477989e+00 8.620878536247213120e+00 3.066929519203156040e+00 6.449022607962973416e+04
2.200053830566371005e+01 1.000459509733120278e+01 8.663466853576711202e+00 3.082016775530077357e+00 6.440775879485646874e+04
2.207907824667434582e+01 1.001300814900600500e+01 8.655620142976520270e+00 3.103306902297048087e+00 6.422101924476137356e+04
2.215761818680116590e+01 1.000461324144291808e+01 8.675194925236388244e+00 3.133574135120880122e+00 6.402508940931858524e+04
2.223615812605353526e+01 1.002969543027765198e+01 8.681375296684434417e+00 3.161186175892154004e+00 6.397201930085027561e+04
2.231469806444068738e+01 1.003669373166436074e+01 8.693711864598684613e+00 3.176076407102848886e+00 6.365852311534170440e+04
2.239323800197172432e+01 1.004800660629397058e+01 8.739751295965728417e+00 3.212839875946076340e+00 6.360800426861899905e+04
2.247177793865562023e+01 1.007159233296900069e+01 8.771484315492696027e+00 3.238534172049168269e+00 6.346120973638559371e+04
2.255031787450123204e+01 1.009753968597102691e+01 8.771111792724997969e+00 3.258950687242391897e+00 6.332157693304447457e+04
2.262885780951728165e+01 1.011399377451321868e+01 8.819798536921865661e+00 3.295325100748250247e+00 6.323616869472857070e+04
2.270739774371238440e+01 1.014314258712114558e+01 8.860624308939318183e+00 3.317620799470949677e+00 6.292301940797742282e+04
2.278593767709502771e+01 1.016787911987746362e+01 8.866443315030226202e+00 3.362841504445856167e+00 6.292932300749144633e+04
2.286447760967358178e+01 1.016426022933745799e+01 8.885139962402462288e+00 3.374396462565424581e+00 6.262511219373690255e+04
2.294301754145629957e+01 1.019556072256552781e+01 8.916977571579954187e+00 3.411567445907879303e+00 6.261247351560515381e+04
2.302155747245133455e+01 1.022347236929081582e+01 8.941110326968015443e+00 3.450721823411250444e+00 6.246103765715568443e+04
2.310009740266672296e+01 1.018964598845528791e+01 8.936498838304611780e+00 3.473208513743902603e+00 6.248271781988964358e+04
2.317863733211038380e+01 1.023553951557649100e+01 8.980028121249102213e+00 3.505312488981908725e+00 6.229431463369115227e+04
2.325717726079013303e+01 1.025372062111294724e+01 9.012161410134142514e+00 3.521231626611938115e+00 6.208521220172241738e+04
2.333571718871368716e+01 1.024718437262961679e+01 9.021682281001909942e+00 3.556682521414237019e+00 6.178656192296480731e+04
2.341425711588865965e+01 1.030556167701502801e+01 9.087694973985502855e+00 3.586059628539293165e+00 6.186429190667121293e+04
2.349279704232255384e+01 1.032537001967698487e+01 9.097472131680721219e+00 3.611837570854878443e+00 6.184095527130526898e+04
2.357133696802278067e+01 1.035298288776075815e+01 9.145739749087050896e+00 3.625202634697489046e+00 6.159066198856922711e+04
2.364987689299664453e+01 1.035996046014608218e+01 9.150159452652435021e+00 3.661859067398383516e+00 6.150814304993681435e+04
2.372841681725136453e+01 1.037457312521807928e+01 9.172249858926225130e+00 3.693413273432576194e+00 6.136085431422558031e+04
2.380695674079405322e+01 1.044507558798023794e+01 9.221371880584516845e+00 3.733358656188912938e+00 6.097890995803917758e+04
2.388549666363174140e+01 1.042896127123652761e+01 9.266782178946749937e+00 3.751771710275976002e+00 6.131630373695442540e+04
2.396403658577134976e+01 1.042439121144280101e+01 9.240339754155208141e+00 3.776521048245383483e+00 6.122642336319231981e+04
2.404257650721972439e+01 1.049761822140366085e+01 9.318187702727275479e+00 3.819936090516146798e+00 6.100344814987892460e+04
2.412111642798362254e+01 1.048174444411313111e+01 9.339175254897364553e+00 3.843706828464529490e+00 6.095746012792721740e+04
2.419965634806970556e+01 1.052382206545293286e+01 9.370592149388196290e+00 3.873474170181860909e+00 6.068399198800086742e+04
2.427819626748454596e+01 1.055947747303506112e+01 9.392841313237775935e+00 3.893727639377107419e+00 6.092840833099377778e+04
2.435673618623464520e+01 1.061337787970912139e+01 9.463427347858468508e+00 3.927377227431501527e+00 6.048157649513624347e+04
2.443527610432640529e+01 1.057958617697704362e+01 9.442949212632163025e+00 3.946854093227738502e+00 6.051379739151733520e+04
2.451381602176616425e+01 1.063669517698689226e+01 9.482369463697970957e+00 3.978804000764565085e+00 6.052642462175221590e+04
2.459235593856016067e+01 1.062606674538187335e+01 9.505623115400066325e+00 4.018420810115343578e+00 6.053852509677121998e+04
2.467089585471456203e+01 1.063395001340157719e+01 9.561798245926990347e+00 4.049354574153213981e+00 6.024768521562876413e+04
2.474943577023546126e+01 1.069849438486981974e+01 9.618415517956563576e+00 4.081051330794214671e+00 6.030555345019977540e+04
2.482797568512887310e+01 1.067869270607268284e+01 9.584583197540471389e+00 4.119666381553106937e+00 6.016536307529696205e+04
2.490651559940072346e+01 1.068089990019615776e+01 9.611018558027474512e+00 4.141576150296870651e+00 6.005973722633568104e+04
2.498505551305688144e+01 1.072047655989802450e+01 9.649870202556215304e+00 4.180485157961816078e+00 5.977252986679733294e+04
2.506359542610313440e+01 1.079471490314625548e+01 9.712344223789346032e+00 4.204785856309420922e+00 6.004415853521413374e+04
2.514213533854519511e+01 1.079880443846269600e+01 9.750572996950751303e+00 4.246686571859085824e+00 6.005625542758517986e+04
2.522067525038871239e+01 1.084931086249790155e+01 9.784958214360802486e+00 4.268500303401545182e+00 5.990728006428985827e+04
2.529921516163925688e+01 1.087095273122720407e+01 9.818940454650443073e+00 4.315429881122033962e+00 5.985947542958497797e+04
2.537775507230233529e+01 1.089532404964735512e+01 9.861850314709689869e+00 4.347249521800353733e+00 6.005329403259693208e+04
2.545629498238338684e+01 1.090136460090275428e+01 9.853449496104516925e+00 4.364238510601614607e+00 5.992837044917843741e+04
2.553483489188777966e+01 1.093466957425815700e+01 9.879754327452504370e+00 4.406287929035692663e+00 5.983228645090115606e+04
2.561337480082082152e+01 1.094598032326284276e+01 9.942386457147248890e+00 4.437448773159003323e+00 5.977634657338969555e+04
2.569191470918774911e+01 1.100287055846407824e+01 9.982293088623073629e+00 4.463998314638089049e+00 5.974383845098181337e+04
2.577045461699373874e+01 1.106345228399084135e+01 1.008635267583571959e+01 4.527112752240044280e+00 5.971259412576867180e+04
2.584899452424390631e+01 1.110926120630340463e+01 1.010481277208004869e+01 4.565493334120520608e+00 5.968672754358679958e+04
2.592753443094329668e+01 1.112045916717272398e+01 1.013654623862700710e+01 4.598336186144843296e+00 5.978920766858465504e+04
2.600607433709690852e+01 1.112967704900526300e+01 1.012405533377318356e+01 4.627164231399882866e+00 5.976862653294103075e+04
2.608461424270966944e+01 1.119995046724917209e+01 1.017686380688517467e+01 4.672136254658266097e+00 5.994600762820500677e+04
2.616315414778644310e+01 1.120785735489260304e+01 1.022152271024919123e+01 4.686337973026203585e+00 5.976162335238316155e+04
2.624169405233205055e+01 1.124331433583197359e+01 1.026295267592603011e+01 4.709367720014892456e+00 5.968700455285469070e+04
2.632023395635124174e+01 1.126553866273446047e+01 1.027327958137341746e+01 4.782457887459687029e+00 5.953783146720712830e+04
2.639877385984871694e+01 1.128291393188426461e+01 1.036320442102869599e+01 4.822459536495464327e+00 5.962139808363715565e+04
2.647731376282911953e+01 1.135185385251090473e+01 1.040300571338055846e+01 4.871899786703874469e+00 5.969614152363411995e+04
2.655585366529703606e+01 1.138835926665431941e+01 1.043959935499699831e+01 4.888330224714811045e+00 5.968956254704489402e+04
2.663439356725699980e+01 1.142677398779968634e+01 1.051420730998632180e+01 4.923436410750873016e+00 5.968519265761062707e+04
2.671293346871349428e+01 1.151748934647727829e+01 1.055965700814458330e+01 4.960851999471695528e+00 5.973595040149464330e+04
2.679147336967094617e+01 1.154294144275052325e+01 1.059895037928002637e+01 4.977732074057138689e+00 5.968777731397290336e+04
2.687001327013372531e+01 1.152405333966391865e+01 1.058621353455707315e+01 5.040175241689370367e+00 5.973838503423827206e+04
2.694855317010616602e+01 1.153880054604405636e+01 1.064929415860834006e+01 5.076882193628123652e+00 5.953819398153371731e+04
2.702709306959254221e+01 1.160277358255548563e+01 1.071060788168842492e+01 5.108654469371509244e+00 5.961131560687575984e+04
2.710563296859707094e+01 1.159913122773588334e+01 1.070460111817799032e+01 5.121224344811959206e+00 5.982529303747052472e+04
2.718417286712393377e+01 1.165327385522051529e+01 1.081303528360284361e+01 5.170701394459459088e+00 5.958085975450123078e+04
2.726271276517725894e+01 1.173416307771149114e+01 1.087518080340180404e+01 5.229617980243214781e+00 5.984541481743216718e+04
2.734125266276112498e+01 1.169764113951620033e+01 1.086886594408719553e+01 5.242312565116820089e+00 5.960484527196620184e+04
2.741979255987956776e+01 1.172756808915401194e+01 1.093637723768428316e+01 5.259220989193853057e+00 5.984643178812853148e+04
2.749833245653658054e+01 1.175348345953908868e+01 1.099602179847837213e+01 5.297672210938497273e+00 5.954494612381897605e+04
2.757687235273609616e+01 1.176142119099683647e+01 1.096613289766770905e+01 5.338050199970392207e+00 5.948698643191561132e+04
2.765541224848202262e+01 1.179450253094118040e+01 1.099763482371920809e+01 5.380409519920339889e+00 5.974188256013709179e+04
2.773395214377820395e+01 1.181274957466017028e+01 1.101078441517489459e+01 5.442791946800343617e+00 5.960461290860361623e+04
2.781249203862845576e+01 1.173739114119589821e+01 1.101139923893792449e+01 5.448356028649450344e+00 5.935657827759004431e+04
2.789103193303654038e+01 1.178086415274265697e+01 1.102057625593942447e+01 5.497854827361669194e+00 5.947641985792474588e+04
2.796957182700618816e+01 1.188000076570427410e+01 1.113542626134360702e+01 5.541633986809147316e+00 5.920337461850528780e+04
2.804811172054107615e+01 1.186344072604080502e+01 1.109042085630327001e+01 5.541174790966779007e+00 5.912225811768363201e+04
2.812665161364485655e+01 1.186615900894559594e+01 1.118656347488017921e+01 5.605416111876249552e+00 5.906861685673864122e+04
2.820519150632112115e+01 1.185735036683360022e+01 1.113473328418364794e+01 5.604422664119067754e+00 5.839708485784307413e+04
2.828373139857343332e+01 1.178280092075729435e+01 1.109197467368028711e+01 5.656286160353544368e+00 5.858915685108906473e+04
2.836227129040531736e+01 1.182321364845184419e+01 1.116120404494644447e+01 5.701076076926114844e+00 5.810105231149993779e+04
2.844081118182025847e+01 1.186171434147577486e+01 1.118785616569669905e+01 5.756732197898158709e+00 5.782481566205728450e+04
2.851935107282169923e+01 1.179850324166782904e+01 1.116665174167173724e+01 5.752939009101464940e+00 5.781638079525052308e+04
2.859789096341304315e+01 1.186017735614582946e+01 1.121751475354886551e+01 5.790349857892126195e+00 5.745486941974528600e+04
2.867643085359765820e+01 1.182092854677917337e+01 1.126179898057362117e+01 5.879958488301233466e+00 5.736452953279895883e+04
2.875497074337888392e+01 1.181402162281836787e+01 1.128566175602592381e+01 5.863055838575288448e+00 5.745817718173209869e+04
2.883351063276001369e+01 1.182557314557276840e+01 1.129722388335215655e+01 5.984453750449927334e+00 5.741285617831146374e+04
2.891205052174430890e+01 1.176265054417989653e+01 1.128999601720088464e+01 5.985937436652011279e+00 5.643639867074551148e+04
2.899059041033499184e+01 1.181469974259913158e+01 1.132626836642835144e+01 6.035508876584804838e+00 5.691716766082173126e+04
2.906913029853525643e+01 1.185943443357128579e+01 1.137474979127614105e+01 6.030143372381871814e+00 5.667467292476239527e+04
2.914767018634825746e+01 1.195804638684642107e+01 1.142510743438412568e+01 6.081084937513525190e+00 5.673756339591156575e+04
2.922621007377712132e+01 1.187496582654881294e+01 1.143254230309608488e+01 6.173423924769411819e+00 5.650290545133694104e+04
2.930474996082492822e+01 1.183627554580159824e+01 1.148653978184595381e+01 6.227468986561370379e+00 5.678366702060965326e+04
2.938328984749474060e+01 1.195829948811852006e+01 1.153980295201942496e+01 6.220354342000207204e+00 5.618401305302373657e+04
2.946182973378957826e+01 1.189835211526674108e+01 1.153141917311200970e+01 6.280449663903969970e+00 5.628384071664914518e+04
2.954036961971243258e+01 1.190366650936749693e+01 1.155134694316694599e+01 6.273310097863765478e+00 5.602295543633226771e+04
2.961890950526625943e+01 1.186560721784453065e+01 1.150918461445514396e+01 6.358428992122428625e+00 5.632583899414790358e+04
2.969744939045398979e+01 1.204361275155604893e+01 1.160940768197416517e+01 6.365660326414160686e+00 5.624698531585213641e+04
2.977598927527852268e+01 1.210841936002462305e+01 1.175674317331882435e+01 6.395421733408233500e+00 5.597207951240993862e+04
2.985452915974272159e+01 1.209014943477402504e+01 1.181149678815858728e+01 6.458766660381392022e+00 5.600968277669232339e+04
2.993306904384942868e+01 1.223135266316847236e+01 1.184906433451003238e+01 6.511570474613631809e+00 5.621747419999344129e+04
3.001160892760143994e+01 1.212665041919676945e+01 1.188785628029309116e+01 6.599252101660247227e+00 5.625223799842579319e+04
3.009014881100154071e+01 1.216619440794101692e+01 1.179115671274801969e+01 6.560203948764474546e+00 5.614436431435734266e+04
3.016868869405248077e+01 1.221935712061128676e+01 1.182944367167090505e+01 6.574683525850550936e+00 5.637504069297169917e+04
3.024722857675697441e+01 1.226530870724045208e+01 1.198409314607515874e+01 6.633549155782428208e+00 5.625508787996118917e+04
3.032576845911771457e+01 1.226753898439842416e+01 1.195609293562153752e+01 6.669592415208625447e+00 5.526766363389252365e+04
3.040430834113736580e+01 1.234948300528536791e+01 1.197364159992609878e+01 6.789900800159339944e+00 5.638685866692884156e+04
3.048284822281856421e+01 1.231404253612914168e+01 1.205443677026407556e+01 6.772249852063363385e+00 5.641153611933694629e+04
3.056138810416392460e+01 1.240159566425428395e+01 1.208451500492702380e+01 6.896875798144113112e+00 5.622932046500575962e+04
3.063992798517602267e+01 1.232963577846820158e+01 1.226627091219030241e+01 6.823921415657903999e+00 5.637030373914290976e+04
3.071846786585741640e+01 1.253651511121377382e+01 1.228396149876862076e+01 6.871983760067483793e+00 5.681901862802698452e+04
3.079700774621063886e+01 1.246292416117409729e+01 1.235676696416777531e+01 6.888097205161978209e+00 5.640700172813129757e+04
3.087554762623818760e+01 1.249490524123034518e+01 1.234587370614132062e+01 6.955496234947347034e+00 5.646111996320658363e+04
3.095408750594254599e+01 1.273001231365459418e+01 1.238665489958265553e+01 7.136560746805410638e+00 5.638200580217711104e+04
3.103262738532617249e+01 1.267189410663386440e+01 1.256208359197931301e+01 7.130198233075364378e+00 5.690436379025104543e+04
3.111116726439149005e+01 1.251192776158038988e+01 1.246845464888814270e+01 7.155063525998147433e+00 5.708914673118598876e+04
3.118970714314090387e+01 1.279325956384164620e+01 1.252917357059871684e+01 7.243509044597860047e+00 5.653296260071381403e+04
3.126824702157679781e+01 1.273744161715631940e+01 1.265759056397760496e+01 7.216632277404335660e+00 5.685951242242340959e+04
3.134678689970152377e+01 1.285746661857984208e+01 1.266436161802837113e+01 7.369145059243773055e+00 5.645034302978358755e+04
3.142532677751741588e+01 1.289385407942894624e+01 1.276525350362534361e+01 7.335083495024938394e+00 5.731369203383880085e+04
3.150386665502678696e+01 1.285445986676985264e+01 1.280344321730524904e+01 7.451871205621309890e+00 5.689245127666153712e+04
3.158240653223192140e+01 1.301056971165891341e+01 1.280050037400600260e+01 7.413436248571632525e+00 5.706326809117784433e+04
3.166094640913508229e+01 1.305939902177001422e+01 1.298358817676444055e+01 7.441276788604620940e+00 5.788227866740050376e+04
3.173948628573851494e+01 1.309528010050175872e+01 1.308382057916973196e+01 7.655600416073325754e+00 5.663292889622165967e+04
3.181802616204443623e+01 1.315612797897962238e+01 1.296860083486474835e+01 7.626977639766475470e+00 5.748460904101678898e+04
3.189656603805504531e+01 1.298704072277501886e+01 1.306018798437668060e+01 7.709532779627632060e+00 5.706628190499587799e+04
3.197510591377251998e+01 1.325252045704808346e+01 1.320488432494508224e+01 7.653243362456450427e+00 5.798603553537192784e+04
3.205364578919900964e+01 1.329601858841610351e+01 1.337901950234613579e+01 7.778862703327296124e+00 5.823901818671330693e+04
3.213218566433665302e+01 1.335032520327472838e+01 1.312753135562878448e+01 7.906547394473063761e+00 5.898034694145381945e+04
3.221072553918755688e+01 1.355445001216234679e+01 1.345818829649942572e+01 7.916519373343149368e+00 5.839212250205255259e+04
3.228926541375382442e+01 1.362942739349217369e+01 1.362523372616190542e+01 7.984341328972530683e+00 5.859950018786283181e+04
3.236780528803751622e+01 1.363258074750276805e+01 1.330333380623387818e+01 7.996611064926968382e+00 5.927003939801382512e+04
3.244634516204068575e+01 1.388542187706144126e+01 1.371287243583081228e+01 8.184569075732557764e+00 6.021485417123509978e+04
3.252488503576537227e+01 1.361002494975409682e+01 1.359407890063462787e+01 8.121821382605943995e+00 5.881804815582517040e+04
3.260342490921358660e+01 1.389023480655517417e+01 1.347108902698081856e+01 8.207808603405300829e+00 5.912129595942486776e+04
3.268196478238731828e+01 1.401832987732509750e+01 1.388246162535335060e+01 8.222075831427433812e+00 6.104896212490210746e+04
3.276050465528854261e+01 1.416600804665179503e+01 1.419356786909495760e+01 8.341473704821600776e+00 6.041976256277907669e+04
3.283904452791921358e+01 1.429667943992088297e+01 1.401385208104255042e+01 8.464761050825007516e+00 6.046870826567110635e+04
3.291758440028127097e+01 1.429172765961418712e+01 1.412207079054234882e+01 8.574748745656096460e+00 6.048098932642507134e+04
3.299612427237663326e+01 1.429707518297075985e+01 1.380079777399883589e+01 8.604485926193913059e+00 6.098301615374665562e+04
3.307466414420719758e+01 1.462448599617303913e+01 1.439940746695158857e+01 8.845984546306196350e+00 6.122141609915455047e+04
3.315320401577483977e+01 1.486451483431708454e+01 1.457079210758626964e+01 8.767574785783992297e+00 6.169542482629450387e+04
3.323174388708143567e+01 1.424413565141120941e+01 1.440677540714321303e+01 8.850762031654916484e+00 5.989809466916938254e+04
3.331028375812883269e+01 1.460177058949630080e+01 1.450274222009785774e+01 8.806703247511828536e+00 6.046094156274451962e+04
3.338882362891884981e+01 1.440132781711590226e+01 1.447414274690386371e+01 9.205770115885675509e+00 6.079833032033912605e+04
3.346736349945329891e+01 1.498862577010641317e+01 1.492336253981328476e+01 8.886338906957945483e+00 6.039214573526791355e+04
3.354590336973399189e+01 1.495322411897487491e+01 1.441559519210218987e+01 9.174606559114804938e+00 6.296457627459307696e+04
3.362444323976268379e+01 1.511008429380742690e+01 1.453558105162987601e+01 9.153422769924866031e+00 6.532776204853152012e+04
3.370298310954115806e+01 1.474455908118325631e+01 1.462259182397478341e+01 9.092042756279996141e+00 6.071537353884798358e+04
3.378152297907114132e+01 1.522937057739420652e+01 1.445006855285184955e+01 9.241364627987037395e+00 6.039855700099370006e+04
3.386006284835436730e+01 1.518509248576765458e+01 1.494031411532295017e+01 9.409176588193542301e+00 6.207317412056022295e+04
3.393860271739255552e+01 1.562750210561349995e+01 1.500104033963516059e+01 9.411761825216824917e+00 6.363981349652477365e+04
3.401714258618739706e+01 1.454563238578567308e+01 1.478606923073504831e+01 9.233739001932768531e+00 6.455792398559136200e+04
3.409568245474058301e+01 1.611833073860146825e+01 1.532784988172961604e+01 9.430091902224358336e+00 6.955953608272894053e+04
3.417422232305376895e+01 1.467350674293462731e+01 1.454062696904161633e+01 9.352097068972412330e+00 6.876679199273050472e+04
3.425276219112861043e+01 1.579049723750280698e+01 1.544757379732581626e+01 9.672112996752497693e+00 6.901402945562909008e+04
3.433130205896674880e+01 1.491087938470354501e+01 1.618689164819486592e+01 1.046087209174951482e+01 5.733713636615602445e+04
3.440984192656979701e+01 1.620199822352817520e+01 1.671782552186181903e+01 1.014370590708456099e+01 6.415456451944956643e+04
3.448838179393936088e+01 1.639033176796743163e+01 1.533577720856885307e+01 9.263658936192717519e+00 7.163187612654682016e+04
3.456692166107702491e+01 1.758687268433707018e+01 1.696294474661530316e+01 1.084234441820198036e+01 6.883561474462221668e+04
3.464546152798438072e+01 1.906053359478479337e+01 1.644693046770909106e+01 8.475421193121722041e+00 7.293604482062210445e+04
3.472400139466299152e+01 1.538937442752833462e+01 1.461323895082425928e+01 1.020469253050442582e+01 5.917863952703400719e+04
