# 0.9996 0.9998
7.871241428633635184e-02 1.032536698898241512e-01 1.048116892995806515e-01 1.011970327523884380e-05 8.341609102497933463e+02
1.618072713909662341e-01 2.365494918364199062e-01 2.397735139586604225e-01 6.175020435477113873e-05 3.325493271596550585e+03
2.418771330418761079e-01 4.646975072987184485e-01 4.648765113763035361e-01 8.099355664826147670e-05 4.558033999729318566e+03
3.211923215201240578e-01 7.313843495316737497e-01 7.386126679582747379e-01 1.924144854227372351e-04 8.910957312430433376e+03
4.002017901256537113e-01 7.007674930505223276e-01 7.066834939060215870e-01 2.649530981637166394e-04 1.255972903671720815e+04
4.790568272527075955e-01 8.221666938169743810e-01 8.267122854952658750e-01 4.829573994425627979e-04 1.234668297919677934e+04
5.578229290343351687e-01 8.796524969674704986e-01 8.839564244004589622e-01 6.724119503428191251e-04 1.779083644997114607e+04
6.365331115321660738e-01 1.047286835342404077e+00 1.049517171865556930e+00 9.531793197038041909e-04 1.902846129291989928e+04
7.152058371535838788e-01 9.494450251498310900e-01 9.534945172079508646e-01 1.300400429450095877e-03 2.174379102013703960e+04
7.938522421846891941e-01 1.073885536733601542e+00 1.073428298141574810e+00 1.576743460845313324e-03 2.287506566197018765e+04
8.724794443688169698e-01 1.140195865309684198e+00 1.133893001226002450e+00 1.939329935758324396e-03 2.441756876094161998e+04
9.510922062407737299e-01 1.137253467393599005e+00 1.131571346441393455e+00 2.282172233138467145e-03 2.665036880553036099e+04
1.029693835175838679e+00 1.251940988825565926e+00 1.232156220836496230e+00 2.896416900630936764e-03 2.711492481015393059e+04
1.108286699878543891e+00 1.315578015767581377e+00 1.293281212544610037e+00 3.354875021784339308e-03 2.781142116209113738e+04
1.186872541411916560e+00 1.268117575130526253e+00 1.243121655422557259e+00 4.163500131864067942e-03 2.954839082612200218e+04
1.265452668213572940e+00 1.379696334235471777e+00 1.344166219772119142e+00 4.764225878676907680e-03 3.129940256085283909e+04
1.344028082638708543e+00 1.435472801045218683e+00 1.397462367916344261e+00 5.602884722232419519e-03 3.394138874630222563e+04
1.422599565533279709e+00 1.543191014845690434e+00 1.501021372522562292e+00 6.037756916671920687e-03 3.350959025356243365e+04
1.501167734229200246e+00 1.645193029833629250e+00 1.588660142634739092e+00 7.062064669833641520e-03 3.539270122666630778e+04
1.579733083222462531e+00 1.645829037951270779e+00 1.585845967253450617e+00 7.909011646332661516e-03 3.787212520474033954e+04
1.658296013281593151e+00 1.643289100733615893e+00 1.574988587777834237e+00 8.600864215212569719e-03 3.829477096908163367e+04
1.736856852652245875e+00 1.716634849227257842e+00 1.636300692572616677e+00 9.940679484578164929e-03 3.816560127523264964e+04
1.815415872753641580e+00 1.813295207062108227e+00 1.726160937490265335e+00 1.107542778045584979e-02 4.017863949947455694e+04
1.893973299967037560e+00 1.865935585502063176e+00 1.764725406041505407e+00 1.251091541589752568e-02 4.093074705024110153e+04
1.972529324606241641e+00 1.915331328942933453e+00 1.809934901954862063e+00 1.362667338276052180e-02 4.287261996762445051e+04
2.051084107826015579e+00 1.944185876485935660e+00 1.825413006246457526e+00 1.502688646029308114e-02 4.398380586553327157e+04
2.129637787001040561e+00 2.082871216897171252e+00 1.948298494624115085e+00 1.609546791399896204e-02 4.553111953171974892e+04
2.208190479956450680e+00 2.119516976202971748e+00 1.976816604388727194e+00 1.789782788776598035e-02 4.615485271723397454e+04
2.286742288326184092e+00 2.168700693500078103e+00 2.020733294178372219e+00 1.912603269346255935e-02 4.632375764564683050e+04
2.365293300241981811e+00 2.176537564553312265e+00 2.017684921159648592e+00 2.091257033113941982e-02 4.705503713066042110e+04
2.443843592503681883e+00 2.273529505014650454e+00 2.104483254118821201e+00 2.265314586277224207e-02 4.906153672272240510e+04
2.522393232343909553e+00 2.348327909452375017e+00 2.169383394842196111e+00 2.406350216570631029e-02 4.975048262100401917e+04
2.600942278872942381e+00 2.376405607044789203e+00 2.185889700228826449e+00 2.648661119473648407e-02 5.160354870130683412e+04
2.679490784269383141e+00 2.416296754737797148e+00 2.203940404057250557e+00 2.829159300650545272e-02 5.092058449300227221e+04
2.758038794767343038e+00 2.498440545050057526e+00 2.280543352445336680e+00 2.998745733202165184e-02 5.258019326422948507e+04
2.836586351479573942e+00 2.581912524245853824e+00 2.352427372233168779e+00 3.226670420877644080e-02 5.438470103108388139e+04
2.915133491087511963e+00 2.638746317110846284e+00 2.394410270009658337e+00 3.415290398846049236e-02 5.409584129353467142e+04
2.993680246422668834e+00 2.728250929449815843e+00 2.475782316274217632e+00 3.636627138540342308e-02 5.402199309305863426e+04
3.072226646958827967e+00 2.777620065149388306e+00 2.501211632483813840e+00 3.955883789364798842e-02 5.603537760573447304e+04
3.150772719230606977e+00 2.772706182828085897e+00 2.499996212905913673e+00 4.094672223832773045e-02 5.621461684085908200e+04
3.229318487190934395e+00 2.815719491277762110e+00 2.522495284939201721e+00 4.453317960279433441e-02 5.665334850279189413e+04
3.307863972517584905e+00 2.922023020748619526e+00 2.614868512651683741e+00 4.607106944747633992e-02 5.747862395160506276e+04
3.386409194877053608e+00 2.973210833948897847e+00 2.650628101236192524e+00 4.907246122270379762e-02 5.936298551773798681e+04
3.464954172152534095e+00 2.998275782702343850e+00 2.672066684541190007e+00 5.173024760609307854e-02 5.920349946834155708e+04
3.543498920641575456e+00 3.100415245224264371e+00 2.752469370406193327e+00 5.472715562738465767e-02 6.073096631522702228e+04
3.622043455228019404e+00 3.095785986916369747e+00 2.753903270077231458e+00 5.730150609632193165e-02 6.067673271398487122e+04
3.700587789532037597e+00 3.207227914628733245e+00 2.833651659072483397e+00 6.082574940616711223e-02 6.152768785831338755e+04
3.779131936041457696e+00 3.226355568911952520e+00 2.849034457483914817e+00 6.398785779818455532e-02 6.253635683713402250e+04
3.857675906227046259e+00 3.263910343688735782e+00 2.877180265415730354e+00 6.663198680330395529e-02 6.336267720703066880e+04
3.936219710643986680e+00 3.331782977530874490e+00 2.926271030482695767e+00 7.034834059779306037e-02 6.391943960792716825e+04
4.014763359021444877e+00 3.380959788568541402e+00 2.965534096238953143e+00 7.362066857118937380e-02 6.332448995345592994e+04
4.093306860341824560e+00 3.451037692304236071e+00 3.017725856103580462e+00 7.674759199018847677e-02 6.489188083380502212e+04
4.171850222911064776e+00 3.507506417689548073e+00 3.060793817780014248e+00 8.004263978251133227e-02 6.552911134312745708e+04
4.250393454421145911e+00 3.505024253365832010e+00 3.052716930873326628e+00 8.415554501556966882e-02 6.550277981084081694e+04
4.328936562005788247e+00 3.550386570182829438e+00 3.095639136557868376e+00 8.717561162770716410e-02 6.713043934034285485e+04
4.407479552290201497e+00 3.629487999280517130e+00 3.158614674929643318e+00 9.079627329079845155e-02 6.680596837995688838e+04
4.486022431435594982e+00 3.640113318217126803e+00 3.162783807992324281e+00 9.400464584652745703e-02 6.792914674449796439e+04
4.564565205179107465e+00 3.724269471803892451e+00 3.231192961144492948e+00 9.841900603592083907e-02 6.855010280695720576e+04
4.643107878869670024e+00 3.739323058262860489e+00 3.232842147851754167e+00 1.020314998192713152e-01 6.930352398483740399e+04
4.721650457500300213e+00 3.776888218096229100e+00 3.260262230337918510e+00 1.060327229946379651e-01 6.922979100414284039e+04
4.800192945737217443e+00 3.853879220410378004e+00 3.315943234735033940e+00 1.111709850824571383e-01 7.012103397030493943e+04
4.878735347946150824e+00 3.862888345794221134e+00 3.328621608095998941e+00 1.145128108084296353e-01 7.101735914909062558e+04
4.957277668216146793e+00 3.936438331892602616e+00 3.378906900339445407e+00 1.217162579439064196e-01 7.098351372738713690e+04
5.035819910381144737e+00 3.994057085354863368e+00 3.421269337644667896e+00 1.252971526907114552e-01 7.072469507827601046e+04
5.114362078039562221e+00 4.038327561195174553e+00 3.452731314122068795e+00 1.306820633734208925e-01 7.204271056893367495e+04
5.192904174572115394e+00 4.006710383535930120e+00 3.419044063410378698e+00 1.333452015602931695e-01 7.260639994746512093e+04
5.271446203158030919e+00 4.091582218201788024e+00 3.482801865667253249e+00 1.401203840470788275e-01 7.323058132808947994e+04
5.349988166789838573e+00 4.124750522018053367e+00 3.516199325038707801e+00 1.438234943084660544e-01 7.342235309403961583e+04
5.428530068286878674e+00 4.219188572936020343e+00 3.581610359075565686e+00 1.496758958400032369e-01 7.398501433448368334e+04
5.507071910307648643e+00 4.215886358306582871e+00 3.575706388793893353e+00 1.554720576062342263e-01 7.423119023378382553e+04
5.585613695361120179e+00 4.295365302250519157e+00 3.630021068314319699e+00 1.614568166275802130e-01 7.564063754194858484e+04
5.664155425817094525e+00 4.325863359577890144e+00 3.667140693275759311e+00 1.651222243134960466e-01 7.529555016878621245e+04
5.742697103915729961e+00 4.342491409844611461e+00 3.682081591681301891e+00 1.684596664536460453e-01 7.539896332707648980e+04
5.821238731776284148e+00 4.382456405621778295e+00 3.709902756183554473e+00 1.750578415567023149e-01 7.572506182839362009e+04
5.899780311405160127e+00 4.428398600395763829e+00 3.741402922603200398e+00 1.802907779673084410e-01 7.665442944138565508e+04
5.978321844703323507e+00 4.478157579923269793e+00 3.778792995959836531e+00 1.857513695595769121e-01 7.717357819203315012e+04
6.056863333473133437e+00 4.499886026335186529e+00 3.791699546315367986e+00 1.921874138932702092e-01 7.796801788499249960e+04
6.135404779424661115e+00 4.560453128010248491e+00 3.828297587605021146e+00 1.981510302610628160e-01 7.831722176264978771e+04
6.213946184181517118e+00 4.585682817521015586e+00 3.859823335318580906e+00 2.026949732817754646e-01 7.851827648990062880e+04
6.292487549286247983e+00 4.701838741618886708e+00 3.945543805678259908e+00 2.101721158745723239e-01 7.921630977492342936e+04
6.371028876205335756e+00 4.695355582487668933e+00 3.951448116134489652e+00 2.117317016589420064e-01 7.888941009978704096e+04
6.449570166333828070e+00 4.691175346715264816e+00 3.923666701122821010e+00 2.212519897465724805e-01 7.983378809733178059e+04
6.528111420999634262e+00 4.789198388451023192e+00 4.005348440634556084e+00 2.289071156135839835e-01 7.925967686833189509e+04
6.606652641467518627e+00 4.798466266443182526e+00 4.011304452150044497e+00 2.361103868616558910e-01 7.992444532952384907e+04
6.685193828942805006e+00 4.886728263687778018e+00 4.085991325273747421e+00 2.401090196517019215e-01 7.964020071748599003e+04
6.763734984574836240e+00 4.871455386377881780e+00 4.064038107058704163e+00 2.471942574335374010e-01 7.968816802921447379e+04
6.842276109460177835e+00 4.927089140235216824e+00 4.096025548045093778e+00 2.556410724318143313e-01 8.060602745794226939e+04
6.920817204645620890e+00 4.964457675903040546e+00 4.124290920690985907e+00 2.621157264362890538e-01 8.139896595890217577e+04
6.999358271130968312e+00 5.030416844060258796e+00 4.184872007044420528e+00 2.680421136297858609e-01 8.177720280813633872e+04
7.077899309871646949e+00 5.066814044230491199e+00 4.210403460515646401e+00 2.732491096926359941e-01 8.197176640873201541e+04
7.156440321781138536e+00 5.123790225911733387e+00 4.262249144524631106e+00 2.799574203902137071e-01 8.132883862536093511e+04
7.234981307733260536e+00 5.236798845034625671e+00 4.332885141005282215e+00 2.913527237897443611e-01 8.211087398761948862e+04
7.313522268564292439e+00 5.188380623034525740e+00 4.292908140435153896e+00 2.972427002792844553e-01 8.204627163979165198e+04
7.392063205074973276e+00 5.239741270718109689e+00 4.331077581147185995e+00 3.037594626154664912e-01 8.199251176638831384e+04
7.470604118032365015e+00 5.274317209992645417e+00 4.356429845601679673e+00 3.108640098469326318e-01 8.290192646178745781e+04
7.549145008171610272e+00 5.285306449134188789e+00 4.365583088630221376e+00 3.168003725229052159e-01 8.333251284086072701e+04
7.627685876197570103e+00 5.345871096991431592e+00 4.408367446915515409e+00 3.282085584906335729e-01 8.334730549159611110e+04
7.706226722786373884e+00 5.404516350848272310e+00 4.452875803685636846e+00 3.335148747442842621e-01 8.336829130785677989e+04
7.784767548586863484e+00 5.404841650998822189e+00 4.449378350350785105e+00 3.415808157157458891e-01 8.276017737807701633e+04
7.863308354221953955e+00 5.477583619254680514e+00 4.506490959762102122e+00 3.485011446782573796e-01 8.409939137634402141e+04
7.941849140289923170e+00 5.574111433197568743e+00 4.585160499633825104e+00 3.594514864646943253e-01 8.304288825046228885e+04
8.020389907365611748e+00 5.568685387223174743e+00 4.565124941457794350e+00 3.665748558547371472e-01 8.471429171572301129e+04
8.098930656001561701e+00 5.601014877183340346e+00 4.598011509742256919e+00 3.765602584925374363e-01 8.440195038839170593e+04
8.177471386729090241e+00 5.658791436624782456e+00 4.649131513179750819e+00 3.821955505234899686e-01 8.428660433642819407e+04
8.256012100059292536e+00 5.711361151559034788e+00 4.682504839915875294e+00 3.916243252474168601e-01 8.468441475211337092e+04
8.334552796484000936e+00 5.699283257288576543e+00 4.664446648622152303e+00 4.007734032845625127e-01 8.481246766767662484e+04
8.413093476476680266e+00 5.780264664651760143e+00 4.732160428841780231e+00 4.082669562337321034e-01 8.446495561682606058e+04
8.491634140493276917e+00 5.842321626172159554e+00 4.783558362414989773e+00 4.160673996608856839e-01 8.473620562457205961e+04
8.570174788973028868e+00 5.847985078978591211e+00 4.783502284358729817e+00 4.234409220906783511e-01 8.484582782125101949e+04
8.648715422339215309e+00 5.900990310733085664e+00 4.840384313838351105e+00 4.327637324754849968e-01 8.545123331345402403e+04
8.727256040999876063e+00 5.904510539931127511e+00 4.830622310879717496e+00 4.416725562824239115e-01 8.481571366442316503e+04
8.805796645348495488e+00 5.985124375584470080e+00 4.894689046302807434e+00 4.526089332122604225e-01 8.454576168071741995e+04
8.884337235764643737e+00 6.021502578108490766e+00 4.917193798638407998e+00 4.611913351702623953e-01 8.495245040180299839e+04
8.962877812614589601e+00 6.069786315361097806e+00 4.952891072885695856e+00 4.701153938192633719e-01 8.594306366263628297e+04
9.041418376251867173e+00 6.097040802291255446e+00 4.976349583538918431e+00 4.793009441617135380e-01 8.614058070264564594e+04
9.119958927017840722e+00 6.088613640788465453e+00 4.963194259004951370e+00 4.919719369791832331e-01 8.577651109735215141e+04
9.198499465242209183e+00 6.180876128607959430e+00 5.038407535633297130e+00 5.013579493202134918e-01 8.589984718575178704e+04
9.277039991243508865e+00 6.198885854645400428e+00 5.038003945395852945e+00 5.108292852731126654e-01 8.525018729189778969e+04
9.355580505329580632e+00 6.269328655089152491e+00 5.101142230401146449e+00 5.217397171798864308e-01 8.590223383565446420e+04
9.434121007798012215e+00 6.291705965292571534e+00 5.118090001940848843e+00 5.275542305513569730e-01 8.606444379969037254e+04
9.512661498936562765e+00 6.392718950914287213e+00 5.183107838594559702e+00 5.399616833550948680e-01 8.637728366522912984e+04
9.591201979023569635e+00 6.391426728273455815e+00 5.201638517850343923e+00 5.520936509392749825e-01 8.588386466710882087e+04
9.669742448328321416e+00 6.428798497131998246e+00 5.221008631183289950e+00 5.647695464182870273e-01 8.574508762195517193e+04
9.748282907111432749e+00 6.482509622649911485e+00 5.254866979521125359e+00 5.731166374455932688e-01 8.612561424827696464e+04
9.826823355625185386e+00 6.493466352278018050e+00 5.274000814704264961e+00 5.836641418253357694e-01 8.609898257943739009e+04
9.905363794113858589e+00 6.550408661411238675e+00 5.298996649152614147e+00 5.974350814433854184e-01 8.597964496827055700e+04
9.983904222814045326e+00 6.560973465062724053e+00 5.311780169967103227e+00 6.077450546058227321e-01 8.580198124625199125e+04
1.006244464195495070e+01 6.631747820603353105e+00 5.371709047515643931e+00 6.149999291091058362e-01 8.598035104621286155e+04
1.014098505175868148e+01 6.616645928864610227e+00 5.355544025536605801e+00 6.278371875981720862e-01 8.594302950650572893e+04
1.021952545244051613e+01 6.680313186034007700e+00 5.405591229884807447e+00 6.363805217704538997e-01 8.625146493839708273e+04
1.029806584420916415e+01 6.734256796679865431e+00 5.439859985098173922e+00 6.511123876041673419e-01 8.575888558641726559e+04
1.037660622726701654e+01 6.770886871772987092e+00 5.475002655337945612e+00 6.609275822358450236e-01 8.633277103308710502e+04
1.045514660181038380e+01 6.800834545396755360e+00 5.498847710551735268e+00 6.705769859373834629e-01 8.570307864102811436e+04
1.053368696802971982e+01 6.823148401547796560e+00 5.525151921222058782e+00 6.807118887588605727e-01 8.599555602260454907e+04
1.061222732610984210e+01 6.872203770377701026e+00 5.552699706477219443e+00 6.957033363507253432e-01 8.600145441076278803e+04
1.069076767623013779e+01 6.939527404759860296e+00 5.605702919315768362e+00 7.046874841924790633e-01 8.615269736062116863e+04
1.076930801856475739e+01 6.951800077569947334e+00 5.605712438117082641e+00 7.176595121779553166e-01 8.616600546403918997e+04
1.084784835328281005e+01 7.006467196104107842e+00 5.650054657226099231e+00 7.313126957546998153e-01 8.577269249485978798e+04
1.092638868054854306e+01 7.055056297819206179e+00 5.685526927600371039e+00 7.404992010750997000e-01 8.575425336833183246e+04
1.100492900052151413e+01 7.097145789524409665e+00 5.736645330715918867e+00 7.529536695066800789e-01 8.574215389795679948e+04
1.108346931335675833e+01 7.131944588668113205e+00 5.761242455236413207e+00 7.637907976888106409e-01 8.523926842978229979e+04
1.116200961920494805e+01 7.139354606352325661e+00 5.760364011586661448e+00 7.756440173853890174e-01 8.546827199306618422e+04
1.124054991821254212e+01 7.158957046176806394e+00 5.784753556582439948e+00 7.849679248177191537e-01 8.535729858324448287e+04
1.131909021052193687e+01 7.174765437996110329e+00 5.791960368057544883e+00 7.962221460012288698e-01 8.528512049557190039e+04
1.139763049627160285e+01 7.212891872736770793e+00 5.827578706153659915e+00 8.105683670281546016e-01 8.504789811096055200e+04
1.147617077559622167e+01 7.235115810883278264e+00 5.843932062539400007e+00 8.258624878411703341e-01 8.531716278541089559e+04
1.155471104862680853e+01 7.324187327666850322e+00 5.901454815950449628e+00 8.374457354565147948e-01 8.496806770734321617e+04
1.163325131549084368e+01 7.350361428181536816e+00 5.925457596153804296e+00 8.509861554828259678e-01 8.541160291626090475e+04
1.171179157631238787e+01 7.366888620841878677e+00 5.948495645022438438e+00 8.604722458804787699e-01 8.472617812102887547e+04
1.179033183121219608e+01 7.407867528605776464e+00 5.988261122815388582e+00 8.705570066597431156e-01 8.455444736527088389e+04
1.186887208030782759e+01 7.453851778349982915e+00 6.001800435014497559e+00 8.883870398885911346e-01 8.450477817669675278e+04
1.194741232371374728e+01 7.463747012556656735e+00 6.031633760930485089e+00 8.987773866343846674e-01 8.477002202252345160e+04
1.202595256154143222e+01 7.470767442980772444e+00 6.039639999641114088e+00 9.101646917754121491e-01 8.423517350264235574e+04
1.210449279389946753e+01 7.521285701452134376e+00 6.073253436151724749e+00 9.276412929702334553e-01 8.411896607469930314e+04
1.218303302089363527e+01 7.532961807171954405e+00 6.080648543794502814e+00 9.382881137014963402e-01 8.424601588205024018e+04
1.226157324262700676e+01 7.569510134785664590e+00 6.105037780288718352e+00 9.525370691334049678e-01 8.419954856322909473e+04
1.234011345920003322e+01 7.638824014978334631e+00 6.162604309482168752e+00 9.638477277737241833e-01 8.404619978258518677e+04
1.241865367071062565e+01 7.641772031564833867e+00 6.162481668610305441e+00 9.777913762917602725e-01 8.390913067495702126e+04
1.249719387725422415e+01 7.713765127120911558e+00 6.220236588330795513e+00 9.944253496640608203e-01 8.366158088643715018e+04
1.257573407892389383e+01 7.682092747662689014e+00 6.204503285633721887e+00 1.010112508552059474e+00 8.341365278689874685e+04
1.265427427581038877e+01 7.739577403980237413e+00 6.255778055582734254e+00 1.025944185245058815e+00 8.324257751540998288e+04
1.273281446800221772e+01 7.740869898718394815e+00 6.241122312728505150e+00 1.038122800032239113e+00 8.336863985144070466e+04
1.281135465558572584e+01 7.800410501540994801e+00 6.301329821143841770e+00 1.051087803403434107e+00 8.305534494578585145e+04
1.288989483864514796e+01 7.857403821839231917e+00 6.324398683747226357e+00 1.067894124903477904e+00 8.269029765157218208e+04
1.296843501726268322e+01 7.892590132025529392e+00 6.372932612689807819e+00 1.082698379989698978e+00 8.278696810072680819e+04
1.304697519151855190e+01 7.872757051719449173e+00 6.339696693805200844e+00 1.092873206118573082e+00 8.264017135682907247e+04
1.312551536149104692e+01 7.890675899234500079e+00 6.366625739569621523e+00 1.108129840838184998e+00 8.248144986520572274e+04
1.320405552725660492e+01 7.934288310933928834e+00 6.416940503426934228e+00 1.124502321368031854e+00 8.212272856178283109e+04
1.328259568888985243e+01 7.965644428231297702e+00 6.427708471371420096e+00 1.142830655465492562e+00 8.212504353313916363e+04
1.336113584646366270e+01 7.995981746211593411e+00 6.445127708563646252e+00 1.156162084675789625e+00 8.186606748203128518e+04
1.343967600004920548e+01 7.993051042727124411e+00 6.455652050600267700e+00 1.168774219036671003e+00 8.172138216730114073e+04
1.351821614971599317e+01 8.023046321486276611e+00 6.484930285096140778e+00 1.186680926675354408e+00 8.181590328594027960e+04
1.359675629553193588e+01 8.024765179168262819e+00 6.499016278466320351e+00 1.200032997343512431e+00 8.145035940827555896e+04
1.367529643756338231e+01 8.052629615312111966e+00 6.519808607320996430e+00 1.209682742708941827e+00 8.132592008876166074e+04
1.375383657587516595e+01 8.114545651984261809e+00 6.545497416799061163e+00 1.232596392837605803e+00 8.103451571338571375e+04
1.383237671053064766e+01 8.124856237549087368e+00 6.566373334245703575e+00 1.249166112607150492e+00 8.096045444536588911e+04
1.391091684159175834e+01 8.196927070745987365e+00 6.621033988764694733e+00 1.264269233391295710e+00 8.076689681543920597e+04
1.398945696911903269e+01 8.218218694776025401e+00 6.644269784828084724e+00 1.274155506347724565e+00 8.056106873916579934e+04
1.406799709317166069e+01 8.246881321961483380e+00 6.660395116047176600e+00 1.305461034706033363e+00 8.069160329652318615e+04
1.414653721380751428e+01 8.254751478499885664e+00 6.683236086028614409e+00 1.307668376231632790e+00 8.043730523079731211e+04
1.422507733108318817e+01 8.282087732915469402e+00 6.705840188122005330e+00 1.329606333283140263e+00 8.003242846212508448e+04
1.430361744505403543e+01 8.302048692712917344e+00 6.719942703404430340e+00 1.343847991877028747e+00 8.004903982200505561e+04
1.438215755577419586e+01 8.341556163957509540e+00 6.754364876264282280e+00 1.365594236887791801e+00 7.953189222941687331e+04
1.446069766329663686e+01 8.352173830298191604e+00 6.767322818614108115e+00 1.381416330491991529e+00 7.944244892638207239e+04
1.453923776767318010e+01 8.397230422104444258e+00 6.789574012969435302e+00 1.396440174929176159e+00 7.920101814234838821e+04
1.461777786895453346e+01 8.421753053038274928e+00 6.828143501318226782e+00 1.409906065589145108e+00 7.908770543757274572e+04
1.469631796719032302e+01 8.423765688962564724e+00 6.839118204151161784e+00 1.427726582648516596e+00 7.857693006311114004e+04
1.477485806242911437e+01 8.450189621206051882e+00 6.856376381814680343e+00 1.447933302323945792e+00 7.881150030097796116e+04
1.485339815471844993e+01 8.492546445282636469e+00 6.890708703535329605e+00 1.471249264781892441e+00 7.849963465806239401e+04
1.493193824410487203e+01 8.541139281383598458e+00 6.920184929658555362e+00 1.485756250965579506e+00 7.861427681959090114e+04
1.501047833063394421e+01 8.547123945756814223e+00 6.933683599095234129e+00 1.501809740177722174e+00 7.842551776033021451e+04
1.508901841435028857e+01 8.557886078401798713e+00 6.953846701035350186e+00 1.521471591929412392e+00 7.822034333054909075e+04
1.516755849529759992e+01 8.615722925559325063e+00 7.011164705088831717e+00 1.535661965187231637e+00 7.776136471433512634e+04
1.524609857351867070e+01 8.606006195086983723e+00 7.001015537946311262e+00 1.559093652702296939e+00 7.773025762969159405e+04
1.532463864905541762e+01 8.652739064531679958e+00 7.028545257238759447e+00 1.578265873995232660e+00 7.723698372096002277e+04
1.540317872194890292e+01 8.673160783155392295e+00 7.056060674979275582e+00 1.597655728741746328e+00 7.735832657867578382e+04
1.548171879223935399e+01 8.705813413437279991e+00 7.069428019068996427e+00 1.618356717032382264e+00 7.710308093939039099e+04
1.556025885996618996e+01 8.724769175730077819e+00 7.113174788235554935e+00 1.631813535800480830e+00 7.680969718069655937e+04
1.563879892516803238e+01 8.740003791907744457e+00 7.131247199535445169e+00 1.652426055194629484e+00 7.678791097461257596e+04
1.571733898788273187e+01 8.771008843834714241e+00 7.160746819504097083e+00 1.664474345890713858e+00 7.665077150268071273e+04
1.579587904814739119e+01 8.824468977557735627e+00 7.185306165200454842e+00 1.688764640577625542e+00 7.662041957921041467e+04
1.587441910599837769e+01 8.838031015907686694e+00 7.214094024162712948e+00 1.709239400438692824e+00 7.621366224717277510e+04
1.595295916147133575e+01 8.866601032989768427e+00 7.230681353848368964e+00 1.724478516192203825e+00 7.584547028469447105e+04
1.603149921460121874e+01 8.895687292278131153e+00 7.270340071761355993e+00 1.754005662808908239e+00 7.596915488302873564e+04
1.611003926542229436e+01 8.901119217052182009e+00 7.268499660566170029e+00 1.772026529220643631e+00 7.556728493012934632e+04
1.618857931396816596e+01 8.982746214940130258e+00 7.325322831484740504e+00 1.795850394144079987e+00 7.570031066813213693e+04
1.626711936027179561e+01 9.022476666950829838e+00 7.377504041227786580e+00 1.813700334595010233e+00 7.514772799957789539e+04
1.634565940436549525e+01 9.021024934575081033e+00 7.352734975308741205e+00 1.839828868447154653e+00 7.519399047990750114e+04
1.642419944628097639e+01 9.045589425251936433e+00 7.397939297796281899e+00 1.852540120336383822e+00 7.495075542863058217e+04
1.650273948604932883e+01 9.083101393077535946e+00 7.420699334204608810e+00 1.872843901657650134e+00 7.505302713162900181e+04
1.658127952370107394e+01 9.095979329389791701e+00 7.438481246383833678e+00 1.894629520061639205e+00 7.469790933991255588e+04
1.665981955926614333e+01 9.129169823478427759e+00 7.457346288080168861e+00 1.917028876297108164e+00 7.459774630645891011e+04
1.673835959277390728e+01 9.173909882328231902e+00 7.513039335612690550e+00 1.938597178808871169e+00 7.451331313052792393e+04
1.681689962425318896e+01 9.195373347259391039e+00 7.524903509549888625e+00 1.967415369993026353e+00 7.426990098664879042e+04
1.689543965373228218e+01 9.235745293154097979e+00 7.556308299871351331e+00 1.984169006008592806e+00 7.394441684401749808e+04
1.697397968123895495e+01 9.219753826180102863e+00 7.551921877640560332e+00 2.002076195210297893e+00 7.407853109765627596e+04
1.705251970680045304e+01 9.289081198339749434e+00 7.604226752634418496e+00 2.032869303653565218e+00 7.391250038946517452e+04
1.713105973044353902e+01 9.311653296783431344e+00 7.626859372595807152e+00 2.050144889550460370e+00 7.384425793655950110e+04
1.720959975219447102e+01 9.367206642813519224e+00 7.671907027383219280e+00 2.070204100169870998e+00 7.365493365552605246e+04
1.728813977207903463e+01 9.392325440714049734e+00 7.694318881461960302e+00 2.100576807105082100e+00 7.361461216534065898e+04
1.736667979012256424e+01 9.414904551977073766e+00 7.757629277381894894e+00 2.109323341383324557e+00 7.345014113766379887e+04
1.744521980634991110e+01 9.457667331327131777e+00 7.770945546850545504e+00 2.142461133615185975e+00 7.321487651443858340e+04
1.752375982078550365e+01 9.442751014580151647e+00 7.774904421563221923e+00 2.160794570354999333e+00 7.294996389307072968e+04
1.760229983345331917e+01 9.498617893693909409e+00 7.814674491725523531e+00 2.181707542375749931e+00 7.296204901554546086e+04
1.768083984437692635e+01 9.535684450944000190e+00 7.864269744329661194e+00 2.205681106629623578e+00 7.299914731745257450e+04
1.775937985357945692e+01 9.613573888762989128e+00 7.907336233313993823e+00 2.229856319276420695e+00 7.276697750234210980e+04
1.783791986108364824e+01 9.615594826629690672e+00 7.927331532854601903e+00 2.241541731154272465e+00 7.261316145282589423e+04
1.791645986691183268e+01 9.641745109754252141e+00 7.954791807115209501e+00 2.279794932561788112e+00 7.261059212259457854e+04
1.799499987108595889e+01 9.696901649634432019e+00 7.982751860690597390e+00 2.303387584800938193e+00 7.248579778320904006e+04
1.807353987362759185e+01 9.731005892988672912e+00 8.039857307183295276e+00 2.330295586077889780e+00 7.242582153450253827e+04
1.815207987455791638e+01 9.743786735281780409e+00 8.043854936210369289e+00 2.355048606334110062e+00 7.204579704700171715e+04
1.823061987389775851e+01 9.813396342049601984e+00 8.107044451686848063e+00 2.375987297888849881e+00 7.231434543571823451e+04
1.830915987166758541e+01 9.840425080232565236e+00 8.132264270368565917e+00 2.406859388862308879e+00 7.230181243825700949e+04
1.838769986788751964e+01 9.910144314668574594e+00 8.193804379500958746e+00 2.425152185572394981e+00 7.230762378767400514e+04
1.846623986257733563e+01 9.891481494866159352e+00 8.184561001649008460e+00 2.454594102768964614e+00 7.212292198038322385e+04
1.854477985575647381e+01 9.927838466380928040e+00 8.232282436632814893e+00 2.481186206345462608e+00 7.217203991306251555e+04
1.862331984744404423e+01 9.992610527586517577e+00 8.260537235709170645e+00 2.503436751166705498e+00 7.193218779837535112e+04
1.870185983765884075e+01 1.002353367427740771e+01 8.292293659302366393e+00 2.533750928447361606e+00 7.212168683681817492e+04
1.878039982641934458e+01 1.004678957655336546e+01 8.343455219373774767e+00 2.556313755861770343e+00 7.233591575163767266e+04
1.885893981374372075e+01 1.009704067782594805e+01 8.369460001498399748e+00 2.580184907351307899e+00 7.207270732256250631e+04
1.893747979964983941e+01 1.015989541708638910e+01 8.415875528805264238e+00 2.613110602727305665e+00 7.205383222617283172e+04
1.901601978415527228e+01 1.022050622264102948e+01 8.486859755809256001e+00 2.637954789083573726e+00 7.216762108188094862e+04
1.909455976727730331e+01 1.023815811778295171e+01 8.515411401594985108e+00 2.666381291012862143e+00 7.198983110323484289e+04
1.917309974903293579e+01 1.029494042584823355e+01 8.566071087022876895e+00 2.688073181689239810e+00 7.222477451937393926e+04
1.925163972943889235e+01 1.032116147288207486e+01 8.600254567907219538e+00 2.721902876854136899e+00 7.178748566738555382e+04
1.933017970851161849e+01 1.039074394799134460e+01 8.646868969561065654e+00 2.754109560902710196e+00 7.219111604097856616e+04
1.940871968626730748e+01 1.043443895687920531e+01 8.705451266017512069e+00 2.780096910939531263e+00 7.222576462636218639e+04
1.948725966272188259e+01 1.048429251142594332e+01 8.728447630441911187e+00 2.812470124964553175e+00 7.224384666955585999e+04
1.956579963789100773e+01 1.052859651246216721e+01 8.772350672169606511e+00 2.832761357431047955e+00 7.221528131351637421e+04
1.964433961179010524e+01 1.059372551096974036e+01 8.835643745674996552e+00 2.864671959518733768e+00 7.220443582728490583e+04
1.972287958443434519e+01 1.062810790702595298e+01 8.871910487269822454e+00 2.888338280394634694e+00 7.241818270020477939e+04
1.980141955583865965e+01 1.067567147385794080e+01 8.919197012472363184e+00 2.916006296179749491e+00 7.230062509400582348e+04
1.987995952601774619e+01 1.074433500485941551e+01 8.986465164136683725e+00 2.946609469560220962e+00 7.263479632411908824e+04
1.995849949498606790e+01 1.079917811079769585e+01 9.029367809358895158e+00 2.971015286491211160e+00 7.282678970674332231e+04
2.003703946275786052e+01 1.081502431807774656e+01 9.075041970299013272e+00 3.001785795893877395e+00 7.279185990736464737e+04
2.011557942934713950e+01 1.085651247864189628e+01 9.090846085086260686e+00 3.045018498854998423e+00 7.293412978635933541e+04
2.019411939476770712e+01 1.092396722850304869e+01 9.158540896535805942e+00 3.058246144265866828e+00 7.264272520741414337e+04
2.027265935903314542e+01 1.092880201685653674e+01 9.184716402593586793e+00 3.088330093140007726e+00 7.246829111797263613e+04
2.035119932215682326e+01 1.094831207948310592e+01 9.201086660917262350e+00 3.121055655916136207e+00 7.224443036880229192e+04
2.042973928415191054e+01 1.095039155924534491e+01 9.226028250208701209e+00 3.143676879540923785e+00 7.224779573810289730e+04
2.050827924503137467e+01 1.096417888903989812e+01 9.234867596282295921e+00 3.174312883943120944e+00 7.191983996730574290e+04
2.058681920480798766e+01 1.102451934004253964e+01 9.289031853098476788e+00 3.204815676131576918e+00 7.184224933720943227e+04
2.066535916349431901e+01 1.099243266378952022e+01 9.274460220950784262e+00 3.228476292160630923e+00 7.148062587936964701e+04
2.074389912110275347e+01 1.098471906704098267e+01 9.288398223593501868e+00 3.254858792527641320e+00 7.139419768534062314e+04
2.082243907764548752e+01 1.101687488806782866e+01 9.338021154994917694e+00 3.284536065735380816e+00 7.121797151580199716e+04
2.090097903313453642e+01 1.106300954665917935e+01 9.350916573706157919e+00 3.319890476656998768e+00 7.091819096085445199e+04
2.097951898758173783e+01 1.108045546516890489e+01 9.369360670129820434e+00 3.345002362033496546e+00 7.060020580128721485e+04
2.105805894099874109e+01 1.107620814366150164e+01 9.395144678420663809e+00 3.375793347954226142e+00 7.032781205675225647e+04
2.113659889339703568e+01 1.107745969095641492e+01 9.410968431316401706e+00 3.388894765389453667e+00 7.038267039256713178e+04
2.121513884478793344e+01 1.111992133996292154e+01 9.442862828059746860e+00 3.429097307618095059e+00 7.014340019685626612e+04
2.129367879518258277e+01 1.112526474834876034e+01 9.450122408221472980e+00 3.457305572326956344e+00 6.989446697819618566e+04
2.137221874459196869e+01 1.113495821760039739e+01 9.481460525692304131e+00 3.496538158979418665e+00 6.961109450375589950e+04
2.145075869302691274e+01 1.113640146513369977e+01 9.499325906816855181e+00 3.517865885492219569e+00 6.948472700160559907e+04
2.152929864049807307e+01 1.117346480852364188e+01 9.531799044647923935e+00 3.544759464022384954e+00 6.933511050324901589e+04
2.160783858701596571e+01 1.115920511989964936e+01 9.567668527514054944e+00 3.569997875554900002e+00 6.937394987508749182e+04
2.168637853259094683e+01 1.123136055678930312e+01 9.591818946985362970e+00 3.612830726165597639e+00 6.909581063556369918e+04
2.176491847723321982e+01 1.127005129210043144e+01 9.629608032514752836e+00 3.642453357232892319e+00 6.874732357527952990e+04
2.184345842095285306e+01 1.124366589861354626e+01 9.622224455679052824e+00 3.663877972059415455e+00 6.863114209725370165e+04
2.192199836375975508e+01 1.124472768343326301e+01 9.657024371938051743e+00 3.707529328889896725e+00 6.858102738153582322e+04
2.200053830566371005e+01 1.130972786936260377e+01 9.709663984840315010e+00 3.724608783667563650e+00 6.850517884980815870e+04
2.207907824667434582e+01 1.131071389301979124e+01 9.699653211692714549e+00 3.754398306151067732e+00 6.828631253534751886e+04
2.215761818680116590e+01 1.130008737348439318e+01 9.719853786896441861e+00 3.786385270502068412e+00 6.809612711968217627e+04
2.223615812605353526e+01 1.132415804189250608e+01 9.715444679984294396e+00 3.825361346014022335e+00 6.807524744533361809e+04
2.231469806444068738e+01 1.133315412838357794e+01 9.740721587858550023e+00 3.846762210428338324e+00 6.773672436349667259e+04
2.239323800197172432e+01 1.134742454046064353e+01 9.786341578290036480e+00 3.889977625001311168e+00 6.766281888558236824e+04
2.247177793865562023e+01 1.137296929565684955e+01 9.824685735670483311e+00 3.920790610690970013e+00 6.755309270286383980e+04
2.255031787450123204e+01 1.139847064606771099e+01 9.829929888485271050e+00 3.954209178129271418e+00 6.741211722606208059e+04
2.262885780951728165e+01 1.141378791158852835e+01 9.861918946250071372e+00 3.989701499054742584e+00 6.731921957211699919e+04
2.270739774371238440e+01 1.144392167938118376e+01 9.920871925846823203e+00 4.014925532478381243e+00 6.700765960406558588e+04
2.278593767709502771e+01 1.147511412515963158e+01 9.926106643216382253e+00 4.079379504863844375e+00 6.706317133464141807e+04
2.286447760967358178e+01 1.147454802782621286e+01 9.961204873393752379e+00 4.086982875824350714e+00 6.669428618590859696e+04
2.294301754145629957e+01 1.149998545651137505e+01 9.986861418026164117e+00 4.131600291835109573e+00 6.672118776224859175e+04
2.302155747245133455e+01 1.153348739068747797e+01 1.001632946593329976e+01 4.172745439214148533e+00 6.656266885316441767e+04
2.310009740266672296e+01 1.149239943435251199e+01 9.997680204119633984e+00 4.192445678681151477e+00 6.657561250141942583e+04
2.317863733211038380e+01 1.154625384993301118e+01 1.006068497136216955e+01 4.233469679195946078e+00 6.637192127116018673e+04
2.325717726079013303e+01 1.156223999028376959e+01 1.007651969363352151e+01 4.257003084297693363e+00 6.619631076453719288e+04
2.333571718871368716e+01 1.155579345523604751e+01 1.008695285822905596e+01 4.294139552744924870e+00 6.591104991796483228e+04
2.341425711588865965e+01 1.162156683106934452e+01 1.016815758236793599e+01 4.334750510599623574e+00 6.599735725172818638e+04
2.349279704232255384e+01 1.163724958445993529e+01 1.016610264960642063e+01 4.368400953979518775e+00 6.597778320235283172e+04
2.357133696802278067e+01 1.166913671241326256e+01 1.023169334166160382e+01 4.383803635523625175e+00 6.573504133159390767e+04
2.364987689299664453e+01 1.167625716284977599e+01 1.023934046498632888e+01 4.434178630584729497e+00 6.565662474709132221e+04
2.372841681725136453e+01 1.169292169406015702e+01 1.025283542038173934e+01 4.463391047060349059e+00 6.547737634417411755e+04
2.380695674079405322e+01 1.176793085519548221e+01 1.031299737676569706e+01 4.513612065885713953e+00 6.510857042589390039e+04
2.388549666363174140e+01 1.174721240893163809e+01 1.034991516864061012e+01 4.540585098711646950e+00 6.542777728860815114e+04
2.396403658577134976e+01 1.174506944393841223e+01 1.033912896909906109e+01 4.560525431636645699e+00 6.536082584219593991e+04
2.404257650721972439e+01 1.182213035728139339e+01 1.040814368220423525e+01 4.613832370143891026e+00 6.513482412414262217e+04
2.412111642798362254e+01 1.180623344316206058e+01 1.044313053367820210e+01 4.638195140724469034e+00 6.507745885993906995e+04
2.419965634806970556e+01 1.184618693832142178e+01 1.047904605923255872e+01 4.690624773401591341e+00 6.484196982709964504e+04
2.427819626748454596e+01 1.188996109820005209e+01 1.050616231496759845e+01 4.717696944661834202e+00 6.509412805244451738e+04
2.435673618623464520e+01 1.195260501177883761e+01 1.057916677021996144e+01 4.749351276852944004e+00 6.465602839538735861e+04
2.443527610432640529e+01 1.191469362933186460e+01 1.059261910546460683e+01 4.780922471747853564e+00 6.465784348123936797e+04
2.451381602176616425e+01 1.197718212918024427e+01 1.061904823908714945e+01 4.824227760983345270e+00 6.470037179200960963e+04
2.459235593856016067e+01 1.195878053362761051e+01 1.065303581575051872e+01 4.872421673465127334e+00 6.468350673080843262e+04
2.467089585471456203e+01 1.197354168710384847e+01 1.068023947081685066e+01 4.899076908650921602e+00 6.439453178911528084e+04
2.474943577023546126e+01 1.204300097369855216e+01 1.073780644061426948e+01 4.925988133359713750e+00 6.446224663613819575e+04
2.482797568512887310e+01 1.202726908170123110e+01 1.073196727041873544e+01 4.984964537166105991e+00 6.434524079742277536e+04
2.490651559940072346e+01 1.202597605127478531e+01 1.075188159124591714e+01 5.009117063051029106e+00 6.422753710996269365e+04
2.498505551305688144e+01 1.206651947975094785e+01 1.079071200305411793e+01 5.070373103364022249e+00 6.396941903341351281e+04
2.506359542610313440e+01 1.215692228833993660e+01 1.086044966822539592e+01 5.092761209764258723e+00 6.425888644825897791e+04
2.514213533854519511e+01 1.215721862541676934e+01 1.088749227103350847e+01 5.132994158030497189e+00 6.425465025832497486e+04
2.522067525038871239e+01 1.221218352995718526e+01 1.092513807230990786e+01 5.161129694817266689e+00 6.415214424775804218e+04
2.529921516163925688e+01 1.223696831026059328e+01 1.096882454909833626e+01 5.223220613387328015e+00 6.409354581156628410e+04
2.537775507230233529e+01 1.224960826287927773e+01 1.101326855387225301e+01 5.263321892997034013e+00 6.424979365207985393e+04
2.545629498238338684e+01 1.226145699880052398e+01 1.101784728365587362e+01 5.289689381874264740e+00 6.413587321231746319e+04
2.553483489188777966e+01 1.230746285588931954e+01 1.104586280365649387e+01 5.341529368137338807e+00 6.406835724508211570e+04
2.561337480082082152e+01 1.231844294357594549e+01 1.110833588054793530e+01 5.367201735539039120e+00 6.399935948786176596e+04
2.569191470918774911e+01 1.236417520248931190e+01 1.114587492703956784e+01 5.410051404432524080e+00 6.392523316679178242e+04
2.577045461699373874e+01 1.244382159632386831e+01 1.125760235881874749e+01 5.485266751098733629e+00 6.394199702678742324e+04
2.584899452424390631e+01 1.249131927991949453e+01 1.127667947625387868e+01 5.522685230088541175e+00 6.395493556141231238e+04
2.592753443094329668e+01 1.249374789203107206e+01 1.130063756243082018e+01 5.563946894715295244e+00 6.401786185409691097e+04
2.600607433709690852e+01 1.251881460328206508e+01 1.131445872219640592e+01 5.609886405072349369e+00 6.402030323930254963e+04
2.608461424270966944e+01 1.260018114391016653e+01 1.136183129914183887e+01 5.670424755482642354e+00 6.426777661202755553e+04
2.616315414778644310e+01 1.259808608591029255e+01 1.140863647949005433e+01 5.674649349044408098e+00 6.405243094689605641e+04
2.624169405233205055e+01 1.263980813563945205e+01 1.145839519909815252e+01 5.698032788984811248e+00 6.400018673169603426e+04
2.632023395635124174e+01 1.265876623244571242e+01 1.145175087699471028e+01 5.788732143983922107e+00 6.380227624856978218e+04
2.639877385984871694e+01 1.268144968842373999e+01 1.155349045925759910e+01 5.814591021057354148e+00 6.390623672680051095e+04
2.647731376282911953e+01 1.275932086533365073e+01 1.158477146898687415e+01 5.868342643614061771e+00 6.399699945041067986e+04
2.655585366529703606e+01 1.280471465962886413e+01 1.165535415266387353e+01 5.892428977224676956e+00 6.399958489398530219e+04
2.663439356725699980e+01 1.283809124193857798e+01 1.170832282619423559e+01 5.949637820924398746e+00 6.408311443356009840e+04
2.671293346871349428e+01 1.293666097942004711e+01 1.177101576263231841e+01 5.998149987182348930e+00 6.410460945322373300e+04
2.679147336967094617e+01 1.298477325959427731e+01 1.183333669623741535e+01 6.002749191750857527e+00 6.404952815104767069e+04
2.687001327013372531e+01 1.295254982013450906e+01 1.180551728942611156e+01 6.069200523599531216e+00 6.409081136094892281e+04
2.694855317010616602e+01 1.296365712949659965e+01 1.187804431168728669e+01 6.121134197364775709e+00 6.394378323365802498e+04
2.702709306959254221e+01 1.303315233046702382e+01 1.194522013605366162e+01 6.167346418499085381e+00 6.390872696528869710e+04
2.710563296859707094e+01 1.303660166322169012e+01 1.192222622873102544e+01 6.189296245088718784e+00 6.423952557144057209e+04
2.718417286712393377e+01 1.310028470414793667e+01 1.204770095706688515e+01 6.241226403619942076e+00 6.397177881309302029e+04
2.726271276517725894e+01 1.319578339886275486e+01 1.212975468832764037e+01 6.314406216479619971e+00 6.426389906638828688e+04
2.734125266276112498e+01 1.313632510911775064e+01 1.211413776074540039e+01 6.318219962315963834e+00 6.398486515540692199e+04
2.741979255987956776e+01 1.317707887127054711e+01 1.217905579640000369e+01 6.352585887639297546e+00 6.427862533599638118e+04
2.749833245653658054e+01 1.320405036139164245e+01 1.222332436593369387e+01 6.395325731135476310e+00 6.399567527628131938e+04
2.757687235273609616e+01 1.322670678465354221e+01 1.224205152056130608e+01 6.454192689782276560e+00 6.391066905580081948e+04
2.765541224848202262e+01 1.326650118476016438e+01 1.225842380414279731e+01 6.527025931521113655e+00 6.424794632234016171e+04
2.773395214377820395e+01 1.327556378531240711e+01 1.229064253821259278e+01 6.553516671665445159e+00 6.411465456895483658e+04
2.781249203862845576e+01 1.319884309776263898e+01 1.226660010057775452e+01 6.595912010827008842e+00 6.383338870096929895e+04
2.789103193303654038e+01 1.325239063650765381e+01 1.228740991555852879e+01 6.647058882281511316e+00 6.397773328693339135e+04
2.796957182700618816e+01 1.335150575619823776e+01 1.240768514215784180e+01 6.698821588487298584e+00 6.369589183976320055e+04
2.804811172054107615e+01 1.333628254136637281e+01 1.238945473394532826e+01 6.712978386789798968e+00 6.365969832586341363e+04
2.812665161364485655e+01 1.334202272628150432e+01 1.248772264455080183e+01 6.758172940940704088e+00 6.357359207691913616e+04
2.820519150632112115e+01 1.332842640237433507e+01 1.244372329434801827e+01 6.782286994468907260e+00 6.284147407059006946e+04
2.828373139857343332e+01 1.323219017427839006e+01 1.237244022462881965e+01 6.831976928306613850e+00 6.300749430028867937e+04
2.836227129040531736e+01 1.329415227111375764e+01 1.244025273991701397e+01 6.875996091887358830e+00 6.255949512875931396e+04
2.844081118182025847e+01 1.333172897141085755e+01 1.249852361776247811e+01 6.965336840558612685e+00 6.229538688625226496e+04
2.851935107282169923e+01 1.326551272922850622e+01 1.247145935849105136e+01 6.959883681515250942e+00 6.225674619964567682e+04
2.859789096341304315e+01 1.333103490317232342e+01 1.250053706699200262e+01 7.015469149809457683e+00 6.185986064750539663e+04
2.867643085359765820e+01 1.328557756946034019e+01 1.255931248958855484e+01 7.064931976282538884e+00 6.183230011981756979e+04
2.875497074337888392e+01 1.327138452785855094e+01 1.253885179544677264e+01 7.080129071126463280e+00 6.191849832652013720e+04
2.883351063276001369e+01 1.328355003596924888e+01 1.261283614301088463e+01 7.203986114770908777e+00 6.182261835087023064e+04
2.891205052174430890e+01 1.321307387829993019e+01 1.256155571653521719e+01 7.211217162290265215e+00 6.080500916907235660e+04
2.899059041033499184e+01 1.327697747534457484e+01 1.257091183539113288e+01 7.253718516274665795e+00 6.134925790855992818e+04
2.906913029853525643e+01 1.332824259240632792e+01 1.263801634652265804e+01 7.273300858539417213e+00 6.110951549134098605e+04
2.914767018634825746e+01 1.342732783475532088e+01 1.273043464283531812e+01 7.359319384780758533e+00 6.123071415974754200e+04
2.922621007377712132e+01 1.333593201789767946e+01 1.271949993857484174e+01 7.441811869211076846e+00 6.101303199345263420e+04
2.930474996082492822e+01 1.330173474138576317e+01 1.278130670449518469e+01 7.486512466313292258e+00 6.125994965331115964e+04
2.938328984749474060e+01 1.343053939806368291e+01 1.283569756363390368e+01 7.476947289746944669e+00 6.063593963320417970e+04
2.946182973378957826e+01 1.335671322636139990e+01 1.284503140740170579e+01 7.566224098204394011e+00 6.072787645499832433e+04
2.954036961971243258e+01 1.337143048724333205e+01 1.286314512885721761e+01 7.563779516631419675e+00 6.049597033805755927e+04
2.961890950526625943e+01 1.334407310971240435e+01 1.283473548417589427e+01 7.656093217620667524e+00 6.075740519088134170e+04
2.969744939045398979e+01 1.350975300748711305e+01 1.292278454849546776e+01 7.733395128459104484e+00 6.076053469057969778e+04
2.977598927527852268e+01 1.360022403049463158e+01 1.305699063841867513e+01 7.696165617564296291e+00 6.044232613382779527e+04
2.985452915974272159e+01 1.356636930936623209e+01 1.312405236730645974e+01 7.784263570026624279e+00 6.040825661513538944e+04
2.993306904384942868e+01 1.371315409504875227e+01 1.318382712742359253e+01 7.845695537726359525e+00 6.075893316169485479e+04
3.001160892760143994e+01 1.360635401484442752e+01 1.321220046871731313e+01 7.969917977510292850e+00 6.081655478959109314e+04
3.009014881100154071e+01 1.366917568217310652e+01 1.311727556492508917e+01 7.929133251464483223e+00 6.071166216515387350e+04
3.016868869405248077e+01 1.369814854643540158e+01 1.312891152779506854e+01 7.904691636357351392e+00 6.097271973653604800e+04
3.024722857675697441e+01 1.376231867111257756e+01 1.332649991631054931e+01 8.019789479026753654e+00 6.064513832677777827e+04
3.032576845911771457e+01 1.376536773239109834e+01 1.332662592289924319e+01 8.085288767118024467e+00 5.968733084359026543e+04
3.040430834113736580e+01 1.386621517603893139e+01 1.331011880742345177e+01 8.167777913800813749e+00 6.094621769798108289e+04
3.048284822281856421e+01 1.382093509895322647e+01 1.338138404814674054e+01 8.168479488115087506e+00 6.092330492851571762e+04
3.056138810416392460e+01 1.390064097753218064e+01 1.348130431299972720e+01 8.301431721278701659e+00 6.064224019052970107e+04
3.063992798517602267e+01 1.384010668931222376e+01 1.359442994054066034e+01 8.186626505339349436e+00 6.088589154121425236e+04
3.071846786585741640e+01 1.407544176512529788e+01 1.363159205467565904e+01 8.245628872984216429e+00 6.149802991294075036e+04
3.079700774621063886e+01 1.401325263977933133e+01 1.373921517708045670e+01 8.289559898398923821e+00 6.103150260529928346e+04
3.087554762623818760e+01 1.403986640571675260e+01 1.376909902606863234e+01 8.433697451016369584e+00 6.117249109665291326e+04
3.095408750594254599e+01 1.430218279669039916e+01 1.379409335424035454e+01 8.578949703068344590e+00 6.092504158300084964e+04
3.103262738532617249e+01 1.424343519278325410e+01 1.395406070696024337e+01 8.634192283990875794e+00 6.163962669381187879e+04
3.111116726439149005e+01 1.403349699417454843e+01 1.385268026306831501e+01 8.614582934080976528e+00 6.174608403436851950e+04
3.118970714314090387e+01 1.434457932485211984e+01 1.394770531457430529e+01 8.765724685393527338e+00 6.121505544408371497e+04
3.126824702157679781e+01 1.428756000525192249e+01 1.413339109109879388e+01 8.737962902743859672e+00 6.147898745865740057e+04
3.134678689970152377e+01 1.443820807588769206e+01 1.413581552837593946e+01 8.918983025994027258e+00 6.111436003184084257e+04
3.142532677751741588e+01 1.448887945197598448e+01 1.414742109877278153e+01 8.803101903331262079e+00 6.214611028303383500e+04
3.150386665502678696e+01 1.439741613735644776e+01 1.409181221997824096e+01 8.981880371855600842e+00 6.152697179814930860e+04
3.158240653223192140e+01 1.458559823880271011e+01 1.426189881951139604e+01 8.946882939769569276e+00 6.194032376057047077e+04
3.166094640913508229e+01 1.465371128474659557e+01 1.442866954502978771e+01 8.921980799952217822e+00 6.278032963820915029e+04
3.173948628573851494e+01 1.472453690298283213e+01 1.448159950566089904e+01 9.139777838410767075e+00 6.145737925192697003e+04
3.181802616204443623e+01 1.478041663838414443e+01 1.443944017754997944e+01 9.119574113879792776e+00 6.235408506629367184e+04
3.189656603805504531e+01 1.463488721702165662e+01 1.451225720859566692e+01 9.161974917206160640e+00 6.192142213896982867e+04
3.197510591377251998e+01 1.485647182515404729e+01 1.457440741855759470e+01 9.221183343317752801e+00 6.267022221985090437e+04
3.205364578919900964e+01 1.492825511747537348e+01 1.484806568003594585e+01 9.357370749192023496e+00 6.304755217987947981e+04
3.213218566433665302e+01 1.504593526514735302e+01 1.462700449764294852e+01 9.486916541859983454e+00 6.402788449926193425e+04
3.221072553918755688e+01 1.524015508641815941e+01 1.498847558987175077e+01 9.535212888569871481e+00 6.330705950185258553e+04
3.228926541375382442e+01 1.536282463537670573e+01 1.505337405964816000e+01 9.633170984142516602e+00 6.361986469984568248e+04
3.236780528803751622e+01 1.528720321046192332e+01 1.483067526507088729e+01 9.550451120596358479e+00 6.426651418277854827e+04
3.244634516204068575e+01 1.564913826211071424e+01 1.519750578319580825e+01 9.765853812661957178e+00 6.533631418923589808e+04
3.252488503576537227e+01 1.528019845045555947e+01 1.508943286566117159e+01 9.730477469679527758e+00 6.388941040931329189e+04
3.260342490921358660e+01 1.561700330370055312e+01 1.488358359215630955e+01 9.746980395004293030e+00 6.390262111389096390e+04
3.268196478238731828e+01 1.573487282414345323e+01 1.531111306649857617e+01 9.883901153120829619e+00 6.635397535355506989e+04
3.276050465528854261e+01 1.595847200069572125e+01 1.573746222211717694e+01 1.011013083563935844e+01 6.542319261443472351e+04
3.283904452791921358e+01 1.605275554106052027e+01 1.544471589090094632e+01 1.012802716140785897e+01 6.552330483587039635e+04
3.291758440028127097e+01 1.602348804327685272e+01 1.549680504912668155e+01 1.030821251565192398e+01 6.552635140874122590e+04
3.299612427237663326e+01 1.607236043304387962e+01 1.534340896662805953e+01 1.020204552655147978e+01 6.633155584799326607e+04
3.307466414420719758e+01 1.644016989015066699e+01 1.584601981335383947e+01 1.035342009671525787e+01 6.639154235334534314e+04
3.315320401577483977e+01 1.669593775396923974e+01 1.596435095255237435e+01 1.032733109959321460e+01 6.704950656445986533e+04
3.323174388708143567e+01 1.601614059794812306e+01 1.622322954891175328e+01 1.060884401770229246e+01 6.490930398935043922e+04
3.331028375812883269e+01 1.633034246293311043e+01 1.606172202279424610e+01 1.046502256618518345e+01 6.558341166719446483e+04
3.338882362891884981e+01 1.622308374620085303e+01 1.605098994406287005e+01 1.080416389096814633e+01 6.581053283728095994e+04
3.346736349945329891e+01 1.674474371006892426e+01 1.655619409987713198e+01 1.059638501559770241e+01 6.511292533263684891e+04
3.354590336973399189e+01 1.688789477107728842e+01 1.596643202727063482e+01 1.073990442127766620e+01 6.849603800268244231e+04
3.362444323976268379e+01 1.697317363834860870e+01 1.657676988262946338e+01 1.103663169014891565e+01 7.097067215193387528e+04
3.370298310954115806e+01 1.643164692201097665e+01 1.630989589554465979e+01 1.082399073833497027e+01 6.568971596231112198e+04
3.378152297907114132e+01 1.721678013209258040e+01 1.617321065901241894e+01 1.099389042995855625e+01 6.625419164189897128e+04
3.386006284835436730e+01 1.713068342477068029e+01 1.668537654129525194e+01 1.095145882819964633e+01 6.755198858116980409e+04
3.393860271739255552e+01 1.753399707129963758e+01 1.678569729817105838e+01 1.110370006870122417e+01 7.006318561285804026e+04
3.401714258618739706e+01 1.631516039218230674e+01 1.657004001000413140e+01 1.054613510286832323e+01 6.907636839715948736e+04
3.409568245474058301e+01 1.799949945408235763e+01 1.755086849161097717e+01 1.170083236626917511e+01 7.546312072614242788e+04
3.417422232305376895e+01 1.624497390033016941e+01 1.641878260251751342e+01 1.069455786589343305e+01 7.424172474786278326e+04
3.425276219112861043e+01 1.749873027998972930e+01 1.724208327464621249e+01 1.150656049814965520e+01 7.443948129062775115e+04
3.433130205896674880e+01 1.678414060183726875e+01 1.865251790180876412e+01 1.195667086919697830e+01 6.282662769269967976e+04
3.440984192656979701e+01 1.803350853559815192e+01 1.892582932363815473e+01 1.152416149332327144e+01 6.928300489812754677e+04
3.448838179393936088e+01 1.859636410402521634e+01 1.705073479192864383e+01 9.527099454647011356e+00 7.661946749143565830e+04
3.456692166107702491e+01 1.941120615189659659e+01 1.879656335487950614e+01 1.291586452609319835e+01 7.519178785733252880e+04
3.464546152798438072e+01 2.072001360322961006e+01 1.803862188937693745e+01 8.490556909573614419e+00 7.566272993487594067e+04
3.472400139466299152e+01 1.760438430338069438e+01 1.180934846046863385e+01 1.036661273331578670e+01 6.643482358834071783e+04
