# 0.9997 0.9998
7.871241428633635184e-02 5.607094707937533562e-02 5.687109569742265086e-02 5.146753360464006989e-06 7.863411252644370961e+02
1.618072713909662341e-01 1.302908305308278225e-01 1.317514994504777048e-01 3.109697613919037458e-05 3.133798104549085565e+03
2.418771330418761079e-01 2.671285702962545860e-01 2.671836872602975643e-01 4.166302384751559371e-05 4.294440444020592622e+03
3.211923215201240578e-01 4.112526754764743719e-01 4.147176970646112015e-01 9.879326001882683748e-05 8.400835139806382358e+03
4.002017901256537113e-01 3.915378257917080940e-01 3.943768432028993964e-01 1.479926081379320227e-04 1.183436258270771759e+04
4.790568272527075955e-01 4.741889393499501559e-01 4.770301510990856420e-01 2.668785667446308416e-04 1.164145124979327011e+04
5.578229290343351687e-01 5.028828200042413377e-01 5.051513215518830258e-01 3.715215330929821751e-04 1.675478658932420149e+04
6.365331115321660738e-01 5.965204425305028479e-01 5.981591314129811598e-01 5.301009561056337213e-04 1.792728497010013962e+04
7.152058371535838788e-01 5.359709713214938498e-01 5.388742408666326034e-01 7.311752394429126868e-04 2.046328207410419054e+04
7.938522421846891941e-01 6.092878706774823572e-01 6.100103830995795562e-01 8.958448563015844598e-04 2.156134188785205333e+04
8.724794443688169698e-01 6.444637307638442225e-01 6.416346626696856070e-01 1.112789023299024481e-03 2.298312824714716407e+04
9.510922062407737299e-01 6.459395559560343614e-01 6.432898824168931107e-01 1.324593837578580706e-03 2.507534487168824489e+04
1.029693835175838679e+00 7.053868159131370108e-01 6.957406613124700323e-01 1.664137347688049787e-03 2.549677802388846249e+04
1.108286699878543891e+00 7.512774162088398100e-01 7.404586046981731506e-01 1.935622188128163128e-03 2.612890662732005876e+04
1.186872541411916560e+00 7.195574310827318465e-01 7.079672447814537861e-01 2.410473477038411593e-03 2.776423717078110349e+04
1.265452668213572940e+00 7.857760990450255445e-01 7.682374624429796350e-01 2.766087409141416466e-03 2.942632673537288429e+04
1.344028082638708543e+00 8.168996378997854801e-01 7.989777609307211481e-01 3.317297980255767918e-03 3.190621051268797601e+04
1.422599565533279709e+00 8.759039976289170193e-01 8.555497879594567978e-01 3.625654178598709896e-03 3.148908548275034991e+04
1.501167734229200246e+00 9.318476883343764783e-01 9.040649688978317222e-01 4.218139873489194260e-03 3.326441490068940038e+04
1.579733083222462531e+00 9.356988227480418363e-01 9.060771774616797058e-01 4.666493537023677120e-03 3.555046562788954179e+04
1.658296013281593151e+00 9.325662950162457721e-01 8.984054768709857086e-01 5.076072523079651691e-03 3.596574172289094713e+04
1.736856852652245875e+00 9.786867633411211465e-01 9.388319630397160553e-01 5.927947976121069641e-03 3.582010265186544711e+04
1.815415872753641580e+00 1.032811242975180344e+00 9.882666145969793980e-01 6.618897230680628567e-03 3.775079534370957845e+04
1.893973299967037560e+00 1.061040984098794437e+00 1.009893576474057753e+00 7.502859502350821275e-03 3.838430824888282950e+04
1.972529324606241641e+00 1.091237827530096904e+00 1.036551158361510128e+00 8.177766690292482404e-03 4.021041520624005352e+04
2.051084107826015579e+00 1.110266962776467414e+00 1.047931611165474841e+00 9.098093250215266714e-03 4.125992523439109209e+04
2.129637787001040561e+00 1.196188171637371234e+00 1.125044551756352318e+00 9.827166566975785791e-03 4.267989877592693665e+04
2.208190479956450680e+00 1.216291966986418727e+00 1.140622933132494410e+00 1.079864303507756251e-02 4.326712571599506191e+04
2.286742288326184092e+00 1.242524866600592137e+00 1.164363915341303013e+00 1.169963256226723251e-02 4.342881206485681469e+04
2.365293300241981811e+00 1.248243713902964069e+00 1.164099087343281491e+00 1.286288334547752883e-02 4.414492918950595777e+04
2.443843592503681883e+00 1.311786624274198898e+00 1.221453007954971470e+00 1.390720238623085157e-02 4.599363463130421587e+04
2.522393232343909553e+00 1.352657602188052754e+00 1.256748428647108229e+00 1.459135214375810972e-02 4.658959570603516477e+04
2.600942278872942381e+00 1.378136453302267084e+00 1.274668476366842551e+00 1.617236963094979135e-02 4.831829748678261240e+04
2.679490784269383141e+00 1.406741208026200951e+00 1.292291491975509743e+00 1.728556969957034326e-02 4.766396238526084198e+04
2.758038794767343038e+00 1.456138172624688254e+00 1.336517679526307623e+00 1.828108832473676615e-02 4.922490508653713914e+04
2.836586351479573942e+00 1.511764439581394504e+00 1.385136762282061840e+00 1.990038023275366233e-02 5.087809896653964825e+04
2.915133491087511963e+00 1.547998739165582727e+00 1.413259400095651541e+00 2.119327532076286866e-02 5.064011532758030080e+04
2.993680246422668834e+00 1.599399708691966238e+00 1.460569960763600239e+00 2.247247357729479852e-02 5.052776378525314794e+04
3.072226646958827967e+00 1.639710231758783943e+00 1.486845643492894720e+00 2.448770495663017688e-02 5.237945208243801608e+04
3.150772719230606977e+00 1.635783249260855499e+00 1.482656909881352458e+00 2.533903422556725918e-02 5.252126693334958691e+04
3.229318487190934395e+00 1.669383708252193621e+00 1.505256888784473945e+00 2.765565486493919492e-02 5.304102052736994665e+04
3.307863972517584905e+00 1.740175547310381710e+00 1.564633166792969377e+00 2.862643582813098261e-02 5.374206894824892515e+04
3.386409194877053608e+00 1.772692543168813861e+00 1.589166303993179152e+00 3.069207155403604406e-02 5.551536185226153611e+04
3.464954172152534095e+00 1.797895168507382069e+00 1.612739273362288062e+00 3.232434815145023704e-02 5.529562923120060441e+04
3.543498920641575456e+00 1.866961727144681005e+00 1.668157489084401535e+00 3.428164731191113423e-02 5.672634846299365017e+04
3.622043455228019404e+00 1.864283779477314829e+00 1.668604757714292175e+00 3.580033996427010867e-02 5.663562363840630132e+04
3.700587789532037597e+00 1.945317455017621544e+00 1.729683899305861416e+00 3.787123802541386697e-02 5.741891976034524851e+04
3.779131936041457696e+00 1.956759436608833003e+00 1.739793777792494556e+00 4.003083947465173320e-02 5.840016642261448578e+04
3.857675906227046259e+00 1.986977118877328419e+00 1.763042359283257365e+00 4.181866006405918906e-02 5.915455647707766911e+04
3.936219710643986680e+00 2.039678297356207981e+00 1.802022956733298598e+00 4.402206016753691664e-02 5.967986143608423299e+04
4.014763359021444877e+00 2.076791016735799911e+00 1.833326594347466143e+00 4.624713933836029772e-02 5.907272965994842525e+04
4.093306860341824560e+00 2.129066107789689966e+00 1.874234408499691584e+00 4.830269770498035742e-02 6.050176238534628646e+04
4.171850222911064776e+00 2.167535238354228788e+00 1.904309038593148928e+00 5.036043578242730551e-02 6.118479377229773672e+04
4.250393454421145911e+00 2.175476570621162953e+00 1.905108251882317028e+00 5.285823236024124461e-02 6.111965614044728864e+04
4.328936562005788247e+00 2.206865382136560250e+00 1.937765873411844364e+00 5.474495773385366221e-02 6.256384449182594835e+04
4.407479552290201497e+00 2.270861096190622597e+00 1.987961578021835818e+00 5.730786100618665696e-02 6.224288174862469168e+04
4.486022431435594982e+00 2.286252300901594037e+00 1.997574761668266641e+00 5.939891782587420482e-02 6.336264712334304204e+04
4.564565205179107465e+00 2.350592125909622077e+00 2.051237994589511615e+00 6.239808988278700702e-02 6.388247347511146654e+04
4.643107878869670024e+00 2.360407784469500836e+00 2.053572191736163788e+00 6.507919591578145702e-02 6.455594308118511253e+04
4.721650457500300213e+00 2.396271409443268663e+00 2.083873626789857880e+00 6.728843527806198377e-02 6.451328366533090593e+04
4.800192945737217443e+00 2.456008533733637478e+00 2.127346456267384944e+00 7.048496128009948403e-02 6.527546453779505828e+04
4.878735347946150824e+00 2.463518198435683093e+00 2.135362795465618468e+00 7.287852805832033265e-02 6.614311520255847427e+04
4.957277668216146793e+00 2.522340334481557367e+00 2.181900009738994672e+00 7.697599106336196206e-02 6.608238201432902133e+04
5.035819910381144737e+00 2.566979041414053420e+00 2.213581137793000142e+00 7.924477358388264114e-02 6.581802415411242691e+04
5.114362078039562221e+00 2.604934457984682705e+00 2.243705943091998556e+00 8.240711896645171175e-02 6.706902408831447246e+04
5.192904174572115394e+00 2.597869967518668499e+00 2.232413194965816139e+00 8.522733263092874267e-02 6.756157425426534610e+04
5.271446203158030919e+00 2.658831722458291136e+00 2.279949698611082098e+00 8.911188687513478535e-02 6.810326142403876293e+04
5.349988166789838573e+00 2.682736714958994462e+00 2.304171192294937942e+00 9.165427284321005230e-02 6.836091955342645815e+04
5.428530068286878674e+00 2.758258094444799635e+00 2.358382670240538825e+00 9.567436002197987621e-02 6.879435360227095953e+04
5.507071910307648643e+00 2.763552138992284579e+00 2.360983193450006290e+00 9.935337041917757794e-02 6.902893811735766940e+04
5.585613695361120179e+00 2.828668421108335718e+00 2.408944868586937904e+00 1.029387412906623417e-01 7.027700459966002381e+04
5.664155425817094525e+00 2.856007866572294329e+00 2.441396163683478004e+00 1.054988542800227996e-01 7.000567780366360967e+04
5.742697103915729961e+00 2.875573893075354714e+00 2.458991704704876380e+00 1.070168106418791509e-01 7.004259119702898897e+04
5.821238731776284148e+00 2.907410251654117150e+00 2.481639799061917451e+00 1.117005925615239537e-01 7.036713728703052038e+04
5.899780311405160127e+00 2.945251573588461014e+00 2.509718196663922374e+00 1.147957418514659877e-01 7.123402793421436218e+04
5.978321844703323507e+00 2.981011055810435906e+00 2.534211791033947669e+00 1.192970461382468622e-01 7.175102019572867721e+04
6.056863333473133437e+00 3.014214419429240621e+00 2.561256314758640240e+00 1.231608662463824500e-01 7.243211270466647693e+04
6.135404779424661115e+00 3.068940878407218076e+00 2.598637261905076823e+00 1.268473155180237788e-01 7.269562062231611344e+04
6.213946184181517118e+00 3.082610051091535297e+00 2.616748068261987026e+00 1.294289875712830995e-01 7.287895698614980211e+04
6.292487549286247983e+00 3.170368358220257754e+00 2.684522089020083602e+00 1.346327251618743559e-01 7.351916257315149414e+04
6.371028876205335756e+00 3.170769360575311779e+00 2.692784029773522381e+00 1.361764180828557991e-01 7.326325713799876394e+04
6.449570166333828070e+00 3.176975480174670352e+00 2.679652689794679077e+00 1.419879598730554304e-01 7.400480511477746768e+04
6.528111420999634262e+00 3.251081031685369993e+00 2.744624213957552072e+00 1.472672883152883749e-01 7.347888799188067787e+04
6.606652641467518627e+00 3.268290792239460174e+00 2.755842437361037955e+00 1.519502337439352369e-01 7.408446590451204975e+04
6.685193828942805006e+00 3.334668162078652021e+00 2.812705047576027351e+00 1.546246716312786318e-01 7.384218541297267075e+04
6.763734984574836240e+00 3.327789635894406128e+00 2.803299184247157960e+00 1.596241903160758036e-01 7.391958571363380179e+04
6.842276109460177835e+00 3.384138667109437115e+00 2.843684536781509564e+00 1.644940551228822323e-01 7.469041643657466921e+04
6.920817204645620890e+00 3.413308769410372090e+00 2.863500735858254931e+00 1.688206361046345749e-01 7.546200986972832470e+04
6.999358271130968312e+00 3.464218155668703947e+00 2.907541158729077591e+00 1.732300066059341559e-01 7.580607961525693827e+04
7.077899309871646949e+00 3.499206971993652271e+00 2.940598960321183064e+00 1.757672934429843903e-01 7.586899487582927395e+04
7.156440321781138536e+00 3.540446119898995381e+00 2.971981817385012548e+00 1.809413691163735405e-01 7.529575105840903416e+04
7.234981307733260536e+00 3.623625807800081589e+00 3.031536742118301930e+00 1.885648062828541860e-01 7.606258360593013640e+04
7.313522268564292439e+00 3.597720670727523995e+00 3.007587000916622344e+00 1.924683446100927675e-01 7.601104525116566219e+04
7.392063205074973276e+00 3.642007895713855969e+00 3.042290777684068193e+00 1.969637429860011113e-01 7.593873217650142033e+04
7.470604118032365015e+00 3.676758559775345603e+00 3.066991175358256161e+00 2.023298164706946178e-01 7.671675595575508487e+04
7.549145008171610272e+00 3.679366608306626318e+00 3.071091205462858298e+00 2.053677336607613313e-01 7.714685521825963224e+04
7.627685876197570103e+00 3.736483680652653572e+00 3.116546012811117095e+00 2.123861223078803429e-01 7.711587784520261630e+04
7.706226722786373884e+00 3.783892385790659230e+00 3.153617269953916669e+00 2.163511679216996997e-01 7.712232971010619076e+04
7.784767548586863484e+00 3.789124990786227887e+00 3.154436514036844663e+00 2.223806799648503085e-01 7.654888808104294003e+04
7.863308354221953955e+00 3.845891292283857066e+00 3.198174691646508805e+00 2.268861633356417662e-01 7.778320530067826621e+04
7.941849140289923170e+00 3.916172175445820525e+00 3.255559768449005187e+00 2.347085461947222285e-01 7.680518241596882581e+04
8.020389907365611748e+00 3.924092826616001339e+00 3.255860515050493564e+00 2.391808945429865774e-01 7.829443064935290022e+04
8.098930656001561701e+00 3.952210107265785144e+00 3.281281407997517441e+00 2.457979599999445264e-01 7.801668507208894880e+04
8.177471386729090241e+00 3.998055191640030426e+00 3.326184410706618966e+00 2.487502634002338453e-01 7.786465863031400659e+04
8.256012100059292536e+00 4.042416118901424937e+00 3.356907508768954163e+00 2.552237816813135440e-01 7.827089776765157876e+04
8.334552796484000936e+00 4.040602004412538584e+00 3.350438929036493096e+00 2.612604527318921899e-01 7.831278765467058111e+04
8.413093476476680266e+00 4.100364559446017410e+00 3.398072544609200385e+00 2.667754939746791454e-01 7.799633194915788772e+04
8.491634140493276917e+00 4.151838262924583134e+00 3.444797534485184887e+00 2.723706866379057567e-01 7.825588712113049405e+04
8.570174788973028868e+00 4.159639888115263417e+00 3.449447734303195734e+00 2.761763357236951544e-01 7.833128154082781111e+04
8.648715422339215309e+00 4.197214311005103227e+00 3.486740095074833068e+00 2.841831453475200386e-01 7.885496801664117083e+04
8.727256040999876063e+00 4.213963002279680126e+00 3.493951964358167128e+00 2.897669384708587148e-01 7.819835076277272310e+04
8.805796645348495488e+00 4.271214110212770976e+00 3.541807254001223981e+00 2.954466239138437422e-01 7.802378118582617026e+04
8.884337235764643737e+00 4.300130888410413910e+00 3.557471491765547889e+00 3.009379744328014583e-01 7.837833380629360909e+04
8.962877812614589601e+00 4.339405097779399867e+00 3.590302328253709430e+00 3.091210907750032155e-01 7.931326695196529909e+04
9.041418376251867173e+00 4.368595758880307045e+00 3.613434371697897607e+00 3.134531336357759823e-01 7.942169763163827884e+04
9.119958927017840722e+00 4.368799178371359559e+00 3.609778132209002788e+00 3.224800912393717689e-01 7.913632149067452701e+04
9.198499465242209183e+00 4.438759649943428087e+00 3.668532279297370913e+00 3.283755796478884381e-01 7.915831182862451533e+04
9.277039991243508865e+00 4.457015149385707531e+00 3.673007433845285608e+00 3.342172903668664263e-01 7.853602494434481196e+04
9.355580505329580632e+00 4.513182176246178123e+00 3.724246156105281536e+00 3.424323901060742914e-01 7.915166354609206610e+04
9.434121007798012215e+00 4.532742446082748344e+00 3.738299436379363350e+00 3.458413871506562653e-01 7.932259936821561132e+04
9.512661498936562765e+00 4.611902314645708323e+00 3.800877458422007749e+00 3.538791532045674204e-01 7.957491953368773102e+04
9.591201979023569635e+00 4.613871819553045484e+00 3.807902602679623438e+00 3.636472732397227903e-01 7.910786214009051037e+04
9.669742448328321416e+00 4.648016875682070115e+00 3.829420036703675922e+00 3.722476477078296986e-01 7.898902868413884426e+04
9.748282907111432749e+00 4.692072719294555938e+00 3.861525285014436815e+00 3.765632442829168203e-01 7.927343374581310491e+04
9.826823355625185386e+00 4.703090113310783416e+00 3.878157444358207417e+00 3.842145417602199076e-01 7.920433719931528321e+04
9.905363794113858589e+00 4.745733055420595647e+00 3.901860866276539497e+00 3.928202460553720243e-01 7.917045190420832660e+04
9.983904222814045326e+00 4.762661294712609461e+00 3.916129453653831138e+00 3.996922367325459469e-01 7.889544319464643195e+04
1.006244464195495070e+01 4.818733993978971064e+00 3.963755764617442612e+00 4.048201867635185525e-01 7.908607444692168792e+04
1.014098505175868148e+01 4.810432197519774355e+00 3.958897674317905846e+00 4.132107056263434330e-01 7.906010541657249269e+04
1.021952545244051613e+01 4.867604686203418574e+00 4.003749742156102798e+00 4.188938897802997330e-01 7.930729225997797039e+04
1.029806584420916415e+01 4.914174592091590910e+00 4.038538241868878664e+00 4.293802516017891091e-01 7.882191952623803809e+04
1.037660622726701654e+01 4.938446850321102310e+00 4.061851003577647390e+00 4.327399355911561440e-01 7.931708028098725481e+04
1.045514660181038380e+01 4.963591308376764211e+00 4.079836385637982232e+00 4.413022118086955548e-01 7.874434461809087952e+04
1.053368696802971982e+01 4.985016074695510113e+00 4.103570188539539032e+00 4.476728038015668210e-01 7.901940808296955947e+04
1.061222732610984210e+01 5.025931162014368070e+00 4.125529365479637889e+00 4.586593018214222828e-01 7.900910478214023169e+04
1.069076767623013779e+01 5.079235523947902564e+00 4.175861317881480517e+00 4.647758239640569777e-01 7.908525009809306357e+04
1.076930801856475739e+01 5.094073776037244983e+00 4.180448828016792184e+00 4.734304491271266735e-01 7.910822563334608276e+04
1.084784835328281005e+01 5.136464470936631166e+00 4.218681891691229424e+00 4.833009450619467628e-01 7.877284342780879524e+04
1.092638868054854306e+01 5.182888568809136842e+00 4.249531116481966464e+00 4.892496808842579648e-01 7.870156531623748015e+04
1.100492900052151413e+01 5.213439098155455476e+00 4.291203345082784004e+00 4.983563066720378965e-01 7.867848278403191944e+04
1.108346931335675833e+01 5.242416996678117336e+00 4.309945261888085355e+00 5.044511236102624530e-01 7.818100656600992079e+04
1.116200961920494805e+01 5.260068735765209169e+00 4.318825445514542061e+00 5.131457305531088586e-01 7.841573837353983254e+04
1.124054991821254212e+01 5.269543826928145158e+00 4.333439504022639888e+00 5.202719252341622136e-01 7.829522394328308292e+04
1.131909021052193687e+01 5.286245087448238067e+00 4.341058162936294096e+00 5.298400102753848540e-01 7.815593493592874438e+04
1.139763049627160285e+01 5.319926141280517662e+00 4.373734029639843257e+00 5.386611346372792708e-01 7.798139674021047540e+04
1.147617077559622167e+01 5.347835452002050793e+00 4.400333256165557039e+00 5.486216952492470877e-01 7.818631983924770611e+04
1.155471104862680853e+01 5.414494782975677545e+00 4.448171757568342599e+00 5.559524725599575001e-01 7.787538678797250031e+04
1.163325131549084368e+01 5.440716632494622118e+00 4.468761032132039901e+00 5.651979700563425357e-01 7.821887404356950719e+04
1.171179157631238787e+01 5.452006721059487582e+00 4.488721574375121648e+00 5.713089361565771851e-01 7.764426050843075791e+04
1.179033183121219608e+01 5.488949026208056026e+00 4.516960143861276755e+00 5.794186567162106227e-01 7.741287601895553234e+04
1.186887208030782759e+01 5.528682522304885438e+00 4.539882204338426597e+00 5.900379817806079563e-01 7.738273706036119256e+04
1.194741232371374728e+01 5.543082416830945824e+00 4.561886077096453107e+00 5.972845432343448779e-01 7.758617175584088545e+04
1.202595256154143222e+01 5.551651698051461636e+00 4.571932745158064471e+00 6.059600003630286613e-01 7.708836906861391617e+04
1.210449279389946753e+01 5.590755424791939987e+00 4.606981589211030403e+00 6.179620802927754397e-01 7.693384794640861219e+04
1.218303302089363527e+01 5.601402582974306377e+00 4.609254864637200022e+00 6.230083802394781323e-01 7.706178576110533322e+04
1.226157324262700676e+01 5.634969199873158807e+00 4.635919292862213048e+00 6.334023003527808893e-01 7.705910735926692723e+04
1.234011345920003322e+01 5.691603540159291263e+00 4.683781035639261070e+00 6.423591662739643882e-01 7.689082907107518986e+04
1.241865367071062565e+01 5.695108131341084068e+00 4.684643813487769926e+00 6.523557111066943248e-01 7.667006505645226571e+04
1.249719387725422415e+01 5.752723806468367229e+00 4.736533009190192267e+00 6.615197266439434287e-01 7.639153481542758527e+04
1.257573407892389383e+01 5.744009615307193783e+00 4.733194894064520319e+00 6.741082707403242003e-01 7.625606231095350813e+04
1.265427427581038877e+01 5.781670112461814171e+00 4.771381639223912785e+00 6.827377029212963189e-01 7.608165306270781730e+04
1.273281446800221772e+01 5.796745561526481794e+00 4.770095171580206461e+00 6.919964859200348206e-01 7.608932154492280097e+04
1.281135465558572584e+01 5.841533851472380690e+00 4.816401492916123850e+00 7.025097933195538769e-01 7.581664967103232630e+04
1.288989483864514796e+01 5.889145058794891696e+00 4.846330798845712273e+00 7.148648070403158528e-01 7.547291028359590564e+04
1.296843501726268322e+01 5.918088809117667104e+00 4.882323776946713600e+00 7.220230656506864131e-01 7.560618104929012770e+04
1.304697519151855190e+01 5.902057178830986572e+00 4.863332298950086674e+00 7.332951056205253559e-01 7.543781349414843135e+04
1.312551536149104692e+01 5.922285224852749330e+00 4.881930697761791116e+00 7.435648079789534126e-01 7.525263034364668420e+04
1.320405552725660492e+01 5.961462293457999273e+00 4.926492256389090052e+00 7.533777201578218952e-01 7.488920086565952806e+04
1.328259568888985243e+01 5.991031445433049107e+00 4.944331631894804069e+00 7.677869029818311652e-01 7.486269219974651060e+04
1.336113584646366270e+01 6.018273553102541307e+00 4.958883437051261112e+00 7.764950990078087756e-01 7.462137063740714802e+04
1.343967600004920548e+01 6.021119265113425101e+00 4.967979322166367950e+00 7.862232051800128740e-01 7.449107084865805518e+04
1.351821614971599317e+01 6.046308078208301851e+00 4.991784765494744924e+00 7.967759448420747015e-01 7.454591883634692931e+04
1.359675629553193588e+01 6.053021241127686025e+00 5.010564098244191911e+00 8.041527610794748648e-01 7.419560227472819679e+04
1.367529643756338231e+01 6.076451250276106109e+00 5.025745281154803124e+00 8.156414245470091640e-01 7.408412469742819667e+04
1.375383657587516595e+01 6.133752799854676141e+00 5.057590439004807870e+00 8.282460215129990866e-01 7.374390441786676820e+04
1.383237671053064766e+01 6.146051070469168209e+00 5.078176377916570061e+00 8.405120996064634475e-01 7.371960480807503336e+04
1.391091684159175834e+01 6.198075152215361427e+00 5.118058324237148682e+00 8.511484149119977749e-01 7.346601001661586633e+04
1.398945696911903269e+01 6.224085940693681707e+00 5.146073212690747134e+00 8.601713871328537930e-01 7.336344764511605899e+04
1.406799709317166069e+01 6.248893319868937368e+00 5.163627873206920960e+00 8.785227096748629005e-01 7.337341415292017336e+04
1.414653721380751428e+01 6.262173544686157278e+00 5.184361524714749869e+00 8.821034771018497755e-01 7.317815996166154218e+04
1.422507733108318817e+01 6.283466078637114371e+00 5.202216185025076101e+00 8.971398567059316598e-01 7.278738037846068619e+04
1.430361744505403543e+01 6.303737783943862638e+00 5.218273140978183733e+00 9.074112751685534661e-01 7.278863190526407561e+04
1.438215755577419586e+01 6.336628829404689967e+00 5.251582655210986772e+00 9.221421728815371033e-01 7.224306746466463665e+04
1.446069766329663686e+01 6.354471312941297079e+00 5.265235276781196738e+00 9.324323721047124147e-01 7.221198331906602834e+04
1.453923776767318010e+01 6.389933198863182007e+00 5.292519654119844930e+00 9.423823243036340003e-01 7.192813359177128586e+04
1.461777786895453346e+01 6.410289344944558820e+00 5.317914714549995203e+00 9.547751618275199803e-01 7.183560730714854435e+04
1.469631796719032302e+01 6.414098507312575137e+00 5.326070862992198229e+00 9.641595845525894326e-01 7.129893150735471863e+04
1.477485806242911437e+01 6.440662004607438540e+00 5.346506413229340282e+00 9.800506782476655632e-01 7.156971948106783384e+04
1.485339815471844993e+01 6.480869977948807481e+00 5.380615152552969072e+00 9.952890340258071511e-01 7.126890261674721842e+04
1.493193824410487203e+01 6.515542146842556726e+00 5.403748859582970354e+00 1.004836995187897264e+00 7.129854786481276096e+04
1.501047833063394421e+01 6.527838975221783357e+00 5.415692401574559334e+00 1.018090434224730556e+00 7.111403124572432716e+04
1.508901841435028857e+01 6.538727072459613154e+00 5.441942957872625719e+00 1.030033432580837571e+00 7.090999609551409958e+04
1.516755849529759992e+01 6.587864388145771244e+00 5.483067111600860244e+00 1.043521291201855883e+00 7.047781301483685093e+04
1.524609857351867070e+01 6.587313816806021016e+00 5.488829797725897741e+00 1.057094471761730103e+00 7.045348339492033119e+04
1.532463864905541762e+01 6.625476011231627105e+00 5.505361884053978194e+00 1.067545974643208773e+00 7.002646921090687101e+04
1.540317872194890292e+01 6.653515661474131981e+00 5.538863224466468616e+00 1.081113806884985706e+00 7.010084180481451040e+04
1.548171879223935399e+01 6.680366162254123275e+00 5.548121755945778943e+00 1.097202734582465311e+00 6.983838629660227161e+04
1.556025885996618996e+01 6.691213315861987532e+00 5.580117109468222480e+00 1.106123845571996833e+00 6.953847559968262794e+04
1.563879892516803238e+01 6.711195572084867500e+00 5.600240762830348551e+00 1.117385067210502125e+00 6.950750798322846822e+04
1.571733898788273187e+01 6.736043720260873613e+00 5.624919016608518341e+00 1.131766198681737556e+00 6.939588033222116064e+04
1.579587904814739119e+01 6.779537692837662277e+00 5.654776782499765453e+00 1.147098820354498061e+00 6.930492265170918836e+04
1.587441910599837769e+01 6.799526461214787432e+00 5.677793927720627742e+00 1.161709244446055056e+00 6.892693243591395731e+04
1.595295916147133575e+01 6.823484137424480345e+00 5.695932126502701642e+00 1.173702029425933713e+00 6.857071387321125076e+04
1.603149921460121874e+01 6.850368066704604075e+00 5.732461698876721634e+00 1.193300393039934626e+00 6.865203463152995391e+04
1.611003926542229436e+01 6.856006687967037827e+00 5.731725636340942565e+00 1.202830224502208667e+00 6.827276231206231751e+04
1.618857931396816596e+01 6.928526410056383256e+00 5.783134081644971225e+00 1.221974139939336013e+00 6.839638763317852863e+04
1.626711936027179561e+01 6.958916917829348847e+00 5.819182870793947693e+00 1.231106183948745381e+00 6.790501049521681853e+04
1.634565940436549525e+01 6.958852499936417857e+00 5.807460153697424410e+00 1.252621069899892969e+00 6.790498446706228424e+04
1.642419944628097639e+01 6.981495346202481578e+00 5.845975488929175512e+00 1.261890140069763522e+00 6.767432019335874065e+04
1.650273948604932883e+01 7.014378595788289594e+00 5.869228362485597650e+00 1.275227582420596750e+00 6.776586432675481774e+04
1.658127952370107394e+01 7.030607936793191293e+00 5.885189614334294106e+00 1.291920694602841646e+00 6.736950770054946770e+04
1.665981955926614333e+01 7.058676390656616562e+00 5.904911988589894634e+00 1.302973655136582032e+00 6.728889161346309993e+04
1.673835959277390728e+01 7.096590391423937660e+00 5.954329167422380387e+00 1.317106243666097409e+00 6.718210215732360666e+04
1.681689962425318896e+01 7.117899883074352729e+00 5.955096232762284281e+00 1.337067941557301465e+00 6.698716518959413224e+04
1.689543965373228218e+01 7.150759543162640064e+00 5.996201010468901416e+00 1.353692694549117670e+00 6.667600587423818070e+04
1.697397968123895495e+01 7.149136216576049030e+00 5.995638089401265525e+00 1.364192611367496699e+00 6.672467602437635651e+04
1.705251970680045304e+01 7.202796250218402641e+00 6.037621145579469939e+00 1.387183997443623307e+00 6.659862959606666118e+04
1.713105973044353902e+01 7.221327730572412840e+00 6.054202200683518775e+00 1.398026795363050301e+00 6.649987577748490730e+04
1.720959975219447102e+01 7.264457414230128585e+00 6.094320615930416629e+00 1.413336904563051055e+00 6.628234405565954512e+04
1.728813977207903463e+01 7.291648185179363750e+00 6.122704470905634189e+00 1.436591189274784908e+00 6.626600023066987342e+04
1.736667979012256424e+01 7.307501224748738089e+00 6.163889926561854971e+00 1.441906176104370552e+00 6.605551716060729814e+04
1.744521980634991110e+01 7.347333719330483071e+00 6.180416248719397210e+00 1.463990429187931763e+00 6.587363732224893465e+04
1.752375982078550365e+01 7.339152707273989940e+00 6.180114836198866257e+00 1.475967404805492711e+00 6.560161268059934082e+04
1.760229983345331917e+01 7.390827738613344522e+00 6.225026339857961943e+00 1.487384322213141541e+00 6.561509347709620488e+04
1.768083984437692635e+01 7.413046669976028902e+00 6.256231060713432157e+00 1.505457810124860352e+00 6.560484968203057360e+04
1.775937985357945692e+01 7.488524822194353447e+00 6.301663121396406275e+00 1.526978217002341820e+00 6.541570766622786323e+04
1.783791986108364824e+01 7.487448261372827929e+00 6.316622418984440657e+00 1.532298681193689394e+00 6.520550862040116772e+04
1.791645986691183268e+01 7.510960569617838978e+00 6.340915088714206505e+00 1.557297062833991497e+00 6.517631698189747112e+04
1.799499987108595889e+01 7.559868947613638923e+00 6.372422034396322488e+00 1.576741891653866912e+00 6.509443646348509355e+04
1.807353987362759185e+01 7.579577292734040128e+00 6.406515445106577111e+00 1.591590876331117066e+00 6.501695380079439201e+04
1.815207987455791638e+01 7.600599777303797211e+00 6.412683235362711009e+00 1.612622029102261711e+00 6.463623989436534612e+04
1.823061987389775851e+01 7.650897822040211516e+00 6.462549339088659472e+00 1.624282400066334509e+00 6.488104919656900165e+04
1.830915987166758541e+01 7.673844357038942299e+00 6.487083509993975206e+00 1.643394998790636219e+00 6.480811524371829000e+04
1.838769986788751964e+01 7.735139696174661239e+00 6.544073007801894271e+00 1.659226963465165738e+00 6.484747421099294297e+04
1.846623986257733563e+01 7.728794936595949849e+00 6.539403691659007478e+00 1.678368203239065215e+00 6.461343918158948509e+04
1.854477985575647381e+01 7.760390635960659367e+00 6.576941919922391300e+00 1.696320483128858303e+00 6.468532789313080139e+04
1.862331984744404423e+01 7.815258687446329233e+00 6.614878416949497186e+00 1.711796765934175735e+00 6.444112922437817178e+04
1.870185983765884075e+01 7.841202689183022656e+00 6.642265537102396422e+00 1.732339611268656210e+00 6.459711430229777761e+04
1.878039982641934458e+01 7.860704668191090150e+00 6.671696840210309176e+00 1.743756785071698845e+00 6.475461407476659951e+04
1.885893981374372075e+01 7.904981413984161875e+00 6.703272106211268344e+00 1.763486620888064182e+00 6.451957036748783139e+04
1.893747979964983941e+01 7.952239611586275458e+00 6.731310974604806319e+00 1.786465575635742820e+00 6.446696351763985876e+04
1.901601978415527228e+01 8.001838584378091923e+00 6.807424974800203366e+00 1.800446814215456603e+00 6.454052696553932765e+04
1.909455976727730331e+01 8.023179741133024123e+00 6.822769576109083189e+00 1.824770129926951645e+00 6.441925182599627442e+04
1.917309974903293579e+01 8.063634589872769709e+00 6.870281635976808410e+00 1.839999024093740276e+00 6.457382518218793120e+04
1.925163972943889235e+01 8.088787749297278395e+00 6.892915081861208826e+00 1.861912873239652599e+00 6.418516082222625846e+04
1.933017970851161849e+01 8.145344827714479763e+00 6.930303217910244840e+00 1.890253634973200203e+00 6.447840774915587099e+04
1.940871968626730748e+01 8.185082675063881652e+00 6.973015517214915526e+00 1.900257685943636643e+00 6.453144261555933917e+04
1.948725966272188259e+01 8.228706339794015889e+00 7.012798423175374829e+00 1.924749322411912988e+00 6.453612322201095230e+04
1.956579963789100773e+01 8.260885078413366500e+00 7.042492082993135227e+00 1.940959004378331354e+00 6.445941769199576811e+04
1.964433961179010524e+01 8.318808996558768598e+00 7.094164580499209727e+00 1.961871670660181310e+00 6.448178791011558496e+04
1.972287958443434519e+01 8.345329010409971104e+00 7.128152407887083264e+00 1.980672641236022935e+00 6.464206197126572079e+04
1.980141955583865965e+01 8.384748090362553086e+00 7.158185925257816606e+00 1.997723222474362181e+00 6.456101158642013615e+04
1.987995952601774619e+01 8.443074547994065426e+00 7.216507514281519597e+00 2.018966608149781905e+00 6.483988407424686739e+04
1.995849949498606790e+01 8.486629585978448631e+00 7.257088353579243645e+00 2.035344609013443939e+00 6.500238596076674730e+04
2.003703946275786052e+01 8.496810414395145727e+00 7.283569840711882293e+00 2.058774045535391561e+00 6.491899899618151539e+04
2.011557942934713950e+01 8.532792801992368226e+00 7.301694345317482515e+00 2.086778383307934082e+00 6.502185366029674333e+04
2.019411939476770712e+01 8.590417195783828674e+00 7.359104627214522409e+00 2.098488337948852589e+00 6.475333010418255435e+04
2.027265935903314542e+01 8.585535519134815274e+00 7.370773500106793108e+00 2.118909932398445495e+00 6.457566927082404436e+04
2.035119932215682326e+01 8.613765188945533779e+00 7.387172141016336013e+00 2.139361992321068939e+00 6.436762120086464711e+04
2.042973928415191054e+01 8.617566072449127645e+00 7.414510929041161269e+00 2.160900106842669199e+00 6.436414977625250322e+04
2.050827924503137467e+01 8.630961149344930305e+00 7.417186290630399803e+00 2.178074125897214497e+00 6.403227112744257465e+04
2.058681920480798766e+01 8.676878017896159534e+00 7.461623519701023888e+00 2.203581416826297712e+00 6.396855056125155534e+04
2.066535916349431901e+01 8.651706626617192697e+00 7.453421017806894255e+00 2.213989423544533430e+00 6.358497265971715387e+04
2.074389912110275347e+01 8.656783463752621088e+00 7.476201806498857572e+00 2.238542298064811753e+00 6.351120856099267257e+04
2.082243907764548752e+01 8.677350042491362103e+00 7.502909382082904699e+00 2.253044118157931930e+00 6.330055782800236921e+04
2.090097903313453642e+01 8.724490856781347503e+00 7.514991718577516799e+00 2.278427726536287778e+00 6.303968593597270228e+04
2.097951898758173783e+01 8.734405264802926894e+00 7.532921196452686985e+00 2.298367576285443192e+00 6.280395391837012721e+04
2.105805894099874109e+01 8.737029433401760414e+00 7.561891449779435170e+00 2.321439004046284893e+00 6.253638555595884827e+04
2.113659889339703568e+01 8.739373616760074626e+00 7.574253818371585290e+00 2.332648986020889215e+00 6.251943682049700874e+04
2.121513884478793344e+01 8.772845976722503991e+00 7.599477482664381611e+00 2.356242245305359528e+00 6.228926911180256138e+04
2.129367879518258277e+01 8.779829536864038886e+00 7.604638171519939149e+00 2.379674907423190877e+00 6.205467321146851464e+04
2.137221874459196869e+01 8.794293713366748477e+00 7.629291765370552092e+00 2.401382456224744999e+00 6.177638418883646955e+04
2.145075869302691274e+01 8.794725018630060731e+00 7.637418863457552831e+00 2.422575653466735091e+00 6.168698725417903916e+04
2.152929864049807307e+01 8.831567057707909285e+00 7.675673941270944489e+00 2.443934052015256153e+00 6.150067797870490176e+04
2.160783858701596571e+01 8.818477966203548846e+00 7.692310226376820381e+00 2.460258684127576423e+00 6.152194629327522853e+04
2.168637853259094683e+01 8.871274307120176061e+00 7.731818175345383182e+00 2.487309844935932546e+00 6.121569241403915657e+04
2.176491847723321982e+01 8.914862730917755940e+00 7.763192885674612853e+00 2.509852089187770918e+00 6.093864281945378752e+04
2.184345842095285306e+01 8.883276003970868473e+00 7.746331960242334169e+00 2.527219385309748212e+00 6.076393990512134769e+04
2.192199836375975508e+01 8.891308348338379020e+00 7.783139440579327939e+00 2.549849576577823740e+00 6.074419344002952857e+04
2.200053830566371005e+01 8.938149088318594337e+00 7.813037806288708254e+00 2.565039619321650033e+00 6.065426411056015786e+04
2.207907824667434582e+01 8.948160200759900818e+00 7.811237746182126962e+00 2.584803007143530174e+00 6.048815028195233754e+04
2.215761818680116590e+01 8.945083957132423436e+00 7.832520717313506964e+00 2.609390181287972066e+00 6.029402987281525566e+04
2.223615812605353526e+01 8.969611654105783316e+00 7.851284951196500828e+00 2.635777409657166448e+00 6.021631086613288790e+04
2.231469806444068738e+01 8.974719232636251931e+00 7.849943971607681092e+00 2.648965412326238500e+00 5.992929926970984525e+04
2.239323800197172432e+01 8.984398010785101363e+00 7.882164329157872906e+00 2.673646101853081269e+00 5.989868133659139858e+04
2.247177793865562023e+01 9.005255856356674471e+00 7.924665092258865506e+00 2.698209301591949938e+00 5.972200272893446527e+04
2.255031787450123204e+01 9.029609991988982287e+00 7.919311109843622631e+00 2.720329948509802254e+00 5.957661426821591158e+04
2.262885780951728165e+01 9.042932203474872921e+00 7.956443649642671367e+00 2.741403238392063013e+00 5.950254812706752273e+04
2.270739774371238440e+01 9.071876253773362819e+00 7.994817970968246534e+00 2.762141134212777072e+00 5.918959849198495795e+04
2.278593767709502771e+01 9.092153534672299031e+00 7.999477333089127562e+00 2.804790044230323964e+00 5.915758262304937671e+04
2.286447760967358178e+01 9.086161827743817199e+00 8.017731862740633986e+00 2.810717345580631132e+00 5.890612777201249264e+04
2.294301754145629957e+01 9.121887259617965427e+00 8.050805414218402234e+00 2.836065244944679264e+00 5.884836905964669859e+04
2.302155747245133455e+01 9.145015621772333958e+00 8.070049207819744552e+00 2.869314200646316593e+00 5.872102256867195683e+04
2.310009740266672296e+01 9.115038408395744085e+00 8.065477539331384449e+00 2.886244059516853699e+00 5.875036321483844949e+04
2.317863733211038380e+01 9.157017338303930387e+00 8.108245846032703597e+00 2.914252039925478766e+00 5.856909879410057329e+04
2.325717726079013303e+01 9.175375876611875370e+00 8.134349476270989143e+00 2.929383772489619009e+00 5.833464079682186275e+04
2.333571718871368716e+01 9.166930036971487894e+00 8.143861705626921577e+00 2.960973449295458249e+00 5.803766081549319642e+04
2.341425711588865965e+01 9.220892799587709021e+00 8.196585086180711244e+00 2.979310004752742547e+00 5.808436656735759607e+04
2.349279704232255384e+01 9.244639224504517472e+00 8.203601476698549888e+00 3.000805410467835888e+00 5.806957963535704039e+04
2.357133696802278067e+01 9.263816856727586924e+00 8.247226240286776644e+00 3.021099459098458784e+00 5.781586607625807665e+04
2.364987689299664453e+01 9.271865156924912199e+00 8.256353159972672273e+00 3.050233369415417339e+00 5.772866273134743096e+04
2.372841681725136453e+01 9.286623107147462974e+00 8.274051223491143858e+00 3.072709516828699972e+00 5.761155775036245177e+04
2.380695674079405322e+01 9.348498626608400031e+00 8.320835034035338751e+00 3.104423275672887783e+00 5.723316704875255527e+04
2.388549666363174140e+01 9.338140450726029940e+00 8.355718732498008450e+00 3.120136042291614675e+00 5.757096552262189653e+04
2.396403658577134976e+01 9.330237632009428239e+00 8.341446934939503066e+00 3.152533848560776342e+00 5.745217266375269537e+04
2.404257650721972439e+01 9.400292083687713074e+00 8.408772416167131780e+00 3.180065058885487961e+00 5.723279039820381149e+04
2.412111642798362254e+01 9.385887746873315507e+00 8.425324880755857393e+00 3.200695346523819929e+00 5.720431703225689125e+04
2.419965634806970556e+01 9.424243088751692810e+00 8.453906350077625476e+00 3.226576727283365642e+00 5.688931024612785404e+04
2.427819626748454596e+01 9.455806507129647542e+00 8.478802415072181020e+00 3.241773444888520928e+00 5.713485150202662044e+04
2.435673618623464520e+01 9.502429149825969645e+00 8.535717262713847120e+00 3.268390277463197879e+00 5.669216430435676739e+04
2.443527610432640529e+01 9.474034588578051697e+00 8.526103563834652732e+00 3.296419414100025591e+00 5.674080287875990325e+04
2.451381602176616425e+01 9.526856587546582489e+00 8.557966839011855953e+00 3.323943335896217821e+00 5.673854364049100695e+04
2.459235593856016067e+01 9.519140863729475655e+00 8.576764696690888812e+00 3.348642957365407735e+00 5.675850545162655908e+04
2.467089585471456203e+01 9.525553269390233169e+00 8.622682482564021811e+00 3.377064114713766774e+00 5.647824668167011987e+04
2.474943577023546126e+01 9.582842146750305545e+00 8.677562981821436594e+00 3.395491207314313531e+00 5.653533775800413423e+04
2.482797568512887310e+01 9.561013136903781628e+00 8.645662344121303633e+00 3.437934849243121427e+00 5.636861544018053974e+04
2.490651559940072346e+01 9.563679457181633481e+00 8.658616252816146996e+00 3.453724182523670638e+00 5.627151192338160763e+04
2.498505551305688144e+01 9.602675327415772344e+00 8.703028895996069991e+00 3.489156968407032711e+00 5.597206593741125107e+04
2.506359542610313440e+01 9.663133299541678767e+00 8.755494329370250739e+00 3.511361482286536440e+00 5.622322906543154386e+04
2.514213533854519511e+01 9.668428116965138486e+00 8.791984652114976484e+00 3.548629569297702346e+00 5.623970067057042615e+04
2.522067525038871239e+01 9.717786241404294145e+00 8.828170298334850230e+00 3.565951336280059003e+00 5.605967708626364038e+04
2.529921516163925688e+01 9.737556808054334212e+00 8.854950866734377257e+00 3.599050128995631148e+00 5.601299278252477961e+04
2.537775507230233529e+01 9.767544202320705082e+00 8.895878615769330366e+00 3.633999671383929542e+00 5.622825251309023588e+04
2.545629498238338684e+01 9.773588317721324970e+00 8.901916221625118197e+00 3.641013004976408673e+00 5.610720001123062684e+04
2.553483489188777966e+01 9.792078289644807754e+00 8.912323436212531647e+00 3.678645809031214409e+00 5.599038038072452036e+04
2.561337480082082152e+01 9.811876905669167925e+00 8.958137267582356955e+00 3.712805137508650155e+00 5.595187735511040955e+04
2.569191470918774911e+01 9.869519599110745389e+00 9.021157237284040065e+00 3.742403651435543654e+00 5.594435472510944965e+04
2.577045461699373874e+01 9.910877010459870462e+00 9.097057547159129953e+00 3.788619591483505022e+00 5.585841622752803232e+04
2.584899452424390631e+01 9.958268948457122960e+00 9.097530227931429181e+00 3.818334611785453525e+00 5.581081530829342955e+04
2.592753443094329668e+01 9.976096381239099031e+00 9.143579335200321623e+00 3.851494126900044446e+00 5.594337654963767272e+04
2.600607433709690852e+01 9.975286107219885068e+00 9.138950004080365730e+00 3.872915893687327138e+00 5.591041937310992216e+04
2.608461424270966944e+01 1.003028351475274249e+01 9.192999030721137999e+00 3.910173572137226827e+00 5.601953276014288713e+04
2.616315414778644310e+01 1.004564676651382449e+01 9.230245646483130173e+00 3.922713635983703373e+00 5.584999724948823859e+04
2.624169405233205055e+01 1.007695410639797196e+01 9.257805409258551776e+00 3.951516317427210989e+00 5.578291885457550234e+04
2.632023395635124174e+01 1.010417682968264508e+01 9.293624727924946427e+00 4.001765064661441329e+00 5.568439223114062042e+04
2.639877385984871694e+01 1.011944124723986249e+01 9.338846997830152930e+00 4.026305426091025375e+00 5.573595983960154990e+04
2.647731376282911953e+01 1.017889912558048948e+01 9.386473927956068053e+00 4.068435621780247757e+00 5.579938894851173973e+04
2.655585366529703606e+01 1.020874531027063448e+01 9.428370856722088078e+00 4.099876732873793728e+00 5.576925575180777378e+04
2.663439356725699980e+01 1.024576235311024952e+01 9.473160146078813071e+00 4.113342219908428632e+00 5.570165223605415667e+04
2.671293346871349428e+01 1.033217716359933647e+01 9.542716296828826827e+00 4.156063599289941735e+00 5.580282024120103597e+04
2.679147336967094617e+01 1.034217452595951947e+01 9.583618806145304703e+00 4.170851492675070382e+00 5.575907200331792410e+04
2.687001327013372531e+01 1.033309305115234622e+01 9.545650678799720623e+00 4.226729954327947070e+00 5.580750047444734082e+04
2.694855317010616602e+01 1.034633921196729389e+01 9.598706818432196641e+00 4.238715984490016631e+00 5.556851882691079663e+04
2.702709306959254221e+01 1.040845168091798101e+01 9.677543013221598045e+00 4.276412198371825291e+00 5.572076175606923789e+04
2.710563296859707094e+01 1.039958309429318994e+01 9.638127132507941397e+00 4.290936162910360174e+00 5.584190742876279546e+04
2.718417286712393377e+01 1.044948620532161598e+01 9.748245881621096842e+00 4.338605995101368684e+00 5.562434932173803099e+04
2.726271276517725894e+01 1.051805493673044012e+01 9.794893003710217982e+00 4.380238145962604079e+00 5.586902150237841124e+04
2.734125266276112498e+01 1.049828791777752812e+01 9.792679195050716601e+00 4.391121690667455724e+00 5.566520931052500237e+04
2.741979255987956776e+01 1.051498586052288431e+01 9.857996264360249228e+00 4.407489752545489914e+00 5.585290428587792121e+04
2.749833245653658054e+01 1.053963771470353628e+01 9.910030417577933903e+00 4.440136613415131883e+00 5.555893596875793446e+04
2.757687235273609616e+01 1.054331660649234337e+01 9.906614244244035916e+00 4.472915802810208952e+00 5.552452966582466615e+04
2.765541224848202262e+01 1.057103933532635587e+01 9.922118536242214404e+00 4.488477348478067341e+00 5.569120790391432092e+04
2.773395214377820395e+01 1.058802074576568941e+01 9.914712436189109468e+00 4.555707804080354251e+00 5.555358152813306515e+04
2.781249203862845576e+01 1.052754743599355081e+01 9.912146691518385566e+00 4.559849144740634408e+00 5.534418380084563250e+04
2.789103193303654038e+01 1.055589296790144438e+01 9.932399440550284453e+00 4.607424351754865199e+00 5.541692924851315183e+04
2.796957182700618816e+01 1.066058406478294884e+01 1.002339132756422302e+01 4.633115792704939118e+00 5.517731782736503374e+04
2.804811172054107615e+01 1.063899191313044312e+01 1.001711841562257810e+01 4.642260291564989316e+00 5.504289125707055064e+04
2.812665161364485655e+01 1.064429287374972688e+01 1.008345320005758694e+01 4.694897779838441032e+00 5.502429885143369756e+04
2.820519150632112115e+01 1.063742633355173339e+01 1.002635005695640302e+01 4.699784198216650388e+00 5.439717388311846298e+04
2.828373139857343332e+01 1.057947773609660302e+01 9.995914098224544020e+00 4.718934942229031648e+00 5.462761616088230949e+04
2.836227129040531736e+01 1.060346909615076783e+01 1.003697507629286534e+01 4.768772696037454573e+00 5.411030154390227835e+04
2.844081118182025847e+01 1.064058728736306314e+01 1.006465737310376518e+01 4.819644307532509053e+00 5.383693374673945073e+04
2.851935107282169923e+01 1.058342727906332925e+01 1.003751133361281767e+01 4.817760263487562256e+00 5.380757365349619795e+04
2.859789096341304315e+01 1.063898845006869820e+01 1.010003900752828265e+01 4.840599742682708317e+00 5.353171907897086930e+04
2.867643085359765820e+01 1.060528848997310547e+01 1.011068269921976892e+01 4.927171835483805218e+00 5.335372820434601454e+04
2.875497074337888392e+01 1.059892643601416395e+01 1.013536704075729844e+01 4.928673024213125586e+00 5.347080942605785822e+04
2.883351063276001369e+01 1.061910740378679030e+01 1.017031874948097148e+01 4.994496032784073947e+00 5.343620521277250373e+04
2.891205052174430890e+01 1.056164094641565399e+01 1.016154215566099950e+01 4.993583357445889881e+00 5.253633749194458505e+04
2.899059041033499184e+01 1.059343255239913084e+01 1.012809958357331830e+01 5.059338752466115530e+00 5.295668751647940371e+04
2.906913029853525643e+01 1.063111158228266895e+01 1.020397094192511922e+01 5.065932308659149008e+00 5.272159604471741477e+04
2.914767018634825746e+01 1.071974402788071856e+01 1.030141237045000047e+01 5.101200673053958745e+00 5.271899605366883043e+04
2.922621007377712132e+01 1.065049260548425991e+01 1.025606224813461864e+01 5.152829385852300881e+00 5.249426043223607121e+04
2.930474996082492822e+01 1.060610010438770345e+01 1.026200934668276510e+01 5.191135942962934458e+00 5.279567542397763464e+04
2.938328984749474060e+01 1.072503377025709170e+01 1.036946402851899052e+01 5.207321908039195257e+00 5.221899764510691602e+04
2.946182973378957826e+01 1.067343796026552916e+01 1.033386367655338844e+01 5.241379089378773060e+00 5.230187144179418101e+04
2.954036961971243258e+01 1.068456020578381604e+01 1.033837524172135680e+01 5.253304382215745250e+00 5.203662751373964420e+04
2.961890950526625943e+01 1.064869954259212825e+01 1.033217745462839332e+01 5.332956905936635295e+00 5.240888532698513154e+04
2.969744939045398979e+01 1.080397200339783126e+01 1.041565635933878120e+01 5.327874872112181137e+00 5.220668840258129785e+04
2.977598927527852268e+01 1.086927335714609200e+01 1.060633026827332692e+01 5.359075183017169230e+00 5.199205981689530017e+04
2.985452915974272159e+01 1.084981413298861064e+01 1.055040315510039939e+01 5.400916532958834892e+00 5.204653689511465200e+04
2.993306904384942868e+01 1.098342969947213277e+01 1.063900847944276684e+01 5.419489662359475268e+00 5.215382843562897324e+04
3.001160892760143994e+01 1.087013586064453641e+01 1.064454646713300789e+01 5.483806026489605578e+00 5.220557875916777994e+04
3.009014881100154071e+01 1.090210746500962458e+01 1.059315788396782843e+01 5.506754377728713123e+00 5.207020896776163863e+04
3.016868869405248077e+01 1.096632697359489406e+01 1.063938835309908271e+01 5.514052389663550713e+00 5.225838171754431824e+04
3.024722857675697441e+01 1.099560758843555419e+01 1.074700165499098503e+01 5.568886735346372241e+00 5.227569211148329487e+04
3.032576845911771457e+01 1.100999057508967205e+01 1.076012490698989588e+01 5.613458459858722271e+00 5.133640437462230329e+04
3.040430834113736580e+01 1.108671463851601935e+01 1.074113663490216375e+01 5.638979186614511363e+00 5.232757549254527839e+04
3.048284822281856421e+01 1.105358962929752664e+01 1.080582530512290518e+01 5.637158546305888862e+00 5.235442466680050711e+04
3.056138810416392460e+01 1.113853835720257912e+01 1.083809771313757331e+01 5.706287136090732126e+00 5.225285069542424753e+04
3.063992798517602267e+01 1.107592623207434634e+01 1.094276265177390606e+01 5.669790546500774298e+00 5.230880603800334211e+04
3.071846786585741640e+01 1.122965527412187647e+01 1.100765630835750386e+01 5.730108025845091824e+00 5.265172994828930678e+04
3.079700774621063886e+01 1.114879672583835735e+01 1.104000492457377547e+01 5.750166870862585711e+00 5.224524374299667397e+04
3.087554762623818760e+01 1.120360979500286014e+01 1.103473645323091112e+01 5.772162862796675675e+00 5.225769658380439796e+04
3.095408750594254599e+01 1.139096172497154313e+01 1.107641257030512527e+01 5.911410106118540675e+00 5.233559616543205630e+04
3.103262738532617249e+01 1.136038843692678313e+01 1.124461071361656117e+01 5.892668166086034276e+00 5.267736193427569378e+04
3.111116726439149005e+01 1.123304639157309381e+01 1.122860622610155801e+01 5.956841002509316141e+00 5.293703050446150155e+04
3.118970714314090387e+01 1.148207065765368995e+01 1.125479652582498069e+01 6.022431952029872804e+00 5.239990019138506614e+04
3.126824702157679781e+01 1.141057873711553228e+01 1.128713890170965151e+01 6.000967431754428816e+00 5.272867560288812820e+04
3.134678689970152377e+01 1.153312791241001278e+01 1.134267082499206758e+01 6.123557164340868830e+00 5.223996292774092581e+04
3.142532677751741588e+01 1.153716707402278630e+01 1.146997877231016183e+01 6.142213321732479692e+00 5.298650704721844522e+04
3.150386665502678696e+01 1.152955017388463688e+01 1.142729244234864083e+01 6.162596619456933489e+00 5.279048052207575529e+04
3.158240653223192140e+01 1.167514449601935489e+01 1.153381386963006605e+01 6.187126358888517252e+00 5.272090674507345830e+04
3.166094640913508229e+01 1.171858047456431962e+01 1.165376239464684183e+01 6.216081836215469281e+00 5.352915435460142908e+04
3.173948628573851494e+01 1.172151618391692907e+01 1.174578114923017758e+01 6.336162128198886911e+00 5.240326954982861207e+04
3.181802616204443623e+01 1.178009620929507761e+01 1.167331023647841981e+01 6.385580703718435558e+00 5.307780257463124872e+04
3.189656603805504531e+01 1.162026476205642744e+01 1.161726917448963015e+01 6.333052402587930452e+00 5.279725940549749066e+04
3.197510591377251998e+01 1.187300921704460244e+01 1.183666136789850221e+01 6.303473034471365644e+00 5.384037865718119428e+04
3.205364578919900964e+01 1.192883489890196280e+01 1.195179493178283714e+01 6.470234506412552378e+00 5.388177913186974183e+04
3.213218566433665302e+01 1.193240665802252920e+01 1.172417547563101259e+01 6.528975744844489171e+00 5.450377606193225802e+04
3.221072553918755688e+01 1.211166218538590478e+01 1.195108891924978600e+01 6.552960160254470701e+00 5.397508230164161796e+04
3.228926541375382442e+01 1.215926290383914044e+01 1.207983983844120957e+01 6.613531299295551058e+00 5.422386830979433580e+04
3.236780528803751622e+01 1.220572079188568537e+01 1.192846672649959849e+01 6.574349107006786319e+00 5.480506180246731674e+04
3.244634516204068575e+01 1.241356877743264420e+01 1.229895190570610275e+01 6.865347595729692998e+00 5.557041779393634351e+04
3.252488503576537227e+01 1.217101110154485966e+01 1.208287900868770492e+01 6.745910311075903110e+00 5.434583095279140980e+04
3.260342490921358660e+01 1.244939664428240711e+01 1.216344545031534530e+01 6.859363591757014156e+00 5.493767433527269895e+04
3.268196478238731828e+01 1.255204146099535301e+01 1.248136912525370334e+01 6.791174107834741847e+00 5.621856453343336761e+04
3.276050465528854261e+01 1.265153671060224028e+01 1.277915170162872727e+01 7.023860565233260189e+00 5.588235630126039177e+04
3.283904452791921358e+01 1.281468611417577463e+01 1.250325056170586002e+01 7.109345174038272042e+00 5.603864898957219702e+04
3.291758440028127097e+01 1.281156087029088653e+01 1.257397987434715070e+01 7.066026190295188414e+00 5.585773609743475390e+04
3.299612427237663326e+01 1.280660833102849594e+01 1.239926457745556476e+01 7.244551610662469443e+00 5.626441709441893181e+04
3.307466414420719758e+01 1.304467906853049897e+01 1.281179105320471123e+01 7.393995992963730224e+00 5.656462470013328129e+04
3.315320401577483977e+01 1.329814481085461431e+01 1.308017449571871715e+01 7.319469540128318741e+00 5.702317793733337749e+04
3.323174388708143567e+01 1.282665176328959866e+01 1.294311769087585517e+01 7.327147809857835981e+00 5.550933576154202456e+04
3.331028375812883269e+01 1.315944697781010930e+01 1.283745296939277836e+01 7.397109971559967079e+00 5.601718997354796738e+04
3.338882362891884981e+01 1.291072459271872575e+01 1.286944204389279101e+01 7.530395841703771076e+00 5.649310766569437692e+04
3.346736349945329891e+01 1.345641670255211864e+01 1.337272761055040604e+01 7.611787660279556000e+00 5.614538086262276192e+04
3.354590336973399189e+01 1.335735676445265341e+01 1.293266501146072400e+01 7.671140249382842669e+00 5.818760978009268001e+04
3.362444323976268379e+01 1.358067522938117300e+01 1.300050408457947881e+01 7.681731323428299341e+00 6.019357026210113690e+04
3.370298310954115806e+01 1.328399376401890031e+01 1.281156199611714186e+01 7.614029145903944418e+00 5.637755128606103972e+04
3.378152297907114132e+01 1.357968955919709586e+01 1.299202531707424946e+01 7.716596901800297559e+00 5.557525221705778677e+04
3.386006284835436730e+01 1.365119524955336416e+01 1.329226083177728945e+01 8.174951711430736623e+00 5.710561842458863975e+04
3.393860271739255552e+01 1.401897605361181398e+01 1.327077301628137462e+01 7.690119487206722226e+00 5.788295965947782679e+04
3.401714258618739706e+01 1.311662627935458580e+01 1.342837146299280882e+01 7.704838813170988843e+00 6.005006299975162256e+04
3.409568245474058301e+01 1.441855059614024093e+01 1.397884787691918440e+01 8.023112507308180597e+00 6.379870046315023501e+04
3.417422232305376895e+01 1.337230474334231012e+01 1.295458123961097030e+01 7.747790358339618599e+00 6.358562946961199486e+04
3.425276219112861043e+01 1.425067496160230007e+01 1.368393345049774901e+01 8.195435101066729899e+00 6.356667401042961865e+04
3.433130205896674880e+01 1.337065596359460784e+01 1.334994354308455833e+01 8.034810541308310405e+00 5.266664837808617449e+04
3.440984192656979701e+01 1.447687635602065193e+01 1.483412526929457265e+01 9.042733906462272486e+00 5.935021368758956669e+04
3.448838179393936088e+01 1.463127544117288537e+01 1.277365459134908221e+01 7.997500414283398307e+00 6.654110831301435246e+04
3.456692166107702491e+01 1.604876650693462281e+01 1.478686978473732871e+01 8.769923998740186022e+00 6.247296661865663191e+04
3.464546152798438072e+01 1.800900620780568318e+01 1.601959037150919229e+01 8.250175562492440662e+00 7.096541657439401024e+04
3.472400139466299152e+01 1.359553688177672370e+01 1.386842198426160344e+01 7.181747096025724808e+00 5.556081906124178204e+04
