# 0.9996 0.9998
7.871241428633635184e-02 1.674296235153336365e-01 1.701291545885660339e-01 2.029655023216709047e-05 8.855024715028546325e+02
1.618072713909662341e-01 3.896399964470203536e-01 3.949364972177519806e-01 1.193172540471182993e-04 3.531395977826186481e+03
2.418771330418761079e-01 7.966027551858011480e-01 7.967106183033418887e-01 1.501241934269663262e-04 4.841248572286202034e+03
3.211923215201240578e-01 1.197864138552616087e+00 1.210177399100862194e+00 3.669636901780847036e-04 9.458523628394243133e+03
4.002017901256537113e-01 1.168601443331210632e+00 1.178712100605450841e+00 5.027076151891535487e-04 1.333904494574924865e+04
4.790568272527075955e-01 1.352923507469597109e+00 1.356681888760155275e+00 8.849492951930272491e-04 1.310406267260271488e+04
5.578229290343351687e-01 1.469716895338865514e+00 1.473073143769048077e+00 1.211966957665099867e-03 1.890557192169355403e+04
6.365331115321660738e-01 1.763884998887310429e+00 1.761826568496869028e+00 1.682462805086867852e-03 2.021312922637771771e+04
7.152058371535838788e-01 1.615531901356435096e+00 1.615103531547713800e+00 2.298524900062062781e-03 2.312260645716220461e+04
7.938522421846891941e-01 1.825969246985654104e+00 1.814722127586053890e+00 2.768526868938692154e-03 2.428677365832094438e+04
8.724794443688169698e-01 1.967120758984364226e+00 1.945473323670473542e+00 3.369423795656458550e-03 2.596258654837638824e+04
9.510922062407737299e-01 1.948535459352685351e+00 1.928238300986423681e+00 3.949963490647871202e-03 2.834747359546685766e+04
1.029693835175838679e+00 2.203023834130369174e+00 2.154313008775216254e+00 5.014530662331239015e-03 2.886065411951758142e+04
1.108286699878543891e+00 2.311461665458273806e+00 2.257540864573234884e+00 5.781346239819394085e-03 2.962994891917199857e+04
1.186872541411916560e+00 2.251150065263002986e+00 2.190323584183556882e+00 7.052724173019872533e-03 3.147629179417336854e+04
1.265452668213572940e+00 2.455192168006369968e+00 2.373850768845267911e+00 8.041363983629591997e-03 3.332180149941740092e+04
1.344028082638708543e+00 2.549716473934287020e+00 2.461437671174447672e+00 9.417105084623187197e-03 3.613913547083116282e+04
1.422599565533279709e+00 2.750332975117962153e+00 2.656141493727236735e+00 1.009966463933532552e-02 3.569436271132273396e+04
1.501167734229200246e+00 2.968235736908845901e+00 2.844432495703526076e+00 1.193955376337356433e-02 3.769255683681563096e+04
1.579733083222462531e+00 2.951850856170833648e+00 2.823262777649251376e+00 1.327758943678157035e-02 4.038469961911199061e+04
1.658296013281593151e+00 2.958110478427341761e+00 2.816210209741283332e+00 1.450657873810181492e-02 4.081303208611720038e+04
1.736856852652245875e+00 3.113791697813244497e+00 2.945754477064576715e+00 1.674836526640968368e-02 4.070696213474069373e+04
1.815415872753641580e+00 3.288941118796290919e+00 3.109422704657625491e+00 1.827916328581268013e-02 4.280392010599190689e+04
1.893973299967037560e+00 3.420396924427171470e+00 3.215551244241422690e+00 2.061099985399693010e-02 4.369212270677786000e+04
1.972529324606241641e+00 3.490861750054776280e+00 3.278916323130842692e+00 2.245901607108432077e-02 4.575799489113753225e+04
2.051084107826015579e+00 3.543857752954352680e+00 3.308468003979520233e+00 2.459653809747890454e-02 4.693654423504273291e+04
2.129637787001040561e+00 3.792038768476370336e+00 3.529820093605790188e+00 2.654221198365567386e-02 4.862845744435516099e+04
2.208190479956450680e+00 3.862291919906303939e+00 3.583427968341943437e+00 2.940866865112413964e-02 4.929044125308293587e+04
2.286742288326184092e+00 3.948812768789044636e+00 3.663613903205338751e+00 3.134813599465276213e-02 4.946666664914596913e+04
2.365293300241981811e+00 3.974121685295932238e+00 3.671129993269426350e+00 3.407616922501920803e-02 5.021104019580056774e+04
2.443843592503681883e+00 4.122337340592575394e+00 3.802239206508470026e+00 3.669441585830454655e-02 5.238999285315857560e+04
2.522393232343909553e+00 4.277796171586325080e+00 3.937726565642943211e+00 3.920186987579249438e-02 5.318785884283385531e+04
2.600942278872942381e+00 4.317806671842034483e+00 3.959503506740854384e+00 4.271372001863907308e-02 5.517867188466661901e+04
2.679490784269383141e+00 4.365697205475016496e+00 3.972603771070953194e+00 4.551961812695009407e-02 5.446770381780790922e+04
2.758038794767343038e+00 4.511298402843289423e+00 4.112020919411791375e+00 4.813269258020289737e-02 5.623238295928714069e+04
2.836586351479573942e+00 4.635588976549794182e+00 4.215587540977642433e+00 5.166179758644712239e-02 5.820663694083317387e+04
2.915133491087511963e+00 4.741221245202127399e+00 4.298077081373189223e+00 5.469756006005051935e-02 5.785652312874882045e+04
2.993680246422668834e+00 4.897832819842053098e+00 4.443115552369501842e+00 5.859231730216726830e-02 5.783329569966011331e+04
3.072226646958827967e+00 4.942790132448752871e+00 4.448472620615884665e+00 6.320288063003030865e-02 6.002466186183530226e+04
3.150772719230606977e+00 4.946760307264995049e+00 4.458333721660118876e+00 6.567789177206273532e-02 6.024668793356373499e+04
3.229318487190934395e+00 4.994626483743393131e+00 4.481459523139288414e+00 7.114288333876182813e-02 6.059219908362320712e+04
3.307863972517584905e+00 5.149132369282094501e+00 4.612280885080252801e+00 7.366741636498284895e-02 6.155552721200288943e+04
3.386409194877053608e+00 5.231819081346045230e+00 4.671999122843385699e+00 7.842830068898655471e-02 6.355798654113725206e+04
3.464954172152534095e+00 5.241411738151675159e+00 4.675104850841225179e+00 8.235528497147154292e-02 6.347730833370825712e+04
3.543498920641575456e+00 5.391886316572804816e+00 4.794683514159734372e+00 8.660531777345896465e-02 6.510500453962278698e+04
3.622043455228019404e+00 5.388819257197587476e+00 4.794161882996509583e+00 9.128749781183799483e-02 6.509956655491170386e+04
3.700587789532037597e+00 5.545745813102640476e+00 4.906164739154171173e+00 9.695196449433624020e-02 6.603083398131075955e+04
3.779131936041457696e+00 5.566352144583029293e+00 4.923826325381060798e+00 1.018525744298614949e-01 6.705757010248265578e+04
3.857675906227046259e+00 5.609519319082042266e+00 4.955370431726542790e+00 1.058014257029919469e-01 6.796026054107132950e+04
3.936219710643986680e+00 5.685101141178323658e+00 5.005478293840134540e+00 1.112443207417072727e-01 6.856527781943470472e+04
4.014763359021444877e+00 5.745865988552739445e+00 5.050925180078550625e+00 1.164254502195220115e-01 6.798138541903963778e+04
4.093306860341824560e+00 5.821671102921420982e+00 5.101318610640008799e+00 1.206770101473987750e-01 6.970785355287796119e+04
4.171850222911064776e+00 5.913755537265116935e+00 5.179270478702918901e+00 1.252781784877234628e-01 7.028958771520970913e+04
4.250393454421145911e+00 5.873127497856675205e+00 5.126836155411062634e+00 1.326685977568089758e-01 7.029998254364170134e+04
4.328936562005788247e+00 5.943078810163755499e+00 5.201100207214925497e+00 1.370051509181779148e-01 7.213669752767053433e+04
4.407479552290201497e+00 6.021506363915564819e+00 5.254332619321295361e+00 1.430967077865544501e-01 7.182024269466701662e+04
4.486022431435594982e+00 6.013049971723624765e+00 5.239572412766024812e+00 1.472818153467034263e-01 7.293174138539530395e+04
4.564565205179107465e+00 6.120216680871092052e+00 5.320249532677721938e+00 1.547368445941737225e-01 7.367385084545280552e+04
4.643107878869670024e+00 6.139732291610579651e+00 5.325995107948612528e+00 1.599130568806084174e-01 7.451678633681377687e+04
4.721650457500300213e+00 6.170244810831927218e+00 5.341080723001901731e+00 1.655745067607164722e-01 7.441145151788847579e+04
4.800192945737217443e+00 6.257250169157710040e+00 5.407320539059520037e+00 1.731871802267996030e-01 7.544758291226018628e+04
4.878735347946150824e+00 6.270903941856705188e+00 5.421074702843158732e+00 1.785273297598738151e-01 7.637479152884795622e+04
4.957277668216146793e+00 6.349569850284601635e+00 5.464149039765986871e+00 1.897551673202983458e-01 7.637282468542670540e+04
5.035819910381144737e+00 6.422319143024403765e+00 5.525478956537052788e+00 1.944401081156406086e-01 7.612344764250755543e+04
5.114362078039562221e+00 6.457732115967041331e+00 5.536262818590065748e+00 2.028665155361790151e-01 7.751707278994005173e+04
5.192904174572115394e+00 6.384540082680871365e+00 5.464836536747730733e+00 2.075021831451278609e-01 7.816011144953175972e+04
5.271446203158030919e+00 6.492336672545683030e+00 5.548476175948658273e+00 2.167723239646627553e-01 7.887378685851817136e+04
5.349988166789838573e+00 6.534905589669034676e+00 5.589375247597810237e+00 2.227508875073020700e-01 7.899773204327479471e+04
5.428530068286878674e+00 6.638590590042872108e+00 5.651052025119061462e+00 2.320421653571164144e-01 7.971205068328142806e+04
5.507071910307648643e+00 6.616752932758009464e+00 5.630004780595874614e+00 2.394795592924880423e-01 7.995841955873843108e+04
5.585613695361120179e+00 6.706801433316078587e+00 5.686882063279268706e+00 2.492019349430582287e-01 8.155515720518272428e+04
5.664155425817094525e+00 6.738044424969888091e+00 5.731417807541337339e+00 2.540182407492685979e-01 8.112904702843265841e+04
5.742697103915729961e+00 6.749394092252933852e+00 5.740218327278880928e+00 2.580383742697512361e-01 8.131613541290361900e+04
5.821238731776284148e+00 6.786539135829874780e+00 5.756890347871128633e+00 2.697119922630139555e-01 8.165564667887326505e+04
5.899780311405160127e+00 6.845221807988010276e+00 5.802151074801461306e+00 2.771562738216143962e-01 8.263173258497990901e+04
5.978321844703323507e+00 6.895301729353455755e+00 5.839356540276694929e+00 2.844080718165746258e-01 8.314693014446060988e+04
6.056863333473133437e+00 6.909332163826158002e+00 5.841259382364778929e+00 2.951062753823324170e-01 8.407658841247040255e+04
6.135404779424661115e+00 6.956939991920521038e+00 5.853308854686889440e+00 3.047209088267791022e-01 8.452684655581042171e+04
6.213946184181517118e+00 7.010477534901196961e+00 5.920574184583146327e+00 3.110725054229448450e-01 8.475357019373033836e+04
6.292487549286247983e+00 7.156894536517786953e+00 6.026066773771627361e+00 3.214480878417659837e-01 8.551988134497545252e+04
6.371028876205335756e+00 7.136844879159562893e+00 6.018301650131017588e+00 3.224942083813395755e-01 8.509992442294125794e+04
6.449570166333828070e+00 7.099756446589790215e+00 5.959946944073912789e+00 3.375765259999760626e-01 8.628387356691098830e+04
6.528111420999634262e+00 7.233102560669622427e+00 6.070264766706401360e+00 3.479112605470520703e-01 8.567467624196465476e+04
6.606652641467518627e+00 7.224424743965739637e+00 6.056715169238428231e+00 3.584617914853630571e-01 8.639613584049302153e+04
6.685193828942805006e+00 7.346505797344466515e+00 6.154108995382634006e+00 3.654647938589878908e-01 8.607303405674728856e+04
6.763734984574836240e+00 7.311993016206971063e+00 6.113413047395869881e+00 3.741901622070232247e-01 8.608772427805436018e+04
6.842276109460177835e+00 7.354294880820459568e+00 6.124220058581993698e+00 3.872557835250229896e-01 8.716148223694614717e+04
6.920817204645620890e+00 7.400663193149616070e+00 6.171283017399289861e+00 3.969084368995727807e-01 8.796650296061905101e+04
6.999358271130968312e+00 7.487560685545695982e+00 6.244776342408553838e+00 4.068334705735914825e-01 8.839378756680544757e+04
7.077899309871646949e+00 7.519586258477270135e+00 6.265627381051859679e+00 4.130863063021251169e-01 8.875378334219836688e+04
7.156440321781138536e+00 7.606951889367199016e+00 6.340397762280002070e+00 4.238895616202659755e-01 8.802728723909323162e+04
7.234981307733260536e+00 7.749193920598101748e+00 6.413009285443653340e+00 4.406955924149343340e-01 8.883604982767273032e+04
7.313522268564292439e+00 7.668010851850171505e+00 6.347381183110449854e+00 4.495491437482439512e-01 8.874734441841776425e+04
7.392063205074973276e+00 7.724324577573167261e+00 6.396733289835479397e+00 4.603518731435481959e-01 8.871360709825291997e+04
7.470604118032365015e+00 7.754652594042314995e+00 6.411197179920693934e+00 4.701927421227444781e-01 8.976492602191404148e+04
7.549145008171610272e+00 7.786595047451686291e+00 6.433947016453649859e+00 4.786768365531141045e-01 9.019598488482367247e+04
7.627685876197570103e+00 7.836391033282492202e+00 6.467704608120491194e+00 4.940778976101786180e-01 9.028427129744991544e+04
7.706226722786373884e+00 7.919406473241417110e+00 6.535621841743925131e+00 5.025979279944512434e-01 9.030447910543985199e+04
7.784767548586863484e+00 7.906734623767882830e+00 6.514013123361754865e+00 5.131240149937498218e-01 8.968688978175759257e+04
7.863308354221953955e+00 8.005386730273036378e+00 6.595548279598793862e+00 5.238845052233050970e-01 9.110943943922448670e+04
7.941849140289923170e+00 8.133846532610663260e+00 6.699326698687140258e+00 5.392087046127419514e-01 8.999138785708475916e+04
8.020389907365611748e+00 8.104189342956475528e+00 6.648767837001147818e+00 5.511664692572030289e-01 9.187052656985698559e+04
8.098930656001561701e+00 8.137494105112473619e+00 6.676923628570954783e+00 5.663002373007312018e-01 9.151142218270753801e+04
8.177471386729090241e+00 8.214383765133588255e+00 6.748561134371557024e+00 5.737098844167969336e-01 9.145109521189065708e+04
8.256012100059292536e+00 8.279788765023296193e+00 6.787587000734750298e+00 5.894856621364612526e-01 9.183946121303101245e+04
8.334552796484000936e+00 8.248849159417439125e+00 6.748439831005983436e+00 5.988347925701770214e-01 9.205434140180215763e+04
8.413093476476680266e+00 8.352722977993115805e+00 6.837189063966005342e+00 6.112163244939485818e-01 9.169574981049862981e+04
8.491634140493276917e+00 8.428985850212274755e+00 6.900152490124424887e+00 6.244742697425592626e-01 9.196659969629335683e+04
8.570174788973028868e+00 8.437051039270869524e+00 6.895339651914983214e+00 6.324815322361477810e-01 9.211652225053624716e+04
8.648715422339215309e+00 8.507460722686445820e+00 6.968281572097162702e+00 6.452880850165346738e-01 9.280698545211718010e+04
8.727256040999876063e+00 8.494240716274212843e+00 6.942763767463764779e+00 6.611250349347056465e-01 9.221642828858723806e+04
8.805796645348495488e+00 8.601315291339728830e+00 7.018572802000974775e+00 6.752615090966538336e-01 9.185498236184114648e+04
8.884337235764643737e+00 8.648167385829824028e+00 7.054409733038317754e+00 6.861120661407815735e-01 9.231548379246528202e+04
8.962877812614589601e+00 8.709229225487021608e+00 7.103066196303768898e+00 7.015486698926376441e-01 9.332953801663694321e+04
9.041418376251867173e+00 8.732891100608243917e+00 7.128282016127705845e+00 7.131209950373748052e-01 9.364630179116809450e+04
9.119958927017840722e+00 8.708561491926705145e+00 7.093495196687337412e+00 7.326050335714511252e-01 9.323032970800214389e+04
9.198499465242209183e+00 8.836992987274706834e+00 7.187370288404726359e+00 7.445664858923678464e-01 9.344801303928247944e+04
9.277039991243508865e+00 8.842241677587249882e+00 7.174795800523972922e+00 7.600285129094456193e-01 9.278648168291804905e+04
9.355580505329580632e+00 8.931985333393544835e+00 7.250319772870857271e+00 7.725860591184232629e-01 9.346641770102873852e+04
9.434121007798012215e+00 8.960005335826465966e+00 7.266435045754208844e+00 7.830900891676231268e-01 9.361581793191611359e+04
9.512661498936562765e+00 9.087235250093939953e+00 7.346224942860044571e+00 8.043779906538389701e-01 9.400011759138386697e+04
9.591201979023569635e+00 9.078639426512710386e+00 7.359021088422898593e+00 8.167869375300423895e-01 9.349434593559865607e+04
9.669742448328321416e+00 9.122417277464991869e+00 7.386753603171925420e+00 8.340616154716785635e-01 9.332129352422061493e+04
9.748282907111432749e+00 9.185032755674658489e+00 7.429571428529378352e+00 8.474733034713129998e-01 9.383379421853600070e+04
9.826823355625185386e+00 9.196306001160344579e+00 7.444149789039210319e+00 8.631136153107896725e-01 9.381499772810062859e+04
9.905363794113858589e+00 9.267152053277399659e+00 7.476496603645065520e+00 8.830186223042094662e-01 9.362274479968824016e+04
9.983904222814045326e+00 9.264709129976321123e+00 7.481034838434552192e+00 8.952141182705667388e-01 9.355071126184494642e+04
1.006244464195495070e+01 9.355222894938460598e+00 7.545327549346048102e+00 9.080465893017691803e-01 9.373530378242724692e+04
1.014098505175868148e+01 9.336381492532233040e+00 7.531634085581805138e+00 9.245457408037157654e-01 9.365035282997168542e+04
1.021952545244051613e+01 9.396132548361629588e+00 7.566287147187835238e+00 9.387050302911044142e-01 9.406385529390367446e+04
1.029806584420916415e+01 9.459462877813999526e+00 7.615903889518993886e+00 9.578707149677512245e-01 9.357855891128092480e+04
1.037660622726701654e+01 9.508109179070887151e+00 7.641269090618874493e+00 9.721759192109987735e-01 9.420507991224931902e+04
1.045514660181038380e+01 9.547587354088447498e+00 7.691130218461843526e+00 9.862768481600483472e-01 9.352818523229798302e+04
1.053368696802971982e+01 9.566940091643514776e+00 7.711712355863862278e+00 9.990970986805540743e-01 9.385913615606620442e+04
1.061222732610984210e+01 9.617987242662596969e+00 7.728101847967018934e+00 1.019080386543407934e+00 9.388741819306841353e+04
1.069076767623013779e+01 9.706303044126418200e+00 7.800630582117155321e+00 1.035272977143847362e+00 9.413221156448352849e+04
1.076930801856475739e+01 9.716490570330229559e+00 7.794887460531273682e+00 1.053494309163167664e+00 9.411295800181060622e+04
1.084784835328281005e+01 9.783637889048328873e+00 7.851390576626812390e+00 1.070542933242151218e+00 9.365111386245979520e+04
1.092638868054854306e+01 9.828383598849372405e+00 7.878743203489837477e+00 1.087305265791720155e+00 9.371274693984375335e+04
1.100492900052151413e+01 9.886369027618032490e+00 7.941014427749697902e+00 1.105560294374145158e+00 9.371977171765659295e+04
1.108346931335675833e+01 9.928544783934446727e+00 7.981170907164645278e+00 1.118323114817894037e+00 9.319488523800899566e+04
1.116200961920494805e+01 9.910157990908281533e+00 7.951689889385026078e+00 1.135657932390981451e+00 9.341673183981174952e+04
1.124054991821254212e+01 9.951342145286847796e+00 7.979787688262807599e+00 1.150041002660603606e+00 9.332559536345387460e+04
1.131909021052193687e+01 9.957364710465489210e+00 7.984046452113431336e+00 1.168658144063778659e+00 9.335048913044825895e+04
1.139763049627160285e+01 1.000383475184623272e+01 8.036085507126985661e+00 1.190387180480513507e+00 9.303017623416459537e+04
1.147617077559622167e+01 1.001108740342700365e+01 8.025338635467923254e+00 1.207245011071956364e+00 9.337656966169545194e+04
1.155471104862680853e+01 1.012958324922813347e+01 8.101687471081339353e+00 1.222182607422517497e+00 9.300192697975557530e+04
1.163325131549084368e+01 1.015058621405876416e+01 8.125666732967248507e+00 1.244719357133149185e+00 9.353500091161092860e+04
1.171179157631238787e+01 1.017568285310921006e+01 8.152683615264660233e+00 1.259867422036242024e+00 9.275648456418613205e+04
1.179033183121219608e+01 1.021544361846267535e+01 8.198005576787688042e+00 1.273676895338457182e+00 9.264589469161244051e+04
1.186887208030782759e+01 1.026071360011785671e+01 8.191584926720327786e+00 1.302907472261871868e+00 9.256517216225544689e+04
1.194741232371374728e+01 1.026283757226949156e+01 8.225645574217498535e+00 1.317543191892649679e+00 9.289956886164358002e+04
1.202595256154143222e+01 1.026794660740232246e+01 8.238729921263997724e+00 1.328403390025752362e+00 9.234690462759920047e+04
1.210449279389946753e+01 1.033993208067126623e+01 8.271527086308660515e+00 1.354776932619442764e+00 9.226987688948374125e+04
1.218303302089363527e+01 1.034376204022968970e+01 8.284648361426350860e+00 1.372975432799545370e+00 9.238682927829696564e+04
1.226157324262700676e+01 1.038210324168325904e+01 8.316806667317257151e+00 1.389550121936815374e+00 9.231288091271898884e+04
1.234011345920003322e+01 1.046234244093357901e+01 8.377207543360544406e+00 1.408349172143968264e+00 9.215579620649071876e+04
1.241865367071062565e+01 1.045967885976521217e+01 8.365841634390603687e+00 1.430425329898105780e+00 9.211969499300845200e+04
1.249719387725422415e+01 1.055042362250500787e+01 8.435114418695473404e+00 1.452465054259432176e+00 9.192935728262789780e+04
1.257573407892389383e+01 1.048760126215799993e+01 8.400205881537441854e+00 1.473078049508773857e+00 9.155118489986771601e+04
1.265427427581038877e+01 1.056721293997712152e+01 8.471066317223888475e+00 1.499225216330624555e+00 9.138478580636325933e+04
1.273281446800221772e+01 1.054213747065200657e+01 8.435802372504440427e+00 1.517730798103380740e+00 9.162217553254209633e+04
1.281135465558572584e+01 1.062168344991125046e+01 8.500801686421137759e+00 1.538042403012572112e+00 9.130394776779375388e+04
1.288989483864514796e+01 1.068233426060429458e+01 8.521480362957410293e+00 1.557829670846475612e+00 9.093158845325723814e+04
1.296843501726268322e+01 1.073218060481997860e+01 8.582105479771975354e+00 1.579902575680079080e+00 9.094520360375409655e+04
1.304697519151855190e+01 1.070434317242695776e+01 8.536829156702003374e+00 1.602016839452668373e+00 9.083951266811581445e+04
1.312551536149104692e+01 1.071559260943003444e+01 8.567892525455002684e+00 1.617991414862959054e+00 9.073486537251879054e+04
1.320405552725660492e+01 1.076375461295914704e+01 8.628012981510584822e+00 1.640797185535284308e+00 9.037081604497593071e+04
1.328259568888985243e+01 1.079538301884384310e+01 8.628231724700334837e+00 1.663633862762254889e+00 9.039777161067839188e+04
1.336113584646366270e+01 1.082173663140136455e+01 8.628686557167773330e+00 1.687840500709652636e+00 9.013504084857634734e+04
1.343967600004920548e+01 1.080647550790006761e+01 8.627906365491122997e+00 1.707623501489386353e+00 8.998121405224100454e+04
1.351821614971599317e+01 1.084309897456931004e+01 8.672930369489252556e+00 1.729234470796965129e+00 9.009493465473197284e+04
1.359675629553193588e+01 1.083670701665405289e+01 8.695268267495015024e+00 1.746207987837019138e+00 8.971987616127570800e+04
1.367529643756338231e+01 1.086978053186843063e+01 8.699659142630098430e+00 1.762143427470480583e+00 8.958050173171571805e+04
1.375383657587516595e+01 1.093222391159855533e+01 8.733063734632926511e+00 1.791676654680555814e+00 8.937103099262487376e+04
1.383237671053064766e+01 1.093401196860263269e+01 8.735406068949069791e+00 1.819434283866800506e+00 8.923338990771984390e+04
1.391091684159175834e+01 1.102830285514603403e+01 8.812700954846595991e+00 1.837760670765653748e+00 8.912988667983929918e+04
1.398945696911903269e+01 1.104005848959152480e+01 8.822453949712393495e+00 1.854598832535189423e+00 8.879015671761916019e+04
1.406799709317166069e+01 1.106986259239017123e+01 8.828227992670241164e+00 1.894161820870124524e+00 8.906245778455748223e+04
1.414653721380751428e+01 1.106218989829258348e+01 8.844482469259622448e+00 1.900163368118260587e+00 8.873788199938241451e+04
1.422507733108318817e+01 1.110879764462082697e+01 8.885812823900932855e+00 1.923767509942520215e+00 8.832578905153897358e+04
1.430361744505403543e+01 1.112380336803587078e+01 8.908686346724550731e+00 1.950139786122126351e+00 8.838615500438827439e+04
1.438215755577419586e+01 1.116105744387041732e+01 8.922100968218481754e+00 1.980061966422903996e+00 8.789746372858894756e+04
1.446069766329663686e+01 1.116094660743113742e+01 8.931683589719476402e+00 1.999051304501501480e+00 8.773446619335029391e+04
1.453923776767318010e+01 1.122055958679107057e+01 8.960231148754468578e+00 2.028714556816448855e+00 8.756055147519092134e+04
1.461777786895453346e+01 1.124331023284184816e+01 8.993572219513703558e+00 2.040983551024908138e+00 8.742194837104513135e+04
1.469631796719032302e+01 1.124828869568871603e+01 9.020233788790651630e+00 2.061728835468026322e+00 8.693606860456138384e+04
1.477485806242911437e+01 1.126616124732669455e+01 9.036454618551250206e+00 2.091557880332940211e+00 8.714292755124747055e+04
1.485339815471844993e+01 1.130987150600966551e+01 9.068912337733706863e+00 2.122774005629197269e+00 8.680683031041279901e+04
1.493193824410487203e+01 1.137261028098264681e+01 9.105336236521917925e+00 2.145627503247284018e+00 8.702842998503857234e+04
1.501047833063394421e+01 1.137047157188732882e+01 9.111734551996793385e+00 2.168928298518179254e+00 8.682985389012841915e+04
1.508901841435028857e+01 1.137801205359857981e+01 9.127909943358750056e+00 2.196241882548000124e+00 8.663073806566468556e+04
1.516755849529759992e+01 1.144348543625983083e+01 9.181809598966582442e+00 2.212718468495891155e+00 8.614551717957410438e+04
1.524609857351867070e+01 1.141938371821926346e+01 9.176647995193642160e+00 2.242731485535583325e+00 8.609618182218556467e+04
1.532463864905541762e+01 1.147785356751478325e+01 9.202874893099581399e+00 2.275114898371121352e+00 8.555606892557402898e+04
1.540317872194890292e+01 1.148538437316318372e+01 9.225217771626676111e+00 2.298582646474339075e+00 8.571260839847105672e+04
1.548171879223935399e+01 1.152053242513906284e+01 9.240410467476012357e+00 2.331108396533715599e+00 8.547673872091097292e+04
1.556025885996618996e+01 1.155054902771579250e+01 9.295625436341676817e+00 2.354548455845506538e+00 8.522684105848407489e+04
1.563879892516803238e+01 1.155664661233896240e+01 9.303849862487235001e+00 2.375631308072525538e+00 8.515650821371744678e+04
1.571733898788273187e+01 1.159998925950096726e+01 9.356311224269591165e+00 2.399013077004653827e+00 8.502674715800279228e+04
1.579587904814739119e+01 1.165811954248397164e+01 9.370136120201047802e+00 2.434044832433567951e+00 8.506339547384653997e+04
1.587441910599837769e+01 1.165765443162201187e+01 9.403100311030948788e+00 2.454411686141050097e+00 8.460023711830974207e+04
1.595295916147133575e+01 1.169651014355951268e+01 9.424033698364159051e+00 2.479701144894414178e+00 8.426029811982037791e+04
1.603149921460121874e+01 1.172178067477134711e+01 9.440245243044813606e+00 2.513754247342637527e+00 8.440753999836996081e+04
1.611003926542229436e+01 1.172768464242852282e+01 9.451257642244105028e+00 2.552909301237001660e+00 8.401649757795325422e+04
1.618857931396816596e+01 1.181317082811835562e+01 9.497735519668646376e+00 2.584332905360345212e+00 8.416129329865892942e+04
1.626711936027179561e+01 1.186187402895324361e+01 9.575226503609215456e+00 2.603101646013009862e+00 8.354984884537343169e+04
1.634565940436549525e+01 1.186145116056693993e+01 9.530988812731710169e+00 2.641679954399855479e+00 8.363634574071073439e+04
1.642419944628097639e+01 1.188260180701394653e+01 9.583945350315213219e+00 2.663910855554688428e+00 8.336771659715050191e+04
1.650273948604932883e+01 1.192373071888009228e+01 9.614582452432662407e+00 2.694431335083470991e+00 8.348548373372179049e+04
1.658127952370107394e+01 1.193651295538931478e+01 9.632173893191797731e+00 2.721559915662540519e+00 8.320170270287837775e+04
1.665981955926614333e+01 1.197075189559700981e+01 9.637495040275494418e+00 2.751341265359127153e+00 8.307712438367120922e+04
1.673835959277390728e+01 1.202446807257757122e+01 9.701846359801509223e+00 2.785742186413295407e+00 8.301193970004476432e+04
1.681689962425318896e+01 1.204100237749418767e+01 9.719904165561102261e+00 2.818348833262507291e+00 8.272389909985597478e+04
1.689543965373228218e+01 1.208602327988316105e+01 9.757452300329312322e+00 2.849370284187942026e+00 8.241659080795456248e+04
1.697397968123895495e+01 1.205538784100243532e+01 9.738461362432126123e+00 2.871738554796318343e+00 8.260016698955833272e+04
1.705251970680045304e+01 1.213837427090662047e+01 9.785715655134104907e+00 2.910581135436203226e+00 8.241837350709128077e+04
1.713105973044353902e+01 1.216019344235367328e+01 9.812849390036673114e+00 2.940273867674371377e+00 8.237171258441788086e+04
1.720959975219447102e+01 1.223133907705536139e+01 9.877930143075195346e+00 2.964235419446804354e+00 8.221577082008181605e+04
1.728813977207903463e+01 1.224675879573519666e+01 9.894262286704035958e+00 3.009915171085363550e+00 8.215545705475001887e+04
1.736667979012256424e+01 1.228263833753705647e+01 9.969565407596460815e+00 3.028458745000111918e+00 8.203647638910131354e+04
1.744521980634991110e+01 1.233028756675928506e+01 9.976702578720287207e+00 3.065685803832568723e+00 8.176022422079465468e+04
1.752375982078550365e+01 1.230357724338246861e+01 9.981689635202465993e+00 3.097728949150597266e+00 8.149584342693886720e+04
1.760229983345331917e+01 1.235356125392841342e+01 1.001547164072852247e+01 3.124253622873505165e+00 8.151196585646837775e+04
1.768083984437692635e+01 1.241704586317173842e+01 1.008441765507210519e+01 3.155372903345463609e+00 8.158738451273174724e+04
1.775937985357945692e+01 1.249019480989956676e+01 1.014485497304390726e+01 3.186797088012071733e+00 8.134731865480172564e+04
1.783791986108364824e+01 1.249029318286662793e+01 1.014254825307348007e+01 3.211342469179875980e+00 8.123665464356433949e+04
1.791645986691183268e+01 1.252544299507205672e+01 1.017632989511784380e+01 3.257322123385463009e+00 8.130799165357950551e+04
1.799499987108595889e+01 1.257864253253135445e+01 1.021249837353684775e+01 3.291469172407982757e+00 8.112889617065660423e+04
1.807353987362759185e+01 1.263646931705370768e+01 1.028431191607532824e+01 3.329225650044310481e+00 8.106304545214939571e+04
1.815207987455791638e+01 1.263576317165159146e+01 1.029602037657656233e+01 3.366514378599969604e+00 8.070562365214893362e+04
1.823061987389775851e+01 1.273359545737706355e+01 1.037161241169017956e+01 3.391194938043205820e+00 8.096891281569452258e+04
1.830915987166758541e+01 1.275144357501789649e+01 1.037427362930331753e+01 3.438745587640999801e+00 8.108186492051252571e+04
1.838769986788751964e+01 1.283723088527152534e+01 1.044162672007515802e+01 3.460250876396549380e+00 8.101855620935746992e+04
1.846623986257733563e+01 1.279947946323260588e+01 1.043787971358859856e+01 3.500171536771807368e+00 8.089278028635328519e+04
1.854477985575647381e+01 1.284168919515186857e+01 1.048613868362174628e+01 3.539907933865329426e+00 8.089454492974832829e+04
1.862331984744404423e+01 1.291197099613986587e+01 1.052119682688768343e+01 3.577251551657408157e+00 8.069696378455894592e+04
1.870185983765884075e+01 1.295407051108075613e+01 1.056533320199887349e+01 3.618026092236724445e+00 8.091792878995536012e+04
1.878039982641934458e+01 1.297631129956186591e+01 1.060180748149835317e+01 3.641695019720898152e+00 8.119616750966940890e+04
1.885893981374372075e+01 1.303097659119381113e+01 1.064849716999184359e+01 3.679911944373140731e+00 8.092984653753043676e+04
1.893747979964983941e+01 1.311228855240642233e+01 1.070300027593732572e+01 3.722378259691073055e+00 8.093045659130706917e+04
1.901601978415527228e+01 1.318871678239906053e+01 1.078871653690620747e+01 3.752447421113240811e+00 8.109558486887709296e+04
1.909455976727730331e+01 1.320055737667734164e+01 1.081167632700213588e+01 3.786983557582519033e+00 8.088513045691387379e+04
1.917309974903293579e+01 1.327894791525313956e+01 1.087747446796533346e+01 3.825881017614289004e+00 8.120350584931738558e+04
1.925163972943889235e+01 1.330677082829863522e+01 1.091757026942418030e+01 3.872729491547543645e+00 8.072834374579541327e+04
1.933017970851161849e+01 1.338693913403856328e+01 1.096958775597501656e+01 3.914224864826806982e+00 8.124631172054435592e+04
1.940871968626730748e+01 1.343758574381323356e+01 1.104593073736742959e+01 3.953862423202579635e+00 8.127364006200115546e+04
1.948725966272188259e+01 1.349431653535642894e+01 1.108722340896433778e+01 3.990645914383645021e+00 8.127122375231154729e+04
1.956579963789100773e+01 1.354630072550858166e+01 1.113238978824336201e+01 4.033316178773922900e+00 8.134202864493730885e+04
1.964433961179010524e+01 1.362392184309316079e+01 1.119907040898593920e+01 4.068251615326654580e+00 8.132868425408440817e+04
1.972287958443434519e+01 1.365931186833546995e+01 1.122569203165964424e+01 4.099765780526277936e+00 8.155770088241422491e+04
1.980141955583865965e+01 1.372704700986066229e+01 1.131725685201482356e+01 4.147041245007089927e+00 8.140286088788317284e+04
1.987995952601774619e+01 1.380752111849052532e+01 1.137832066647665208e+01 4.183387102612313946e+00 8.182579984663170762e+04
1.995849949498606790e+01 1.386762670603764036e+01 1.143942356031623397e+01 4.227490409202593113e+00 8.203183522526260640e+04
2.003703946275786052e+01 1.390277160790477140e+01 1.149968299818835860e+01 4.271063151755218001e+00 8.207443896287209645e+04
2.011557942934713950e+01 1.394279254742107099e+01 1.150268604160950048e+01 4.318285906080878256e+00 8.223435779447617824e+04
2.019411939476770712e+01 1.401368150635623877e+01 1.155981373940283063e+01 4.346977842447651952e+00 8.193238366317955661e+04
2.027265935903314542e+01 1.403212298389338741e+01 1.162327080288196157e+01 4.390768105167609292e+00 8.175900329569721362e+04
2.035119932215682326e+01 1.403996712537701796e+01 1.163098914894464109e+01 4.430002681344803683e+00 8.154027362094161799e+04
2.042973928415191054e+01 1.403335592417351840e+01 1.163202216311311332e+01 4.461593803538494107e+00 8.152837305697510601e+04
2.050827924503137467e+01 1.405289002292807510e+01 1.165711275514986944e+01 4.511274099516361602e+00 8.124235471600784513e+04
2.058681920480798766e+01 1.412299827076795644e+01 1.170779105904102124e+01 4.549950630905963855e+00 8.114433149304178369e+04
2.066535916349431901e+01 1.407553213378206003e+01 1.169564068480775276e+01 4.579429773436443973e+00 8.080753033093234990e+04
2.074389912110275347e+01 1.405369203163237835e+01 1.171371078750057393e+01 4.627630727019999668e+00 8.069370508974992845e+04
2.082243907764548752e+01 1.410056043887033184e+01 1.177955508235906024e+01 4.653039741209808788e+00 8.055362384089961415e+04
2.090097903313453642e+01 1.414107945990470583e+01 1.178622912062606609e+01 4.709352896573651748e+00 8.024062809309476870e+04
2.097951898758173783e+01 1.416667120945351499e+01 1.180223308888130695e+01 4.734671820836052092e+00 7.982804276037405361e+04
2.105805894099874109e+01 1.415712292670643890e+01 1.182633148765624398e+01 4.777711270121138831e+00 7.956813111849347479e+04
2.113659889339703568e+01 1.415171599480428810e+01 1.183982762892091856e+01 4.820667336395777269e+00 7.970929967699914414e+04
2.121513884478793344e+01 1.420650271830918676e+01 1.186933348502740060e+01 4.858598733254764213e+00 7.944789871242879599e+04
2.129367879518258277e+01 1.420594814202840794e+01 1.186843710346393443e+01 4.894620078603360014e+00 7.921420361484703608e+04
2.137221874459196869e+01 1.420738011982044391e+01 1.190381752012769212e+01 4.953189270794847943e+00 7.891141254392443807e+04
2.145075869302691274e+01 1.421060488376056696e+01 1.193350706652410231e+01 4.984609135302038752e+00 7.876539496181235882e+04
2.152929864049807307e+01 1.423646211406505024e+01 1.193909745897783203e+01 5.021662077509329691e+00 7.864811720745218918e+04
2.160783858701596571e+01 1.423059481640365043e+01 1.200260987299296644e+01 5.049581006685755824e+00 7.872280036898613616e+04
2.168637853259094683e+01 1.432138084820219426e+01 1.202968354829837416e+01 5.111882367006344907e+00 7.843831763050824520e+04
2.176491847723321982e+01 1.434602088908522077e+01 1.206958660267278916e+01 5.146771678146267348e+00 7.804413354772092134e+04
2.184345842095285306e+01 1.433018816998036904e+01 1.205588095425737372e+01 5.184905256842029964e+00 7.799149898748277337e+04
2.192199836375975508e+01 1.431872007333528529e+01 1.211886097105709048e+01 5.244724578431199546e+00 7.789632548595349363e+04
2.200053830566371005e+01 1.440136539027165874e+01 1.215210078847576369e+01 5.271405678237949033e+00 7.782688947563896363e+04
2.207907824667434582e+01 1.440003456874544518e+01 1.216285676974188590e+01 5.319161011700886732e+00 7.754341966411177418e+04
2.215761818680116590e+01 1.437565561737028297e+01 1.216246349211703404e+01 5.365543410862285256e+00 7.739445495785897947e+04
2.223615812605353526e+01 1.438731845836737833e+01 1.218667912683301680e+01 5.420267838661336768e+00 7.741254215199880127e+04
2.231469806444068738e+01 1.441220010289522868e+01 1.220294054579077248e+01 5.438967307822543340e+00 7.705398185286727676e+04
2.239323800197172432e+01 1.442947039222373995e+01 1.225149516503540070e+01 5.491337137479121999e+00 7.695240496385544247e+04
2.247177793865562023e+01 1.445112077631758041e+01 1.229037885193170254e+01 5.544380296819168663e+00 7.689211064368209918e+04
2.255031787450123204e+01 1.448178086719437019e+01 1.233844596780339664e+01 5.587566409939847212e+00 7.673675833626913663e+04
2.262885780951728165e+01 1.449220887874798258e+01 1.233381758575284159e+01 5.639219627722133588e+00 7.664327608232769126e+04
2.270739774371238440e+01 1.451869623373808160e+01 1.239310664780031246e+01 5.674923374065405035e+00 7.631728869437823596e+04
2.278593767709502771e+01 1.456147492292321211e+01 1.240951891439368993e+01 5.751598283439766313e+00 7.651380121076972864e+04
2.286447760967358178e+01 1.457103848926834821e+01 1.246931035495173568e+01 5.783849425598674543e+00 7.596604628332432185e+04
2.294301754145629957e+01 1.457532755593757301e+01 1.249376602202143260e+01 5.830449153582875077e+00 7.609336280816546059e+04
2.302155747245133455e+01 1.462118377882970677e+01 1.250780026897550101e+01 5.884156784244650495e+00 7.595113471240163199e+04
2.310009740266672296e+01 1.456732137267935379e+01 1.248738142128898509e+01 5.926004136460744753e+00 7.595377964187301404e+04
2.317863733211038380e+01 1.463213768907406198e+01 1.257991230293929164e+01 5.973190730067344134e+00 7.568688605617209396e+04
2.325717726079013303e+01 1.465084245326147716e+01 1.262318654088379333e+01 6.011969021775751543e+00 7.559409211740708270e+04
2.333571718871368716e+01 1.465434657187978296e+01 1.262779656660406857e+01 6.058968044326945801e+00 7.537681841622907086e+04
2.341425711588865965e+01 1.471500003859464201e+01 1.268501925145394438e+01 6.144676054088309414e+00 7.544452632408472709e+04
2.349279704232255384e+01 1.473087280720163328e+01 1.269662676120904266e+01 6.160971628485684803e+00 7.540261252419362427e+04
2.357133696802278067e+01 1.476495439243548269e+01 1.277752826932306540e+01 6.196104323465874586e+00 7.521976403838572151e+04
2.364987689299664453e+01 1.476439178035886179e+01 1.278752483325181011e+01 6.255632259209452428e+00 7.515487999775310163e+04
2.372841681725136453e+01 1.480547787407930116e+01 1.279753053642749627e+01 6.291809301769862195e+00 7.495067641411451041e+04
2.380695674079405322e+01 1.487812996015825462e+01 1.288041023761451775e+01 6.366077668969668757e+00 7.459894666261028033e+04
2.388549666363174140e+01 1.485444028048440579e+01 1.292372926707608549e+01 6.386520083825999450e+00 7.484297011351581023e+04
2.396403658577134976e+01 1.485070864169689919e+01 1.292278397119256717e+01 6.446363998957171049e+00 7.480022821141046006e+04
2.404257650721972439e+01 1.493728880052115571e+01 1.297576897630697168e+01 6.503659952802835598e+00 7.462225746055877244e+04
2.412111642798362254e+01 1.492453520771499598e+01 1.303351371855795904e+01 6.539804803521833243e+00 7.453426325805706438e+04
2.419965634806970556e+01 1.493952723435679886e+01 1.305832849453887157e+01 6.595223871255428527e+00 7.434772262950193544e+04
2.427819626748454596e+01 1.501705901531031806e+01 1.309463723727971107e+01 6.654293729026504067e+00 7.459551938114011136e+04
2.435673618623464520e+01 1.508505454075126195e+01 1.317388775721313543e+01 6.688239301838311057e+00 7.428707911556494946e+04
2.443527610432640529e+01 1.505046262462255413e+01 1.320649069746580295e+01 6.745850877118712674e+00 7.416360995114046091e+04
2.451381602176616425e+01 1.512298466882984016e+01 1.324791408165976492e+01 6.799317050793089123e+00 7.426882143202506995e+04
2.459235593856016067e+01 1.508881364773120026e+01 1.327148694174851862e+01 6.851059072956315887e+00 7.417118593210530526e+04
2.467089585471456203e+01 1.510506220958406054e+01 1.330392042887475945e+01 6.916837398044724416e+00 7.391488130658432783e+04
2.474943577023546126e+01 1.518940698400088785e+01 1.336465915374807523e+01 6.960701875042469844e+00 7.403882113652386761e+04
2.482797568512887310e+01 1.517706191011790828e+01 1.336475471348196464e+01 7.037296607581915886e+00 7.397418475487586693e+04
2.490651559940072346e+01 1.517213309171692437e+01 1.339269803722803509e+01 7.065255912708256147e+00 7.381479274701511895e+04
2.498505551305688144e+01 1.522668005079796139e+01 1.345871148851277610e+01 7.127523088636757542e+00 7.360647101075899263e+04
2.506359542610313440e+01 1.535195966994785444e+01 1.352018774859405070e+01 7.207257471614513911e+00 7.395050102066647378e+04
2.514213533854519511e+01 1.534410173059287175e+01 1.358458152792007745e+01 7.239342671326057577e+00 7.383965821455797413e+04
2.522067525038871239e+01 1.540670810408616731e+01 1.359253145902816051e+01 7.286600977205915264e+00 7.391934627371696115e+04
2.529921516163925688e+01 1.542551651580491701e+01 1.361977267076341214e+01 7.341702741920677511e+00 7.379794255754553888e+04
2.537775507230233529e+01 1.541925932271389499e+01 1.368204356001952249e+01 7.395123614885636520e+00 7.388518525619726279e+04
2.545629498238338684e+01 1.544661052451030336e+01 1.369200385182704238e+01 7.454980663416307607e+00 7.378902319502724276e+04
2.553483489188777966e+01 1.550824383518958882e+01 1.375881332984338279e+01 7.520132360991617304e+00 7.381153002559320885e+04
2.561337480082082152e+01 1.552391583964394606e+01 1.380094135002287814e+01 7.561394697295832579e+00 7.370942645054873719e+04
2.569191470918774911e+01 1.553914561101513847e+01 1.386299948514642288e+01 7.617623672605300378e+00 7.349943048864984303e+04
2.577045461699373874e+01 1.565261021199760627e+01 1.396397365575175975e+01 7.720279836853430666e+00 7.367486112464440521e+04
2.584899452424390631e+01 1.570785416971908965e+01 1.399808487471961804e+01 7.761972449771852745e+00 7.379432979797205189e+04
2.592753443094329668e+01 1.570281883574381965e+01 1.402555932613809908e+01 7.831493005572521149e+00 7.375939113745691429e+04
2.600607433709690852e+01 1.576024392686995057e+01 1.407530481043578341e+01 7.899145745049376721e+00 7.384328084209136432e+04
2.608461424270966944e+01 1.584103104232269210e+01 1.412842482449730497e+01 7.980183160853405511e+00 7.423219905621465296e+04
2.616315414778644310e+01 1.583288075354634650e+01 1.417385055408838390e+01 7.973415296950316922e+00 7.392386054447329661e+04
2.624169405233205055e+01 1.589944053914103606e+01 1.428393684694420962e+01 8.030863934078270816e+00 7.402874893197882921e+04
2.632023395635124174e+01 1.589392036993175772e+01 1.423516415051351025e+01 8.137124117970611081e+00 7.370000327870211913e+04
2.639877385984871694e+01 1.593887687493814376e+01 1.434666061990587238e+01 8.158217955303046054e+00 7.378363198631236446e+04
2.647731376282911953e+01 1.602356838942910855e+01 1.439862576987954590e+01 8.225428460126698482e+00 7.395948736944759730e+04
2.655585366529703606e+01 1.609751378940569921e+01 1.451708699511714151e+01 8.281684427141174254e+00 7.393920577442459762e+04
2.663439356725699980e+01 1.610184089439005461e+01 1.453000853914910628e+01 8.353158019616687469e+00 7.426191580968545168e+04
2.671293346871349428e+01 1.622785760013178447e+01 1.456399170544410104e+01 8.429563138662281574e+00 7.422193432843928167e+04
2.679147336967094617e+01 1.633036323211987906e+01 1.469347382070756147e+01 8.466611634007220388e+00 7.417536224565585144e+04
2.687001327013372531e+01 1.627015260697943333e+01 1.466939653263909449e+01 8.545976229034621952e+00 7.419609192384069320e+04
2.694855317010616602e+01 1.627126924980191802e+01 1.471444111711664604e+01 8.616506628054855454e+00 7.423286362247235957e+04
2.702709306959254221e+01 1.633470631860461708e+01 1.479540503731338141e+01 8.646442152263778880e+00 7.387918223855746328e+04
2.710563296859707094e+01 1.636967737589543503e+01 1.478158604336167059e+01 8.727180544428644993e+00 7.450872666076324822e+04
2.718417286712393377e+01 1.645553687105579854e+01 1.493640306586607558e+01 8.772575762858531689e+00 7.412152401040900440e+04
2.726271276517725894e+01 1.656676637347831971e+01 1.498655634685582605e+01 8.870757521646407184e+00 7.451958375997902476e+04
2.734125266276112498e+01 1.647176569537986879e+01 1.501899884024182974e+01 8.908265102964332272e+00 7.417796485598290747e+04
2.741979255987956776e+01 1.653326143953098182e+01 1.510745972753534616e+01 8.969474034615338098e+00 7.456468160146685841e+04
2.749833245653658054e+01 1.656237094109323849e+01 1.516031094164463511e+01 9.025087929797676267e+00 7.434531249604931509e+04
2.757687235273609616e+01 1.660893517140515385e+01 1.519229131537532673e+01 9.095308608800202421e+00 7.414397252318776737e+04
2.765541224848202262e+01 1.664684283786005992e+01 1.522102617691317406e+01 9.218785983195767031e+00 7.462803463931809529e+04
2.773395214377820395e+01 1.664238800551578734e+01 1.528444036715782417e+01 9.239706863900691403e+00 7.457534867685468635e+04
2.781249203862845576e+01 1.656652591239702943e+01 1.517825346076419102e+01 9.287753480984850540e+00 7.423994131607697636e+04
2.789103193303654038e+01 1.664035841587438114e+01 1.531040309330734850e+01 9.375216477645423652e+00 7.431721597018018656e+04
2.796957182700618816e+01 1.671885198024309105e+01 1.543041155257582986e+01 9.470389904179354446e+00 7.408509589748592407e+04
2.804811172054107615e+01 1.672551562963896998e+01 1.542789887101213431e+01 9.474330520430022773e+00 7.414816265750887396e+04
2.812665161364485655e+01 1.675544836541452653e+01 1.558225534248183486e+01 9.547390795234173666e+00 7.397064252106612548e+04
2.820519150632112115e+01 1.670429222324559504e+01 1.546729665872114623e+01 9.555428626599280051e+00 7.317154528152180137e+04
2.828373139857343332e+01 1.657146958012599214e+01 1.544608480400053807e+01 9.686070861653576003e+00 7.333214527667521907e+04
2.836227129040531736e+01 1.667821111124364108e+01 1.554263808647718115e+01 9.690134543027346226e+00 7.293837753473222256e+04
2.844081118182025847e+01 1.671086924167197196e+01 1.557444930734734534e+01 9.839308677786489099e+00 7.274318177193259180e+04
2.851935107282169923e+01 1.664597043762858419e+01 1.557130163520441890e+01 9.846645058069759315e+00 7.254813721410205471e+04
2.859789096341304315e+01 1.668297016422596002e+01 1.554176203653588573e+01 9.876846370144741982e+00 7.214372537685805582e+04
2.867643085359765820e+01 1.664354137973479197e+01 1.554676417928395260e+01 9.890524011228677637e+00 7.219538651445804862e+04
2.875497074337888392e+01 1.662077303719616239e+01 1.561023562440629853e+01 1.000425810332333221e+01 7.227473756275324558e+04
2.883351063276001369e+01 1.664250009059862379e+01 1.568668284723611883e+01 1.020353711501832983e+01 7.217791743993308046e+04
2.891205052174430890e+01 1.656214302351071410e+01 1.564864821977830367e+01 1.014367021186673945e+01 7.097568654510883789e+04
2.899059041033499184e+01 1.666751408073843166e+01 1.569637639824620301e+01 1.028992229458430607e+01 7.173837260896495718e+04
2.906913029853525643e+01 1.669338612113487841e+01 1.568290282282286086e+01 1.025090244206240797e+01 7.157246754424076062e+04
2.914767018634825746e+01 1.678759961277608781e+01 1.579750535454650695e+01 1.037094032992271053e+01 7.167006463559104304e+04
2.922621007377712132e+01 1.668917358081958469e+01 1.580924973331231165e+01 1.048553228827111816e+01 7.158772563790000277e+04
2.930474996082492822e+01 1.668028337578367726e+01 1.593900764726805264e+01 1.054309064532503193e+01 7.174497523566363088e+04
2.938328984749474060e+01 1.682727062689507846e+01 1.603968922439787193e+01 1.062563246627389901e+01 7.108852805166380131e+04
2.946182973378957826e+01 1.670667730724747813e+01 1.596546236595852619e+01 1.071753618764852689e+01 7.113548346177116036e+04
2.954036961971243258e+01 1.675234416075673138e+01 1.595967914878433547e+01 1.068939975273296739e+01 7.087891237995495612e+04
2.961890950526625943e+01 1.672973505480499767e+01 1.596995913260976607e+01 1.084140868216170439e+01 7.113840987710986519e+04
2.969744939045398979e+01 1.686593086098021388e+01 1.601676632030974190e+01 1.088263311038030778e+01 7.125143212952619069e+04
2.977598927527852268e+01 1.700977103793335488e+01 1.608181657960836475e+01 1.089903580896968371e+01 7.106120910621959774e+04
2.985452915974272159e+01 1.696340888802722446e+01 1.632324678381095850e+01 1.104289992250733299e+01 7.077768837827396055e+04
2.993306904384942868e+01 1.708435106074270848e+01 1.635351009114728527e+01 1.119173285843461585e+01 7.138034413573224447e+04
3.001160892760143994e+01 1.704392665110984240e+01 1.632817584150195600e+01 1.126839492840261947e+01 7.156051136734451575e+04
3.009014881100154071e+01 1.709698657553639833e+01 1.625505373317086821e+01 1.128233122593106863e+01 7.148411092954422929e+04
3.016868869405248077e+01 1.712581658977262222e+01 1.642206644298938301e+01 1.129114091209686599e+01 7.176853049420964089e+04
3.024722857675697441e+01 1.721494038292808071e+01 1.659435025420323839e+01 1.141288760794905066e+01 7.107659761272561445e+04
3.032576845911771457e+01 1.718062854713296872e+01 1.646864904763049609e+01 1.144711194663276821e+01 7.027942592242803948e+04
3.040430834113736580e+01 1.734857660754178355e+01 1.648993861100948521e+01 1.161328490850811335e+01 7.179641441077429045e+04
3.048284822281856421e+01 1.727152938628920964e+01 1.658741751955331978e+01 1.156760404905612560e+01 7.154339662112863152e+04
3.056138810416392460e+01 1.738115641531738476e+01 1.665815668893974077e+01 1.173927578454180676e+01 7.098226643933232117e+04
3.063992798517602267e+01 1.730953794834416470e+01 1.679270995212605655e+01 1.161039195857726902e+01 7.166940912507595203e+04
3.071846786585741640e+01 1.758528966393987147e+01 1.680769361889274549e+01 1.175995726168111055e+01 7.240483536784177704e+04
3.079700774621063886e+01 1.757445596284520661e+01 1.708935928041159613e+01 1.187822071302317894e+01 7.196830089233379113e+04
3.087554762623818760e+01 1.753940714758374853e+01 1.702302290171102683e+01 1.207914913007502555e+01 7.222776713874653797e+04
3.095408750594254599e+01 1.788545298414880236e+01 1.726753994937824999e+01 1.223439683117991450e+01 7.164609051561509841e+04
3.103262738532617249e+01 1.783597238597452872e+01 1.739770188455238653e+01 1.236478829570184423e+01 7.278372886333856150e+04
3.111116726439149005e+01 1.755954837501284160e+01 1.720714226652054180e+01 1.225811585651818447e+01 7.267877823055122280e+04
3.118970714314090387e+01 1.787047356937838316e+01 1.739857041344001587e+01 1.247498879179089215e+01 7.236730196370786871e+04
3.126824702157679781e+01 1.784435845628612327e+01 1.757105028713590755e+01 1.247845178722598014e+01 7.244503100691552390e+04
3.134678689970152377e+01 1.810033966772488867e+01 1.767271939119914492e+01 1.280684707720250870e+01 7.200436211202593404e+04
3.142532677751741588e+01 1.814816841541153281e+01 1.753296157169816283e+01 1.262034080589262430e+01 7.367144507793146477e+04
3.150386665502678696e+01 1.794902138073590692e+01 1.761180882274652504e+01 1.275714767017466045e+01 7.251745548579434399e+04
3.158240653223192140e+01 1.810908141286566675e+01 1.766755949900994693e+01 1.284795127289858918e+01 7.344295980397384847e+04
3.166094640913508229e+01 1.826435777882356959e+01 1.793794853543053947e+01 1.285256566149977431e+01 7.410018010923231486e+04
3.173948628573851494e+01 1.846564796006987308e+01 1.786782129034035194e+01 1.306071192637701550e+01 7.312755770053793094e+04
3.181802616204443623e+01 1.852622782705800475e+01 1.812489764252653401e+01 1.309580608358941411e+01 7.405195944391480589e+04
3.189656603805504531e+01 1.833908836188606983e+01 1.807394499974106949e+01 1.314933187537513604e+01 7.365353535985999042e+04
3.197510591377251998e+01 1.852302040463138155e+01 1.810920250337983006e+01 1.315369211422884987e+01 7.362444630177687213e+04
3.205364578919900964e+01 1.865304541776254865e+01 1.832061877825760732e+01 1.327735715551528273e+01 7.431669290881822235e+04
3.213218566433665302e+01 1.889626602875351580e+01 1.830263013498118241e+01 1.350507022993898154e+01 7.581905073144719063e+04
3.221072553918755688e+01 1.904612539795890669e+01 1.864376623561935986e+01 1.345461895498950433e+01 7.495109191547735827e+04
3.228926541375382442e+01 1.936151696924570231e+01 1.893941030582815799e+01 1.373747585130226057e+01 7.528410137311911967e+04
3.236780528803751622e+01 1.900680462612089627e+01 1.857558184761750297e+01 1.362011265802109250e+01 7.613444614945711510e+04
3.244634516204068575e+01 1.955663676981844290e+01 1.883099415273404631e+01 1.389469555809160362e+01 7.724157949381567596e+04
3.252488503576537227e+01 1.909441124114227151e+01 1.870775889352553278e+01 1.390074548036125179e+01 7.595587286494777072e+04
3.260342490921358660e+01 1.944294579395803524e+01 1.860660556949400402e+01 1.416565754378376418e+01 7.563466646879770269e+04
3.268196478238731828e+01 1.945407432784426760e+01 1.918496745830080030e+01 1.395549819545081505e+01 7.794451430207105295e+04
3.276050465528854261e+01 1.995427000483142166e+01 1.928168579412990979e+01 1.419422816267053555e+01 7.704563601851784915e+04
3.283904452791921358e+01 1.999265733870775463e+01 1.941976179616434095e+01 1.428268827510454209e+01 7.781086891833422123e+04
3.291758440028127097e+01 1.988984898518826938e+01 1.932333587716926004e+01 1.429153866675926920e+01 7.748034157790744212e+04
3.299612427237663326e+01 2.013823726386442203e+01 1.921056942354931252e+01 1.433905400638274052e+01 7.910282002684110194e+04
3.307466414420719758e+01 2.036082328943845710e+01 2.002857551050258422e+01 1.435339553585448158e+01 7.893423218066642585e+04
3.315320401577483977e+01 2.067701832341425927e+01 1.993483973763428452e+01 1.482942518674771826e+01 7.949697807645361172e+04
3.323174388708143567e+01 2.004666524883998946e+01 1.983469550568741724e+01 1.461564858514427989e+01 7.706631678314748569e+04
3.331028375812883269e+01 2.025006207143960069e+01 1.986249949496220779e+01 1.472939407736926043e+01 7.824352532895901822e+04
3.338882362891884981e+01 2.030875712746954420e+01 1.969634876714429694e+01 1.501814272046079246e+01 7.820928810038302618e+04
3.346736349945329891e+01 2.101489534353291688e+01 2.030530586861893028e+01 1.521640110065211893e+01 7.737864327084153774e+04
3.354590336973399189e+01 2.130339076702281176e+01 1.973264241705613387e+01 1.504738794762885234e+01 8.200390672188067401e+04
3.362444323976268379e+01 2.124314003371917181e+01 2.032178305871173052e+01 1.565604139192763178e+01 8.420038768167732633e+04
3.370298310954115806e+01 2.040075807395205487e+01 2.018243534855120558e+01 1.539623483737742760e+01 7.856154360794613604e+04
3.378152297907114132e+01 2.154972686445010766e+01 2.017852787672690695e+01 1.544447993741289871e+01 8.052322653376396920e+04
3.386006284835436730e+01 2.125657418330741422e+01 2.053019322764638233e+01 1.588851210337747233e+01 8.084061720942737884e+04
3.393860271739255552e+01 2.185417635043502926e+01 2.093123684473500035e+01 1.646665945054158797e+01 8.514830981254170183e+04
3.401714258618739706e+01 2.073419921347178274e+01 2.138953378184178078e+01 1.544200359122531374e+01 8.033490831375952985e+04
3.409568245474058301e+01 2.255306736703096604e+01 2.260827387056052373e+01 1.703622429281929485e+01 8.805388737828863668e+04
3.417422232305376895e+01 2.000690845083751768e+01 2.010824811382675747e+01 1.525938721222605032e+01 8.826266798652705620e+04
3.425276219112861043e+01 2.156692380204841797e+01 2.117601660290584675e+01 1.617380597218654259e+01 8.705995896025607362e+04
3.433130205896674880e+01 2.138544439581701084e+01 2.158159775364624267e+01 1.584110590849983247e+01 7.792188526380524854e+04
3.440984192656979701e+01 2.271930274565665187e+01 2.184434460235422293e+01 1.682859638946835190e+01 8.164259198554004251e+04
3.448838179393936088e+01 2.416667683244104126e+01 2.167995668987890667e+01 1.532642573306354095e+01 8.985670683009640197e+04
3.456692166107702491e+01 2.328533127725517815e+01 2.413142372793486601e+01 1.958272405538576422e+01 8.794495439301819715e+04
3.464546152798438072e+01 2.583108524127984751e+01 2.408381802610854194e+01 1.264282044407981687e+01 9.276256520051964617e+04
3.472400139466299152e+01 2.265577997556198397e+01 1.398632304660936043e+01 1.877113282648355153e+01 8.969349588868298451e+04
