# 0.9998 0.9998
7.871241428633635184e-02 2.299337363662080913e-02 2.324182525571862057e-02 1.539590208725051836e-06 7.206091202399049962e+02
1.618072713909662341e-01 5.586959401277945964e-02 5.627293038156153115e-02 1.031370869523850153e-05 2.870429330224529167e+03
2.418771330418761079e-01 1.248296623418844176e-01 1.247188608925590275e-01 1.439913823628591356e-05 3.932443334098629293e+03
3.211923215201240578e-01 1.847000862427075063e-01 1.857814506728545090e-01 3.444333587475437571e-05 7.699437143613959961e+03
4.002017901256537113e-01 1.762798019663606996e-01 1.770946951258354218e-01 5.470260770226627469e-05 1.083810206666533304e+04
4.790568272527075955e-01 2.246041502347213836e-01 2.254633780099411788e-01 9.878905142390963766e-05 1.067232764093686274e+04
5.578229290343351687e-01 2.382442138305360113e-01 2.386424169402028006e-01 1.471483490387788312e-04 1.533421847358106970e+04
6.365331115321660738e-01 2.839855641094717331e-01 2.841944355893487040e-01 2.106730213408361150e-04 1.641714649902473684e+04
7.152058371535838788e-01 2.519173342318331565e-01 2.527590900650791839e-01 2.782866948587893073e-04 1.870910599439450380e+04
7.938522421846891941e-01 2.892899585975033938e-01 2.893160645197533354e-01 3.482978579814257226e-04 1.975722210275535326e+04
8.724794443688169698e-01 3.100446399399016117e-01 3.084791646377785246e-01 4.373914421904645023e-04 2.101842152901910958e+04
9.510922062407737299e-01 3.151156199141832981e-01 3.137510226508590794e-01 5.226406389987875824e-04 2.291919595212613422e+04
1.029693835175838679e+00 3.454156387780377702e-01 3.409690226373560673e-01 6.624769022356899722e-04 2.328474485880181965e+04
1.108286699878543891e+00 3.738227407852097728e-01 3.693581926345088640e-01 7.830167129297163327e-04 2.383400413166308863e+04
1.186872541411916560e+00 3.594179173450196552e-01 3.542233855407865284e-01 9.727203553310147721e-04 2.532982888061135600e+04
1.265452668213572940e+00 3.976129308837985099e-01 3.902034729544809344e-01 1.152348076228667129e-03 2.686816860487761369e+04
1.344028082638708543e+00 4.118576995947851316e-01 4.046893000253254935e-01 1.360019946370690652e-03 2.912693392065972876e+04
1.422599565533279709e+00 4.435292522340634758e-01 4.351259590998703408e-01 1.504127671380071181e-03 2.873402336541261320e+04
1.501167734229200246e+00 4.709463566056544259e-01 4.600779037213519329e-01 1.772162210043976656e-03 3.036106259455295003e+04
1.579733083222462531e+00 4.752291072467332289e-01 4.631448115300471624e-01 1.985116707678538910e-03 3.238870476484281244e+04
1.658296013281593151e+00 4.786674944455071024e-01 4.648513716070201696e-01 2.171790758788364872e-03 3.279072297743381205e+04
1.736856852652245875e+00 5.043058631951128357e-01 4.888880681976625064e-01 2.534018664618347197e-03 3.262979348178542568e+04
1.815415872753641580e+00 5.336007572721819248e-01 5.154590348124409305e-01 2.835548576813766691e-03 3.444036246534936072e+04
1.893973299967037560e+00 5.519428784285119738e-01 5.309348632716381911e-01 3.185688482150780126e-03 3.492480934735613118e+04
1.972529324606241641e+00 5.687993246745089992e-01 5.462726678750202680e-01 3.518672444744953137e-03 3.659062794700879749e+04
2.051084107826015579e+00 5.821715728806623469e-01 5.565264050011241581e-01 3.946898017461829625e-03 3.755717698700942128e+04
2.129637787001040561e+00 6.328594705697218048e-01 6.038565103708244397e-01 4.210483447197489217e-03 3.881301074190707004e+04
2.208190479956450680e+00 6.417801560802111061e-01 6.104337835900424114e-01 4.686929560737395153e-03 3.934941029289959260e+04
2.286742288326184092e+00 6.598228872412819079e-01 6.270649862501670446e-01 5.096321175743917693e-03 3.949984714117627300e+04
2.365293300241981811e+00 6.617709577961343737e-01 6.269100404014098515e-01 5.645358718363062238e-03 4.019037116085261368e+04
2.443843592503681883e+00 6.984700726331183329e-01 6.612251059561907729e-01 6.128675334336707720e-03 4.182734755261187092e+04
2.522393232343909553e+00 7.257458638654286087e-01 6.863798919125007059e-01 6.465721093423399020e-03 4.230865189132643718e+04
2.600942278872942381e+00 7.463557630494684902e-01 7.034464936596371842e-01 7.175614765636422615e-03 4.387079327513316093e+04
2.679490784269383141e+00 7.633363589275967698e-01 7.162557728513349042e-01 7.820204780886954796e-03 4.326100708097301685e+04
2.758038794767343038e+00 7.922677875955933535e-01 7.415013109026007410e-01 8.272906876893724309e-03 4.468429744311206014e+04
2.836586351479573942e+00 8.272732353072766998e-01 7.740850290493953567e-01 9.134374126521840540e-03 4.614022196770900337e+04
2.915133491087511963e+00 8.470074341768302206e-01 7.897315024058901844e-01 9.731122090270110866e-03 4.596253859548197943e+04
2.993680246422668834e+00 8.755628683769909326e-01 8.166818038661888268e-01 1.028935043213580897e-02 4.581275704455335654e+04
3.072226646958827967e+00 9.066306044410358256e-01 8.407546782262673712e-01 1.127841212068977049e-02 4.744664397537266632e+04
3.150772719230606977e+00 9.058488442433720866e-01 8.404637086396424817e-01 1.169110516553496792e-02 4.754289514657101972e+04
3.229318487190934395e+00 9.293141893796909025e-01 8.591196195995741691e-01 1.277575250278041412e-02 4.816240314414901513e+04
3.307863972517584905e+00 9.703330341306120044e-01 8.945764299424451282e-01 1.336460395218781738e-02 4.869830410231935093e+04
3.386409194877053608e+00 9.903221806965806229e-01 9.111582078126775341e-01 1.432285871858621565e-02 5.031788506542993855e+04
3.464954172152534095e+00 1.009400877847155931e+00 9.287398951200684927e-01 1.511214324555392938e-02 5.004016436646570946e+04
3.543498920641575456e+00 1.051894505021648163e+00 9.651240820678131938e-01 1.591748958907984388e-02 5.133165725558773556e+04
3.622043455228019404e+00 1.052880018196040490e+00 9.662350864810902440e-01 1.691458674809945967e-02 5.120321972895290673e+04
3.700587789532037597e+00 1.105428794848573038e+00 1.008027317849763405e+00 1.778973931287386456e-02 5.190344360421341116e+04
3.779131936041457696e+00 1.111148389978166229e+00 1.014771559428923942e+00 1.884925386820993087e-02 5.283041105555049580e+04
3.857675906227046259e+00 1.131502474600257324e+00 1.030979678589177606e+00 1.988422739862319433e-02 5.348694610879391257e+04
3.936219710643986680e+00 1.169831881783764960e+00 1.062573858135456684e+00 2.092102664826753222e-02 5.398662739852516825e+04
4.014763359021444877e+00 1.195021116333698785e+00 1.084452589604569805e+00 2.194943359405639172e-02 5.336169563938792271e+04
4.093306860341824560e+00 1.227187967298315696e+00 1.113812693335698212e+00 2.284137858769061044e-02 5.461649744636848482e+04
4.171850222911064776e+00 1.253419729347839295e+00 1.135786069586546931e+00 2.400089470499862723e-02 5.535142190970533557e+04
4.250393454421145911e+00 1.265093715817654507e+00 1.142679246172443097e+00 2.529466326688466216e-02 5.522597573872832436e+04
4.328936562005788247e+00 1.284418657699036626e+00 1.161880259827746009e+00 2.621407326466201893e-02 5.644217016015875561e+04
4.407479552290201497e+00 1.328103093046170802e+00 1.197374203088300781e+00 2.750956743079790989e-02 5.613825023220123694e+04
4.486022431435594982e+00 1.345229810480295329e+00 1.211311021274078303e+00 2.850961927280107333e-02 5.722940770758080180e+04
4.564565205179107465e+00 1.387290228299360217e+00 1.247573683595698979e+00 2.995712389009672766e-02 5.763074495964201196e+04
4.643107878869670024e+00 1.394682991021183538e+00 1.250527104873062623e+00 3.118158707360189907e-02 5.819911684776166658e+04
4.721650457500300213e+00 1.421173955708787240e+00 1.275145812963406566e+00 3.232003270174817894e-02 5.819965360502168915e+04
4.800192945737217443e+00 1.463487850619072050e+00 1.308216041126693874e+00 3.382118618392527393e-02 5.879687761051475536e+04
4.878735347946150824e+00 1.470505680939797610e+00 1.316466574283155611e+00 3.528677891699045360e-02 5.962412064127460326e+04
4.957277668216146793e+00 1.511460381632526495e+00 1.348033337820125466e+00 3.710099388705300621e-02 5.953292559904228256e+04
5.035819910381144737e+00 1.543445516891775116e+00 1.376439266684144069e+00 3.849755842055391231e-02 5.926289010810285981e+04
5.114362078039562221e+00 1.571514108796052689e+00 1.400520287633314487e+00 3.983335263578884761e-02 6.043087774900041404e+04
5.192904174572115394e+00 1.575215330868322328e+00 1.399355539301453399e+00 4.142369236972907875e-02 6.083000326871701691e+04
5.271446203158030919e+00 1.613972968421489407e+00 1.431893173679991804e+00 4.328538470383572895e-02 6.125904433054151741e+04
5.349988166789838573e+00 1.630131146478297488e+00 1.446589695844211043e+00 4.470199465057186905e-02 6.160477740788598021e+04
5.428530068286878674e+00 1.686554783258380708e+00 1.494295392993465255e+00 4.640170301758583110e-02 6.187782854047609726e+04
5.507071910307648643e+00 1.693507586287514854e+00 1.494789324355330296e+00 4.838348476922097602e-02 6.208639543415859225e+04
5.585613695361120179e+00 1.739709548840403297e+00 1.537262613636253272e+00 4.998936263966705790e-02 6.313060831033128488e+04
5.664155425817094525e+00 1.761461736550429702e+00 1.558342906348235246e+00 5.141053637556214362e-02 6.295904171773057169e+04
5.742697103915729961e+00 1.777733056206960205e+00 1.572394221897256417e+00 5.286910392158365030e-02 6.292008642511504877e+04
5.821238731776284148e+00 1.801766330216237000e+00 1.592270905844622053e+00 5.471561788258522130e-02 6.324899182082252082e+04
5.899780311405160127e+00 1.830802743634342589e+00 1.617357774579606389e+00 5.627935063763765677e-02 6.401158865655669797e+04
5.978321844703323507e+00 1.856715574095547883e+00 1.638302325544468641e+00 5.861114374184184933e-02 6.451976712204294745e+04
6.056863333473133437e+00 1.886637658341383084e+00 1.660630316629180259e+00 6.074408915972252798e-02 6.505804692418264312e+04
6.135404779424661115e+00 1.929390202913061625e+00 1.696532138828643843e+00 6.254555895565470924e-02 6.522250978753551317e+04
6.213946184181517118e+00 1.940049329012072832e+00 1.708970069949252713e+00 6.347201793342052700e-02 6.538703315112600831e+04
6.292487549286247983e+00 1.997404344017155164e+00 1.755196396730495101e+00 6.598121486927256696e-02 6.594506063917948632e+04
6.371028876205335756e+00 2.000041084843876771e+00 1.761742051720250002e+00 6.787625779989542307e-02 6.576949250162388489e+04
6.449570166333828070e+00 2.012642868285035913e+00 1.763208002387413709e+00 7.015087342755947641e-02 6.627294894849418779e+04
6.528111420999634262e+00 2.061310702213587476e+00 1.804341640763437393e+00 7.348431368803363950e-02 6.583284724379735417e+04
6.606652641467518627e+00 2.080584622062092492e+00 1.819010317907803431e+00 7.536671451604166905e-02 6.634148488003831881e+04
6.685193828942805006e+00 2.127255580788889322e+00 1.863081174544348739e+00 7.690901317477955024e-02 6.616794394925306551e+04
6.763734984574836240e+00 2.122032828551886574e+00 1.856848400565146884e+00 7.996658470148261533e-02 6.627593680549274723e+04
6.842276109460177835e+00 2.172212037940860707e+00 1.895550452501583383e+00 8.211401465498316399e-02 6.686115360587724717e+04
6.920817204645620890e+00 2.194921594477530657e+00 1.915927640454567538e+00 8.407008417205422135e-02 6.758236381703350344e+04
6.999358271130968312e+00 2.231757265942319268e+00 1.944492029524758525e+00 8.638703646692540150e-02 6.789008861850858375e+04
7.077899309871646949e+00 2.257542657326059743e+00 1.972516918545646147e+00 8.762955687174978081e-02 6.780291173566921498e+04
7.156440321781138536e+00 2.284888192433052634e+00 1.994383689891335409e+00 9.039261765989073383e-02 6.732553009167253913e+04
7.234981307733260536e+00 2.339828125670052383e+00 2.038639537321238926e+00 9.411975041512914142e-02 6.807140498713306442e+04
7.313522268564292439e+00 2.331851510035458208e+00 2.029727985337299589e+00 9.655756609012641767e-02 6.802437047503492795e+04
7.392063205074973276e+00 2.365628158907172818e+00 2.061208199776121130e+00 9.846512459012406182e-02 6.794049610320117790e+04
7.470604118032365015e+00 2.395081652774564418e+00 2.084367888448631856e+00 1.014036445985293244e-01 6.853561577245416993e+04
7.549145008171610272e+00 2.393477213449158203e+00 2.079306970408114186e+00 1.031769036937102840e-01 6.896750437282226630e+04
7.627685876197570103e+00 2.441229700061303021e+00 2.121606748831862177e+00 1.060417820464865379e-01 6.890658519062335836e+04
7.706226722786373884e+00 2.476895234095602305e+00 2.150362779591010298e+00 1.079643726007651211e-01 6.887367164454785234e+04
7.784767548586863484e+00 2.481740126841768479e+00 2.157479839605853655e+00 1.118975148287127408e-01 6.837385187913864502e+04
7.863308354221953955e+00 2.526198179602916483e+00 2.190035703370616815e+00 1.140371915542553599e-01 6.943749215147444920e+04
7.941849140289923170e+00 2.567534635154313793e+00 2.229082910732995249e+00 1.180294154774009507e-01 6.858212775573895487e+04
8.020389907365611748e+00 2.586002490660047393e+00 2.241504548069701563e+00 1.199124607405209070e-01 6.984797450361629308e+04
8.098930656001561701e+00 2.608653254121872322e+00 2.260244099311588872e+00 1.239087522669957003e-01 6.960162509981647599e+04
8.177471386729090241e+00 2.640129620706508362e+00 2.289407025196754653e+00 1.260379313056413098e-01 6.942178130339727795e+04
8.256012100059292536e+00 2.677209464204871825e+00 2.319959067101050820e+00 1.287594823690064449e-01 6.982402002704110055e+04
8.334552796484000936e+00 2.679298546304707429e+00 2.317408162579470687e+00 1.320995259341000982e-01 6.976270303797282395e+04
8.413093476476680266e+00 2.720560867381130787e+00 2.354039582962987875e+00 1.346004028507509775e-01 6.950647706204057613e+04
8.491634140493276917e+00 2.759538195270879068e+00 2.393072505272933803e+00 1.379041954565201622e-01 6.973570060447284777e+04
8.570174788973028868e+00 2.765847630927133149e+00 2.397680114100139814e+00 1.401077565555086391e-01 6.976555037400740548e+04
8.648715422339215309e+00 2.792463115247507677e+00 2.420649299288428313e+00 1.440189842342386173e-01 7.018629757468670141e+04
8.727256040999876063e+00 2.814068855035846362e+00 2.437165778715879139e+00 1.473079773144954918e-01 6.953132600005077256e+04
8.805796645348495488e+00 2.850951088780385057e+00 2.469328661311235074e+00 1.501089054464965766e-01 6.948264585372700822e+04
8.884337235764643737e+00 2.870316321566548812e+00 2.480868919723078658e+00 1.528377026694688334e-01 6.976662684536830056e+04
8.962877812614589601e+00 2.902293262949130259e+00 2.507671741850202807e+00 1.568831190066780901e-01 7.059107507404327043e+04
9.041418376251867173e+00 2.929270954142450645e+00 2.533045116759646831e+00 1.593389479848554835e-01 7.060289596956028254e+04
9.119958927017840722e+00 2.933774463899731622e+00 2.534229631636171653e+00 1.644283187843454397e-01 7.044010759973975655e+04
9.198499465242209183e+00 2.982176839846627736e+00 2.573197687817930568e+00 1.673321880865005495e-01 7.032223893749954004e+04
9.277039991243508865e+00 2.999703283708269996e+00 2.587466896657704574e+00 1.703137193530226412e-01 6.976357757325383136e+04
9.355580505329580632e+00 3.041870654639427851e+00 2.625459484287971712e+00 1.752012989135715015e-01 7.031916044617761509e+04
9.434121007798012215e+00 3.056294214990250335e+00 2.638321573610185933e+00 1.768874294974755734e-01 7.049889019222797651e+04
9.512661498936562765e+00 3.111304798799273463e+00 2.685571913747426098e+00 1.815703176905317240e-01 7.065621321867057122e+04
9.591201979023569635e+00 3.116896527663501004e+00 2.690127025964358154e+00 1.862468906815002434e-01 7.025710201962517749e+04
9.669742448328321416e+00 3.142411385492866582e+00 2.708968566154736024e+00 1.907189565959405142e-01 7.014501562287479464e+04
9.748282907111432749e+00 3.178401031200708271e+00 2.735167454611210136e+00 1.928487378048247824e-01 7.032789507220951782e+04
9.826823355625185386e+00 3.186932627168063803e+00 2.746658488746952731e+00 1.966715332144284845e-01 7.017456619628620683e+04
9.905363794113858589e+00 3.215951014065192570e+00 2.766848999628481298e+00 2.012845968566599197e-01 7.026459336216755037e+04
9.983904222814045326e+00 3.235179477873797893e+00 2.782741291651454674e+00 2.049514132874360461e-01 6.989052676885473193e+04
1.006244464195495070e+01 3.273476651166534968e+00 2.820060026616411086e+00 2.075449653871699884e-01 7.007861492139342590e+04
1.014098505175868148e+01 3.271961204402635826e+00 2.820657575670025619e+00 2.131894241889833452e-01 7.005259746184431424e+04
1.021952545244051613e+01 3.316564237058440057e+00 2.856259386707721948e+00 2.159660110474032613e-01 7.026083791524321714e+04
1.029806584420916415e+01 3.353483668491794134e+00 2.884533408442094604e+00 2.204855251857840426e-01 6.978654718174712616e+04
1.037660622726701654e+01 3.365251263611904076e+00 2.899255269338238516e+00 2.236767546154552477e-01 7.016750080837481073e+04
1.045514660181038380e+01 3.388300098607468502e+00 2.914144532370315677e+00 2.289298873282990254e-01 6.969244210063274659e+04
1.053368696802971982e+01 3.407756911287228796e+00 2.934478310531020817e+00 2.306589953229419565e-01 6.995533340731922362e+04
1.061222732610984210e+01 3.438819643574224205e+00 2.955927886265234950e+00 2.369806880547635219e-01 6.992654696619209426e+04
1.069076767623013779e+01 3.474525788619132083e+00 2.992310505612608029e+00 2.409169567646661236e-01 6.990297104224751820e+04
1.076930801856475739e+01 3.491820661680816951e+00 2.998101310191163549e+00 2.456457982901641413e-01 6.992028082762307895e+04
1.084784835328281005e+01 3.521506365239264191e+00 3.024999936076127049e+00 2.501750137894529491e-01 6.966299178822850809e+04
1.092638868054854306e+01 3.557981420818268958e+00 3.055119219932324715e+00 2.533892299089596789e-01 6.956590709742928448e+04
1.100492900052151413e+01 3.581890986086607054e+00 3.087639304397558959e+00 2.586565226171106957e-01 6.951468067975065787e+04
1.108346931335675833e+01 3.603166490617936368e+00 3.103357748522870274e+00 2.623996000588308952e-01 6.901281170476606349e+04
1.116200961920494805e+01 3.623620376244112595e+00 3.114709792539817279e+00 2.669792464891074801e-01 6.924907226086566516e+04
1.124054991821254212e+01 3.627787571066276140e+00 3.119685194650403837e+00 2.716952523980534218e-01 6.913649204245353758e+04
1.131909021052193687e+01 3.641476577462193109e+00 3.131266103509872778e+00 2.757291486246077339e-01 6.895115694398857886e+04
1.139763049627160285e+01 3.669222960380408516e+00 3.157547635920584295e+00 2.806675303130813370e-01 6.881464347223097866e+04
1.147617077559622167e+01 3.695409978373568549e+00 3.188944558142782437e+00 2.860285385544523162e-01 6.894019167683113483e+04
1.155471104862680853e+01 3.740514806016048688e+00 3.219098337978752333e+00 2.905531517105738315e-01 6.868664927047643869e+04
1.163325131549084368e+01 3.766885088888412447e+00 3.241571133260632287e+00 2.952737511880562105e-01 6.890898790298217500e+04
1.171179157631238787e+01 3.769991781659738361e+00 3.251587612227753166e+00 2.989176240917835736e-01 6.846773121609441296e+04
1.179033183121219608e+01 3.801821073409857199e+00 3.277541312439848920e+00 3.034798172845014075e-01 6.819027252329196199e+04
1.186887208030782759e+01 3.832322923494453359e+00 3.296963700640481498e+00 3.102345724238959601e-01 6.815979022176186845e+04
1.194741232371374728e+01 3.845813783277080677e+00 3.316084692502177855e+00 3.152746135057783450e-01 6.828518512229695625e+04
1.202595256154143222e+01 3.852504722282694249e+00 3.321864717510178089e+00 3.189690035370533194e-01 6.786569376879378979e+04
1.210449279389946753e+01 3.877707488372532652e+00 3.342165029044554814e+00 3.250024682679518162e-01 6.767932836738807964e+04
1.218303302089363527e+01 3.889114109168864797e+00 3.356020922262591188e+00 3.286444205700676524e-01 6.778087665311270393e+04
1.226157324262700676e+01 3.915860889527549737e+00 3.376148512594244977e+00 3.327785651121654142e-01 6.784752840116729203e+04
1.234011345920003322e+01 3.956861856460898164e+00 3.413568892248150188e+00 3.386996267619155065e-01 6.763050512793868256e+04
1.241865367071062565e+01 3.960856313368006809e+00 3.413995045130727490e+00 3.453417549483384086e-01 6.733220693721376301e+04
1.249719387725422415e+01 4.001672230825540133e+00 3.455914417974137454e+00 3.488224556275769661e-01 6.704859441327609238e+04
1.257573407892389383e+01 4.011168648403122816e+00 3.463281299001811142e+00 3.556051375589372454e-01 6.703765728672269324e+04
1.265427427581038877e+01 4.031916954439956235e+00 3.481246005259522214e+00 3.594833200135833517e-01 6.684926316040517122e+04
1.273281446800221772e+01 4.047736174247640761e+00 3.490608712467652364e+00 3.655791298797466116e-01 6.671740214603948698e+04
1.281135465558572584e+01 4.082151314165022526e+00 3.528650681262917033e+00 3.713136597280083939e-01 6.653925015607198293e+04
1.288989483864514796e+01 4.116010693700942191e+00 3.547805126488763339e+00 3.779729936778393751e-01 6.622198784709727624e+04
1.296843501726268322e+01 4.139189801256275558e+00 3.576608722949885966e+00 3.825956009623315834e-01 6.635551519386892323e+04
1.304697519151855190e+01 4.129289250419059698e+00 3.566886810503249183e+00 3.867628274173972036e-01 6.618890542254020693e+04
1.312551536149104692e+01 4.146458644371698199e+00 3.581563480021694001e+00 3.941417154053523664e-01 6.598614993652256089e+04
1.320405552725660492e+01 4.178733103473261323e+00 3.614201344255878467e+00 4.000001612884041546e-01 6.559928345863157301e+04
1.328259568888985243e+01 4.202623871884719975e+00 3.629484492568789911e+00 4.056736841961649520e-01 6.554305329259338032e+04
1.336113584646366270e+01 4.224416927466102756e+00 3.648971072886103340e+00 4.122931434535819228e-01 6.533537422938744567e+04
1.343967600004920548e+01 4.229197146792618156e+00 3.651141304872362880e+00 4.174752315624183363e-01 6.524559329657394119e+04
1.351821614971599317e+01 4.250044038021114190e+00 3.669082910680486975e+00 4.229019238693417782e-01 6.522855742328350607e+04
1.359675629553193588e+01 4.258559020421482266e+00 3.685460365622734713e+00 4.277194635106956744e-01 6.491087355646609649e+04
1.367529643756338231e+01 4.276048554905725219e+00 3.699109097218352016e+00 4.331121721133520119e-01 6.480082463601964992e+04
1.375383657587516595e+01 4.322124471405317081e+00 3.734262910501342958e+00 4.419572654336549888e-01 6.444363997568081686e+04
1.383237671053064766e+01 4.335209014801844951e+00 3.747097029550049641e+00 4.482447517328639885e-01 6.445186604561421700e+04
1.391091684159175834e+01 4.365227074812906061e+00 3.772448497120248767e+00 4.523796370248246435e-01 6.417404629853320512e+04
1.398945696911903269e+01 4.389713834079362442e+00 3.794951512703900409e+00 4.586361548646758490e-01 6.414703515989839798e+04
1.406799709317166069e+01 4.410558976114018925e+00 3.810227009430732004e+00 4.674177473239917724e-01 6.403058249067245924e+04
1.414653721380751428e+01 4.423395159600384652e+00 3.828583983840820437e+00 4.715828719305517613e-01 6.389185795806450187e+04
1.422507733108318817e+01 4.442347409009888004e+00 3.848441759736886070e+00 4.778873895556627893e-01 6.353128175437002938e+04
1.430361744505403543e+01 4.458903419813476710e+00 3.858464716808891914e+00 4.845517782830985332e-01 6.354029462787989905e+04
1.438215755577419586e+01 4.481629789422559185e+00 3.882418475567725569e+00 4.939479367887042449e-01 6.295984234668344288e+04
1.446069766329663686e+01 4.502283912977975255e+00 3.904367008062307853e+00 4.979327895351943201e-01 6.298709536653912801e+04
1.453923776767318010e+01 4.526414181583795937e+00 3.920022127335510032e+00 5.057243207047867894e-01 6.269680801902077656e+04
1.461777786895453346e+01 4.539739809437659979e+00 3.939700030405183462e+00 5.117034230137318396e-01 6.259303803452730062e+04
1.469631796719032302e+01 4.548445854828649715e+00 3.943558140304171733e+00 5.163171955736221008e-01 6.205630292761223245e+04
1.477485806242911437e+01 4.568350411620108353e+00 3.963753431307450281e+00 5.257793999786141148e-01 6.236860221298034594e+04
1.485339815471844993e+01 4.603794626802201861e+00 3.992078724021927094e+00 5.336465379042811819e-01 6.206962130123729730e+04
1.493193824410487203e+01 4.621363255466536479e+00 4.009885164599501728e+00 5.380789054055367115e-01 6.199936688499870070e+04
1.501047833063394421e+01 4.637702714982417262e+00 4.020071011860223642e+00 5.459225998596398677e-01 6.182097985722105659e+04
1.508901841435028857e+01 4.648159403564863901e+00 4.043478944557131527e+00 5.517537613213134851e-01 6.163234951187674596e+04
1.516755849529759992e+01 4.686675419829622768e+00 4.069468612945095209e+00 5.604502415725035602e-01 6.125825753102572344e+04
1.524609857351867070e+01 4.689691878794562285e+00 4.079430393033378621e+00 5.660077474820962573e-01 6.121694768682606082e+04
1.532463864905541762e+01 4.716333119315660127e+00 4.097844971844803119e+00 5.722349572280772678e-01 6.087915999603122327e+04
1.540317872194890292e+01 4.744786621352831801e+00 4.123271934651240755e+00 5.820489896705333122e-01 6.089438439050929446e+04
1.548171879223935399e+01 4.763160968475518509e+00 4.131741810164483830e+00 5.896559501061644504e-01 6.062341230365560477e+04
1.556025885996618996e+01 4.770009961793054032e+00 4.148264460423837896e+00 5.946840799637063135e-01 6.035943420816618163e+04
1.563879892516803238e+01 4.790814749404981754e+00 4.173127030409254701e+00 6.007927789778991778e-01 6.026911929149914067e+04
1.571733898788273187e+01 4.808666688937109690e+00 4.189534172863591088e+00 6.098930742045738373e-01 6.020599533761540806e+04
1.579587904814739119e+01 4.841531252019854570e+00 4.217749139543418124e+00 6.202085856792854957e-01 6.005388200925874844e+04
1.587441910599837769e+01 4.860075129991673570e+00 4.237880348424258869e+00 6.279435914662532259e-01 5.969990621298205951e+04
1.595295916147133575e+01 4.879882957139647814e+00 4.252576065101358438e+00 6.343504791899978734e-01 5.938870003457800340e+04
1.603149921460121874e+01 4.904195535266851813e+00 4.271869911158842292e+00 6.450417702212791760e-01 5.940456866882705799e+04
1.611003926542229436e+01 4.904234351739914288e+00 4.273472132145973212e+00 6.513384373456548859e-01 5.908046839406369691e+04
1.618857931396816596e+01 4.963912166972976436e+00 4.322086878222852313e+00 6.603502629775326316e-01 5.918853746585884801e+04
1.626711936027179561e+01 4.983097996306397270e+00 4.349318924713181822e+00 6.655318152114013674e-01 5.876626875534348073e+04
1.634565940436549525e+01 4.983388260394588265e+00 4.340360274089404058e+00 6.757183321809935306e-01 5.871553706185315241e+04
1.642419944628097639e+01 5.005334427270472730e+00 4.371656546343310801e+00 6.833040762807314206e-01 5.848954726532017230e+04
1.650273948604932883e+01 5.030424390180834315e+00 4.387572812261391952e+00 6.925423041119664891e-01 5.857311453891978454e+04
1.658127952370107394e+01 5.047144962597034379e+00 4.405584049751732678e+00 6.998112944725584095e-01 5.815359762014199805e+04
1.665981955926614333e+01 5.065730451674677504e+00 4.425456583518606379e+00 7.086093808751980916e-01 5.809056430464056029e+04
1.673835959277390728e+01 5.095753590996503490e+00 4.461348576229402063e+00 7.163011921742271637e-01 5.795007128916235524e+04
1.681689962425318896e+01 5.108223847836144138e+00 4.463009052775422703e+00 7.263190375196700854e-01 5.781439101598675188e+04
1.689543965373228218e+01 5.136114588378299040e+00 4.493136551082049124e+00 7.339699817201811305e-01 5.754993855053479638e+04
1.697397968123895495e+01 5.149363297403938056e+00 4.503741591828983815e+00 7.409813178605572093e-01 5.746603662476597674e+04
1.705251970680045304e+01 5.182696611464358227e+00 4.526599236152767602e+00 7.503874082043546778e-01 5.741395164660523005e+04
1.713105973044353902e+01 5.193982327919909103e+00 4.548731181680863322e+00 7.576874897565122335e-01 5.727340744986769278e+04
1.720959975219447102e+01 5.222589781093223138e+00 4.572251379163159157e+00 7.671410941348354440e-01 5.705725761051829613e+04
1.728813977207903463e+01 5.246607250958429169e+00 4.592264453010888481e+00 7.793066809176797394e-01 5.705047253353193810e+04
1.736667979012256424e+01 5.258166689427642204e+00 4.619038170125969067e+00 7.858365073278819057e-01 5.679386188946550101e+04
1.744521980634991110e+01 5.291098648507693625e+00 4.637827500207101217e+00 7.950199954383604384e-01 5.665009421038821893e+04
1.752375982078550365e+01 5.290381906178158289e+00 4.644520755489347508e+00 8.014309365854765943e-01 5.640659329813820659e+04
1.760229983345331917e+01 5.326510656725966797e+00 4.681996837763980679e+00 8.111986497831128462e-01 5.639369198395143030e+04
1.768083984437692635e+01 5.343330752085845958e+00 4.701588254448764381e+00 8.180776570367479517e-01 5.633973190378196887e+04
1.775937985357945692e+01 5.402742262083439329e+00 4.743113276057370875e+00 8.307896588289965800e-01 5.620644328826117999e+04
1.783791986108364824e+01 5.400468096014561681e+00 4.750567861961465965e+00 8.376957713777465342e-01 5.593743155742191448e+04
1.791645986691183268e+01 5.420942122629679005e+00 4.774277060874044132e+00 8.501496253171181294e-01 5.590447476636869396e+04
1.799499987108595889e+01 5.456360536520375781e+00 4.789759973486570566e+00 8.593250537178723780e-01 5.585897716482259420e+04
1.807353987362759185e+01 5.471823587942019174e+00 4.818296444909258902e+00 8.691352469126111258e-01 5.575668299930372450e+04
1.815207987455791638e+01 5.490900524057637178e+00 4.825197985958610936e+00 8.780570943415200169e-01 5.539176896173283603e+04
1.823061987389775851e+01 5.523967153563888566e+00 4.856641869177774851e+00 8.858467251853576752e-01 5.558486916522117826e+04
1.830915987166758541e+01 5.539615830853350076e+00 4.885827555014954804e+00 8.950435469302437941e-01 5.550579503544990439e+04
1.838769986788751964e+01 5.592849716860321507e+00 4.932462645270190293e+00 9.050467319341048977e-01 5.550252147226037050e+04
1.846623986257733563e+01 5.591840800871270112e+00 4.931631544552439905e+00 9.154509240246743174e-01 5.526420728098391555e+04
1.854477985575647381e+01 5.616043638421596818e+00 4.952767562034359194e+00 9.255734527742590645e-01 5.533672021274468716e+04
1.862331984744404423e+01 5.655084556499020643e+00 4.991094656347267566e+00 9.349176371106617811e-01 5.512715464728846564e+04
1.870185983765884075e+01 5.676234380341329100e+00 5.013678757515917184e+00 9.457979743146597285e-01 5.521388647648711776e+04
1.878039982641934458e+01 5.695282978322596001e+00 5.037837045139966996e+00 9.519730634418388515e-01 5.531383414630524931e+04
1.885893981374372075e+01 5.728010021995078027e+00 5.060239455276260401e+00 9.649447637675703238e-01 5.511600510711401876e+04
1.893747979964983941e+01 5.758168592434606659e+00 5.084973022802973475e+00 9.730738967082220858e-01 5.501303251727109455e+04
1.901601978415527228e+01 5.796320456403849519e+00 5.134963061669123974e+00 9.843533554094470173e-01 5.505841961663698748e+04
1.909455976727730331e+01 5.816464991084858482e+00 5.151920719092430545e+00 9.971092178678417906e-01 5.500289301392952621e+04
1.917309974903293579e+01 5.838597072810866706e+00 5.176111489135483801e+00 1.004432092749040217e+00 5.507015324113031966e+04
1.925163972943889235e+01 5.863446004936736067e+00 5.200526653973863489e+00 1.018959850460597893e+00 5.476187484635473083e+04
1.933017970851161849e+01 5.905337055519392919e+00 5.231168691284948657e+00 1.032132419237455467e+00 5.492550359810513328e+04
1.940871968626730748e+01 5.939891922923885126e+00 5.261025169198862983e+00 1.044489241480541786e+00 5.499229689145686280e+04
1.948725966272188259e+01 5.973521742806856771e+00 5.295494920892408253e+00 1.054260973129506729e+00 5.495540549531821307e+04
1.956579963789100773e+01 5.991544586275778350e+00 5.315743699703729064e+00 1.063885725260336645e+00 5.484275436648113100e+04
1.964433961179010524e+01 6.036950701731793600e+00 5.356479742382856735e+00 1.078789468955980491e+00 5.492890792462569516e+04
1.972287958443434519e+01 6.056206074999223254e+00 5.381914852606030308e+00 1.087875547156481604e+00 5.499790574528607249e+04
1.980141955583865965e+01 6.086872445512618413e+00 5.404641273298621762e+00 1.098688352792548617e+00 5.496775754644699919e+04
1.987995952601774619e+01 6.134432349245878768e+00 5.450897080315127319e+00 1.110864458814161848e+00 5.518680773535925982e+04
1.995849949498606790e+01 6.162978873588395246e+00 5.477033374052873604e+00 1.120081477472893772e+00 5.528680887322004128e+04
2.003703946275786052e+01 6.169522632576867949e+00 5.501052579612109028e+00 1.133064308317077717e+00 5.517050024537639547e+04
2.011557942934713950e+01 6.193596715926261709e+00 5.509985428362428550e+00 1.145638196496222116e+00 5.524791999268741347e+04
2.019411939476770712e+01 6.238116791964808172e+00 5.563164209043163666e+00 1.153642555161126237e+00 5.496561868266508827e+04
2.027265935903314542e+01 6.229480810243565259e+00 5.570241915814543532e+00 1.166468184962804688e+00 5.482021561678142461e+04
2.035119932215682326e+01 6.260282660763130558e+00 5.578446316560365936e+00 1.175218586439700452e+00 5.463151747643252747e+04
2.042973928415191054e+01 6.264603309670088827e+00 5.601217482428877403e+00 1.188370121032599203e+00 5.461228972863811941e+04
2.050827924503137467e+01 6.273880789989588536e+00 5.608159025088521155e+00 1.196150069577454955e+00 5.432699512333648454e+04
2.058681920480798766e+01 6.307123839722643233e+00 5.642565094997047837e+00 1.211210694540800770e+00 5.425746124658879853e+04
2.066535916349431901e+01 6.291381719103807058e+00 5.629002898577740943e+00 1.216341352753758764e+00 5.384597141042530711e+04
2.074389912110275347e+01 6.300435412100284793e+00 5.650744436714583152e+00 1.229689800917065146e+00 5.379791870186741289e+04
2.082243907764548752e+01 6.313293155394678280e+00 5.661979058194487990e+00 1.240677888077627022e+00 5.357239236541971331e+04
2.090097903313453642e+01 6.351368022788125067e+00 5.692570491602277905e+00 1.256014292514618491e+00 5.334317066375649301e+04
2.097951898758173783e+01 6.358433840106754609e+00 5.698790165369723049e+00 1.267830938524132645e+00 5.318949899424478645e+04
2.105805894099874109e+01 6.369046673351869359e+00 5.718692116779987344e+00 1.279145202651059243e+00 5.293613756882871530e+04
2.113659889339703568e+01 6.365684791912969764e+00 5.726381980687144768e+00 1.284016931605758138e+00 5.284516601875190099e+04
2.121513884478793344e+01 6.391926711582244458e+00 5.753776173042215447e+00 1.299559421492086031e+00 5.261929784821427165e+04
2.129367879518258277e+01 6.398704666162270627e+00 5.753877582829840520e+00 1.313145811325844736e+00 5.244023294574494503e+04
2.137221874459196869e+01 6.411316249624844588e+00 5.766113978100064763e+00 1.319972533184313290e+00 5.215884279558186245e+04
2.145075869302691274e+01 6.413676560393399839e+00 5.771702439938822593e+00 1.339294085746460361e+00 5.213718327662894444e+04
2.152929864049807307e+01 6.440631592924791704e+00 5.805153773453245236e+00 1.346685678554885079e+00 5.188309152429392270e+04
2.160783858701596571e+01 6.433638786471495230e+00 5.807335456844684884e+00 1.359751184402668400e+00 5.192510203522589291e+04
2.168637853259094683e+01 6.467196953978953999e+00 5.834984882904848291e+00 1.368122504444126530e+00 5.156791598136760149e+04
2.176491847723321982e+01 6.506698502775967619e+00 5.867186170643443610e+00 1.382747492277731416e+00 5.137302645394206775e+04
2.184345842095285306e+01 6.477648030455847028e+00 5.846361009069468651e+00 1.391213865620848145e+00 5.117704411538745626e+04
2.192199836375975508e+01 6.486647872594828890e+00 5.874872047738272762e+00 1.406418882891415700e+00 5.115160252676059463e+04
2.200053830566371005e+01 6.520488191200323413e+00 5.906967870167786572e+00 1.416737961630429421e+00 5.105609356427487364e+04
2.207907824667434582e+01 6.526334388636851891e+00 5.902402572443857132e+00 1.430112686878189487e+00 5.090115768043645221e+04
2.215761818680116590e+01 6.535056882286263580e+00 5.911639142455956453e+00 1.441271019724397195e+00 5.075687494573520235e+04
2.223615812605353526e+01 6.556630069210465095e+00 5.945429520986663441e+00 1.454797045613259288e+00 5.059685672231165518e+04
2.231469806444068738e+01 6.554026069986551128e+00 5.930535236570455560e+00 1.466106832055869003e+00 5.039445980762341060e+04
2.239323800197172432e+01 6.564224049980305509e+00 5.953456169398575248e+00 1.477973229524562004e+00 5.038273792384014087e+04
2.247177793865562023e+01 6.581429297709967763e+00 5.978595240574990477e+00 1.488913830163247853e+00 5.017462363501831715e+04
2.255031787450123204e+01 6.602656144772293345e+00 5.988479809497825990e+00 1.505229743266417897e+00 5.000633870003966149e+04
2.262885780951728165e+01 6.602325397075141211e+00 6.006481919763225541e+00 1.514156334796614933e+00 4.993632424807927600e+04
2.270739774371238440e+01 6.632553862103225839e+00 6.033440561795831769e+00 1.529884166119475752e+00 4.966468752043856512e+04
2.278593767709502771e+01 6.648807489771174417e+00 6.043889712427129801e+00 1.544836431745474803e+00 4.956706596282704413e+04
2.286447760967358178e+01 6.639829221319346608e+00 6.051720556199698287e+00 1.552003063021231366e+00 4.937794508406041132e+04
2.294301754145629957e+01 6.671395766449104592e+00 6.082173885636636967e+00 1.566597176222392251e+00 4.925280190948265954e+04
2.302155747245133455e+01 6.685246126041598735e+00 6.092440271615958025e+00 1.581785805611387596e+00 4.918805899545847205e+04
2.310009740266672296e+01 6.673723554896465515e+00 6.088143366737043927e+00 1.595214594728765922e+00 4.923124461566116224e+04
2.317863733211038380e+01 6.699080717372047467e+00 6.126184400720810608e+00 1.602251004432408088e+00 4.903540199395193486e+04
2.325717726079013303e+01 6.713402677993374645e+00 6.131975273592679798e+00 1.613472913975199319e+00 4.880325121933786431e+04
2.333571718871368716e+01 6.706763919135413587e+00 6.138552969132222259e+00 1.625847627561063824e+00 4.853697800411611388e+04
2.341425711588865965e+01 6.740397470441894967e+00 6.175552468533926920e+00 1.641830701303923945e+00 4.844796961559072952e+04
2.349279704232255384e+01 6.772900546824448753e+00 6.191809783282222313e+00 1.649571995241574385e+00 4.847789497802519327e+04
2.357133696802278067e+01 6.777424974279877112e+00 6.217561816254585594e+00 1.662062642899095222e+00 4.823973188173110248e+04
2.364987689299664453e+01 6.783532060864558844e+00 6.222432106555642939e+00 1.674967186655447193e+00 4.815599381846545293e+04
2.372841681725136453e+01 6.792656710452494195e+00 6.238165489606455338e+00 1.696630534130234569e+00 4.811478974388722418e+04
2.380695674079405322e+01 6.834958621477414731e+00 6.261834334707327976e+00 1.709988808572624475e+00 4.774992333030597365e+04
2.388549666363174140e+01 6.837638270157699871e+00 6.294342475341859533e+00 1.717518424675986255e+00 4.804084295192268473e+04
2.396403658577134976e+01 6.830539460374400740e+00 6.272293343306330371e+00 1.737536787948786410e+00 4.786910309864533338e+04
2.404257650721972439e+01 6.886864701053434956e+00 6.341843884596397807e+00 1.745942864570623865e+00 4.765411077428224962e+04
2.412111642798362254e+01 6.872517646901484589e+00 6.337378609507594796e+00 1.758165669509766271e+00 4.765767043495362304e+04
2.419965634806970556e+01 6.903213474020388318e+00 6.367989050523449990e+00 1.775452933700907066e+00 4.727947797430338687e+04
2.427819626748454596e+01 6.927788768111155626e+00 6.380922240198677819e+00 1.783997172299000677e+00 4.752435587301527994e+04
2.435673618623464520e+01 6.955122148488320555e+00 6.405753174259695371e+00 1.803747781161290531e+00 4.713145615621033357e+04
2.443527610432640529e+01 6.943439912218327237e+00 6.407374100057801058e+00 1.817848309884373181e+00 4.720198709970478376e+04
2.451381602176616425e+01 6.982046766919744130e+00 6.444115783567761824e+00 1.832282335499270998e+00 4.715162409765811026e+04
2.459235593856016067e+01 6.979267859726288492e+00 6.449585559622958542e+00 1.847281036448436886e+00 4.717316885505118989e+04
2.467089585471456203e+01 6.987330231862697083e+00 6.468618934864917236e+00 1.855252302328429082e+00 4.694064619830473384e+04
2.474943577023546126e+01 7.023572857811978487e+00 6.515319886985586173e+00 1.872755729547628034e+00 4.700399341129511595e+04
2.482797568512887310e+01 7.009247992663629745e+00 6.493874976274549127e+00 1.892189285160847723e+00 4.679989727215343009e+04
2.490651559940072346e+01 7.007665904886380304e+00 6.507671118142482669e+00 1.901276245361639861e+00 4.670511334045160038e+04
2.498505551305688144e+01 7.048932806657425942e+00 6.529462462421817825e+00 1.921754565176816421e+00 4.642546328082166292e+04
2.506359542610313440e+01 7.079710393941282653e+00 6.568258863150829185e+00 1.935160677639046645e+00 4.657999403105207602e+04
2.514213533854519511e+01 7.081699201329241689e+00 6.590593108937528477e+00 1.949342573210856244e+00 4.659052929172824224e+04
2.522067525038871239e+01 7.132045423603249112e+00 6.631217090829029992e+00 1.964268983820615988e+00 4.639139719721444999e+04
2.529921516163925688e+01 7.141495544764527637e+00 6.645093342631302136e+00 1.984115344042582718e+00 4.628749598041605350e+04
2.537775507230233529e+01 7.170781053442437880e+00 6.677107576202164552e+00 1.998048111607659161e+00 4.657116256098815211e+04
2.545629498238338684e+01 7.177650732455687965e+00 6.689393360000972955e+00 2.007525167638555263e+00 4.647386602213374135e+04
2.553483489188777966e+01 7.177311493706522327e+00 6.680750412229326862e+00 2.031537545410567080e+00 4.631631525647814851e+04
2.561337480082082152e+01 7.207632787201123215e+00 6.703411481347462342e+00 2.048396823753764640e+00 4.629653424960361008e+04
2.569191470918774911e+01 7.254837927643204232e+00 6.772102520675296056e+00 2.061788009996628812e+00 4.628095728393251193e+04
2.577045461699373874e+01 7.255049068951019642e+00 6.800172146284130470e+00 2.077708814229550338e+00 4.610244213986188697e+04
2.584899452424390631e+01 7.310660132043424575e+00 6.822944506262476061e+00 2.094807329174411592e+00 4.607670153513347759e+04
2.592753443094329668e+01 7.333849951078298623e+00 6.860025049760633209e+00 2.113519214466329732e+00 4.620393882179029606e+04
2.600607433709690852e+01 7.322273109508393496e+00 6.863747324370607750e+00 2.126694542123853449e+00 4.614918339590154937e+04
2.608461424270966944e+01 7.341200182312319633e+00 6.877978836567568699e+00 2.149489209137644963e+00 4.611867183870026929e+04
2.616315414778644310e+01 7.364823509417095515e+00 6.919718271750295635e+00 2.157713896527294839e+00 4.600923900073990808e+04
2.624169405233205055e+01 7.392385971854936955e+00 6.940095955026993835e+00 2.176735647926827166e+00 4.597403482133687066e+04
2.632023395635124174e+01 7.427250618244377378e+00 6.968720268790516315e+00 2.200506459405659143e+00 4.593607864880591660e+04
2.639877385984871694e+01 7.425437176007533502e+00 6.980118505362418624e+00 2.215988031236600264e+00 4.595132315851383464e+04
2.647731376282911953e+01 7.468940751226122110e+00 7.016927341907019944e+00 2.240732904048417851e+00 4.599318591362907318e+04
2.655585366529703606e+01 7.500920517124360032e+00 7.053384819207883183e+00 2.256506523714431722e+00 4.591262298880553863e+04
2.663439356725699980e+01 7.519210169995612425e+00 7.075356840239813927e+00 2.264623999431000012e+00 4.576351157210333622e+04
2.671293346871349428e+01 7.595571256261504978e+00 7.139399028374940670e+00 2.292183261881478362e+00 4.592796648880278372e+04
2.679147336967094617e+01 7.587710897035940150e+00 7.149151783456870746e+00 2.297821685192051433e+00 4.594676043218444829e+04
2.687001327013372531e+01 7.589906335532365489e+00 7.147184969754383665e+00 2.326793280176423284e+00 4.590703326474571804e+04
2.694855317010616602e+01 7.614182571538815836e+00 7.173414617568360185e+00 2.335944850067281919e+00 4.568781901280863531e+04
2.702709306959254221e+01 7.645113874901155349e+00 7.217050405346775221e+00 2.363179008041407680e+00 4.591116609194375633e+04
2.710563296859707094e+01 7.647054119475372502e+00 7.197255181436264415e+00 2.368091256227485175e+00 4.582737388245228067e+04
2.718417286712393377e+01 7.684765955810223481e+00 7.271773005356145347e+00 2.405536810657157964e+00 4.567336515814419545e+04
2.726271276517725894e+01 7.734295649219601998e+00 7.306653695373799273e+00 2.411345790603494521e+00 4.596370677930690726e+04
2.734125266276112498e+01 7.729048874133472857e+00 7.322308346528940248e+00 2.422155089812485951e+00 4.572314479364758154e+04
2.741979255987956776e+01 7.724743459724063399e+00 7.355415846708612371e+00 2.445936680813995512e+00 4.579879576403770625e+04
2.749833245653658054e+01 7.745278996775756042e+00 7.394297871940652023e+00 2.463816937215326686e+00 4.563309359783947730e+04
2.757687235273609616e+01 7.734951968992899829e+00 7.361202757069245983e+00 2.488502058270683825e+00 4.558895658834846108e+04
2.765541224848202262e+01 7.767249851711056863e+00 7.401315885587358423e+00 2.487895966641432199e+00 4.557940082576798159e+04
2.773395214377820395e+01 7.773198880329867499e+00 7.409559535185685775e+00 2.520516183676858368e+00 4.541686042641739186e+04
2.781249203862845576e+01 7.750133629985376693e+00 7.410893918503224320e+00 2.532310903128729862e+00 4.530596601421586092e+04
2.789103193303654038e+01 7.758824218529683847e+00 7.392155297258130808e+00 2.554704201371404970e+00 4.533247928575221158e+04
2.796957182700618816e+01 7.846250371172379445e+00 7.472857342008818904e+00 2.580736126775725836e+00 4.517756436563384341e+04
2.804811172054107615e+01 7.820796493198421295e+00 7.492106784764098748e+00 2.583581669930878899e+00 4.487779218400654645e+04
2.812665161364485655e+01 7.839960583549768991e+00 7.499275350493773473e+00 2.607884825054450850e+00 4.504013893038102105e+04
2.820519150632112115e+01 7.824550437310216822e+00 7.473952488387724635e+00 2.622450459980633308e+00 4.448404958214120416e+04
2.828373139857343332e+01 7.797791437620396060e+00 7.491203622448580290e+00 2.624741265538152568e+00 4.469580734275036230e+04
2.836227129040531736e+01 7.804333360976144718e+00 7.512567202834476987e+00 2.645879016181469812e+00 4.418935457643771952e+04
2.844081118182025847e+01 7.829628952228408600e+00 7.524548601630890232e+00 2.680385049147838927e+00 4.398563345929277421e+04
2.851935107282169923e+01 7.785987932800366274e+00 7.493053692167027435e+00 2.695395006490903800e+00 4.383276188365858252e+04
2.859789096341304315e+01 7.838940408211362509e+00 7.551185169575029832e+00 2.721307472481371281e+00 4.380717543400589057e+04
2.867643085359765820e+01 7.805555264348778444e+00 7.547195379662952064e+00 2.737607380546721370e+00 4.340490975507377880e+04
2.875497074337888392e+01 7.808482956576609624e+00 7.551949867088746160e+00 2.753592669869640019e+00 4.357558999424120702e+04
2.883351063276001369e+01 7.815404929673017698e+00 7.552630949770247071e+00 2.782616721421849793e+00 4.347800429276601790e+04
2.891205052174430890e+01 7.781505195774674810e+00 7.570039785056265735e+00 2.801375975203718838e+00 4.290219256077199680e+04
2.899059041033499184e+01 7.798060897850491280e+00 7.554733846535030217e+00 2.834170220818959418e+00 4.314834366265771678e+04
2.906913029853525643e+01 7.813831935620345170e+00 7.573791103027929239e+00 2.847986835643002923e+00 4.295494606239462155e+04
2.914767018634825746e+01 7.873202315586407707e+00 7.674326181244658152e+00 2.878320984038773567e+00 4.282789859069113299e+04
2.922621007377712132e+01 7.816298047525145343e+00 7.643248285048134250e+00 2.882326569258957250e+00 4.257934503185847279e+04
2.930474996082492822e+01 7.804076010088606630e+00 7.641170349604054834e+00 2.920449802460177935e+00 4.284185207005900156e+04
2.938328984749474060e+01 7.890941340640779345e+00 7.767205321919568917e+00 2.943597645772336513e+00 4.241884332296715002e+04
2.946182973378957826e+01 7.868803801197528536e+00 7.701336970351564837e+00 2.948196044726455689e+00 4.249251715303936362e+04
2.954036961971243258e+01 7.877484242735219411e+00 7.760133237165870668e+00 2.976608468799221807e+00 4.217808300733352371e+04
2.961890950526625943e+01 7.864445387344546567e+00 7.706867673029090149e+00 3.014382089554106248e+00 4.267777478174726275e+04
2.969744939045398979e+01 7.951718431825156586e+00 7.799052007692163890e+00 3.011842706814403137e+00 4.220875928949221998e+04
2.977598927527852268e+01 8.010653110372199848e+00 7.901721917646048254e+00 3.040466105540591268e+00 4.224158459070099343e+04
2.985452915974272159e+01 7.975323322902222678e+00 7.880208660041242652e+00 3.052581969220620195e+00 4.216629445120242599e+04
2.993306904384942868e+01 8.071464606509021422e+00 7.935035993967843204e+00 3.074868078671514571e+00 4.217537375919039914e+04
3.001160892760143994e+01 7.970674439528328215e+00 7.920748097277044764e+00 3.097810973819473013e+00 4.220459324646247842e+04
3.009014881100154071e+01 7.997758486073328399e+00 7.963846334413358541e+00 3.133154943426879058e+00 4.210081497210769885e+04
3.016868869405248077e+01 8.069341553946651757e+00 7.994607973126581335e+00 3.144092993104369960e+00 4.205889527883582195e+04
3.024722857675697441e+01 8.098465142300138808e+00 8.026683189496367277e+00 3.129526020269208342e+00 4.232065365513351571e+04
3.032576845911771457e+01 8.098470924492790601e+00 8.054817698306633744e+00 3.193466910574259909e+00 4.158581688188284170e+04
3.040430834113736580e+01 8.130500678294893646e+00 8.054535534011769471e+00 3.199731746434771207e+00 4.230033068818804168e+04
3.048284822281856421e+01 8.124451185060349800e+00 8.113273644308105048e+00 3.236271965195356870e+00 4.222265581599115831e+04
3.056138810416392460e+01 8.185701387845528032e+00 8.173154408018287853e+00 3.254289598385439852e+00 4.217060761004549568e+04
3.063992798517602267e+01 8.127565234696504604e+00 8.184025870511058898e+00 3.282295205253023429e+00 4.221409469506557798e+04
3.071846786585741640e+01 8.212323880488575867e+00 8.193998857734850816e+00 3.291601824724128988e+00 4.233353784480948525e+04
3.079700774621063886e+01 8.140542459730449210e+00 8.207601426335438433e+00 3.326455560163910086e+00 4.196636199898566701e+04
3.087554762623818760e+01 8.212961216066151593e+00 8.258775306580888653e+00 3.328454109272653838e+00 4.195017775740900106e+04
3.095408750594254599e+01 8.285564761114144972e+00 8.314093364458535973e+00 3.388840364861655630e+00 4.222592080919949512e+04
3.103262738532617249e+01 8.302586112532997831e+00 8.337428287278763506e+00 3.410028631638191587e+00 4.225380856638457772e+04
3.111116726439149005e+01 8.275106364785443702e+00 8.358511705296351124e+00 3.428160840735331671e+00 4.257188574496849469e+04
3.118970714314090387e+01 8.440893561847166993e+00 8.446379514268233635e+00 3.453976235494870650e+00 4.221701665467411658e+04
3.126824702157679781e+01 8.390050207337230503e+00 8.387385813100218357e+00 3.462451253591770417e+00 4.234321734076330176e+04
3.134678689970152377e+01 8.455932951447124424e+00 8.461630353190777498e+00 3.542107618847033734e+00 4.198532994753040839e+04
3.142532677751741588e+01 8.472758396831507000e+00 8.503886285776271592e+00 3.588647384476910673e+00 4.232845850960983080e+04
3.150386665502678696e+01 8.470306023305262499e+00 8.561133327309004670e+00 3.599437593770834276e+00 4.263009601211421977e+04
3.158240653223192140e+01 8.567888057747802932e+00 8.623142396530719012e+00 3.562608025315009641e+00 4.219351418407091114e+04
3.166094640913508229e+01 8.638845735439128148e+00 8.690670856885700957e+00 3.635598858381801080e+00 4.297870537768061331e+04
3.173948628573851494e+01 8.608886276614869715e+00 8.719933550351651519e+00 3.632420972883727561e+00 4.212996540651963733e+04
3.181802616204443623e+01 8.643600517964591390e+00 8.765488325066973729e+00 3.734385771940523568e+00 4.249494263875285105e+04
3.189656603805504531e+01 8.484652479465532693e+00 8.700588784961828637e+00 3.693083794069590642e+00 4.253078826849335019e+04
3.197510591377251998e+01 8.732892395866706181e+00 8.887670048258595301e+00 3.739086892711223076e+00 4.359564756150012545e+04
3.205364578919900964e+01 8.752209502250112294e+00 8.982572931926975812e+00 3.801109152002704494e+00 4.314602551579635474e+04
3.213218566433665302e+01 8.756755379918882198e+00 8.802267040065880011e+00 3.817790532897941791e+00 4.351519199459287483e+04
3.221072553918755688e+01 8.837967903987760110e+00 8.956258817549739959e+00 3.855735153399664217e+00 4.327378446227922541e+04
3.228926541375382442e+01 8.850971864092379349e+00 9.032085473271145304e+00 3.861410697974256845e+00 4.382412960952311550e+04
3.236780528803751622e+01 8.922742076265624434e+00 8.940284298208160507e+00 3.864083006698008749e+00 4.393164336964483664e+04
3.244634516204068575e+01 9.018604911811552327e+00 9.130144595285235809e+00 3.958303851095124948e+00 4.431613184824185009e+04
3.252488503576537227e+01 8.955174200922167316e+00 9.059619963913112528e+00 3.924035427057864123e+00 4.338029445525249321e+04
3.260342490921358660e+01 9.077845525701791374e+00 9.186575866193848583e+00 4.023147161553017881e+00 4.464438573728623305e+04
3.268196478238731828e+01 9.176173396944328431e+00 9.351666429057521768e+00 4.011696045927416243e+00 4.456807558001938014e+04
3.276050465528854261e+01 9.217794568179270343e+00 9.476334564836575325e+00 4.152938275994757511e+00 4.465217930210610211e+04
3.283904452791921358e+01 9.377962504660859011e+00 9.307134412230587017e+00 4.128815619602596243e+00 4.508585754519818875e+04
3.291758440028127097e+01 9.409506263604127341e+00 9.529083062124170667e+00 4.198615971931965341e+00 4.480610313885103824e+04
3.299612427237663326e+01 9.348254328590975604e+00 9.362374052956816683e+00 4.207001142326819654e+00 4.503638546724490880e+04
3.307466414420719758e+01 9.468327844780233704e+00 9.499162668517717734e+00 4.212378991241856774e+00 4.552261263617826626e+04
3.315320401577483977e+01 9.543399707663759557e+00 9.530228991826302121e+00 4.152337253898689795e+00 4.570915481723736593e+04
3.323174388708143567e+01 9.380004662559544570e+00 9.626396226807036882e+00 4.295293029023050657e+00 4.491730519528569130e+04
3.331028375812883269e+01 9.633316371213203055e+00 9.594655815439500302e+00 4.326621879809099624e+00 4.507423292084893910e+04
3.338882362891884981e+01 9.391655971262608205e+00 9.564789280008330508e+00 4.293706173913379942e+00 4.594646923515388335e+04
3.346736349945329891e+01 9.912420586906016240e+00 1.004340516723973487e+01 4.336068384396746467e+00 4.523719337623105093e+04
3.354590336973399189e+01 9.799948866306664286e+00 1.008279398599766807e+01 4.559710844372542482e+00 4.657985111848875385e+04
3.362444323976268379e+01 9.912655495698077246e+00 9.980336748856849738e+00 4.446477358423115867e+00 4.718704045253383811e+04
3.370298310954115806e+01 9.863146909722663835e+00 9.601663369939393178e+00 4.427864974415447463e+00 4.533302921751789108e+04
3.378152297907114132e+01 9.942449503675304001e+00 9.858592428074432590e+00 4.355275914967031703e+00 4.441874075154380989e+04
3.386006284835436730e+01 9.890283068578710868e+00 9.482534054884267150e+00 4.488184210760930881e+00 4.549854318734688422e+04
3.393860271739255552e+01 1.010316750180117040e+01 9.892454249343881401e+00 4.171666500600385241e+00 4.478676997123548790e+04
3.401714258618739706e+01 9.695337564623649484e+00 1.018396075644338339e+01 4.746383557693138577e+00 4.899111295430921018e+04
3.409568245474058301e+01 1.036010603968405164e+01 1.031818051885323229e+01 4.583745429922019277e+00 4.933449611045711208e+04
3.417422232305376895e+01 9.822902125530310613e+00 1.000850637185623704e+01 4.726267459421042538e+00 5.020947493772274902e+04
3.425276219112861043e+01 1.004267877059742453e+01 9.643295188751286773e+00 4.535961596874409807e+00 4.861962812888111512e+04
3.433130205896674880e+01 9.379598500226704161e+00 9.866340126990008841e+00 4.761209273290505806e+00 4.195657770174013422e+04
3.440984192656979701e+01 1.061150236755706899e+01 1.032106045580284537e+01 4.725099369038352926e+00 4.656329484088637400e+04
3.448838179393936088e+01 1.064205407524886660e+01 1.012863891318146514e+01 4.840605501801757526e+00 5.274579360092098796e+04
3.456692166107702491e+01 1.214179632930787633e+01 1.131801282694203969e+01 4.219645610682026593e+00 4.813397963254965725e+04
3.464546152798438072e+01 1.454731876925401401e+01 1.071706776314924880e+01 5.240287495845256771e+00 5.717584310340102093e+04
3.472400139466299152e+01 9.537225167337425091e+00 1.084681302142679016e+01 2.984316917139421488e+00 5.044584020205395063e+04
