# 0.9997 0.9998
7.871241428633635184e-02 4.246278701671801076e-02 4.300899502383972312e-02 3.594917296116611176e-06 7.636633192888748454e+02
1.618072713909662341e-01 9.694802705747603000e-02 9.793578920993578629e-02 2.132788609070918650e-05 3.042918525953401968e+03
2.418771330418761079e-01 2.035735017689201953e-01 2.034871130028890751e-01 3.109344623145887670e-05 4.169506879233180371e+03
3.211923215201240578e-01 3.157301719237901594e-01 3.181750080238168188e-01 6.914265819654751358e-05 8.158875996379258140e+03
4.002017901256537113e-01 3.006141806502811709e-01 3.024966404801568975e-01 1.049243730903803271e-04 1.149054363808730886e+04
4.790568272527075955e-01 3.670649782405869255e-01 3.689171572149497202e-01 1.917434666728385262e-04 1.130707408739570201e+04
5.578229290343351687e-01 3.914008398924850307e-01 3.925594568796824668e-01 2.711619683489624997e-04 1.626422124545661245e+04
6.365331115321660738e-01 4.632952817141832158e-01 4.644492561776604744e-01 3.888780203404562609e-04 1.740582724132480871e+04
7.152058371535838788e-01 4.145642055510378454e-01 4.165394280038758335e-01 5.346742680576293269e-04 1.985729891252768721e+04
7.938522421846891941e-01 4.706362538493432668e-01 4.710273491195446360e-01 6.505897188932530063e-04 2.093870360272384642e+04
8.724794443688169698e-01 5.000852396166308722e-01 4.979109150226109781e-01 8.015298385392971786e-04 2.230438989348117320e+04
9.510922062407737299e-01 5.034502174895599813e-01 5.013231817945323909e-01 9.748795296625943846e-04 2.433030843560162612e+04
1.029693835175838679e+00 5.479370492447418473e-01 5.408852861341164608e-01 1.218938974546711915e-03 2.473202365983918571e+04
1.108286699878543891e+00 5.870701557953300620e-01 5.789180000340719001e-01 1.450220379413588332e-03 2.533480586517520351e+04
1.186872541411916560e+00 5.630700259908741900e-01 5.546082319893874679e-01 1.789759240671186464e-03 2.692198159399328142e+04
1.265452668213572940e+00 6.164530334707410963e-01 6.035429335837149134e-01 2.111024623254605451e-03 2.854160736404672207e+04
1.344028082638708543e+00 6.386230062146879272e-01 6.256835553678589124e-01 2.481017863518175659e-03 3.094496008245811754e+04
1.422599565533279709e+00 6.881154677034064804e-01 6.733068593817840286e-01 2.731928683712462735e-03 3.053566732634794243e+04
1.501167734229200246e+00 7.300413645505235971e-01 7.095609247278718001e-01 3.165592175958562883e-03 3.225986336857407878e+04
1.579733083222462531e+00 7.329424547391513167e-01 7.109507797487093494e-01 3.490360645060535446e-03 3.445580818915638520e+04
1.658296013281593151e+00 7.328630309393906472e-01 7.080865508831463151e-01 3.838033330559139766e-03 3.486689868503228354e+04
1.736856852652245875e+00 7.703845397211495083e-01 7.413413959423633681e-01 4.469925068054661325e-03 3.471501546625589253e+04
1.815415872753641580e+00 8.135732148391870977e-01 7.807154036733776614e-01 4.994816958128836699e-03 3.660526063937780418e+04
1.893973299967037560e+00 8.362181787752814843e-01 7.986981115696167866e-01 5.662528015609002811e-03 3.718549547031191469e+04
1.972529324606241641e+00 8.610178115549043110e-01 8.202772439953432970e-01 6.217328914903425853e-03 3.895643719238379708e+04
2.051084107826015579e+00 8.762400703733889129e-01 8.297454723480374161e-01 6.907750714747748662e-03 3.997702236648523103e+04
2.129637787001040561e+00 9.485189611263287190e-01 8.961149564267599787e-01 7.385040465917085996e-03 4.133905045581899321e+04
2.208190479956450680e+00 9.624575998499480534e-01 9.061496404032998164e-01 8.188759486650931674e-03 4.190886353494841751e+04
2.286742288326184092e+00 9.858024054787354329e-01 9.272310407414463551e-01 8.867304999787320105e-03 4.206683241615665611e+04
2.365293300241981811e+00 9.889826556404857083e-01 9.262225430885034916e-01 9.843349783960885294e-03 4.277470331831605290e+04
2.443843592503681883e+00 1.041744922814061836e+00 9.750499385314519429e-01 1.060511226506945064e-02 4.454955934259616333e+04
2.522393232343909553e+00 1.075515519924792995e+00 1.005155244114494861e+00 1.108834105189980546e-02 4.510431087711254804e+04
2.600942278872942381e+00 1.099450083427368829e+00 1.022852567456109085e+00 1.227221865550513248e-02 4.677498417292664817e+04
2.679490784269383141e+00 1.122871593885972574e+00 1.037789434957434365e+00 1.322863177351555827e-02 4.613538134203873778e+04
2.758038794767343038e+00 1.164073474284906817e+00 1.073742961059025447e+00 1.411170957615543765e-02 4.764913122895949346e+04
2.836586351479573942e+00 1.210699446522655487e+00 1.115730297203234800e+00 1.534001995626853646e-02 4.923289751832340698e+04
2.915133491087511963e+00 1.239995987512408471e+00 1.138648095909517544e+00 1.639831283231717521e-02 4.901696797141946445e+04
2.993680246422668834e+00 1.280737013111392875e+00 1.176734009620446386e+00 1.740661253573875036e-02 4.888961407511344441e+04
3.072226646958827967e+00 1.318319134847451446e+00 1.203302253703739000e+00 1.893734332723031460e-02 5.066563209483878745e+04
3.150772719230606977e+00 1.315535021778542202e+00 1.199633581699521612e+00 1.962562269374114321e-02 5.079091542283667513e+04
3.229318487190934395e+00 1.344588899253203795e+00 1.220827973329851046e+00 2.141993317379953937e-02 5.134690052059536538e+04
3.307863972517584905e+00 1.403639783055484092e+00 1.271309071512881639e+00 2.219761268813248353e-02 5.198992043865143933e+04
3.386409194877053608e+00 1.429790715182392313e+00 1.290995320568998572e+00 2.374550452771123296e-02 5.371011128814990661e+04
3.464954172152534095e+00 1.453560467655651944e+00 1.313546971098252358e+00 2.503179147035106827e-02 5.346746101018395711e+04
3.543498920641575456e+00 1.511307369427826508e+00 1.359707421580262476e+00 2.655592644605540148e-02 5.485105064791295445e+04
3.622043455228019404e+00 1.510023535763096891e+00 1.361099287699450100e+00 2.788212682144830881e-02 5.474579924090178974e+04
3.700587789532037597e+00 1.579537715779552043e+00 1.414241084277498395e+00 2.941316286366460128e-02 5.549897599471335707e+04
3.779131936041457696e+00 1.587761101155167109e+00 1.422614280118492891e+00 3.099064637876764589e-02 5.646352766689553391e+04
3.857675906227046259e+00 1.615362452966750295e+00 1.443566815128361602e+00 3.254623319266368442e-02 5.718409498558081395e+04
3.936219710643986680e+00 1.661866516363154078e+00 1.478991224607359989e+00 3.434001877706130412e-02 5.769884308743763540e+04
4.014763359021444877e+00 1.695344918480840901e+00 1.507856552490820068e+00 3.606412334002061237e-02 5.708505295371516695e+04
4.093306860341824560e+00 1.739148926736652445e+00 1.544771090370992583e+00 3.749772119072204007e-02 5.845194311459418532e+04
4.171850222911064776e+00 1.772313505643315024e+00 1.569552870212794105e+00 3.939984769094634354e-02 5.915439301669877023e+04
4.250393454421145911e+00 1.783068992806215336e+00 1.575194013210029942e+00 4.131699133171253674e-02 5.906915850519237574e+04
4.328936562005788247e+00 1.810085341830703909e+00 1.603118149363636835e+00 4.273100224078169029e-02 6.043147116297400498e+04
4.407479552290201497e+00 1.865144574647624065e+00 1.646330826335822284e+00 4.455544416804069208e-02 6.011513964115241106e+04
4.486022431435594982e+00 1.882171230530142125e+00 1.658883284322553608e+00 4.631762210961792858e-02 6.122803658878738497e+04
4.564565205179107465e+00 1.937290463632559190e+00 1.705327585609871965e+00 4.886852114646143136e-02 6.170404870182655577e+04
4.643107878869670024e+00 1.946693053796747730e+00 1.706933340606152871e+00 5.082918555511085901e-02 6.234097271504569653e+04
4.721650457500300213e+00 1.979100964096660809e+00 1.734288629822061001e+00 5.291767966636699849e-02 6.231292551538159023e+04
4.800192945737217443e+00 2.032706986728080700e+00 1.774690946555951054e+00 5.518675748268636605e-02 6.301673149908267806e+04
4.878735347946150824e+00 2.040668067558681464e+00 1.783616548327362494e+00 5.725757891990618242e-02 6.387054972881299182e+04
4.957277668216146793e+00 2.091747113999539831e+00 1.823476200282713844e+00 6.038750552250505416e-02 6.379849013936661504e+04
5.035819910381144737e+00 2.132931801291512386e+00 1.855742400546373405e+00 6.207678516042960254e-02 6.353216788904345594e+04
5.114362078039562221e+00 2.166440685286316725e+00 1.883428483948466736e+00 6.433052945822601010e-02 6.475343383944025845e+04
5.192904174572115394e+00 2.164740248346904483e+00 1.876646473986491648e+00 6.690001335059904408e-02 6.521280051374198956e+04
5.271446203158030919e+00 2.216266936223007633e+00 1.918150900702681572e+00 6.987649956372386784e-02 6.571565309416773380e+04
5.349988166789838573e+00 2.237555463989042259e+00 1.938308565008714401e+00 7.193894199435235670e-02 6.600462457753063063e+04
5.428530068286878674e+00 2.306649625335997378e+00 1.991750068295836451e+00 7.500908530139099861e-02 6.637981691518738808e+04
5.507071910307648643e+00 2.312954187455058541e+00 1.992482897117409779e+00 7.816861949824965849e-02 6.660659072535840096e+04
5.585613695361120179e+00 2.371575382064527115e+00 2.039847898442924912e+00 8.093946097968664211e-02 6.778211175379979250e+04
5.664155425817094525e+00 2.395949934689109551e+00 2.066248072181839479e+00 8.301279487981884364e-02 6.754588507435805514e+04
5.742697103915729961e+00 2.415091061739482292e+00 2.083456232553474230e+00 8.451389839060736986e-02 6.755444212135672569e+04
5.821238731776284148e+00 2.444732323156204590e+00 2.106183394197410852e+00 8.765706730637311261e-02 6.787904632433885126e+04
5.899780311405160127e+00 2.478114460508597183e+00 2.132430517788235225e+00 9.022405567913183155e-02 6.871263037913398875e+04
5.978321844703323507e+00 2.510992372226899860e+00 2.157385375039514663e+00 9.378126495798197459e-02 6.922788658716830832e+04
6.056863333473133437e+00 2.542779621261520795e+00 2.180568612078457758e+00 9.715273064675120085e-02 6.985744453123283165e+04
6.135404779424661115e+00 2.593919519482444258e+00 2.219333767498748777e+00 9.976491238107092208e-02 7.008457010658740182e+04
6.213946184181517118e+00 2.607029230498489891e+00 2.235753922744245337e+00 1.017951739201857081e-01 7.026113795179035515e+04
6.292487549286247983e+00 2.683291194437859239e+00 2.295042083710077563e+00 1.059775668828221995e-01 7.087225624811519810e+04
6.371028876205335756e+00 2.685087534928960906e+00 2.303271344516698793e+00 1.078761130910762533e-01 7.064705294362502173e+04
6.449570166333828070e+00 2.694811130602506655e+00 2.296433409524113678e+00 1.121683334763627776e-01 7.130088835501761059e+04
6.528111420999634262e+00 2.759400515435455059e+00 2.352749598320065250e+00 1.164596519846457096e-01 7.080244546737338533e+04
6.606652641467518627e+00 2.776882036006818044e+00 2.364011523717087560e+00 1.202231944990246604e-01 7.137597232797792822e+04
6.685193828942805006e+00 2.837245203787483128e+00 2.419553464484587302e+00 1.223514433208679475e-01 7.115698348047067702e+04
6.763734984574836240e+00 2.830001528957728496e+00 2.407409751891587124e+00 1.264930701935227941e-01 7.124579067890516308e+04
6.842276109460177835e+00 2.885104109912050241e+00 2.450194683950131402e+00 1.304251734703076870e-01 7.195036367066064849e+04
6.920817204645620890e+00 2.912025077032471820e+00 2.470384739528251217e+00 1.340468819557965874e-01 7.270722024508638424e+04
6.999358271130968312e+00 2.958079928510280343e+00 2.507843461337855295e+00 1.375323800047098532e-01 7.303769735375416349e+04
7.077899309871646949e+00 2.990008270752534170e+00 2.540010844817342850e+00 1.397004347802658919e-01 7.304359340249029628e+04
7.156440321781138536e+00 3.024536696494176446e+00 2.566886462075273379e+00 1.436248265482469588e-01 7.250368267843277135e+04
7.234981307733260536e+00 3.097056765376765330e+00 2.620231263362112539e+00 1.493798222295718015e-01 7.326408914058961091e+04
7.313522268564292439e+00 3.078514714851408485e+00 2.603787834175388394e+00 1.528453060743682757e-01 7.321611213524834602e+04
7.392063205074973276e+00 3.119420787028267750e+00 2.636794176310786941e+00 1.564057165121308657e-01 7.313790099523421668e+04
7.470604118032365015e+00 3.152554876114087801e+00 2.661440662182062766e+00 1.607693486148195072e-01 7.385225856522336835e+04
7.549145008171610272e+00 3.153623743969164561e+00 2.662192819321288706e+00 1.633684028953817924e-01 7.428312942231046327e+04
7.627685876197570103e+00 3.207754915112096317e+00 2.705688163431551274e+00 1.686275640552191146e-01 7.423768033291088068e+04
7.706226722786373884e+00 3.249876243440555257e+00 2.737296963736776334e+00 1.722471685009006326e-01 7.423278080886886164e+04
7.784767548586863484e+00 3.256783747975175558e+00 2.743829599295774635e+00 1.768175035468234346e-01 7.368156870992321637e+04
7.863308354221953955e+00 3.307972578171725075e+00 2.782063236847345689e+00 1.800799652621161429e-01 7.485998343440514873e+04
7.941849140289923170e+00 3.367286129973058095e+00 2.833988575158647993e+00 1.865454933236816715e-01 7.392319636807432107e+04
8.020389907365611748e+00 3.380492755791842274e+00 2.840213014083749599e+00 1.899645601947509699e-01 7.533092997887200909e+04
8.098930656001561701e+00 3.405964918468846747e+00 2.862519771511956801e+00 1.955559876158740329e-01 7.506629150043780101e+04
8.177471386729090241e+00 3.446673833240499807e+00 2.899993489935583479e+00 1.988740187842580054e-01 7.490331909707463637e+04
8.256012100059292536e+00 3.487843805643680906e+00 2.930526369506602169e+00 2.037864605943607299e-01 7.530896281594727770e+04
8.334552796484000936e+00 3.489104945832676385e+00 2.928565733496375501e+00 2.084767877512448964e-01 7.531370660593289358e+04
8.413093476476680266e+00 3.541076298225789287e+00 2.970876307386342230e+00 2.130690227357691091e-01 7.501704304573501577e+04
8.491634140493276917e+00 3.587617114270129637e+00 3.014134186291985706e+00 2.176189310823510026e-01 7.526674465405408409e+04
8.570174788973028868e+00 3.595330712584075439e+00 3.019732357214402807e+00 2.203480279042012435e-01 7.532607005192434008e+04
8.648715422339215309e+00 3.628910773909352017e+00 3.052000790461843138e+00 2.265398556253716000e-01 7.581346144362897030e+04
8.727256040999876063e+00 3.647847925585247175e+00 3.062439019315356337e+00 2.313156325595342733e-01 7.515259189744372270e+04
8.805796645348495488e+00 3.696658416771074762e+00 3.104450447231405175e+00 2.356476249915428478e-01 7.502281106603669468e+04
8.884337235764643737e+00 3.722400751057661328e+00 3.117226828956364049e+00 2.406800198844894212e-01 7.535461080493476766e+04
8.962877812614589601e+00 3.759156745075108219e+00 3.149725094295267258e+00 2.462376232370085682e-01 7.625361574887562892e+04
9.041418376251867173e+00 3.787745960418706481e+00 3.174538655555994016e+00 2.500418175499040663e-01 7.632623361442700843e+04
9.119958927017840722e+00 3.790672894131691173e+00 3.173545236351407173e+00 2.578203743769872935e-01 7.608201931270462228e+04
9.198499465242209183e+00 3.852123459145519124e+00 3.223873274612175877e+00 2.627746043287201294e-01 7.605454557900295185e+04
9.277039991243508865e+00 3.870492419676318185e+00 3.230342991467596736e+00 2.676761275524924821e-01 7.545039342153973121e+04
9.355580505329580632e+00 3.920999692297835626e+00 3.275989920227674101e+00 2.747721336571669060e-01 7.604704617440891161e+04
9.434121007798012215e+00 3.938555681626871419e+00 3.291298061023884003e+00 2.768241880228613505e-01 7.622057892638401245e+04
9.512661498936562765e+00 4.009467222689435673e+00 3.347596129568914058e+00 2.840220155692305126e-01 7.644293263540092448e+04
9.591201979023569635e+00 4.013286095819370125e+00 3.355039418770542792e+00 2.912355737323909510e-01 7.599571274696351611e+04
9.669742448328321416e+00 4.044576165194042616e+00 3.375091350929479095e+00 2.986269693693637817e-01 7.588218724237322749e+04
9.748282907111432749e+00 4.085404755865002180e+00 3.407067394617829592e+00 3.017030274443946447e-01 7.612690738278687058e+04
9.826823355625185386e+00 4.095126468288300181e+00 3.421093935934313102e+00 3.081728467787675507e-01 7.603252158678459818e+04
9.905363794113858589e+00 4.133497189003891847e+00 3.442326192544367558e+00 3.148427141374197658e-01 7.604092450369401195e+04
9.983904222814045326e+00 4.151971041304377330e+00 3.456478282849354766e+00 3.204982738550572474e-01 7.572536647044830897e+04
1.006244464195495070e+01 4.199802014265800132e+00 3.501695863803135467e+00 3.237373881948649723e-01 7.591863688851255574e+04
1.014098505175868148e+01 4.194607669057209165e+00 3.496892661948229009e+00 3.323611187002604161e-01 7.589319073444395326e+04
1.021952545244051613e+01 4.248056513021404967e+00 3.538735350879047115e+00 3.366763278733870823e-01 7.612383480122231413e+04
1.029806584420916415e+01 4.290495471300446617e+00 3.570458434965085637e+00 3.455737321949934326e-01 7.564047279350920871e+04
1.037660622726701654e+01 4.309433530747623919e+00 3.593676300813192892e+00 3.476752308183673201e-01 7.609727695878969098e+04
1.045514660181038380e+01 4.334686712617361160e+00 3.608443059225555416e+00 3.550323689634191648e-01 7.555549377257922606e+04
1.053368696802971982e+01 4.354804641054279557e+00 3.631772952340097227e+00 3.593116828982083621e-01 7.582429762826084334e+04
1.061222732610984210e+01 4.393157505958220632e+00 3.652426524489924109e+00 3.683629671375694414e-01 7.580752109525036940e+04
1.069076767623013779e+01 4.439472092503437217e+00 3.699085897922261612e+00 3.733977980148734388e-01 7.585083428477490088e+04
1.076930801856475739e+01 4.455336026140908068e+00 3.702610544011767590e+00 3.817911101863019074e-01 7.587267627227013872e+04
1.084784835328281005e+01 4.492875340608198265e+00 3.737474054001609591e+00 3.884283591130143209e-01 7.556450990960907075e+04
1.092638868054854306e+01 4.536597540838540610e+00 3.770575780332273919e+00 3.933305300301121465e-01 7.547944151388270257e+04
1.100492900052151413e+01 4.564742550041506419e+00 3.808884001708441325e+00 4.005317558821763768e-01 7.544560441971133696e+04
1.108346931335675833e+01 4.590549971004890040e+00 3.825535298715021959e+00 4.063968287675696622e-01 7.495072767900089093e+04
1.116200961920494805e+01 4.610445773943474990e+00 3.833994821356449201e+00 4.137291183857699783e-01 7.518512733501684852e+04
1.124054991821254212e+01 4.616537474683864772e+00 3.842302226140599242e+00 4.197960957831740614e-01 7.506466629635632853e+04
1.131909021052193687e+01 4.633576122064080316e+00 3.854117169424516653e+00 4.266995241377837256e-01 7.490442050361825386e+04
1.139763049627160285e+01 4.665165528178244259e+00 3.886013692742314785e+00 4.342652956971037037e-01 7.474928394025530724e+04
1.147617077559622167e+01 4.691869836573336450e+00 3.913674172654071803e+00 4.427371409637826938e-01 7.492642382506524154e+04
1.155471104862680853e+01 4.750799133470171576e+00 3.954592007158141520e+00 4.483623256049791284e-01 7.463302871591073927e+04
1.163325131549084368e+01 4.777455980452808504e+00 3.974712657659808634e+00 4.559876920985779791e-01 7.493278231922585110e+04
1.171179157631238787e+01 4.785365381314823807e+00 3.990603435104694618e+00 4.607504211800332317e-01 7.440879078203572135e+04
1.179033183121219608e+01 4.821217686026226801e+00 4.017578220473621897e+00 4.679342608221047639e-01 7.415444505796318117e+04
1.186887208030782759e+01 4.856480356404234477e+00 4.040609158646861765e+00 4.767268623911538050e-01 7.412929721062336466e+04
1.194741232371374728e+01 4.871750244774777805e+00 4.063311038441918654e+00 4.831282762363994787e-01 7.430413751901837531e+04
1.202595256154143222e+01 4.879269429074220454e+00 4.069865384564455013e+00 4.906701924347763866e-01 7.382856429928870057e+04
1.210449279389946753e+01 4.912961630662096901e+00 4.101947945391832384e+00 5.000886655681372472e-01 7.366102784703942598e+04
1.218303302089363527e+01 4.924777173073523251e+00 4.110112143913215554e+00 5.035876070571826402e-01 7.378410345295567822e+04
1.226157324262700676e+01 4.955743327547292409e+00 4.134152126838551489e+00 5.129959475624451537e-01 7.380442150394132477e+04
1.234011345920003322e+01 5.006825147380121521e+00 4.179412361004907872e+00 5.197388258347958034e-01 7.362201389671005018e+04
1.241865367071062565e+01 5.010840663407650553e+00 4.178926589462803598e+00 5.281244564561202726e-01 7.337002450729122211e+04
1.249719387725422415e+01 5.061732612487174876e+00 4.226702656255657331e+00 5.351942988400052448e-01 7.308493933757192281e+04
1.257573407892389383e+01 5.060880684108405525e+00 4.228439350452102730e+00 5.463964444756758132e-01 7.299571393265026563e+04
1.265427427581038877e+01 5.092131348378911682e+00 4.259779393404604875e+00 5.525122288039663321e-01 7.281775743798330950e+04
1.273281446800221772e+01 5.107908912991280914e+00 4.258280954618536285e+00 5.610982437124258926e-01 7.277452330528321909e+04
1.281135465558572584e+01 5.149173886320125071e+00 4.306165588986544890e+00 5.701470591189241599e-01 7.253045102921193757e+04
1.288989483864514796e+01 5.192075607114539970e+00 4.328219021545819167e+00 5.795883040149365506e-01 7.219671008054801496e+04
1.296843501726268322e+01 5.219008169732111568e+00 4.365259498839288987e+00 5.848007860988397866e-01 7.233437725271425734e+04
1.304697519151855190e+01 5.204265378272134868e+00 4.347165956329051006e+00 5.926468474821589005e-01 7.216328994764601521e+04
1.312551536149104692e+01 5.224444080952505232e+00 4.366342425893662060e+00 6.025144598000147234e-01 7.197001672012353083e+04
1.320405552725660492e+01 5.261629726435853804e+00 4.407765047016452442e+00 6.108119724367119252e-01 7.160045003392416402e+04
1.328259568888985243e+01 5.288876482822342240e+00 4.423010476122097856e+00 6.225818188035300293e-01 7.156247859775167308e+04
1.336113584646366270e+01 5.313750953933005228e+00 4.441013893182981676e+00 6.302691370656136050e-01 7.133077881882859219e+04
1.343967600004920548e+01 5.317290487773955299e+00 4.446711602392106499e+00 6.379376860634170532e-01 7.121219715821727004e+04
1.351821614971599317e+01 5.342333667987589685e+00 4.464275311396520785e+00 6.460932840476529826e-01 7.124440132943057688e+04
1.359675629553193588e+01 5.348692480147140493e+00 4.486257859754319455e+00 6.517988545359162389e-01 7.090429717657786387e+04
1.367529643756338231e+01 5.370981233134926036e+00 4.498363622741565315e+00 6.605239832664354660e-01 7.079520471412777260e+04
1.375383657587516595e+01 5.424530293192366237e+00 4.535963077238316821e+00 6.725412656924657506e-01 7.044212892162057688e+04
1.383237671053064766e+01 5.437224798355291711e+00 4.550850611522498035e+00 6.819638989428168374e-01 7.043199468758593139e+04
1.391091684159175834e+01 5.481842460353621327e+00 4.588205773627803907e+00 6.916840186386439271e-01 7.016600195508924662e+04
1.398945696911903269e+01 5.507542728114741770e+00 4.613401765094346629e+00 6.991418051136047973e-01 7.009622601835959358e+04
1.406799709317166069e+01 5.530460843048766506e+00 4.628345406355900415e+00 7.129321446536326379e-01 7.005735978761402657e+04
1.414653721380751428e+01 5.544298755515174371e+00 4.651248966890072722e+00 7.178226171318042859e-01 6.988696859007891908e+04
1.422507733108318817e+01 5.564950479954432261e+00 4.668200955431524690e+00 7.290123424220726900e-01 6.950357938556157751e+04
1.430361744505403543e+01 5.583815475226004743e+00 4.680553223805829610e+00 7.375063770332230817e-01 6.950573151864968531e+04
1.438215755577419586e+01 5.613099989688473457e+00 4.710602630217884723e+00 7.506970520742126673e-01 6.894402178395456576e+04
1.446069766329663686e+01 5.631371508458897779e+00 4.726543635039144320e+00 7.582069393562914650e-01 6.893646870274408138e+04
1.453923776767318010e+01 5.663350197425799593e+00 4.753441187147792846e+00 7.689844043886788771e-01 6.864584957912629761e+04
1.461777786895453346e+01 5.681288456128092967e+00 4.777545587266947003e+00 7.790269729475267635e-01 6.855263210430150502e+04
1.469631796719032302e+01 5.686970722818059265e+00 4.781626610087807094e+00 7.867040463939376504e-01 6.801374632102304895e+04
1.477485806242911437e+01 5.711481090402534377e+00 4.807507611056502483e+00 7.998460223259683533e-01 6.829943827936268644e+04
1.485339815471844993e+01 5.749427939271686938e+00 4.834247728586603010e+00 8.105398401356322946e-01 6.800050466550911369e+04
1.493193824410487203e+01 5.778158127105198716e+00 4.854546450554586556e+00 8.209477123302463264e-01 6.799442848616508127e+04
1.501047833063394421e+01 5.792668219367893556e+00 4.865862346074213640e+00 8.305687039318783160e-01 6.781174648000372690e+04
1.508901841435028857e+01 5.803157266277826132e+00 4.893599741339111908e+00 8.409453319790122228e-01 6.761044675866981561e+04
1.516755849529759992e+01 5.849211250528254524e+00 4.926345067244678688e+00 8.524619505745321124e-01 6.719561046330166573e+04
1.524609857351867070e+01 5.850297360657966905e+00 4.940194894513438406e+00 8.620022278647849756e-01 6.716901795965578640e+04
1.532463864905541762e+01 5.884720147988193872e+00 4.956427926460421851e+00 8.731462805608423139e-01 6.677430827645974932e+04
1.540317872194890292e+01 5.913048460072592327e+00 4.980497461602412024e+00 8.852527472867104397e-01 6.682718928509537363e+04
1.548171879223935399e+01 5.935808732029451029e+00 4.991259864075251684e+00 8.963761682394087993e-01 6.655934874254517490e+04
1.556025885996618996e+01 5.946097808493968628e+00 5.017396597809413272e+00 9.036313377263390789e-01 6.626802839715985465e+04
1.563879892516803238e+01 5.966428689063452140e+00 5.039820148764514229e+00 9.150313070552256178e-01 6.622207279800716788e+04
1.571733898788273187e+01 5.988683754438567597e+00 5.066998535280126781e+00 9.264181419700739939e-01 6.612427444179428858e+04
1.579587904814739119e+01 6.029237102267858361e+00 5.095048113886193164e+00 9.396856586291644220e-01 6.601204260790531407e+04
1.587441910599837769e+01 6.048961605103555961e+00 5.118858990112655327e+00 9.526766707138768497e-01 6.564191937969056016e+04
1.595295916147133575e+01 6.071701747232407520e+00 5.134883274512106688e+00 9.630347291650602770e-01 6.530039328732210561e+04
1.603149921460121874e+01 6.096879874252813636e+00 5.165875368242623722e+00 9.781536839420845730e-01 6.535623336509968794e+04
1.611003926542229436e+01 6.101531217954561548e+00 5.168203972978274052e+00 9.892613402273108258e-01 6.499589090897556889e+04
1.618857931396816596e+01 6.170030839893864361e+00 5.216929160040226776e+00 1.003675484016030239e+00 6.511372006906611205e+04
1.626711936027179561e+01 6.195118713767032048e+00 5.250727794024692585e+00 1.010504395946219658e+00 6.465005333879580576e+04
1.634565940436549525e+01 6.196440866904833200e+00 5.234811800283722505e+00 1.027080693578327653e+00 6.462806437858579011e+04
1.642419944628097639e+01 6.218582952143373532e+00 5.277816531787191678e+00 1.035794793621665377e+00 6.439933579987320991e+04
1.650273948604932883e+01 6.249755638771636868e+00 5.296063178945109584e+00 1.048057551105724405e+00 6.449113621505405172e+04
1.658127952370107394e+01 6.265449620438785061e+00 5.312830387914712738e+00 1.059586402177110198e+00 6.408004108413557697e+04
1.665981955926614333e+01 6.289769757272956063e+00 5.331432330862146074e+00 1.072033336695089378e+00 6.400784415298527165e+04
1.673835959277390728e+01 6.325678913844558160e+00 5.376914458973311106e+00 1.084375417805661268e+00 6.388501327483249770e+04
1.681689962425318896e+01 6.343743589077168288e+00 5.380963005099768104e+00 1.099144262314880605e+00 6.371188750973140122e+04
1.689543965373228218e+01 6.374351880159144557e+00 5.413595048762052997e+00 1.112094609528266442e+00 6.341797177254018607e+04
1.697397968123895495e+01 6.379312374085189141e+00 5.418682514227795899e+00 1.120587486749196060e+00 6.342097533211458358e+04
1.705251970680045304e+01 6.425408133291353074e+00 5.453725012685239015e+00 1.139457750881169629e+00 6.331778476392146695e+04
1.713105973044353902e+01 6.441643826981885645e+00 5.477105955824885797e+00 1.147681054414838364e+00 6.320433339290382719e+04
1.720959975219447102e+01 6.478935910843276247e+00 5.506253437334990508e+00 1.162744910962492773e+00 6.298312327989890036e+04
1.728813977207903463e+01 6.505468530607507738e+00 5.534437210917509731e+00 1.180298922346967982e+00 6.297232802619444556e+04
1.736667979012256424e+01 6.518685704229130629e+00 5.564519548816593719e+00 1.187270383405742091e+00 6.274282976323435287e+04
1.744521980634991110e+01 6.557061444505418280e+00 5.585079398057845701e+00 1.205437531721877953e+00 6.257921226665379800e+04
1.752375982078550365e+01 6.551953780075968403e+00 5.590033378910034934e+00 1.213185788646611085e+00 6.231395681651867199e+04
1.760229983345331917e+01 6.598226887828235299e+00 5.630561790658147103e+00 1.225078966649725487e+00 6.231944303709793894e+04
1.768083984437692635e+01 6.617876977806735006e+00 5.659085880615143616e+00 1.237642301688821611e+00 6.229494640315294964e+04
1.775937985357945692e+01 6.688166649173323819e+00 5.702100668651797655e+00 1.255605244450480829e+00 6.212691441577728256e+04
1.783791986108364824e+01 6.686353503062216319e+00 5.711402791023803438e+00 1.263201867847645321e+00 6.189011948377665249e+04
1.791645986691183268e+01 6.709108077291111805e+00 5.740932652643378376e+00 1.281556325105342342e+00 6.185757991031558049e+04
1.799499987108595889e+01 6.753957425904190792e+00 5.761622493936632949e+00 1.298895224203149734e+00 6.178993776212713419e+04
1.807353987362759185e+01 6.771283535604957216e+00 5.795164345308041476e+00 1.310997600214226955e+00 6.170324919633050013e+04
1.815207987455791638e+01 6.791983011398190051e+00 5.804335838724415275e+00 1.329248488453156130e+00 6.132701467029838386e+04
1.823061987389775851e+01 6.835861929835557405e+00 5.850441385054890198e+00 1.337950619914623385e+00 6.155373661704626284e+04
1.830915987166758541e+01 6.856611572801548427e+00 5.870929253844214379e+00 1.352186208240365950e+00 6.147287607299985393e+04
1.838769986788751964e+01 6.913334769296796800e+00 5.924971672487532537e+00 1.364533809441231371e+00 6.150517167835098371e+04
1.846623986257733563e+01 6.909704845224210246e+00 5.918376935146145712e+00 1.383605746865722796e+00 6.126306747695366357e+04
1.854477985575647381e+01 6.940539120676465501e+00 5.951761690887936496e+00 1.398157001533036015e+00 6.133775323992013000e+04
1.862331984744404423e+01 6.987972088132818449e+00 5.994132747611572221e+00 1.412251025559758455e+00 6.110061693685379578e+04
1.870185983765884075e+01 7.013192163932454370e+00 6.012164804380955019e+00 1.430072199192287563e+00 6.123515440386772389e+04
1.878039982641934458e+01 7.031663730176569871e+00 6.039536136995220517e+00 1.437715456609044651e+00 6.137176781752098759e+04
1.885893981374372075e+01 7.073007617223939114e+00 6.072531276907803033e+00 1.452528991824626692e+00 6.114985884384882957e+04
1.893747979964983941e+01 7.115126984638026286e+00 6.102339371734384343e+00 1.471191117977353802e+00 6.107880024673764274e+04
1.901601978415527228e+01 7.157580883108021652e+00 6.163399427169292011e+00 1.484754616195651300e+00 6.114107098818621307e+04
1.909455976727730331e+01 7.181722154625266974e+00 6.186768711357021111e+00 1.505932387437969089e+00 6.104639254363688087e+04
1.917309974903293579e+01 7.212941574875832984e+00 6.221917162346707997e+00 1.515570730989749926e+00 6.116582983381636586e+04
1.925163972943889235e+01 7.238605461441850686e+00 6.246637153603336046e+00 1.538011865559633540e+00 6.080311562589999812e+04
1.933017970851161849e+01 7.290202066104565226e+00 6.280868256097369873e+00 1.559506096522246699e+00 6.104827084173032927e+04
1.940871968626730748e+01 7.328575260151548143e+00 6.319323649536500831e+00 1.571614161137663279e+00 6.110799281547626742e+04
1.948725966272188259e+01 7.368580532350840429e+00 6.355968080077806448e+00 1.590503599905342735e+00 6.109841625717679563e+04
1.956579963789100773e+01 7.395605776414609700e+00 6.379364565028989631e+00 1.603387577557804589e+00 6.100767320423073397e+04
1.964433961179010524e+01 7.449196473818590292e+00 6.432816756005625969e+00 1.624292613001554031e+00 6.105182921495892515e+04
1.972287958443434519e+01 7.472874947064078732e+00 6.463713566802871568e+00 1.642340505627797542e+00 6.118129039307747735e+04
1.980141955583865965e+01 7.510021753998101346e+00 6.490282670240747009e+00 1.654005271153779599e+00 6.111836199573339400e+04
1.987995952601774619e+01 7.563574081123947579e+00 6.544134211324732497e+00 1.673925032576498495e+00 6.137634355635371321e+04
1.995849949498606790e+01 7.601182458697760325e+00 6.578683710177524624e+00 1.688986206182914396e+00 6.151874244245113368e+04
2.003703946275786052e+01 7.610493973213372065e+00 6.606775330674259372e+00 1.707036486393972208e+00 6.141633230075459869e+04
2.011557942934713950e+01 7.641985103352189057e+00 6.621161972723466071e+00 1.730396931251312775e+00 6.150872515436411777e+04
2.019411939476770712e+01 7.694065142277333180e+00 6.670355670166452811e+00 1.737174718012905794e+00 6.124178816925708816e+04
2.027265935903314542e+01 7.687843603478727417e+00 6.683889098658243988e+00 1.754488276110671263e+00 6.106883547098140116e+04
2.035119932215682326e+01 7.719753699537292846e+00 6.703796094864705069e+00 1.770970339033451246e+00 6.087006932430673623e+04
2.042973928415191054e+01 7.722732636055194888e+00 6.730859116374364959e+00 1.789434493024861572e+00 6.086262921170402115e+04
2.050827924503137467e+01 7.734801416332354407e+00 6.732021082481359997e+00 1.804547894861851409e+00 6.053911758457155520e+04
2.058681920480798766e+01 7.775806688201539529e+00 6.770134119238773174e+00 1.823001370224730300e+00 6.047503009756307438e+04
2.066535916349431901e+01 7.753392242310358284e+00 6.758769914314809668e+00 1.833006771497033283e+00 6.008344973818377184e+04
2.074389912110275347e+01 7.761171195955171243e+00 6.781588657004006038e+00 1.853117742591183559e+00 6.001756409866516333e+04
2.082243907764548752e+01 7.777522418728741727e+00 6.802195732536512551e+00 1.863832799991301803e+00 5.979796884582910570e+04
2.090097903313453642e+01 7.822868600735016997e+00 6.824738750154468292e+00 1.885444170941503295e+00 5.954876081350501045e+04
2.097951898758173783e+01 7.831852302759009454e+00 6.834382534181959734e+00 1.905172966041205118e+00 5.934776563007498771e+04
2.105805894099874109e+01 7.838331509999212798e+00 6.862510634784298347e+00 1.923037009462657210e+00 5.908256647125229938e+04
2.113659889339703568e+01 7.838414415545927660e+00 6.873828110106967593e+00 1.932674781403147746e+00 5.903704820822249167e+04
2.121513884478793344e+01 7.868788951895557382e+00 6.901491459715376031e+00 1.952834335734128679e+00 5.881088360127128544e+04
2.129367879518258277e+01 7.876356117642368204e+00 6.902764780342027784e+00 1.975991890415570662e+00 5.859454426124480960e+04
2.137221874459196869e+01 7.891223171303368922e+00 6.928574684309953824e+00 1.985675683408989922e+00 5.830928077983678668e+04
2.145075869302691274e+01 7.892185229515838785e+00 6.931561582252911080e+00 2.008150061486273952e+00 5.824794106633214687e+04
2.152929864049807307e+01 7.925881939598607318e+00 6.968326267353120329e+00 2.025058203217207531e+00 5.803551973288381851e+04
2.160783858701596571e+01 7.914220740105687213e+00 6.976673212455100526e+00 2.038315717747075873e+00 5.805852799120132840e+04
2.168637853259094683e+01 7.958225516493704355e+00 7.015334032026699695e+00 2.061057747015822450e+00 5.773502819663033006e+04
2.176491847723321982e+01 8.002667588890892247e+00 7.048422805391654222e+00 2.084622115714131141e+00 5.749425342115965759e+04
2.184345842095285306e+01 7.969577120402830062e+00 7.027161787228338952e+00 2.096713073202302269e+00 5.729896442399663647e+04
2.192199836375975508e+01 7.980011628046984384e+00 7.061852120453852244e+00 2.114886438498364551e+00 5.728325376881501870e+04
2.200053830566371005e+01 8.022450504448707775e+00 7.094122399934098766e+00 2.126588353771637685e+00 5.718907185509039118e+04
2.207907824667434582e+01 8.031559350334203984e+00 7.090189220460381136e+00 2.144685416116534515e+00 5.703541459498852055e+04
2.215761818680116590e+01 8.032572465901685277e+00 7.108193286739764361e+00 2.170649580870620543e+00 5.685313758453851187e+04
2.223615812605353526e+01 8.055969716855360119e+00 7.135751710983038620e+00 2.190604596002994509e+00 5.674276199885812093e+04
2.231469806444068738e+01 8.058699170043594151e+00 7.127657294761459816e+00 2.201843351019817874e+00 5.648777316993811110e+04
2.239323800197172432e+01 8.067244194260126733e+00 7.155382067662303669e+00 2.223098777179009833e+00 5.646667618827912520e+04
2.247177793865562023e+01 8.086487984011949237e+00 7.191001234072542658e+00 2.241487235805606382e+00 5.627656250053706026e+04
2.255031787450123204e+01 8.111203853683353060e+00 7.194990559110683748e+00 2.259635651513223653e+00 5.612033162322646240e+04
2.262885780951728165e+01 8.119180268470213235e+00 7.230247141630177232e+00 2.282062552222088758e+00 5.605392345680488506e+04
2.270739774371238440e+01 8.149954887872370435e+00 7.267103799023725941e+00 2.298227298623681580e+00 5.574844471897970652e+04
2.278593767709502771e+01 8.166396570027803392e+00 7.274347766608296517e+00 2.331602789705753853e+00 5.568678842206124682e+04
2.286447760967358178e+01 8.159569892473532704e+00 7.282654844525267457e+00 2.339559157916033083e+00 5.546692996911641967e+04
2.294301754145629957e+01 8.196005051038000033e+00 7.312496272558014709e+00 2.358152338945582738e+00 5.537801764783172985e+04
2.302155747245133455e+01 8.215100132749741491e+00 7.331100850921105305e+00 2.383203776597170975e+00 5.527387258023608592e+04
2.310009740266672296e+01 8.191837762464716732e+00 7.324215784633405946e+00 2.401694018563143462e+00 5.531069971217882267e+04
2.317863733211038380e+01 8.227444071229454536e+00 7.368067519771480889e+00 2.422465294900981281e+00 5.513037810899527540e+04
2.325717726079013303e+01 8.243901030868197921e+00 7.385786103803242852e+00 2.434785344357136339e+00 5.488421538734399655e+04
2.333571718871368716e+01 8.236948182118403849e+00 7.394029908027392572e+00 2.460339043347327781e+00 5.459468799047982611e+04
2.341425711588865965e+01 8.282820809064849854e+00 7.443961600777046606e+00 2.478861944633798498e+00 5.459896167233562301e+04
2.349279704232255384e+01 8.310768830869687207e+00 7.449040982377371556e+00 2.491318863484537793e+00 5.459540629702129809e+04
2.357133696802278067e+01 8.324796791880515912e+00 7.496122061440963158e+00 2.513662602635269749e+00 5.434471495409475756e+04
2.364987689299664453e+01 8.332602306618971610e+00 7.501459316460651117e+00 2.534486331948882842e+00 5.425824088827052037e+04
2.372841681725136453e+01 8.344624210171295076e+00 7.513360631598939854e+00 2.561005036679312674e+00 5.416758834355183353e+04
2.380695674079405322e+01 8.398893369890942040e+00 7.556605328519835574e+00 2.584721859950021905e+00 5.379446794334249716e+04
2.388549666363174140e+01 8.394926995539016445e+00 7.584313189549546586e+00 2.594932316396277638e+00 5.411838923410134885e+04
2.396403658577134976e+01 8.384465866229168896e+00 7.572057754310685063e+00 2.626362127107366273e+00 5.397515775770672917e+04
2.404257650721972439e+01 8.451022393698819357e+00 7.635172241738836796e+00 2.644549464169862141e+00 5.376128094469883945e+04
2.412111642798362254e+01 8.436666490099259619e+00 7.647308365264539276e+00 2.657864936859581917e+00 5.374869718002640730e+04
2.419965634806970556e+01 8.473297533226700651e+00 7.680465845682155290e+00 2.681136281669312282e+00 5.339730596401236835e+04
2.427819626748454596e+01 8.499891449835310198e+00 7.690701605262950658e+00 2.694531767897391905e+00 5.364665498249841767e+04
2.435673618623464520e+01 8.540122222412300346e+00 7.741366205164852410e+00 2.719161907158956115e+00 5.321687112968297151e+04
2.443527610432640529e+01 8.515934987041154258e+00 7.737412636895932394e+00 2.743972922460153452e+00 5.327359294449257868e+04
2.451381602176616425e+01 8.568797832227925682e+00 7.772490678788546603e+00 2.765049397304391920e+00 5.325783982560880395e+04
2.459235593856016067e+01 8.559799774584941900e+00 7.785988336313399927e+00 2.791709505184520879e+00 5.328289260258825379e+04
2.467089585471456203e+01 8.567175217135595489e+00 7.814017186886758282e+00 2.808663080821258706e+00 5.302012990282934334e+04
2.474943577023546126e+01 8.619523402691395830e+00 7.883632319736738836e+00 2.830040199044796090e+00 5.307489755044902267e+04
2.482797568512887310e+01 8.595729075037874978e+00 7.850451545682575194e+00 2.860135274138488004e+00 5.289465156195635791e+04
2.490651559940072346e+01 8.596297873730387451e+00 7.861661344983988720e+00 2.872855103100467211e+00 5.279657911939089536e+04
2.498505551305688144e+01 8.637151863974269261e+00 7.907495459455223141e+00 2.906731875162146927e+00 5.249171767687369720e+04
2.506359542610313440e+01 8.686467816753498994e+00 7.951105181185697646e+00 2.926082135596044687e+00 5.271533654401011154e+04
2.514213533854519511e+01 8.689859357240900195e+00 7.971094640093245864e+00 2.951816836522607179e+00 5.272781621467881632e+04
2.522067525038871239e+01 8.742436220185961560e+00 8.023948092043637459e+00 2.965593435186149485e+00 5.254111120881055831e+04
2.529921516163925688e+01 8.757280209853126607e+00 8.048293171468833052e+00 2.994038653938847716e+00 5.247197192804866791e+04
2.537775507230233529e+01 8.788321495995507604e+00 8.071260625495060737e+00 3.015696852108419534e+00 5.271496555295516737e+04
2.545629498238338684e+01 8.794899616024949296e+00 8.086157954343402565e+00 3.030425100424056328e+00 5.260118627352858311e+04
2.553483489188777966e+01 8.803716325883689464e+00 8.079965733086190482e+00 3.059035248281671393e+00 5.246494841785751487e+04
2.561337480082082152e+01 8.829220757119609075e+00 8.125533941144242434e+00 3.092402936112635281e+00 5.243847375302597356e+04
2.569191470918774911e+01 8.884821566022722550e+00 8.179416115856419367e+00 3.121519675622678403e+00 5.243587586665093113e+04
2.577045461699373874e+01 8.908613367835018337e+00 8.248820162311151449e+00 3.152859345384221079e+00 5.231014801802006696e+04
2.584899452424390631e+01 8.959477256189476435e+00 8.270466562934002397e+00 3.183167169081885461e+00 5.226027081354003167e+04
2.592753443094329668e+01 8.980699265705190726e+00 8.309947089574665213e+00 3.206379663564840943e+00 5.240506277992012474e+04
2.600607433709690852e+01 8.974323963601332110e+00 8.301115434412920990e+00 3.223126069719548514e+00 5.235786320370819158e+04
2.608461424270966944e+01 9.014743859455046859e+00 8.342982800544911370e+00 3.249334594817904431e+00 5.241099320420465665e+04
2.616315414778644310e+01 9.035479327193735699e+00 8.384434572437950095e+00 3.256723572193375382e+00 5.226411718127539643e+04
2.624169405233205055e+01 9.065605953476715939e+00 8.414956992895881172e+00 3.286589634571554619e+00 5.220184281541248492e+04
2.632023395635124174e+01 9.096500144754880779e+00 8.457965406549666554e+00 3.327232535098077815e+00 5.213291379283882998e+04
2.639877385984871694e+01 9.105261001228207363e+00 8.473673313762635217e+00 3.347097724486207238e+00 5.216150918499237741e+04
2.647731376282911953e+01 9.159549570345287606e+00 8.524200349803500387e+00 3.385192129284092744e+00 5.222931782182356255e+04
2.655585366529703606e+01 9.189224828614731777e+00 8.555526401786499591e+00 3.410426738986447326e+00 5.217362826478132047e+04
2.663439356725699980e+01 9.219973694138307252e+00 8.612199450649677956e+00 3.424914606129089822e+00 5.206491274178843014e+04
2.671293346871349428e+01 9.306262738110776311e+00 8.678197874537646683e+00 3.456116798820391356e+00 5.220100077397239511e+04
2.679147336967094617e+01 9.302961525203944149e+00 8.702610280124053688e+00 3.472300092391079840e+00 5.217137466647650581e+04
2.687001327013372531e+01 9.302294987575024265e+00 8.681928715793400642e+00 3.520377102566517813e+00 5.219503092926031240e+04
2.694855317010616602e+01 9.322632293565396466e+00 8.726086949044479013e+00 3.537976117756539640e+00 5.195435222466388950e+04
2.702709306959254221e+01 9.370220362400180747e+00 8.766051223761486710e+00 3.570094838823406835e+00 5.214779031747508998e+04
2.710563296859707094e+01 9.362440879094384272e+00 8.739766442460314977e+00 3.586427663900090046e+00 5.218352102642989485e+04
2.718417286712393377e+01 9.409489052617281857e+00 8.845046773287464248e+00 3.631269954189848992e+00 5.198956996181022259e+04
2.726271276517725894e+01 9.472093297786731370e+00 8.881889630215201947e+00 3.647493116651152167e+00 5.225261196612632193e+04
2.734125266276112498e+01 9.458790732287472025e+00 8.883055183335056171e+00 3.653564396896310740e+00 5.203064041570605332e+04
2.741979255987956776e+01 9.468683108835859841e+00 8.940646927953235235e+00 3.664632021156397190e+00 5.217682793827197747e+04
2.749833245653658054e+01 9.489446801268224263e+00 8.982264460914674231e+00 3.706286481601624327e+00 5.191953355531389388e+04
2.757687235273609616e+01 9.487018187299636196e+00 8.961927076335413744e+00 3.732032489547564502e+00 5.189528492256128811e+04
2.765541224848202262e+01 9.514009639655707673e+00 9.002389455561008447e+00 3.756526354230074194e+00 5.198974153837029007e+04
2.773395214377820395e+01 9.528481236630144124e+00 8.998251052358352098e+00 3.799339788367367188e+00 5.183433529430299677e+04
2.781249203862845576e+01 9.482125042485437305e+00 8.981284645288015511e+00 3.808501684803469622e+00 5.166282951348029746e+04
2.789103193303654038e+01 9.502266271518344354e+00 8.996572192868494966e+00 3.848532362638820370e+00 5.171556109456386184e+04
2.796957182700618816e+01 9.600941900003908458e+00 9.085064346214352327e+00 3.879141789979084542e+00 5.150893178591732431e+04
2.804811172054107615e+01 9.580243433182410229e+00 9.093186261545522342e+00 3.889733797375911184e+00 5.130872671084779722e+04
2.812665161364485655e+01 9.592045889772654377e+00 9.122352621831453234e+00 3.921303854791954535e+00 5.134371117821958615e+04
2.820519150632112115e+01 9.581034047307475987e+00 9.078213965690455467e+00 3.942756678134259563e+00 5.074614873951247137e+04
2.828373139857343332e+01 9.532801720382051869e+00 9.079827015943267909e+00 3.962228643486574775e+00 5.099136240598010772e+04
2.836227129040531736e+01 9.551051191673563423e+00 9.118894357082275803e+00 4.002182346167106886e+00 5.045700726410918287e+04
2.844081118182025847e+01 9.586087250852475705e+00 9.125098580052958042e+00 4.025201533285560629e+00 5.020229142604894878e+04
2.851935107282169923e+01 9.532130352163434850e+00 9.098599278374775778e+00 4.042985025441863556e+00 5.014086978267194354e+04
2.859789096341304315e+01 9.587130194529825289e+00 9.152962077996853907e+00 4.080044464700439022e+00 4.994813182529137703e+04
2.867643085359765820e+01 9.553013079545547015e+00 9.165389313839247265e+00 4.127572425375790388e+00 4.969093408929213911e+04
2.875497074337888392e+01 9.555788867755456550e+00 9.185521066629629416e+00 4.141386361815531103e+00 4.982707832527611026e+04
2.883351063276001369e+01 9.568375411803343056e+00 9.217733689885223569e+00 4.188464416175206928e+00 4.979034155966656544e+04
2.891205052174430890e+01 9.520432314342814450e+00 9.232226812884613665e+00 4.211788243661994002e+00 4.899016919580107060e+04
2.899059041033499184e+01 9.543397467791480793e+00 9.206325816626982572e+00 4.262551493854475737e+00 4.934296604608849884e+04
2.906913029853525643e+01 9.571703132492674015e+00 9.267938991864648202e+00 4.281415540901956973e+00 4.912770637323296251e+04
2.914767018634825746e+01 9.651996662433912633e+00 9.358588518903948383e+00 4.307806113020745009e+00 4.905302856878879538e+04
2.922621007377712132e+01 9.592173482811768181e+00 9.332686954473354390e+00 4.348683475930552156e+00 4.883989922941536497e+04
2.930474996082492822e+01 9.552055367817228415e+00 9.304361547215268757e+00 4.386258537190062867e+00 4.913466406568084494e+04
2.938328984749474060e+01 9.670151517521846429e+00 9.430584786982052492e+00 4.401302229184876680e+00 4.861403759344706486e+04
2.946182973378957826e+01 9.621201442681122984e+00 9.371621869071736555e+00 4.411959779993618547e+00 4.868292055471923959e+04
2.954036961971243258e+01 9.628427451865759323e+00 9.395355593336788047e+00 4.431775083127238446e+00 4.839095815279614180e+04
2.961890950526625943e+01 9.607740170940436641e+00 9.384375074525676652e+00 4.502540228890557827e+00 4.882031880409371661e+04
2.969744939045398979e+01 9.739673914612904326e+00 9.443273185397599079e+00 4.486068936572508825e+00 4.850540785884903744e+04
2.977598927527852268e+01 9.798764675050934514e+00 9.635261509179336770e+00 4.535442751967909025e+00 4.837463824030854448e+04
2.985452915974272159e+01 9.780376171309404398e+00 9.604995401964069757e+00 4.568150767877414253e+00 4.841315150543559866e+04
2.993306904384942868e+01 9.896194093976307116e+00 9.628940868624887628e+00 4.549964888630737114e+00 4.845992930887523107e+04
3.001160892760143994e+01 9.793103312092975798e+00 9.671495938663298375e+00 4.625423914199450870e+00 4.851728191541379056e+04
3.009014881100154071e+01 9.819956834814991709e+00 9.630249141141803193e+00 4.646526520351202727e+00 4.837817179245977604e+04
3.016868869405248077e+01 9.891857973018403527e+00 9.660591457966502205e+00 4.655532746060707439e+00 4.848396569249332970e+04
3.024722857675697441e+01 9.905846965211335231e+00 9.751065086102480350e+00 4.669671001481284556e+00 4.861959962192819512e+04
3.032576845911771457e+01 9.922541333280923581e+00 9.755408409940532266e+00 4.744781083678907940e+00 4.773716311710019363e+04
3.040430834113736580e+01 9.984464200143900570e+00 9.764832322832958766e+00 4.750548087878164516e+00 4.862485916562385682e+04
3.048284822281856421e+01 9.955058945321722419e+00 9.814937812546014939e+00 4.749004448404634537e+00 4.861724188646439143e+04
3.056138810416392460e+01 1.003643181149351982e+01 9.881802583319768019e+00 4.812233166339670909e+00 4.857985048253041168e+04
3.063992798517602267e+01 9.976855214514026571e+00 9.988706758155316834e+00 4.844957044638539934e+00 4.857924089742462820e+04
3.071846786585741640e+01 1.010470055155123070e+01 1.000585149207477720e+01 4.835475771609330842e+00 4.882780313899837347e+04
3.079700774621063886e+01 1.003239635738888325e+01 1.005798533576121478e+01 4.889635521329032564e+00 4.844470309292478487e+04
3.087554762623818760e+01 1.010126826079743090e+01 1.004153407787593721e+01 4.897354266565057124e+00 4.842697247321080795e+04
3.095408750594254599e+01 1.023153932395766397e+01 1.009334726331992371e+01 5.013304195049516743e+00 4.862655682605906622e+04
3.103262738532617249e+01 1.022362003934865982e+01 1.020079046306720905e+01 4.991331889697929292e+00 4.882850191884180822e+04
3.111116726439149005e+01 1.013100414384461523e+01 1.016837709788448052e+01 5.034743373151475687e+00 4.911319717091120401e+04
3.118970714314090387e+01 1.035048657573691955e+01 1.018047976118812947e+01 5.076740377346847133e+00 4.863377647570208501e+04
3.126824702157679781e+01 1.028475399435979654e+01 1.021820181965281371e+01 5.077145881778089453e+00 4.891501585827524104e+04
3.134678689970152377e+01 1.037874232978986377e+01 1.028184144673507916e+01 5.188578327737525697e+00 4.845772808478119987e+04
3.142532677751741588e+01 1.039611196476094435e+01 1.038575052086340378e+01 5.216427970926636348e+00 4.906257015774274623e+04
3.150386665502678696e+01 1.039262212994010781e+01 1.034166112472935772e+01 5.222024677235623358e+00 4.904101278109011764e+04
3.158240653223192140e+01 1.051691156289647466e+01 1.046880532987880130e+01 5.208735232018805839e+00 4.882256694317948131e+04
3.166094640913508229e+01 1.056395198361038723e+01 1.051289872911092260e+01 5.259160104974636596e+00 4.960717594096581161e+04
3.173948628573851494e+01 1.055324531495640628e+01 1.051510513501826338e+01 5.322888756566347190e+00 4.861604756883778464e+04
3.181802616204443623e+01 1.060624684602298373e+01 1.053201757196127275e+01 5.388969659066217055e+00 4.914011800635741383e+04
3.189656603805504531e+01 1.044656507695161096e+01 1.051947008651598736e+01 5.343301219854687645e+00 4.898793472511984874e+04
3.197510591377251998e+01 1.069890036278369294e+01 1.074838203786308810e+01 5.378069704853071009e+00 5.012943944169902534e+04
3.205364578919900964e+01 1.074666253101364788e+01 1.082056256612882095e+01 5.448441724497005367e+00 4.993293888405249163e+04
3.213218566433665302e+01 1.073117405604372010e+01 1.063345316023688447e+01 5.528787303134357956e+00 5.049399906876665773e+04
3.221072553918755688e+01 1.087674972968452458e+01 1.080890835820765972e+01 5.506293633410120236e+00 4.999546447458954935e+04
3.228926541375382442e+01 1.090030683856104687e+01 1.093730806167624614e+01 5.582799382185631210e+00 5.036877747351935250e+04
3.236780528803751622e+01 1.098800180308017893e+01 1.080327208828378183e+01 5.566454528552657877e+00 5.078228866057256528e+04
3.244634516204068575e+01 1.115683673343673199e+01 1.116631968907057626e+01 5.811794324631698316e+00 5.139627595697142533e+04
3.252488503576537227e+01 1.095728983282742242e+01 1.091140771440634794e+01 5.680127007221357438e+00 5.028358292203966994e+04
3.260342490921358660e+01 1.120151820713734203e+01 1.106883223799169791e+01 5.766818965148037712e+00 5.115857383453125658e+04
3.268196478238731828e+01 1.127638490989098408e+01 1.149288476281947347e+01 5.750087037325240402e+00 5.185897024129975034e+04
3.276050465528854261e+01 1.135031939134819901e+01 1.159828577748733203e+01 6.027676742070682714e+00 5.181647196305133548e+04
3.283904452791921358e+01 1.154466907119382846e+01 1.129087427436789426e+01 5.994824146326094727e+00 5.203650374654583720e+04
3.291758440028127097e+01 1.153974233917008618e+01 1.159040593365493343e+01 6.059900051868198467e+00 5.175306596189598349e+04
3.299612427237663326e+01 1.150334828619348748e+01 1.128107418906229675e+01 6.119251638196013587e+00 5.210592556260638230e+04
3.307466414420719758e+01 1.170855600873536595e+01 1.163076143786256011e+01 6.182327770835971847e+00 5.250084740536267782e+04
3.315320401577483977e+01 1.189993515947995739e+01 1.177580060172138587e+01 6.161326984535357099e+00 5.283537321146134491e+04
3.323174388708143567e+01 1.154250086895324579e+01 1.175566135659913414e+01 6.321350286391847817e+00 5.162430211605525983e+04
3.331028375812883269e+01 1.186282203401669477e+01 1.158149265192287736e+01 6.318795981338532819e+00 5.200589337036980578e+04
3.338882362891884981e+01 1.161095867694053396e+01 1.183580449993623240e+01 6.438279437784015791e+00 5.266809486393065890e+04
3.346736349945329891e+01 1.213645909384947785e+01 1.212087344528837107e+01 6.320560563977879909e+00 5.223309717570416251e+04
3.354590336973399189e+01 1.200861874933288398e+01 1.185684486042078412e+01 6.515813977004289548e+00 5.383465122250815330e+04
3.362444323976268379e+01 1.219973186923215813e+01 1.172749756132897758e+01 6.591719936443992900e+00 5.544865554108453944e+04
3.370298310954115806e+01 1.204080173536116050e+01 1.184415714078500059e+01 6.548844016006767355e+00 5.233260757005422784e+04
3.378152297907114132e+01 1.219575899850492107e+01 1.204265339894907072e+01 6.562260940011434229e+00 5.128433070221732487e+04
3.386006284835436730e+01 1.222152491696703436e+01 1.179417674435445740e+01 6.702639889039429200e+00 5.284106435682219308e+04
3.393860271739255552e+01 1.258230272961696095e+01 1.201708518631879308e+01 6.350923330309322878e+00 5.274747910743289685e+04
3.401714258618739706e+01 1.184215760182935107e+01 1.199742049536618183e+01 6.377113167126648108e+00 5.616024084394401871e+04
3.409568245474058301e+01 1.288837804322693614e+01 1.232907358515949525e+01 6.678453547172124694e+00 5.856235506903584610e+04
3.417422232305376895e+01 1.209037544421926214e+01 1.229230521574035961e+01 7.112193775664024997e+00 5.883231819307654951e+04
3.425276219112861043e+01 1.273261191650876611e+01 1.222882978300948054e+01 6.664170025828338950e+00 5.804369084666073468e+04
3.433130205896674880e+01 1.197384708508109874e+01 1.249455154260821566e+01 6.802848100310435520e+00 4.834461992878665478e+04
3.440984192656979701e+01 1.308757009021096884e+01 1.318403503780676544e+01 7.364806970654322882e+00 5.467058545042276091e+04
3.448838179393936088e+01 1.304387515533337272e+01 1.202875293170815141e+01 7.283094043620487845e+00 6.177900379011959740e+04
3.456692166107702491e+01 1.449896265595399214e+01 1.346273138182344198e+01 6.854654253309777623e+00 5.732105952917786635e+04
3.464546152798438072e+01 1.688237219461846550e+01 1.481157288223259449e+01 7.717561652168734909e+00 6.756458747753295756e+04
3.472400139466299152e+01 1.162419750489222103e+01 1.567159053908525834e+01 5.385768387171837368e+00 5.340851015140660456e+04
