# 0.9998 0.9998
7.871241428633635184e-02 3.058541554478364302e-02 3.094605018251987347e-02 2.374690622265590963e-06 7.417629974609001238e+02
1.618072713909662341e-01 7.276710769505355392e-02 7.342271730930988172e-02 1.514971171732402909e-05 2.955170979221377365e+03
2.418771330418761079e-01 1.581003035811524848e-01 1.580115624971968058e-01 2.128940018756847322e-05 4.048899384877980538e+03
3.211923215201240578e-01 2.397923885044865866e-01 2.413204546930603489e-01 4.730411686562905797e-05 7.925186140494260144e+03
4.002017901256537113e-01 2.314077783268237709e-01 2.326663362350741837e-01 7.379766919952413515e-05 1.115861686983171239e+04
4.790568272527075955e-01 2.868570833900712658e-01 2.882991549448949420e-01 1.345953697548334896e-04 1.098418796812274195e+04
5.578229290343351687e-01 3.047145507078272697e-01 3.055460638236109361e-01 1.986545250178922922e-04 1.579093702819635837e+04
6.365331115321660738e-01 3.631729920084781904e-01 3.638739502124058722e-01 2.901795089775247873e-04 1.690269978226500461e+04
7.152058371535838788e-01 3.225610712034264194e-01 3.240232694217590748e-01 3.821193428905853831e-04 1.927287097070392701e+04
7.938522421846891941e-01 3.672198308481118278e-01 3.674713353594810106e-01 4.699238274993942769e-04 2.033762984085489734e+04
8.724794443688169698e-01 3.931817035398211257e-01 3.913313731781283833e-01 5.845620432785196075e-04 2.164982719017195996e+04
9.510922062407737299e-01 3.953577177037304602e-01 3.934673208840199221e-01 7.133804743403973679e-04 2.361196839200643080e+04
1.029693835175838679e+00 4.334458051610115548e-01 4.278859245064496331e-01 8.862814291809318354e-04 2.399508370515095521e+04
1.108286699878543891e+00 4.654359234890727004e-01 4.597210506817107634e-01 1.049273289373651866e-03 2.457027624475341509e+04
1.186872541411916560e+00 4.468698915704594210e-01 4.404501244469450905e-01 1.294910777675656105e-03 2.611096055173676723e+04
1.265452668213572940e+00 4.925261217107547163e-01 4.828654543744600458e-01 1.539890326809894823e-03 2.768935550601571231e+04
1.344028082638708543e+00 5.092279412015412454e-01 4.999097261833800321e-01 1.827765571467485388e-03 3.001905896688596840e+04
1.422599565533279709e+00 5.477732280588355485e-01 5.366419403752898942e-01 2.031983570302658623e-03 2.961785740151482605e+04
1.501167734229200246e+00 5.814702722452730344e-01 5.666428699695231774e-01 2.343178889277445099e-03 3.129264284479929483e+04
1.579733083222462531e+00 5.861441592806226897e-01 5.699690930383197740e-01 2.596807356174974084e-03 3.340249483754213725e+04
1.658296013281593151e+00 5.869488194661008906e-01 5.686167594843541950e-01 2.851208838010621874e-03 3.380917241617760010e+04
1.736856852652245875e+00 6.176254292467266982e-01 5.964637280239840633e-01 3.342897881502312606e-03 3.365224861599452561e+04
1.815415872753641580e+00 6.529876054230546734e-01 6.289507620223545592e-01 3.730081032226014500e-03 3.550245676612950774e+04
1.893973299967037560e+00 6.745330357225088891e-01 6.471369356415958007e-01 4.251283249351339721e-03 3.603304304682715156e+04
1.972529324606241641e+00 6.941003410697949016e-01 6.642170439562070650e-01 4.640709229783726575e-03 3.775057934905245929e+04
2.051084107826015579e+00 7.067769138508891436e-01 6.725332204204262920e-01 5.208249864718670664e-03 3.874357629685677966e+04
2.129637787001040561e+00 7.672996509428592349e-01 7.283864852011993074e-01 5.599004616551069187e-03 4.005097240493189747e+04
2.208190479956450680e+00 7.786629134461692248e-01 7.372256860610071350e-01 6.176798252392060214e-03 4.060382970704275067e+04
2.286742288326184092e+00 7.980080384115006975e-01 7.544558532029949083e-01 6.743052277942870355e-03 4.075801544061778986e+04
2.365293300241981811e+00 8.007836351020097831e-01 7.538814709274656023e-01 7.431584062622840700e-03 4.145733642759444047e+04
2.443843592503681883e+00 8.450451959961773341e-01 7.949673768531138052e-01 8.017494553859220649e-03 4.316164471267483168e+04
2.522393232343909553e+00 8.751689623362315373e-01 8.230745164816276604e-01 8.449167187066180737e-03 4.367826614070952201e+04
2.600942278872942381e+00 8.970265415980326340e-01 8.393054763450812361e-01 9.482365542224780244e-03 4.529344615594448987e+04
2.679490784269383141e+00 9.167858767003012055e-01 8.531039137994675947e-01 1.013378332883115018e-02 4.466874942197940254e+04
2.758038794767343038e+00 9.495593132486566113e-01 8.819856029139062636e-01 1.076170839040079506e-02 4.613659533884654229e+04
2.836586351479573942e+00 9.916856518296907064e-01 9.209016955542718152e-01 1.180582989825448501e-02 4.765474252550765232e+04
2.915133491087511963e+00 1.015756830703966163e+00 9.394339019726228868e-01 1.259357307673968605e-02 4.745886053693387657e+04
2.993680246422668834e+00 1.049830465134508062e+00 9.716843077110304261e-01 1.340031835295536419e-02 4.731918489306652918e+04
3.072226646958827967e+00 1.083189243544382840e+00 9.964563561663718483e-01 1.462020708802577902e-02 4.902258312123306678e+04
3.150772719230606977e+00 1.082029918090529730e+00 9.953241052228426478e-01 1.510036766843604085e-02 4.913272442922967457e+04
3.229318487190934395e+00 1.106960709578957758e+00 1.013190635163633724e+00 1.657092962326139549e-02 4.972186736701739574e+04
3.307863972517584905e+00 1.156550422862472560e+00 1.056571232692229634e+00 1.716302555748703412e-02 5.030982922537537524e+04
3.386409194877053608e+00 1.179063174532043234e+00 1.073816448606022655e+00 1.843430248676084307e-02 5.197885176899707585e+04
3.464954172152534095e+00 1.199413853160878674e+00 1.094209775991090927e+00 1.948733170026469355e-02 5.171691446465937770e+04
3.543498920641575456e+00 1.250005266628321010e+00 1.135478349655863584e+00 2.049688600244554959e-02 5.305410439533938916e+04
3.622043455228019404e+00 1.250373234971444258e+00 1.137024012456805178e+00 2.172046151321141080e-02 5.293656474658123625e+04
3.700587789532037597e+00 1.310103783870183669e+00 1.183257171592341450e+00 2.289742378335411777e-02 5.366186866365346941e+04
3.779131936041457696e+00 1.316866655947644293e+00 1.190514998152308879e+00 2.416095977500903533e-02 5.460829310520173021e+04
3.857675906227046259e+00 1.340419752796157438e+00 1.208597989482040891e+00 2.551570587702896645e-02 5.529627113834650663e+04
3.936219710643986680e+00 1.382996078246294225e+00 1.243479315703261978e+00 2.685612972275099042e-02 5.580280424013756419e+04
4.014763359021444877e+00 1.411425896972446026e+00 1.267902285334412182e+00 2.823178506358160408e-02 5.518278914031691966e+04
4.093306860341824560e+00 1.448611587365296716e+00 1.299915747795513887e+00 2.939694772183868571e-02 5.649188098193395854e+04
4.171850222911064776e+00 1.479185935667430396e+00 1.324274528445380517e+00 3.087594642316259658e-02 5.721157417068583163e+04
4.250393454421145911e+00 1.489285064308889961e+00 1.329217978689910540e+00 3.238505827834381456e-02 5.710611842064546363e+04
4.328936562005788247e+00 1.512246007476114151e+00 1.352877821996044228e+00 3.353699645708139998e-02 5.839272096319396951e+04
4.407479552290201497e+00 1.561749693197675093e+00 1.392334180727739401e+00 3.495499587718621515e-02 5.808211313045618590e+04
4.486022431435594982e+00 1.579768443257709487e+00 1.406475610293385081e+00 3.644786741442911093e-02 5.918514491344960697e+04
4.564565205179107465e+00 1.626859740282912137e+00 1.445279593679946073e+00 3.846830023932452935e-02 5.962208380610845779e+04
4.643107878869670024e+00 1.635930252194125023e+00 1.450554653321741494e+00 3.991987143553859391e-02 6.022394368647172814e+04
4.721650457500300213e+00 1.665234134556455192e+00 1.475666872178878597e+00 4.150281623147211024e-02 6.021036580414241325e+04
4.800192945737217443e+00 1.712854728337410481e+00 1.512466721231986666e+00 4.331795656383533727e-02 6.085917887190556939e+04
4.878735347946150824e+00 1.720684581001995062e+00 1.520875918754853284e+00 4.499628222601268629e-02 6.169963280566540197e+04
4.957277668216146793e+00 1.766275086172484743e+00 1.557258932706947707e+00 4.748882739293628502e-02 6.161751977621819969e+04
5.035819910381144737e+00 1.801986900787351020e+00 1.586944737716935228e+00 4.910693158514916473e-02 6.134903852415583242e+04
5.114362078039562221e+00 1.833109654916084352e+00 1.611647553193980675e+00 5.096469513229372195e-02 6.254278293825517903e+04
5.192904174572115394e+00 1.834796964603609526e+00 1.609125157631855929e+00 5.291693710434402370e-02 6.297113911528389144e+04
5.271446203158030919e+00 1.879228903554066354e+00 1.645653879524831886e+00 5.518520895063128845e-02 6.343623377443819481e+04
5.349988166789838573e+00 1.897390523538436513e+00 1.662357287734724798e+00 5.693604215672683905e-02 6.375455437876397627e+04
5.428530068286878674e+00 1.959593346003025260e+00 1.713428383570419156e+00 5.924798078228300791e-02 6.407647837473736581e+04
5.507071910307648643e+00 1.966443538752963516e+00 1.714164986064491858e+00 6.185143778576678714e-02 6.429461925858919858e+04
5.585613695361120179e+00 2.018948667537991959e+00 1.759255123485873540e+00 6.434167100410846662e-02 6.540218392346126348e+04
5.664155425817094525e+00 2.041767026026549470e+00 1.782071094668406186e+00 6.570045992348104436e-02 6.519917035280002165e+04
5.742697103915729961e+00 2.058880748029941365e+00 1.798626090566841640e+00 6.720775709261733732e-02 6.518245153655974718e+04
5.821238731776284148e+00 2.086555445757109162e+00 1.819197927424815120e+00 6.965331890441257834e-02 6.550854403412012471e+04
5.899780311405160127e+00 2.117510343706654474e+00 1.844247083696860967e+00 7.174104501233739828e-02 6.630722368667655974e+04
5.978321844703323507e+00 2.146614961441760006e+00 1.868137142666573824e+00 7.455017868147534310e-02 6.681960410866359598e+04
6.056863333473133437e+00 2.178501411541890587e+00 1.891545150176149104e+00 7.740361430849264368e-02 6.740178979519548011e+04
6.135404779424661115e+00 2.224477770770346474e+00 1.927760269933574522e+00 7.953799036756610541e-02 6.759624508399009937e+04
6.213946184181517118e+00 2.236110239039593939e+00 1.941926176278532257e+00 8.086775987101454954e-02 6.776636406012096268e+04
6.292487549286247983e+00 2.302308119552246790e+00 1.994470254827848121e+00 8.409010435931070504e-02 6.834992349275754532e+04
6.371028876205335756e+00 2.304510857779308086e+00 2.001924401291078404e+00 8.590922284589774804e-02 6.815135935963876545e+04
6.449570166333828070e+00 2.316473708406546983e+00 2.000063211936250696e+00 8.938117713887969162e-02 6.872594662412063917e+04
6.528111420999634262e+00 2.372928546653829240e+00 2.047472142809683149e+00 9.302155218108788814e-02 6.825654326028672222e+04
6.606652641467518627e+00 2.391500848587924999e+00 2.062188438834093862e+00 9.556076790301952506e-02 6.879736035738229111e+04
6.685193828942805006e+00 2.443392275363328370e+00 2.107813026317639338e+00 9.786618031622167091e-02 6.860146070082930964e+04
6.763734984574836240e+00 2.437344773003851106e+00 2.101772631449966511e+00 1.013619252330161535e-01 6.870096187833978911e+04
6.842276109460177835e+00 2.490537610055648887e+00 2.140985382833380246e+00 1.045988605564997509e-01 6.934298130510826013e+04
6.920817204645620890e+00 2.515072840768041385e+00 2.163723635010652568e+00 1.066615137591677698e-01 7.008327834133716533e+04
6.999358271130968312e+00 2.556194099466456482e+00 2.194729286190706397e+00 1.102222223394989237e-01 7.040204723050743632e+04
7.077899309871646949e+00 2.584640093339909850e+00 2.225227127993508969e+00 1.112755748072121464e-01 7.035772071106679505e+04
7.156440321781138536e+00 2.616075383120424203e+00 2.249432954277884811e+00 1.148667626676621312e-01 6.984973701037031424e+04
7.234981307733260536e+00 2.678684095611304272e+00 2.297967568027064367e+00 1.196047541580940454e-01 7.060312477356854652e+04
7.313522268564292439e+00 2.666591192811456068e+00 2.286229700064531301e+00 1.222502092442733224e-01 7.055696079904191720e+04
7.392063205074973276e+00 2.703476011243359345e+00 2.320081411227888690e+00 1.250992916663751786e-01 7.047487469997323933e+04
7.470604118032365015e+00 2.734965130513576703e+00 2.343481793886987408e+00 1.287693325386318199e-01 7.112822674651491980e+04
7.549145008171610272e+00 2.733795761004303326e+00 2.339592201535734439e+00 1.309631839923986463e-01 7.155960003280945239e+04
7.627685876197570103e+00 2.785737680670870020e+00 2.383106721518803095e+00 1.349336153852492282e-01 7.150455039697402390e+04
7.706226722786373884e+00 2.824069136179804484e+00 2.413021418243269878e+00 1.375084125957299341e-01 7.148653911907569272e+04
7.784767548586863484e+00 2.829382217809843336e+00 2.420099779394835782e+00 1.416039358252980662e-01 7.095982669324085873e+04
7.863308354221953955e+00 2.877230472742503764e+00 2.455226898643125377e+00 1.445386630987038346e-01 7.208109918340595323e+04
7.941849140289923170e+00 2.926837870605022207e+00 2.499044100881222974e+00 1.499438363156043175e-01 7.118521939688069688e+04
8.020389907365611748e+00 2.943387220441412211e+00 2.510290268068494424e+00 1.519522589407850399e-01 7.251952072823936760e+04
8.098930656001561701e+00 2.967143733976516096e+00 2.531047760991497864e+00 1.566820794913587056e-01 7.226530979302855849e+04
8.177471386729090241e+00 3.003386069341691389e+00 2.563949735269432040e+00 1.595916900719090981e-01 7.209263281613003346e+04
8.256012100059292536e+00 3.041919465926673727e+00 2.592557361815178929e+00 1.632529757063821974e-01 7.249672448556235759e+04
8.334552796484000936e+00 3.044449855269696581e+00 2.591966908723161822e+00 1.672164564632780959e-01 7.246697398665014771e+04
8.413093476476680266e+00 3.090434374409456897e+00 2.632284596173858571e+00 1.705278508927939862e-01 7.219075598040832847e+04
8.491634140493276917e+00 3.133462207330532046e+00 2.671985481924109340e+00 1.740001102869730421e-01 7.243007580415926350e+04
8.570174788973028868e+00 3.140504776162961864e+00 2.678362654988421188e+00 1.767192880415084100e-01 7.247396363168572134e+04
8.648715422339215309e+00 3.170209854714816533e+00 2.706051956257851554e+00 1.815446104634859947e-01 7.292723806954288739e+04
8.727256040999876063e+00 3.190350160697901671e+00 2.718175471745158500e+00 1.857736756245044751e-01 7.226707832526729908e+04
8.805796645348495488e+00 3.232829918948564973e+00 2.756212958178152039e+00 1.890823285893895866e-01 7.217946351587651588e+04
8.884337235764643737e+00 3.255747308373297955e+00 2.769699727840999159e+00 1.927622050746240212e-01 7.248732713502415572e+04
8.962877812614589601e+00 3.289273185762981555e+00 2.799015978356362844e+00 1.978692886302565734e-01 7.334929144841677044e+04
9.041418376251867173e+00 3.317643732351122310e+00 2.824466040969417779e+00 2.008032251412406322e-01 7.338985315965792688e+04
9.119958927017840722e+00 3.321242785167372702e+00 2.824657082411015541e+00 2.070320460515984451e-01 7.318701896727202984e+04
9.198499465242209183e+00 3.375021668614421877e+00 2.867246936841506333e+00 2.110288684032836093e-01 7.311298887376714265e+04
9.277039991243508865e+00 3.393319636612697643e+00 2.878156304064876103e+00 2.155600645171262542e-01 7.252982841366142384e+04
9.355580505329580632e+00 3.439298771563981560e+00 2.920480288557556037e+00 2.208281378655476967e-01 7.310669059449253837e+04
9.434121007798012215e+00 3.455932200467330073e+00 2.936479760650782200e+00 2.230959710177213839e-01 7.328312600991074578e+04
9.512661498936562765e+00 3.517571119815888103e+00 2.988602570815412474e+00 2.287008545345073085e-01 7.347342314460598573e+04
9.591201979023569635e+00 3.521987098112323356e+00 2.991888038048244436e+00 2.346344280268374272e-01 7.304866807882259309e+04
9.669742448328321416e+00 3.550807683874243725e+00 3.012303123799561444e+00 2.403625512953480592e-01 7.293791041835378564e+04
9.748282907111432749e+00 3.588463756606542265e+00 3.039541154310231086e+00 2.429010383944402163e-01 7.314912591782782692e+04
9.826823355625185386e+00 3.598437922948898304e+00 3.055103663263956104e+00 2.480882027724905237e-01 7.302599484982964350e+04
9.905363794113858589e+00 3.631094285314975245e+00 3.072707335237069959e+00 2.535502067148543981e-01 7.307630314745835494e+04
9.983904222814045326e+00 3.650871055534961496e+00 3.090595402974041672e+00 2.580004637239312615e-01 7.272790093972450995e+04
1.006244464195495070e+01 3.693615626396405727e+00 3.130867620558175801e+00 2.602352801131316284e-01 7.291998010257282294e+04
1.014098505175868148e+01 3.690455740481133340e+00 3.130150681996900719e+00 2.681234031612561020e-01 7.289440454347156629e+04
1.021952545244051613e+01 3.738314792512066109e+00 3.165637499084430484e+00 2.719382942043561124e-01 7.311250255788903451e+04
1.029806584420916415e+01 3.778877083746815302e+00 3.197098115091854265e+00 2.780242611623129911e-01 7.263318797801731853e+04
1.037660622726701654e+01 3.793370630885855022e+00 3.215851403114339480e+00 2.800998390829896878e-01 7.305146634824352805e+04
1.045514660181038380e+01 3.817993928793396829e+00 3.231512302610223930e+00 2.867739183126126745e-01 7.254250627226947108e+04
1.053368696802971982e+01 3.837131690779810089e+00 3.250462401871396789e+00 2.894554741391767161e-01 7.280733848058391595e+04
1.061222732610984210e+01 3.872145599494313029e+00 3.273389179811949656e+00 2.968533771923460574e-01 7.278454356937544071e+04
1.069076767623013779e+01 3.913044010152034513e+00 3.314693278853329872e+00 3.011580096090525349e-01 7.279391380545278662e+04
1.076930801856475739e+01 3.929589212946609678e+00 3.319586652022896267e+00 3.076320872769848780e-01 7.281413529719937651e+04
1.084784835328281005e+01 3.963169406857314225e+00 3.349420382740800228e+00 3.131813419836396162e-01 7.253197193874415825e+04
1.092638868054854306e+01 4.002724957624805846e+00 3.381196324242016882e+00 3.171002491313779648e-01 7.243925178149525891e+04
1.100492900052151413e+01 4.028662309960106214e+00 3.415964841666510932e+00 3.234034765173132153e-01 7.239581096170030651e+04
1.108346931335675833e+01 4.051794507356384578e+00 3.433368150083127457e+00 3.284197280641374395e-01 7.189874726218842261e+04
1.116200961920494805e+01 4.072573641781199072e+00 3.444117721650346908e+00 3.336936837466766836e-01 7.213400200170687458e+04
1.124054991821254212e+01 4.077492963002955939e+00 3.447642860947688348e+00 3.394846587499376067e-01 7.201597235696365533e+04
1.131909021052193687e+01 4.092474827490372391e+00 3.458094870523546138e+00 3.444693334102168492e-01 7.184137770739416010e+04
1.139763049627160285e+01 4.122675231064389045e+00 3.489060453269150930e+00 3.503748994957340268e-01 7.169825554825307336e+04
1.147617077559622167e+01 4.149621909062056524e+00 3.520649266427168911e+00 3.570997653057517152e-01 7.184853472547727870e+04
1.155471104862680853e+01 4.200501731304288278e+00 3.553885263827593288e+00 3.632238140607226273e-01 7.157451220302833826e+04
1.163325131549084368e+01 4.226928078621408069e+00 3.575234059441725343e+00 3.689406257881725493e-01 7.183437545590255468e+04
1.171179157631238787e+01 4.232793156631185383e+00 3.587969518192374974e+00 3.730449792859283353e-01 7.135463344341595075e+04
1.179033183121219608e+01 4.266895041203292216e+00 3.615000034316436572e+00 3.784790159628484973e-01 7.108466579237936821e+04
1.186887208030782759e+01 4.299888156312130505e+00 3.637144225589453939e+00 3.854258183939986426e-01 7.105972350573442236e+04
1.194741232371374728e+01 4.313489838499756424e+00 3.657081430672988631e+00 3.927235465866686370e-01 7.120842460555477010e+04
1.202595256154143222e+01 4.320063592897963822e+00 3.662333104945864726e+00 3.973694540678420206e-01 7.075957718252240738e+04
1.210449279389946753e+01 4.349863730112170757e+00 3.690229713818548252e+00 4.056196564851479169e-01 7.058158177656601765e+04
1.218303302089363527e+01 4.360935887255181775e+00 3.698901188843878973e+00 4.087966407647922740e-01 7.069508518507097324e+04
1.226157324262700676e+01 4.390542154425922661e+00 3.720675565759030690e+00 4.157934126718247358e-01 7.073904020180879161e+04
1.234011345920003322e+01 4.435513216599361819e+00 3.763657271180722574e+00 4.216060706183572537e-01 7.053942722364050860e+04
1.241865367071062565e+01 4.440445789515424124e+00 3.761867522777087025e+00 4.293003676481956798e-01 7.026237017912931333e+04
1.249719387725422415e+01 4.485543979107053936e+00 3.810153548634830134e+00 4.344734980679082481e-01 6.997538836017761787e+04
1.257573407892389383e+01 4.491489729166350031e+00 3.813871369115179544e+00 4.421837720070000421e-01 6.992759497284865938e+04
1.265427427581038877e+01 4.516793730925403594e+00 3.837426483080917272e+00 4.484151631783221403e-01 6.974462607363030838e+04
1.273281446800221772e+01 4.533154837341462517e+00 3.842896752436850694e+00 4.549907574132703858e-01 6.965590409912545874e+04
1.281135465558572584e+01 4.570298844477151512e+00 3.883718704023320534e+00 4.626126318473703369e-01 6.944308861591265304e+04
1.288989483864514796e+01 4.608248170600901972e+00 3.905448473582824320e+00 4.702934749698786110e-01 6.911887514097348321e+04
1.296843501726268322e+01 4.634302212380666752e+00 3.939823504226973583e+00 4.760014272802857160e-01 6.925620456525734335e+04
1.304697519151855190e+01 4.621232882656837404e+00 3.924583982561027806e+00 4.813460044357859013e-01 6.908585032890601724e+04
1.312551536149104692e+01 4.639989132848497455e+00 3.942270821050144036e+00 4.893254271978500491e-01 6.888622905750945210e+04
1.320405552725660492e+01 4.674995319124355397e+00 3.978708184258965552e+00 4.962600830273588004e-01 6.851017653866070032e+04
1.328259568888985243e+01 4.700731055191248231e+00 3.992486221775191968e+00 5.046367157710219820e-01 6.846091963750519790e+04
1.336113584646366270e+01 4.723308878749384654e+00 4.012591887001633495e+00 5.117694987459179279e-01 6.824019709193175368e+04
1.343967600004920548e+01 4.727666583415687462e+00 4.015850521881130675e+00 5.188969876573067408e-01 6.813598782844869129e+04
1.351821614971599317e+01 4.750815692899321263e+00 4.033715470288687932e+00 5.256923169156088038e-01 6.814384076354652643e+04
1.359675629553193588e+01 4.758255246701479813e+00 4.053489317619881405e+00 5.317659402876970809e-01 6.781535539709932345e+04
1.367529643756338231e+01 4.778103693066794833e+00 4.066313905666604001e+00 5.374798919901662142e-01 6.770724990241693740e+04
1.375383657587516595e+01 4.828048999816389575e+00 4.104015551427144359e+00 5.486862228464199909e-01 6.734897869575959339e+04
1.383237671053064766e+01 4.841174792671862015e+00 4.116985838066338665e+00 5.562259357063350507e-01 6.734915535267596715e+04
1.391091684159175834e+01 4.877780945101390486e+00 4.149545795536793591e+00 5.632117268297602841e-01 6.707545890414937458e+04
1.398945696911903269e+01 4.903130176267031182e+00 4.172788546102593088e+00 5.700087310264978502e-01 6.703036434871506935e+04
1.406799709317166069e+01 4.925170001581004264e+00 4.186213380579263621e+00 5.814052753508408555e-01 6.694977968194914865e+04
1.414653721380751428e+01 4.937873925342597836e+00 4.205304858193990469e+00 5.855746323573487455e-01 6.679868446517792472e+04
1.422507733108318817e+01 4.958070272951021096e+00 4.227586737165142772e+00 5.955409246786140809e-01 6.642423485050282034e+04
1.430361744505403543e+01 4.976059822043518821e+00 4.239268037232059250e+00 6.027555768662512525e-01 6.642995366572235071e+04
1.438215755577419586e+01 5.002067997323832671e+00 4.265942444722017335e+00 6.137670477497195742e-01 6.585590247137051483e+04
1.446069766329663686e+01 5.020887226066929721e+00 4.284761450590708343e+00 6.199748499756448927e-01 6.586823989700892707e+04
1.453923776767318010e+01 5.049242632269865361e+00 4.305874498325330535e+00 6.287568575607920263e-01 6.557579120325211261e+04
1.461777786895453346e+01 5.064357443908601653e+00 4.328171392991887245e+00 6.367900481109471933e-01 6.547916743652512378e+04
1.469631796719032302e+01 5.071589129318123668e+00 4.332437122693185039e+00 6.434101146437626317e-01 6.493865822663654399e+04
1.477485806242911437e+01 5.094673223071504609e+00 4.355232801547079369e+00 6.542037029826535122e-01 6.523958135645707807e+04
1.485339815471844993e+01 5.131472894017762520e+00 4.380940737416679553e+00 6.633758841329405742e-01 6.494062841593973280e+04
1.493193824410487203e+01 5.153390351718955209e+00 4.402418763573958671e+00 6.701040738193086987e-01 6.490163676580542233e+04
1.501047833063394421e+01 5.169548075117496033e+00 4.415249574464274573e+00 6.793948997599807971e-01 6.471969976711279742e+04
1.508901841435028857e+01 5.180393025095057169e+00 4.439801664299387163e+00 6.862717171354034695e-01 6.452492870827373554e+04
1.516755849529759992e+01 5.222301560936878140e+00 4.466835068118580665e+00 6.967855121463294443e-01 6.412980599024535331e+04
1.524609857351867070e+01 5.224082307638555633e+00 4.480556476290042056e+00 7.041745639876528795e-01 6.409690664247253881e+04
1.532463864905541762e+01 5.254673417426163340e+00 4.496843972741208617e+00 7.117514010856196283e-01 6.373212879084164160e+04
1.540317872194890292e+01 5.283502056527919599e+00 4.520303099680567094e+00 7.245306643980240491e-01 6.376486927142446075e+04
1.548171879223935399e+01 5.303306592518052476e+00 4.530763671514730362e+00 7.320845479180800863e-01 6.349421967288538144e+04
1.556025885996618996e+01 5.311843568615727484e+00 4.550416361017788347e+00 7.394133330871007770e-01 6.321512565160656959e+04
1.563879892516803238e+01 5.332963564168693438e+00 4.575745715345370890e+00 7.480740175086801891e-01 6.314885231233981176e+04
1.571733898788273187e+01 5.352952127778729974e+00 4.597517048617480562e+00 7.580705617658767270e-01 6.306801689772922691e+04
1.579587904814739119e+01 5.389716175383773233e+00 4.623766143158501762e+00 7.691331231199076690e-01 6.293516350009496091e+04
1.587441910599837769e+01 5.409101860166993347e+00 4.647078395200770373e+00 7.788297609620834505e-01 6.257377932140077610e+04
1.595295916147133575e+01 5.430215841692161760e+00 4.661182949138481746e+00 7.874584187215772912e-01 6.224686017319916573e+04
1.603149921460121874e+01 5.454331044446291799e+00 4.688409438071715840e+00 8.011657415738971943e-01 6.228143013944471022e+04
1.611003926542229436e+01 5.456417072027853088e+00 4.689049589050005906e+00 8.108396534792186028e-01 6.193962789185025758e+04
1.618857931396816596e+01 5.521091792528623365e+00 4.735887614801339573e+00 8.215500747306129226e-01 6.205324289850123751e+04
1.626711936027179561e+01 5.542682637226005404e+00 4.768500728100846686e+00 8.255301559897545438e-01 6.161087754103063344e+04
1.634565940436549525e+01 5.543317773589240716e+00 4.757549395390172187e+00 8.394197537020416933e-01 6.157223163504004333e+04
1.642419944628097639e+01 5.565940753164166033e+00 4.794387477219229865e+00 8.482633247463130521e-01 6.134477848564561282e+04
1.650273948604932883e+01 5.593576837592078022e+00 4.810367804605703235e+00 8.583679420896161982e-01 6.143403418386483827e+04
1.658127952370107394e+01 5.610310125633612088e+00 4.826521659354800597e+00 8.692239910554402371e-01 6.101672924397749011e+04
1.665981955926614333e+01 5.631723502110573598e+00 4.847786407110031170e+00 8.780969397328411974e-01 6.094963015484495554e+04
1.673835959277390728e+01 5.664502934791274313e+00 4.889691243578877966e+00 8.871557737455022519e-01 6.081460282801816356e+04
1.681689962425318896e+01 5.679575597704578094e+00 4.887184680583992247e+00 9.012206188529713335e-01 6.066140676319023623e+04
1.689543965373228218e+01 5.708862102983504272e+00 4.922179888638114065e+00 9.094438124729835593e-01 6.038380199763501150e+04
1.697397968123895495e+01 5.718587656357688509e+00 4.924977792618844497e+00 9.184434727282239086e-01 6.034210895660986716e+04
1.705251970680045304e+01 5.757867492031501833e+00 4.956137753805824886e+00 9.295906936535999199e-01 6.026325011862835527e+04
1.713105973044353902e+01 5.771486028278271618e+00 4.976044546024167126e+00 9.387936856565427535e-01 6.013706800205737818e+04
1.720959975219447102e+01 5.803789072193073828e+00 5.002860392428448932e+00 9.504520130490660135e-01 5.991750898222222895e+04
1.728813977207903463e+01 5.829935530585060199e+00 5.029205810818157651e+00 9.663726264403478261e-01 5.990883783992450481e+04
1.736667979012256424e+01 5.842178488659302005e+00 5.056182616705652499e+00 9.730903814867954971e-01 5.966324648340065323e+04
1.744521980634991110e+01 5.877558258183277928e+00 5.075746647978128578e+00 9.859611421143930077e-01 5.951411435061738302e+04
1.752375982078550365e+01 5.874649190754801964e+00 5.082365821429711161e+00 9.932584286821644071e-01 5.925757882347401755e+04
1.760229983345331917e+01 5.915303550251362452e+00 5.121396031096048240e+00 1.003381152974415880e+00 5.925373477612109127e+04
1.768083984437692635e+01 5.934059118238019792e+00 5.145924428736777578e+00 1.013135795903831182e+00 5.921435127756155998e+04
1.775937985357945692e+01 5.998959321040713277e+00 5.186884058811576104e+00 1.028273114398459587e+00 5.906344111462864385e+04
1.783791986108364824e+01 5.997015866548136565e+00 5.198335502036218081e+00 1.034241361452068464e+00 5.880776180623078108e+04
1.791645986691183268e+01 6.018522329915117375e+00 5.223463319519397352e+00 1.048164183242688896e+00 5.877484006734592549e+04
1.799499987108595889e+01 6.058531276136703170e+00 5.240970725885130577e+00 1.061355280777932508e+00 5.871930246456112218e+04
1.807353987362759185e+01 6.074238340588268059e+00 5.271439313331732102e+00 1.072679823145462619e+00 5.862524334750113485e+04
1.815207987455791638e+01 6.095530082800368454e+00 5.280511773333478764e+00 1.086684336368376469e+00 5.825510588747132715e+04
1.823061987389775851e+01 6.132695221168009247e+00 5.316660176957105577e+00 1.095207598155546913e+00 5.846224442449929484e+04
1.830915987166758541e+01 6.150491010948677228e+00 5.336221808982730685e+00 1.105257277936492422e+00 5.838077633431608410e+04
1.838769986788751964e+01 6.205152950753624275e+00 5.390895705155093864e+00 1.117739908016223582e+00 5.839765418518626393e+04
1.846623986257733563e+01 6.203964330486030576e+00 5.388702648540101059e+00 1.130554351958769521e+00 5.815451363865471649e+04
1.854477985575647381e+01 6.230917356396683537e+00 5.412838577448822797e+00 1.141682475336080138e+00 5.822936895187693153e+04
1.862331984744404423e+01 6.274393011667976694e+00 5.458078292297901868e+00 1.153511440703950397e+00 5.800509345132519229e+04
1.870185983765884075e+01 6.297579140861360614e+00 5.472192955692545269e+00 1.168245278841780310e+00 5.811544507309792243e+04
1.878039982641934458e+01 6.316761614206825470e+00 5.501404548888903179e+00 1.176085696655299717e+00 5.823390081862249644e+04
1.885893981374372075e+01 6.353251718995026387e+00 5.529781322033657354e+00 1.188747379199351029e+00 5.802455535256108124e+04
1.893747979964983941e+01 6.388546414917815497e+00 5.552724731420454418e+00 1.202249148562410053e+00 5.793600116400977276e+04
1.901601978415527228e+01 6.428833128281352671e+00 5.609410173307802339e+00 1.214856334511048130e+00 5.799018341938584490e+04
1.909455976727730331e+01 6.450601534730721731e+00 5.629770071092328187e+00 1.233172897323372208e+00 5.791626037318220187e+04
1.917309974903293579e+01 6.477687790929370415e+00 5.660657135740716939e+00 1.239584682979435026e+00 5.800880872797784832e+04
1.925163972943889235e+01 6.502610112909132489e+00 5.683852839805066282e+00 1.257830532327157913e+00 5.767106962251066579e+04
1.933017970851161849e+01 6.550530518614507081e+00 5.719008239179612652e+00 1.274194682099716536e+00 5.787457793444245908e+04
1.940871968626730748e+01 6.585749048322279364e+00 5.752094831331128866e+00 1.285216938431674505e+00 5.793862684993647417e+04
1.948725966272188259e+01 6.622831852530830510e+00 5.786215056146935432e+00 1.298674382549897199e+00 5.791430586604256678e+04
1.956579963789100773e+01 6.644778554366748580e+00 5.808240148239896428e+00 1.311811651415143665e+00 5.781135351573017397e+04
1.964433961179010524e+01 6.694267838040272700e+00 5.854605658638425858e+00 1.329561715606000893e+00 5.787699792596031330e+04
1.972287958443434519e+01 6.715133606137072775e+00 5.880138308573463313e+00 1.341889941958084753e+00 5.797578050124575384e+04
1.980141955583865965e+01 6.749468556948864162e+00 5.906411039608445712e+00 1.353055467506472542e+00 5.793020627032283664e+04
1.987995952601774619e+01 6.798419569795888684e+00 5.955180338943288909e+00 1.367494306367319723e+00 5.816774121857342834e+04
1.995849949498606790e+01 6.833469324801154876e+00 5.991021913700881996e+00 1.380291815870790195e+00 5.828859621538232022e+04
2.003703946275786052e+01 6.840408337389701110e+00 6.018265825237329558e+00 1.396305194462750476e+00 5.817695328132880240e+04
2.011557942934713950e+01 6.868025892361729667e+00 6.024303577057874115e+00 1.413245215469438820e+00 5.826050319125379610e+04
2.019411939476770712e+01 6.916446970444594555e+00 6.080707040103029648e+00 1.421275351210946836e+00 5.798806852484946285e+04
2.027265935903314542e+01 6.907331519377813756e+00 6.089598500453335284e+00 1.433657279201874024e+00 5.782717077892128145e+04
2.035119932215682326e+01 6.939900353522116205e+00 6.101411960680099611e+00 1.447520130813539918e+00 5.763389947936720273e+04
2.042973928415191054e+01 6.942382443575640494e+00 6.123473788692564312e+00 1.463361608544935910e+00 5.762127842528243491e+04
2.050827924503137467e+01 6.954554780710688000e+00 6.130488947168535319e+00 1.473972963485260079e+00 5.731516217255601805e+04
2.058681920480798766e+01 6.991149138207470415e+00 6.167191074430919961e+00 1.489896605016471032e+00 5.724951660197106685e+04
2.066535916349431901e+01 6.971762633303624668e+00 6.148666556665880023e+00 1.496988282473365794e+00 5.684619736686255783e+04
2.074389912110275347e+01 6.980346432611781893e+00 6.173196241958895492e+00 1.514614202862144099e+00 5.678796498763184354e+04
2.082243907764548752e+01 6.995494951761156877e+00 6.194088640164559401e+00 1.527975215431563116e+00 5.656486194411669567e+04
2.090097903313453642e+01 7.037663515641707335e+00 6.216327927915970442e+00 1.544673638531290472e+00 5.632656753560019570e+04
2.097951898758173783e+01 7.045325179340196975e+00 6.224162385528892116e+00 1.559597672937641732e+00 5.615337828407524648e+04
2.105805894099874109e+01 7.053524404423733074e+00 6.244906787830474038e+00 1.574618753099484403e+00 5.589287721732772479e+04
2.113659889339703568e+01 7.052570531976485313e+00 6.259622087181939243e+00 1.580962511272880233e+00 5.582352500798404799e+04
2.121513884478793344e+01 7.080656380699308805e+00 6.282017078504845919e+00 1.600270402506510425e+00 5.559734561965530156e+04
2.129367879518258277e+01 7.087841717331795799e+00 6.282965783778181823e+00 1.619120307581375151e+00 5.539925730409533571e+04
2.137221874459196869e+01 7.101577601249918104e+00 6.307012170581105082e+00 1.625869615771277754e+00 5.511457909046157147e+04
2.145075869302691274e+01 7.103435480810986746e+00 6.310512005099776722e+00 1.646858983452230918e+00 5.507605387839910691e+04
2.152929864049807307e+01 7.133652362371667444e+00 6.347826944620834411e+00 1.660826217236748281e+00 5.484143055642627587e+04
2.160783858701596571e+01 7.124668674581648986e+00 6.347568690457230822e+00 1.671804325850112960e+00 5.487198506209668267e+04
2.168637853259094683e+01 7.164493135226098985e+00 6.380134323141560593e+00 1.686115299999323192e+00 5.452995345432994509e+04
2.176491847723321982e+01 7.205416639502248088e+00 6.413772409660309926e+00 1.706868191525259482e+00 5.431657187718101341e+04
2.184345842095285306e+01 7.173493439906512670e+00 6.394644988927947082e+00 1.715599649550080708e+00 5.411556026916942210e+04
2.192199836375975508e+01 7.184175282294638087e+00 6.429109566245870155e+00 1.733090300760622204e+00 5.409656454536309320e+04
2.200053830566371005e+01 7.221655090556128975e+00 6.456101680575511814e+00 1.745008839801256650e+00 5.400163988412069011e+04
2.207907824667434582e+01 7.228526120354085371e+00 6.452480741480125737e+00 1.756188779061708560e+00 5.384885431104384770e+04
2.215761818680116590e+01 7.234445272034997210e+00 6.468971790943885303e+00 1.777437819126650442e+00 5.368536190851903666e+04
2.223615812605353526e+01 7.256205219666068906e+00 6.498336497470703854e+00 1.793818954446532388e+00 5.354704964620726969e+04
2.231469806444068738e+01 7.256973830396789893e+00 6.486475347523274593e+00 1.806388665301626339e+00 5.332172310292761540e+04
2.239323800197172432e+01 7.266352946452712125e+00 6.513788899405504651e+00 1.819114660967128927e+00 5.330698858554763137e+04
2.247177793865562023e+01 7.285352208787460704e+00 6.542599117588927093e+00 1.834268855936416642e+00 5.310635983257160842e+04
2.255031787450123204e+01 7.307972929539937823e+00 6.550014857014589076e+00 1.853098415101366969e+00 5.293946857054473367e+04
2.262885780951728165e+01 7.311223081091106302e+00 6.579559757025470468e+00 1.864513032198666043e+00 5.287608347091784526e+04
2.270739774371238440e+01 7.340926569229035969e+00 6.604329163380899814e+00 1.882870582203894028e+00 5.258381048663360707e+04
2.278593767709502771e+01 7.357789897466283868e+00 6.616598008576968226e+00 1.906407315589736529e+00 5.250067289733049256e+04
2.286447760967358178e+01 7.349497425562677932e+00 6.621824748096186930e+00 1.912667144745837211e+00 5.230187983152993547e+04
2.294301754145629957e+01 7.384682734613364552e+00 6.655878458578157186e+00 1.928982454510108191e+00 5.219005825697682303e+04
2.302155747245133455e+01 7.400367978850909800e+00 6.671193063260346889e+00 1.951759406265561880e+00 5.210875191661314602e+04
2.310009740266672296e+01 7.381967493151945447e+00 6.664950650404168897e+00 1.964615863581117949e+00 5.214934279439545935e+04
2.317863733211038380e+01 7.413869614682474740e+00 6.708648664600649347e+00 1.981524529679918656e+00 5.196428643837563141e+04
2.325717726079013303e+01 7.428331844134189232e+00 6.717725882237698620e+00 1.989159962247320390e+00 5.171923296474369272e+04
2.333571718871368716e+01 7.422026348653711914e+00 6.727163999711406994e+00 2.005013236618852890e+00 5.144093346075702721e+04
2.341425711588865965e+01 7.461404922778774207e+00 6.765427141750545381e+00 2.025962412710590854e+00 5.139967632653707551e+04
2.349279704232255384e+01 7.492186865075321833e+00 6.775617714796838165e+00 2.036268449073200149e+00 5.140919660350313643e+04
2.357133696802278067e+01 7.499488705602304073e+00 6.810902683899888288e+00 2.052632270633701683e+00 5.116477382739879249e+04
2.364987689299664453e+01 7.508809706391459393e+00 6.821060901549129696e+00 2.067686790197384994e+00 5.108071109826989414e+04
2.372841681725136453e+01 7.518367674138061396e+00 6.827932954020718981e+00 2.090002251565309610e+00 5.101689409687955776e+04
2.380695674079405322e+01 7.566453307493280711e+00 6.861657341213503791e+00 2.111556145353050695e+00 5.064380743144919688e+04
2.388549666363174140e+01 7.565089253472931929e+00 6.899431974032631310e+00 2.119193970139104710e+00 5.095522743758949218e+04
2.396403658577134976e+01 7.556763076535949253e+00 6.873971249484873702e+00 2.143460531863057739e+00 5.079217541847852408e+04
2.404257650721972439e+01 7.617767217674148661e+00 6.940970997120921915e+00 2.157432802485569123e+00 5.058113023785681435e+04
2.412111642798362254e+01 7.603685743310724554e+00 6.945800243106583061e+00 2.168272669737558278e+00 5.057760612999937439e+04
2.419965634806970556e+01 7.637582690807407815e+00 6.979512728295958368e+00 2.188829257239348181e+00 5.020438004274052946e+04
2.427819626748454596e+01 7.662666333855074896e+00 6.990607652815600481e+00 2.197211001553315946e+00 5.045618925736519304e+04
2.435673618623464520e+01 7.696023335087182282e+00 7.027263738081773070e+00 2.222040842075516220e+00 5.004215934143822960e+04
2.443527610432640529e+01 7.679391413364882624e+00 7.015769361691820194e+00 2.234244528225237225e+00 5.010669149384093907e+04
2.451381602176616425e+01 7.724192982324192158e+00 7.059060321790405546e+00 2.256547507578623435e+00 5.007454902997663885e+04
2.459235593856016067e+01 7.718424222137209689e+00 7.067564048489384909e+00 2.274763032922187289e+00 5.010060893808356195e+04
2.467089585471456203e+01 7.726429778069702436e+00 7.090052481952932695e+00 2.286783562484248744e+00 4.985416149369714549e+04
2.474943577023546126e+01 7.770546501921560711e+00 7.144494631204558743e+00 2.309153267975886603e+00 4.991276112834431115e+04
2.482797568512887310e+01 7.750965227701863469e+00 7.120618839459699423e+00 2.332744117310564302e+00 4.971819964354994590e+04
2.490651559940072346e+01 7.749487826276096669e+00 7.139287123626790965e+00 2.341570404970019226e+00 4.961990799529069045e+04
2.498505551305688144e+01 7.791280295246788334e+00 7.166406680446504751e+00 2.368727408702507642e+00 4.932175022417024593e+04
2.506359542610313440e+01 7.830433076518001023e+00 7.203475347676616458e+00 2.380197859649308523e+00 4.951274406218723743e+04
2.514213533854519511e+01 7.832404172067012560e+00 7.224632901064776291e+00 2.403166902256848925e+00 4.952202890004085930e+04
2.522067525038871239e+01 7.884489380139790171e+00 7.276237506644802622e+00 2.421749536462471486e+00 4.933062678987782419e+04
2.529921516163925688e+01 7.896970343944044401e+00 7.284581596743256782e+00 2.439868687262114921e+00 4.923916209090581833e+04
2.537775507230233529e+01 7.927776107298319275e+00 7.322781910105454983e+00 2.463674805756427943e+00 4.950967305796246364e+04
2.545629498238338684e+01 7.935624140104393653e+00 7.333177015638071339e+00 2.471743149306744325e+00 4.940202011604921427e+04
2.553483489188777966e+01 7.939397820962639685e+00 7.330785043504087106e+00 2.497702363266841363e+00 4.925460888203109789e+04
2.561337480082082152e+01 7.966970255701539827e+00 7.354966099399621093e+00 2.520006139024244973e+00 4.923493194902027608e+04
2.569191470918774911e+01 8.018373364422792804e+00 7.426820589546009543e+00 2.541452994205860794e+00 4.922792102597111807e+04
2.577045461699373874e+01 8.030522693467762707e+00 7.468821103374878589e+00 2.561439491748346509e+00 4.906972770336837129e+04
2.584899452424390631e+01 8.082838039078051651e+00 7.494270319218386156e+00 2.588143416860718471e+00 4.903326892824811512e+04
2.592753443094329668e+01 8.106553238986249355e+00 7.522663052065047040e+00 2.604287181305398491e+00 4.917239426913039642e+04
2.600607433709690852e+01 8.096774738998020027e+00 7.529795614270299531e+00 2.620875913203434049e+00 4.911698729798629938e+04
2.608461424270966944e+01 8.125186955390756083e+00 7.556181951094981031e+00 2.645377261870080599e+00 4.912440904681656684e+04
2.616315414778644310e+01 8.145876727523159389e+00 7.591030291722343115e+00 2.659020751266566229e+00 4.899934188182418438e+04
2.624169405233205055e+01 8.176545133626611062e+00 7.614413383916250666e+00 2.682557189277174015e+00 4.894743544687721442e+04
2.632023395635124174e+01 8.209564572309217212e+00 7.649904850054422667e+00 2.711937583329816714e+00 4.890015834046335658e+04
2.639877385984871694e+01 8.213047745778407460e+00 7.676132482469882667e+00 2.734635063160377300e+00 4.891606455617928441e+04
2.647731376282911953e+01 8.259342303068569535e+00 7.709059162230587070e+00 2.762654238117200123e+00 4.897897778884030413e+04
2.655585366529703606e+01 8.291213302306964295e+00 7.751446913859306953e+00 2.777910430361049343e+00 4.890494273407158471e+04
2.663439356725699980e+01 8.314884016025928304e+00 7.790194512094975821e+00 2.785847853961985088e+00 4.877050190079271124e+04
2.671293346871349428e+01 8.396100177219468108e+00 7.848315524979518010e+00 2.814708646484076926e+00 4.892775345509103499e+04
2.679147336967094617e+01 8.389462893042981761e+00 7.860476797864513365e+00 2.821805121649238579e+00 4.892152246493719576e+04
2.687001327013372531e+01 8.392819249758597167e+00 7.851687071106018045e+00 2.859943515594769892e+00 4.891391205909843848e+04
2.694855317010616602e+01 8.412405826871234282e+00 7.886575761985907818e+00 2.876633821841184435e+00 4.867860760479762394e+04
2.702709306959254221e+01 8.453040394655021217e+00 7.948831178067448100e+00 2.911491413980192622e+00 4.889275528670995845e+04
2.710563296859707094e+01 8.447731212505267706e+00 7.923741827479211963e+00 2.919912857519144200e+00 4.886106104267010960e+04
2.718417286712393377e+01 8.491734848543286418e+00 7.996771581656619610e+00 2.956585963097201564e+00 4.869268759224936366e+04
2.726271276517725894e+01 8.546251583931674389e+00 8.032857759791367513e+00 2.965520169946792350e+00 4.897003158419334795e+04
2.734125266276112498e+01 8.537545357131207879e+00 8.034441933955573489e+00 2.976286433265725506e+00 4.873363067862486059e+04
2.741979255987956776e+01 8.540990045710852741e+00 8.079821621870499015e+00 2.987389285420936957e+00 4.884357873479485716e+04
2.749833245653658054e+01 8.562219189439408851e+00 8.132014290133575685e+00 3.016067530117381601e+00 4.863216543006231950e+04
2.757687235273609616e+01 8.553281022063705663e+00 8.096557367052676923e+00 3.046585995099891253e+00 4.860533699058944330e+04
2.765541224848202262e+01 8.583448408357268633e+00 8.144652635017447295e+00 3.056317789516818983e+00 4.863685344749740034e+04
2.773395214377820395e+01 8.592916941696698174e+00 8.130410842728524656e+00 3.092684879907305007e+00 4.847228208961082419e+04
2.781249203862845576e+01 8.559281434979030934e+00 8.143433209205040768e+00 3.102999769398677277e+00 4.833862474856941844e+04
2.789103193303654038e+01 8.572364194430027950e+00 8.132669497955852478e+00 3.137604983934410008e+00 4.837272281206925982e+04
2.796957182700618816e+01 8.669004941164354605e+00 8.239130542302222082e+00 3.162765576037852355e+00 4.820060193256217462e+04
2.804811172054107615e+01 8.641776149467631285e+00 8.240401347899638296e+00 3.164269341965819660e+00 4.793406778002624196e+04
2.812665161364485655e+01 8.658064682998837469e+00 8.238326876637959373e+00 3.199039282826487973e+00 4.803501711741789768e+04
2.820519150632112115e+01 8.645430303609018097e+00 8.207709197628210163e+00 3.212735167205431619e+00 4.746340584049621975e+04
2.828373139857343332e+01 8.609306003253180961e+00 8.223735125164308712e+00 3.225558307932596680e+00 4.770852691331107781e+04
2.836227129040531736e+01 8.619553386301802789e+00 8.242146867714621905e+00 3.242371626604800827e+00 4.716702082493295893e+04
2.844081118182025847e+01 8.650242857744638414e+00 8.263722705290881265e+00 3.286839503125158046e+00 4.694641567006497644e+04
2.851935107282169923e+01 8.599707600171429434e+00 8.216845532643564098e+00 3.299515248056587247e+00 4.683526103141550993e+04
2.859789096341304315e+01 8.653704740043162147e+00 8.264387152380015422e+00 3.317330049309219930e+00 4.673486306530769798e+04
2.867643085359765820e+01 8.619095438556360733e+00 8.273835587963032978e+00 3.348797866940063095e+00 4.639509537641123461e+04
2.875497074337888392e+01 8.623359578921894197e+00 8.279225173801528115e+00 3.380440652142542302e+00 4.655466882855772565e+04
2.883351063276001369e+01 8.630667178297741771e+00 8.313567795266401106e+00 3.412036192456338490e+00 4.648510679539333796e+04
2.891205052174430890e+01 8.591160244932591894e+00 8.313074206494075469e+00 3.430874576977563706e+00 4.579776803300988831e+04
2.899059041033499184e+01 8.607622198322999907e+00 8.299007917475718088e+00 3.456899607213531844e+00 4.609002274264928565e+04
2.906913029853525643e+01 8.626784807552434486e+00 8.327414907654086207e+00 3.478363192301550999e+00 4.588706747466711386e+04
2.914767018634825746e+01 8.697208926934115070e+00 8.424034610566389247e+00 3.504550821566368324e+00 4.577964794426930894e+04
2.922621007377712132e+01 8.639779142496431419e+00 8.373302815697215351e+00 3.526181821348608025e+00 4.555479227773749881e+04
2.930474996082492822e+01 8.612384897699271846e+00 8.363604596428130478e+00 3.558624937491631002e+00 4.583641909089413093e+04
2.938328984749474060e+01 8.718763121766913926e+00 8.507282254266050003e+00 3.576453450628363395e+00 4.536411633314031496e+04
2.946182973378957826e+01 8.678410535511527968e+00 8.440802526845232023e+00 3.590697223230491009e+00 4.543522298444650369e+04
2.954036961971243258e+01 8.688610987274831388e+00 8.473588694482144135e+00 3.607256382707775710e+00 4.512711641473950294e+04
2.961890950526625943e+01 8.670384472852989077e+00 8.432823028889814054e+00 3.654131825117019172e+00 4.560328309293545317e+04
2.969744939045398979e+01 8.778620667315712112e+00 8.501184336850014844e+00 3.657071934027690041e+00 4.519517354932460876e+04
2.977598927527852268e+01 8.840437389990093209e+00 8.660826949130894903e+00 3.687888095899660268e+00 4.515008893047457968e+04
2.985452915974272159e+01 8.811326496468634417e+00 8.636085470017073717e+00 3.695426933239578382e+00 4.513325496495945117e+04
2.993306904384942868e+01 8.916386040077002306e+00 8.686870552440275617e+00 3.716324809755091607e+00 4.515263882005605410e+04
3.001160892760143994e+01 8.813755778196627588e+00 8.688089259908254647e+00 3.760593987194367216e+00 4.520042941168836842e+04
3.009014881100154071e+01 8.836302797250473517e+00 8.695498539668969684e+00 3.798679239737860147e+00 4.506971220866899239e+04
3.016868869405248077e+01 8.913172812632021547e+00 8.738947166081086237e+00 3.801436041350255479e+00 4.509659201459531323e+04
3.024722857675697441e+01 8.933637179463413958e+00 8.793711484465630335e+00 3.803248347853223077e+00 4.531766825687441451e+04
3.032576845911771457e+01 8.950350077153711226e+00 8.845766790475138919e+00 3.880773487577702241e+00 4.449639906675554084e+04
3.040430834113736580e+01 8.988068593003264439e+00 8.810001311240403865e+00 3.867998587402070587e+00 4.530061960720212664e+04
3.048284822281856421e+01 8.968962938414199115e+00 8.867364637888503154e+00 3.895611480086876188e+00 4.524688516375345353e+04
3.056138810416392460e+01 9.047443364016126921e+00 8.916518673587546573e+00 3.913485931725535938e+00 4.522413709861752432e+04
3.063992798517602267e+01 8.981482295484193301e+00 8.959663822292686319e+00 3.959597938139198359e+00 4.521802267600267805e+04
3.071846786585741640e+01 9.084903182872217542e+00 8.959962774470964675e+00 3.941765431050828106e+00 4.540358209940720553e+04
3.079700774621063886e+01 9.017680539822167773e+00 9.009683108591080014e+00 3.993688884800078664e+00 4.503286943149667059e+04
3.087554762623818760e+01 9.087118850121493452e+00 9.033754195887757632e+00 4.003911274165163903e+00 4.501422838777031575e+04
3.095408750594254599e+01 9.184845476299209110e+00 9.105658165041395691e+00 4.083888818443549340e+00 4.527001471674429922e+04
3.103262738532617249e+01 9.194725086198634045e+00 9.131089931695200335e+00 4.072543067657393046e+00 4.535252204784954665e+04
3.111116726439149005e+01 9.130535239050082907e+00 9.094768673612808385e+00 4.107627296050867294e+00 4.565807568309461931e+04
3.118970714314090387e+01 9.329215543961305812e+00 9.202912432352114536e+00 4.146811430752066485e+00 4.525470347852838313e+04
3.126824702157679781e+01 9.267224061784618883e+00 9.141853214118469850e+00 4.150426252666682636e+00 4.546590658229644760e+04
3.134678689970152377e+01 9.345867776490987211e+00 9.240824837298704963e+00 4.243096954045613600e+00 4.504679997758536774e+04
3.142532677751741588e+01 9.362247099025786667e+00 9.287061417245336514e+00 4.290886414767434154e+00 4.551966356438300863e+04
3.150386665502678696e+01 9.357871984445894853e+00 9.271453244818134820e+00 4.315843469792857157e+00 4.567381994053298695e+04
3.158240653223192140e+01 9.470942249724060957e+00 9.411148079007663370e+00 4.230672060927119560e+00 4.532346200331392174e+04
3.166094640913508229e+01 9.527605845023844111e+00 9.425103181495144256e+00 4.305636702906568303e+00 4.610257491979259794e+04
3.173948628573851494e+01 9.504200837653565159e+00 9.458968963117738937e+00 4.353295163758248876e+00 4.520352110833193001e+04
3.181802616204443623e+01 9.546146391040833734e+00 9.474805354473257779e+00 4.421346177422855739e+00 4.561776726580468676e+04
3.189656603805504531e+01 9.391759550057342310e+00 9.455579761497343583e+00 4.378439210325144160e+00 4.558913138331803930e+04
3.197510591377251998e+01 9.646927218524860237e+00 9.667195688271759124e+00 4.449109509265765539e+00 4.671897789379989990e+04
3.205364578919900964e+01 9.680026727841671175e+00 9.695828222861328172e+00 4.489071882739459340e+00 4.637162699152157438e+04
3.213218566433665302e+01 9.659746440039752358e+00 9.484202923521053208e+00 4.556834306675098922e+00 4.681516749632346909e+04
3.221072553918755688e+01 9.780686609973384904e+00 9.660588975591089422e+00 4.530361823976459590e+00 4.643141659036176134e+04
3.228926541375382442e+01 9.793442555369900049e+00 9.731462764912683028e+00 4.548982004212612118e+00 4.690000783090502227e+04
3.236780528803751622e+01 9.885111164218677970e+00 9.662292359838630773e+00 4.574998871400818068e+00 4.715972112005993404e+04
3.244634516204068575e+01 1.000475341837927168e+01 9.868211929482257005e+00 4.719213863374511320e+00 4.766478199006210343e+04
3.252488503576537227e+01 9.868355414619111698e+00 9.742588255593714663e+00 4.638258554371878617e+00 4.663299353805978171e+04
3.260342490921358660e+01 1.006023654168381043e+01 9.909013604869397085e+00 4.761195886237145736e+00 4.773880154908411350e+04
3.268196478238731828e+01 1.014347658636753557e+01 1.019769648548574636e+01 4.710499892458222426e+00 4.798275383938012965e+04
3.276050465528854261e+01 1.020177501440412549e+01 1.035091887031141589e+01 4.963039653455656008e+00 4.805646867334288982e+04
3.283904452791921358e+01 1.037428465840812031e+01 1.006305304293110581e+01 4.959111443030155719e+00 4.838590644944099768e+04
3.291758440028127097e+01 1.040759716638135224e+01 1.034535226342307368e+01 4.934585919148714694e+00 4.808306759171482554e+04
3.299612427237663326e+01 1.034826145692347055e+01 1.006200166051041833e+01 4.934686850689366189e+00 4.837181727894335927e+04
3.307466414420719758e+01 1.050898742059024116e+01 1.031234275643084608e+01 5.057850963883487871e+00 4.883466603089690034e+04
3.315320401577483977e+01 1.062845394679828281e+01 1.036840553365371065e+01 4.992817771529610482e+00 4.904455255135418702e+04
3.323174388708143567e+01 1.039887316226767666e+01 1.052382579619976077e+01 5.125533589903910503e+00 4.811959841172471351e+04
3.331028375812883269e+01 1.068468680450286890e+01 1.044807143464269394e+01 5.157559385508881711e+00 4.835868127544970775e+04
3.338882362891884981e+01 1.042642622121362983e+01 1.039133520091595742e+01 5.102720776337444697e+00 4.913171381215811562e+04
3.346736349945329891e+01 1.095923391321059448e+01 1.106259689273783309e+01 5.184984882824328345e+00 4.855479361101578979e+04
3.354590336973399189e+01 1.082938084700870718e+01 1.082294935053687546e+01 5.363464398416985190e+00 4.995413497716418351e+04
3.362444323976268379e+01 1.098663023903278990e+01 1.081427132893039200e+01 5.338335296052213685e+00 5.104098437549608934e+04
3.370298310954115806e+01 1.086333638641997901e+01 1.051297229519323118e+01 5.293399345106360343e+00 4.862429705712574651e+04
3.378152297907114132e+01 1.097854757306681961e+01 1.081431714472151207e+01 5.204316307186896751e+00 4.755823460501776572e+04
3.386006284835436730e+01 1.098586007627707239e+01 1.043282460016004976e+01 5.193706835411359357e+00 4.895333305226923403e+04
3.393860271739255552e+01 1.127293950122712474e+01 1.093690020160349974e+01 5.088715027356935927e+00 4.843523442049268488e+04
3.401714258618739706e+01 1.072928470493662800e+01 1.106803093003435912e+01 5.320080804559604637e+00 5.243458726659421518e+04
3.409568245474058301e+01 1.153263804660301162e+01 1.127772546955796606e+01 5.393370901280927221e+00 5.370143329617707786e+04
3.417422232305376895e+01 1.091304479331165744e+01 1.096175798183757699e+01 5.586965880997271761e+00 5.439797515080015000e+04
3.425276219112861043e+01 1.131987369309390523e+01 1.126242510579198886e+01 5.633634886970724232e+00 5.300258710730906751e+04
3.433130205896674880e+01 1.064426046054973085e+01 1.119720786265338042e+01 5.530144209735826877e+00 4.502073683263027488e+04
3.440984192656979701e+01 1.179035910308200918e+01 1.190047993806990867e+01 5.568557544578784047e+00 5.032737510413766722e+04
3.448838179393936088e+01 1.175539191102184411e+01 1.129858597113070751e+01 5.869717353650420577e+00 5.733058210826737923e+04
3.456692166107702491e+01 1.333994946081694266e+01 1.234720226254677833e+01 5.219852337763398964e+00 5.245717309858628141e+04
3.464546152798438072e+01 1.561112677684430139e+01 1.195455232647329780e+01 6.788692689127049817e+00 6.292079700684516138e+04
3.472400139466299152e+01 1.057757723638449043e+01 1.427458849550781927e+01 4.087377561624209399e+00 5.165069412504143111e+04
