# 0.9998 0.9998
7.871241428633635184e-02 1.249022442279985358e-02 1.259696909204243570e-02 6.565914453214248424e-07 6.804229704589881749e+02
1.618072713909662341e-01 3.294777739419258583e-02 3.311445804442916113e-02 5.074845899032812200e-06 2.709489078307972704e+03
2.418771330418761079e-01 7.813772995923788656e-02 7.800951384687521140e-02 7.787711492963935952e-06 3.711323990184615923e+03
3.211923215201240578e-01 1.136540679769973000e-01 1.140454758495477311e-01 1.702378054297596608e-05 7.270519370628279830e+03
4.002017901256537113e-01 1.110544180991846486e-01 1.112462749523480815e-01 2.770629587025679732e-05 1.022947859860766584e+04
4.790568272527075955e-01 1.438639659606505417e-01 1.441167632252627340e-01 5.264360324742288445e-05 1.007994085495135550e+04
5.578229290343351687e-01 1.546824522553085224e-01 1.546626471296163041e-01 8.009803175752644986e-05 1.446776615165910516e+04
6.365331115321660738e-01 1.852999125494683985e-01 1.852393043350045732e-01 1.141763431130803324e-04 1.549585502835404077e+04
7.152058371535838788e-01 1.640114769312962240e-01 1.642216125872579258e-01 1.548210213067353479e-04 1.764017941992739725e+04
7.938522421846891941e-01 1.893195288422127309e-01 1.891347691952687260e-01 1.887970195041199328e-04 1.865503850138196140e+04
8.724794443688169698e-01 2.048346090676642639e-01 2.035777408990289694e-01 2.441301163647816160e-04 1.982129470259210939e+04
9.510922062407737299e-01 2.109750859047225535e-01 2.100600412795954886e-01 2.890502962851863866e-04 2.160606315008808815e+04
1.029693835175838679e+00 2.334040544715956511e-01 2.306722636355760248e-01 3.619530623248709946e-04 2.193936323112195896e+04
1.108286699878543891e+00 2.557929046622591795e-01 2.530421437702596310e-01 4.312379048609740230e-04 2.244126691440679133e+04
1.186872541411916560e+00 2.468108247874776229e-01 2.433399433694282965e-01 5.376092391835925102e-04 2.385184206230291966e+04
1.265452668213572940e+00 2.776594189524607126e-01 2.731340951617889923e-01 6.348032905466055196e-04 2.531358932363436179e+04
1.344028082638708543e+00 2.864454473582861427e-01 2.820034215615754292e-01 7.569412537768826620e-04 2.743813599910244011e+04
1.422599565533279709e+00 3.082821805103452273e-01 3.030395787059036450e-01 8.427704179039866537e-04 2.706217716831153302e+04
1.501167734229200246e+00 3.287592122716673781e-01 3.221067567536525789e-01 1.002658305718550540e-03 2.859856287726529990e+04
1.579733083222462531e+00 3.337543638602292750e-01 3.263773758876615250e-01 1.127194235221820086e-03 3.047270412396064057e+04
1.658296013281593151e+00 3.395201764460482052e-01 3.308723491994269295e-01 1.225724667832301480e-03 3.086462828121996790e+04
1.736856852652245875e+00 3.602982404201944822e-01 3.515611142951314272e-01 1.422315561239540253e-03 3.069852521741640521e+04
1.815415872753641580e+00 3.809871801997134488e-01 3.701990622172818268e-01 1.587848511525448078e-03 3.243141286272130674e+04
1.893973299967037560e+00 3.960137840430516531e-01 3.833307484134049203e-01 1.788911735156475643e-03 3.283310278165119234e+04
1.972529324606241641e+00 4.095524577415286527e-01 3.960170514566311306e-01 2.011956396526491404e-03 3.440021777644879330e+04
2.051084107826015579e+00 4.201577827658931064e-01 4.047134528813866039e-01 2.230632794737962693e-03 3.531707894014920748e+04
2.129637787001040561e+00 4.586250595964140309e-01 4.414365503074352826e-01 2.374840446346240808e-03 3.647824464117397292e+04
2.208190479956450680e+00 4.663519987232755404e-01 4.473247431513719952e-01 2.644967426614292308e-03 3.698313116726309090e+04
2.286742288326184092e+00 4.797758152037890911e-01 4.603443383209327444e-01 2.905863328299312497e-03 3.712594066153639869e+04
2.365293300241981811e+00 4.818749609598019790e-01 4.610332981240881089e-01 3.202665820718827040e-03 3.779810012898637069e+04
2.443843592503681883e+00 5.096486577550214392e-01 4.871571631369563393e-01 3.530708279764581316e-03 3.930983601714813267e+04
2.522393232343909553e+00 5.318762313850022849e-01 5.086779068756862587e-01 3.688509609565341751e-03 3.972798652785807644e+04
2.600942278872942381e+00 5.495161752476137584e-01 5.239365990475256529e-01 4.127841858608169955e-03 4.119037073880535900e+04
2.679490784269383141e+00 5.648396373259189085e-01 5.370868459286950447e-01 4.506254437880259298e-03 4.061057679786306107e+04
2.758038794767343038e+00 5.852561983354219732e-01 5.552707393650980761e-01 4.775598618619676140e-03 4.194946999552124907e+04
2.836586351479573942e+00 6.150933319179832104e-01 5.832104291548095842e-01 5.235381588066088769e-03 4.328967764803580212e+04
2.915133491087511963e+00 6.271631922188535269e-01 5.933787148775966358e-01 5.638068533988399057e-03 4.314353795419207017e+04
2.993680246422668834e+00 6.494312361860812288e-01 6.139698411778504727e-01 5.979454259427004550e-03 4.297948724773991853e+04
3.072226646958827967e+00 6.754320864930365431e-01 6.357573447801908584e-01 6.467455429461546612e-03 4.448280743116177473e+04
3.150772719230606977e+00 6.753202277280410115e-01 6.367456928662301729e-01 6.780035358586367425e-03 4.455493691610338283e+04
3.229318487190934395e+00 6.937920385290640146e-01 6.528349964986689402e-01 7.326589166820799033e-03 4.522699894810243131e+04
3.307863972517584905e+00 7.251266996338215920e-01 6.793416231974441777e-01 7.774838143036469015e-03 4.566741825201184110e+04
3.386409194877053608e+00 7.417549082219639933e-01 6.939246648971976184e-01 8.378836655861655533e-03 4.719326970425174659e+04
3.464954172152534095e+00 7.578058580998523475e-01 7.095100567477290454e-01 8.836454469378023091e-03 4.689223471553292620e+04
3.543498920641575456e+00 7.906060389129409005e-01 7.382313759737201275e-01 9.310618228786303810e-03 4.809558765037584089e+04
3.622043455228019404e+00 7.936630554329534570e-01 7.411895130024479528e-01 9.960093495394296489e-03 4.794941788751901913e+04
3.700587789532037597e+00 8.337931516094669870e-01 7.750942060360638264e-01 1.050982165902394384e-02 4.860649287412197009e+04
3.779131936041457696e+00 8.373942119497771452e-01 7.793002823685165614e-01 1.118887482644072805e-02 4.949119864343674999e+04
3.857675906227046259e+00 8.552585188008795525e-01 7.947627351346054914e-01 1.180907796652868116e-02 5.008868166587933956e+04
3.936219710643986680e+00 8.866542177870224695e-01 8.217065593044354799e-01 1.238167577043466222e-02 5.057881442910162150e+04
4.014763359021444877e+00 9.065178944102655345e-01 8.402037630838383730e-01 1.297000967654589332e-02 4.994571026688417624e+04
4.093306860341824560e+00 9.304838211930070990e-01 8.617477993137948600e-01 1.349886548490362298e-02 5.110120213726405927e+04
4.171850222911064776e+00 9.526907885256725717e-01 8.810140761615827820e-01 1.428504831302636509e-02 5.186142419375202735e+04
4.250393454421145911e+00 9.634017961889830284e-01 8.895393737581059890e-01 1.497228094436431171e-02 5.169711883890657191e+04
4.328936562005788247e+00 9.784226466958458879e-01 9.044365781152620132e-01 1.543137421267949672e-02 5.278653486964391777e+04
4.407479552290201497e+00 1.014214847859131519e+00 9.348463053376853127e-01 1.630411013465543971e-02 5.249917153680975753e+04
4.486022431435594982e+00 1.029193533377482872e+00 9.470808348734851556e-01 1.702111873813834733e-02 5.356099614380494313e+04
4.564565205179107465e+00 1.063442499268375530e+00 9.782682666810206262e-01 1.787175045027521517e-02 5.390044048893779836e+04
4.643107878869670024e+00 1.068812412265542466e+00 9.801735343197532924e-01 1.863453070897003183e-02 5.440656695150650921e+04
4.721650457500300213e+00 1.090835180374441826e+00 1.002797885363968078e+00 1.927777471350603303e-02 5.443447345954841876e+04
4.800192945737217443e+00 1.125389084911686322e+00 1.030193297401731156e+00 2.030601957938903829e-02 5.493777630101225805e+04
4.878735347946150824e+00 1.131047606398039918e+00 1.036718786570045125e+00 2.124669527063979824e-02 5.573853685280299396e+04
4.957277668216146793e+00 1.165168286694876043e+00 1.064169578545638650e+00 2.223676439660594167e-02 5.563213476461754180e+04
5.035819910381144737e+00 1.189894733537369298e+00 1.086688720353690796e+00 2.314483557272260100e-02 5.536129483482908836e+04
5.114362078039562221e+00 1.212040492491956778e+00 1.106511628359288180e+00 2.391143711586195264e-02 5.648068368552077300e+04
5.192904174572115394e+00 1.218175450502396062e+00 1.109674511169986610e+00 2.498211520539161956e-02 5.682735791130351572e+04
5.271446203158030919e+00 1.248251844490806395e+00 1.135885879272898080e+00 2.614026882126438758e-02 5.718772743277214613e+04
5.349988166789838573e+00 1.261711444993875553e+00 1.147711211531964093e+00 2.700645633760440784e-02 5.758314048236961389e+04
5.428530068286878674e+00 1.307799348451527566e+00 1.188890648386663029e+00 2.815305826565166550e-02 5.777162829540659004e+04
5.507071910307648643e+00 1.315286169454092713e+00 1.191337652925672064e+00 2.946880301214689982e-02 5.795836738483580120e+04
5.585613695361120179e+00 1.352728626898956454e+00 1.227971753885604755e+00 3.032556154180978888e-02 5.888761042563868978e+04
5.664155425817094525e+00 1.371043098567911844e+00 1.243698564144480878e+00 3.134904230328847824e-02 5.877465336355293402e+04
5.742697103915729961e+00 1.384830484631960790e+00 1.256539833782614801e+00 3.215725117716709130e-02 5.869857930289070646e+04
5.821238731776284148e+00 1.404787529370916666e+00 1.273504770443155909e+00 3.352514941412104016e-02 5.903506542765397899e+04
5.899780311405160127e+00 1.429838331195042223e+00 1.294763163418275465e+00 3.472858297964798169e-02 5.972343937679858936e+04
5.978321844703323507e+00 1.450403880166786008e+00 1.313611103605741626e+00 3.600899265385971298e-02 6.022195006875246327e+04
6.056863333473133437e+00 1.476923516568722450e+00 1.335215629754662237e+00 3.727858872512110344e-02 6.068206745137949474e+04
6.135404779424661115e+00 1.513107017234619489e+00 1.366193229361446937e+00 3.810159301202484944e-02 6.079389727580812905e+04
6.213946184181517118e+00 1.521745449981631637e+00 1.377127892415586308e+00 3.898844906231021396e-02 6.094954157471302460e+04
6.292487549286247983e+00 1.566200052848330193e+00 1.413010883647142668e+00 4.059657273889793333e-02 6.146002409982700919e+04
6.371028876205335756e+00 1.569227939265640748e+00 1.419152070473058025e+00 4.174872976002808739e-02 6.132267225158455403e+04
6.449570166333828070e+00 1.582369296084529475e+00 1.425164870462775069e+00 4.319033707415210338e-02 6.170521986891552660e+04
6.528111420999634262e+00 1.620649571253997223e+00 1.459276167022893755e+00 4.536337123715925013e-02 6.132213353568148159e+04
6.606652641467518627e+00 1.638724559466724795e+00 1.472550792439496270e+00 4.656937384254128398e-02 6.176944698146695737e+04
6.685193828942805006e+00 1.676075568751522527e+00 1.507824740342722292e+00 4.750523091044150242e-02 6.163843002847317985e+04
6.763734984574836240e+00 1.671911942299606713e+00 1.502344702445895797e+00 4.942979361783355480e-02 6.175805333188350050e+04
6.842276109460177835e+00 1.715989986361813324e+00 1.539110899775579799e+00 5.099470781450681639e-02 6.224309689531984623e+04
6.920817204645620890e+00 1.735181438932123177e+00 1.556938657590496877e+00 5.229889109694374483e-02 6.292014440570000443e+04
6.999358271130968312e+00 1.764679112409459405e+00 1.581890300860220755e+00 5.393623536541645308e-02 6.321350185169476026e+04
7.077899309871646949e+00 1.786638699428391153e+00 1.604593217663800697e+00 5.463412224787674715e-02 6.305537417845523305e+04
7.156440321781138536e+00 1.808301473360016454e+00 1.622487313307386270e+00 5.665951764993639589e-02 6.263291642870411306e+04
7.234981307733260536e+00 1.851201666596395068e+00 1.659295110254867200e+00 5.864939260539063504e-02 6.336237056551669957e+04
7.313522268564292439e+00 1.848338485988834323e+00 1.654618748562963093e+00 6.019846930796288881e-02 6.330923226418255945e+04
7.392063205074973276e+00 1.875779716971229805e+00 1.682012332159667833e+00 6.167156107298437523e-02 6.322671296289501333e+04
7.470604118032365015e+00 1.901024844864217078e+00 1.700654188123397192e+00 6.359847799370677013e-02 6.371676439187656797e+04
7.549145008171610272e+00 1.901050719483679430e+00 1.699781878431099846e+00 6.459972284874974935e-02 6.414627196098866261e+04
7.627685876197570103e+00 1.940242996501490014e+00 1.735026135535398195e+00 6.621250853375855450e-02 6.408230592067659018e+04
7.706226722786373884e+00 1.970849630318237233e+00 1.759850474668780196e+00 6.811675660815401379e-02 6.401761517624636326e+04
7.784767548586863484e+00 1.974360086364968403e+00 1.766551766775467325e+00 7.066362218430462250e-02 6.357523969247399509e+04
7.863308354221953955e+00 2.012912882708001838e+00 1.795842922490286098e+00 7.184729785616707221e-02 6.452496911056486715e+04
7.941849140289923170e+00 2.043784337688307584e+00 1.825202210141190662e+00 7.444419971070680153e-02 6.374646247786041204e+04
8.020389907365611748e+00 2.062631474793988673e+00 1.840013380659856201e+00 7.534775503495620697e-02 6.488913355495116411e+04
8.098930656001561701e+00 2.081336792266923474e+00 1.857078313331191666e+00 7.827098015073710724e-02 6.465372277349034994e+04
8.177471386729090241e+00 2.107289772596604216e+00 1.880840627103010920e+00 7.944046882253255615e-02 6.446880536051748641e+04
8.256012100059292536e+00 2.138514338242807789e+00 1.907854642990119531e+00 8.136548088965786518e-02 6.486334355357749155e+04
8.334552796484000936e+00 2.142131601790515205e+00 1.907540474706745925e+00 8.340738822692100873e-02 6.474804157901927101e+04
8.413093476476680266e+00 2.174613276815909213e+00 1.935552234348306033e+00 8.501907997111630977e-02 6.452946562339572120e+04
8.491634140493276917e+00 2.207654713963967730e+00 1.968600173931647879e+00 8.703676387379198631e-02 6.473842893890812411e+04
8.570174788973028868e+00 2.213345642547860592e+00 1.974084268382416019e+00 8.884407313397332806e-02 6.474696880782154039e+04
8.648715422339215309e+00 2.235024586574823502e+00 1.991152019072408352e+00 9.117752559769250198e-02 6.510483665024802758e+04
8.727256040999876063e+00 2.255984928443606208e+00 2.009999300823835267e+00 9.301182792083774464e-02 6.447164011230889446e+04
8.805796645348495488e+00 2.285113217532036778e+00 2.038463672677309546e+00 9.500331113331444977e-02 6.448973145098348323e+04
8.884337235764643737e+00 2.299987502133884476e+00 2.046868195779847355e+00 9.685152693268116175e-02 6.472507032768373028e+04
8.962877812614589601e+00 2.327825798873203400e+00 2.071089271673025145e+00 9.924248128805446267e-02 6.547703926421534561e+04
9.041418376251867173e+00 2.351498707361798779e+00 2.092531122390898890e+00 1.010651707383127540e-01 6.544387351537551876e+04
9.119958927017840722e+00 2.357703830462690942e+00 2.097621762424180414e+00 1.038986673331063065e-01 6.535448852283629822e+04
9.198499465242209183e+00 2.396495242659258729e+00 2.128184810973655861e+00 1.060127973713185234e-01 6.515879101797093608e+04
9.277039991243508865e+00 2.412279800718192035e+00 2.141082015406381434e+00 1.080847428009821115e-01 6.465152668423490104e+04
9.355580505329580632e+00 2.446153219332657169e+00 2.172345839960358127e+00 1.112880664970224975e-01 6.516491832033347600e+04
9.434121007798012215e+00 2.459141170334358417e+00 2.185136187756270498e+00 1.125481443105818963e-01 6.534871105246366642e+04
9.512661498936562765e+00 2.502051001762509497e+00 2.222575770190923450e+00 1.149704173074230368e-01 6.544177457938407315e+04
9.591201979023569635e+00 2.507840340613283647e+00 2.227215074646111681e+00 1.183727959969010507e-01 6.510061777698365768e+04
9.669742448328321416e+00 2.529415685837783201e+00 2.244907222269365565e+00 1.208761618690124134e-01 6.498053727846483525e+04
9.748282907111432749e+00 2.561188666587705942e+00 2.268792119023567810e+00 1.227120778224609771e-01 6.511635493198643235e+04
9.826823355625185386e+00 2.567647837956975376e+00 2.279728841556102115e+00 1.248246223624685097e-01 6.490297461112288147e+04
9.905363794113858589e+00 2.589920017949033149e+00 2.292886200238752892e+00 1.278331514068676289e-01 6.506674421348174656e+04
9.983904222814045326e+00 2.607442761209369131e+00 2.309522992541729103e+00 1.305456322634925836e-01 6.465688827343338926e+04
1.006244464195495070e+01 2.638380374002024631e+00 2.341929381034376867e+00 1.318557389686902392e-01 6.482921237124148320e+04
1.014098505175868148e+01 2.640036241592940591e+00 2.342495132386662959e+00 1.356432454895917517e-01 6.480424924978313356e+04
1.021952545244051613e+01 2.678109877324455823e+00 2.373405479831055764e+00 1.376016732750500460e-01 6.499591298709841067e+04
1.029806584420916415e+01 2.708629123990613508e+00 2.398966601355816408e+00 1.407773801334229469e-01 6.453794750541794929e+04
1.037660622726701654e+01 2.715213888600771064e+00 2.409221910010017620e+00 1.428720943352566886e-01 6.484831184405547538e+04
1.045514660181038380e+01 2.737553041655372166e+00 2.424122217181019501e+00 1.459568426614281655e-01 6.444144450361829513e+04
1.053368696802971982e+01 2.754894990960629730e+00 2.441882571083192399e+00 1.469461965076089283e-01 6.470001177598761569e+04
1.061222732610984210e+01 2.779613738715853710e+00 2.459548854219923975e+00 1.522969761940083100e-01 6.465839956906291627e+04
1.069076767623013779e+01 2.807672443346475699e+00 2.488263253145799769e+00 1.548427656947906905e-01 6.457253461838077055e+04
1.076930801856475739e+01 2.824433471565032772e+00 2.499162854220698726e+00 1.579065706380780587e-01 6.458521492722063704e+04
1.084784835328281005e+01 2.848503866303192300e+00 2.522125545069063612e+00 1.607925193144040532e-01 6.437594114689795242e+04
1.092638868054854306e+01 2.879192044485340496e+00 2.546355127145584429e+00 1.623290233213582345e-01 6.427610809835808323e+04
1.100492900052151413e+01 2.899954920132197245e+00 2.575663671711116987e+00 1.656952716890699173e-01 6.421201448435538623e+04
1.108346931335675833e+01 2.917057008350144809e+00 2.586415408912084768e+00 1.690990823632892992e-01 6.369949863980785449e+04
1.116200961920494805e+01 2.935869335421796400e+00 2.600393227410532138e+00 1.716350434940434044e-01 6.393616377490987361e+04
1.124054991821254212e+01 2.938048334977324760e+00 2.602976586941109893e+00 1.744946291378090264e-01 6.384134267890615592e+04
1.131909021052193687e+01 2.950506007478553627e+00 2.612971530871738057e+00 1.772711036133846341e-01 6.364517223678935261e+04
1.139763049627160285e+01 2.972895804789023710e+00 2.632339834753119057e+00 1.805397248860858284e-01 6.350780902367402450e+04
1.147617077559622167e+01 2.997738956823939649e+00 2.661753277170822329e+00 1.839008753711614264e-01 6.358999585946913430e+04
1.155471104862680853e+01 3.034026354075674892e+00 2.690480423677120481e+00 1.866275989753146125e-01 6.337019205455854535e+04
1.163325131549084368e+01 3.057634572647997651e+00 2.710772291562541625e+00 1.898406395137625102e-01 6.353465133765435166e+04
1.171179157631238787e+01 3.057843037702315581e+00 2.713447082580750180e+00 1.931914704871257049e-01 6.315664377147566847e+04
1.179033183121219608e+01 3.085231299346332445e+00 2.738504042713037823e+00 1.961298198065368481e-01 6.287361088061886403e+04
1.186887208030782759e+01 3.110843242388174001e+00 2.755762843375723747e+00 2.001825964180906636e-01 6.282492266719001782e+04
1.194741232371374728e+01 3.122793736345235605e+00 2.770816835725892435e+00 2.040252278764330685e-01 6.291178466795529675e+04
1.202595256154143222e+01 3.129291445819124995e+00 2.778101956963663799e+00 2.062974381598777496e-01 6.255542265639372636e+04
1.210449279389946753e+01 3.148046007295864257e+00 2.793339301290864718e+00 2.099672126409751205e-01 6.235339010550817329e+04
1.218303302089363527e+01 3.159214555288242465e+00 2.804050266742772024e+00 2.135435806355557575e-01 6.243319399531545059e+04
1.226157324262700676e+01 3.180797653927106339e+00 2.823498867517711730e+00 2.161842922837430014e-01 6.253597602766630735e+04
1.234011345920003322e+01 3.214325602967035955e+00 2.852586974690134447e+00 2.199175204476584156e-01 6.227990148933677847e+04
1.241865367071062565e+01 3.217651319074211980e+00 2.854980366516807422e+00 2.249016257871664926e-01 6.195626297639303812e+04
1.249719387725422415e+01 3.251410779036959742e+00 2.889148890766383371e+00 2.268057073619154929e-01 6.169192278678844013e+04
1.257573407892389383e+01 3.265578943745649276e+00 2.900775489444843203e+00 2.315837447556347573e-01 6.174130354898971564e+04
1.265427427581038877e+01 3.280663966983184743e+00 2.915242712024444405e+00 2.339532192366381713e-01 6.154138723988768470e+04
1.273281446800221772e+01 3.293590897832757047e+00 2.923547791924574923e+00 2.376711116930513845e-01 6.133425429374621308e+04
1.281135465558572584e+01 3.322202853790530153e+00 2.953816880741801487e+00 2.414587038818535591e-01 6.123034409115745075e+04
1.288989483864514796e+01 3.349347250019577782e+00 2.973226352244242143e+00 2.452865666126212429e-01 6.091666746076948766e+04
1.296843501726268322e+01 3.367525824677708446e+00 2.993848141038881305e+00 2.487310385908394206e-01 6.103496502515260363e+04
1.304697519151855190e+01 3.361986348353976695e+00 2.989538217797412134e+00 2.518857087068122058e-01 6.088127962386811123e+04
1.312551536149104692e+01 3.377287014243728791e+00 2.999608559536046659e+00 2.565595905759687767e-01 6.068079265822950401e+04
1.320405552725660492e+01 3.404075109549613121e+00 3.027276329770958618e+00 2.605838461663756433e-01 6.027166821428315598e+04
1.328259568888985243e+01 3.424761120205073617e+00 3.042552866432957970e+00 2.641390073282749440e-01 6.020325337865448091e+04
1.336113584646366270e+01 3.444573783310878490e+00 3.058986366648091426e+00 2.682852523915351117e-01 6.002309059517180140e+04
1.343967600004920548e+01 3.448026245857113814e+00 3.061989524041734079e+00 2.724445645979930997e-01 5.996223953471821733e+04
1.351821614971599317e+01 3.465347301021523219e+00 3.078775467344527339e+00 2.762262728973203241e-01 5.990268615806555317e+04
1.359675629553193588e+01 3.476222381240981374e+00 3.093462948493743259e+00 2.794509504021727708e-01 5.960225620500920195e+04
1.367529643756338231e+01 3.489948029747057756e+00 3.105001576980466194e+00 2.835252457929357539e-01 5.948160096611973859e+04
1.375383657587516595e+01 3.526596122473890649e+00 3.136407370562271257e+00 2.892518510198302528e-01 5.914447557712943672e+04
1.383237671053064766e+01 3.539088248910200019e+00 3.145246388680269511e+00 2.929256415655432377e-01 5.916047596049385174e+04
1.391091684159175834e+01 3.561987293476001071e+00 3.166010628478159727e+00 2.964613360250534235e-01 5.888380731491559709e+04
1.398945696911903269e+01 3.582578532602989529e+00 3.186024735021416809e+00 2.995263969066991327e-01 5.887112607628295518e+04
1.406799709317166069e+01 3.600800527981759203e+00 3.200423550690294938e+00 3.058405639595759840e-01 5.870329341427054169e+04
1.414653721380751428e+01 3.612782170114983593e+00 3.214807665017643146e+00 3.081679507987648003e-01 5.858122746778750297e+04
1.422507733108318817e+01 3.629479135166309600e+00 3.230410564643988458e+00 3.137056856803261962e-01 5.825032111783762230e+04
1.430361744505403543e+01 3.644414581230521755e+00 3.243039280937855651e+00 3.184096172156428706e-01 5.826390840393787221e+04
1.438215755577419586e+01 3.662020097669814067e+00 3.262086177684929034e+00 3.221290612447064716e-01 5.768254537373174389e+04
1.446069766329663686e+01 3.681314497278444176e+00 3.282299944561386518e+00 3.265544475975144523e-01 5.773252974041883135e+04
1.453923776767318010e+01 3.699799159686128824e+00 3.295616683032289718e+00 3.307272444856967364e-01 5.745615128488646587e+04
1.461777786895453346e+01 3.709482585691821654e+00 3.306315156306577130e+00 3.357894029511531153e-01 5.732836980522564409e+04
1.469631796719032302e+01 3.719820894758615548e+00 3.315065572868115318e+00 3.407408914486062534e-01 5.680799340493942873e+04
1.477485806242911437e+01 3.735558128495271912e+00 3.333990038033807668e+00 3.448400217634731146e-01 5.713548693530681339e+04
1.485339815471844993e+01 3.766937957252709523e+00 3.354852790296491527e+00 3.497029354280791758e-01 5.683565929836955183e+04
1.493193824410487203e+01 3.778035791418507205e+00 3.367754550413094350e+00 3.534705058337401784e-01 5.671468113058853487e+04
1.501047833063394421e+01 3.793965627043264011e+00 3.380807524408938836e+00 3.591440909078232324e-01 5.654761938589654892e+04
1.508901841435028857e+01 3.802981110227629635e+00 3.400062716093477988e+00 3.632053451662876631e-01 5.637269533855815826e+04
1.516755849529759992e+01 3.836533527699337309e+00 3.421944728844709349e+00 3.689518241690334932e-01 5.603791395896198810e+04
1.524609857351867070e+01 3.839437381425895968e+00 3.427887274611037149e+00 3.721322992709038546e-01 5.598541636061715690e+04
1.532463864905541762e+01 3.859121047749202393e+00 3.446256637139229362e+00 3.769714755215730628e-01 5.569487415974512987e+04
1.540317872194890292e+01 3.886376804385001993e+00 3.467922191557254674e+00 3.833611155170985052e-01 5.566966725835685065e+04
1.548171879223935399e+01 3.901116430228591447e+00 3.479385737478953189e+00 3.874543999856952525e-01 5.540607885781928053e+04
1.556025885996618996e+01 3.907369886799442860e+00 3.489412028761206486e+00 3.917334668154173749e-01 5.517490582985473156e+04
1.563879892516803238e+01 3.925341507776276107e+00 3.510903457202495304e+00 3.963105624191863297e-01 5.503220071764183376e+04
1.571733898788273187e+01 3.938990091041419284e+00 3.522932450029066409e+00 4.022528196633934350e-01 5.500118217447887582e+04
1.579587904814739119e+01 3.968031405433613656e+00 3.547359310223979545e+00 4.086356990913245224e-01 5.482770062319793942e+04
1.587441910599837769e+01 3.982308880132774842e+00 3.566785661575146982e+00 4.128303493897817478e-01 5.447649108376778895e+04
1.595295916147133575e+01 4.001315496274804318e+00 3.579148034519856747e+00 4.169092326622340638e-01 5.420630522635840316e+04
1.603149921460121874e+01 4.023038811884479315e+00 3.598227852507171587e+00 4.239180496485106531e-01 5.418390971465943585e+04
1.611003926542229436e+01 4.019378766074512832e+00 3.594108518282889353e+00 4.288305361344078581e-01 5.389464331619576842e+04
1.618857931396816596e+01 4.070782824311299564e+00 3.641241549859909554e+00 4.342920810395393683e-01 5.399259867217893043e+04
1.626711936027179561e+01 4.084709029797036983e+00 3.658764881848142192e+00 4.382713961915842837e-01 5.360315418695836706e+04
1.634565940436549525e+01 4.085119247784542829e+00 3.656835749566530680e+00 4.450486968382067476e-01 5.354154591839597560e+04
1.642419944628097639e+01 4.106889613532088923e+00 3.683329044604580549e+00 4.494169081747042549e-01 5.331204469123175659e+04
1.650273948604932883e+01 4.125026136555124623e+00 3.692000256806819980e+00 4.563254039537243956e-01 5.338608399780371838e+04
1.658127952370107394e+01 4.142749849465016787e+00 3.714500775872773275e+00 4.604488927930746045e-01 5.297677950459464046e+04
1.665981955926614333e+01 4.156128483636545745e+00 3.729017775769561283e+00 4.658585738126228559e-01 5.291625197216877132e+04
1.673835959277390728e+01 4.181407859964515694e+00 3.754892324294617723e+00 4.714131566875846002e-01 5.277501440965798975e+04
1.681689962425318896e+01 4.189187662536016710e+00 3.757149615642272789e+00 4.776003327209321636e-01 5.266577360881440836e+04
1.689543965373228218e+01 4.214250139899270664e+00 3.784241810628107050e+00 4.834207300055053391e-01 5.241826972496272356e+04
1.697397968123895495e+01 4.230195662212681285e+00 3.797208935118419948e+00 4.882906755111434682e-01 5.226676914070755447e+04
1.705251970680045304e+01 4.253544730298965959e+00 3.813029960335915014e+00 4.944202786632648228e-01 5.225617495076345949e+04
1.713105973044353902e+01 4.259882634994878181e+00 3.824896261114295815e+00 4.998135157303113529e-01 5.209604267903165601e+04
1.720959975219447102e+01 4.284523332224824621e+00 3.849793668398588053e+00 5.061539836852577690e-01 5.189692009428632446e+04
1.728813977207903463e+01 4.304312289185439511e+00 3.869448990804913002e+00 5.139729835499090571e-01 5.188589354788872879e+04
1.736667979012256424e+01 4.315240725275190314e+00 3.884696625321234276e+00 5.196815730217199114e-01 5.161285677101676265e+04
1.744521980634991110e+01 4.342162334393378842e+00 3.903642911550288641e+00 5.248749417168925291e-01 5.147161321795154072e+04
1.752375982078550365e+01 4.345821710501270196e+00 3.914108274191984371e+00 5.287141791595977303e-01 5.126276098979271774e+04
1.760229983345331917e+01 4.371001776368367508e+00 3.935970510202022155e+00 5.357994771022149827e-01 5.123694613443040726e+04
1.768083984437692635e+01 4.387359787691877067e+00 3.954586397949242382e+00 5.411994756096634163e-01 5.114846786959623569e+04
1.775937985357945692e+01 4.436312120807506254e+00 3.989543057632165102e+00 5.488905743061101017e-01 5.105358006362744345e+04
1.783791986108364824e+01 4.433147464507602997e+00 3.995193071049245148e+00 5.555364846549520896e-01 5.076159091753951361e+04
1.791645986691183268e+01 4.449865627076579955e+00 4.013957057300978626e+00 5.618107095985876986e-01 5.073481145091204235e+04
1.799499987108595889e+01 4.480770074722152607e+00 4.033882116945952667e+00 5.685755751608855268e-01 5.070222210154853383e+04
1.807353987362759185e+01 4.494492535792170784e+00 4.053099503308689400e+00 5.737029258886640060e-01 5.058633347108504677e+04
1.815207987455791638e+01 4.509480351652965346e+00 4.060411935432272301e+00 5.806785715295761374e-01 5.023847571006963699e+04
1.823061987389775851e+01 4.535236929203434464e+00 4.086529532417044308e+00 5.857294100073388021e-01 5.040154996508915792e+04
1.830915987166758541e+01 4.547622549507103429e+00 4.108563648716408778e+00 5.916970882082277505e-01 5.033443536023163324e+04
1.838769986788751964e+01 4.596638711522184728e+00 4.149274873512966089e+00 6.010801362396364089e-01 5.028109989704914915e+04
1.846623986257733563e+01 4.595560519305602831e+00 4.148861414981806384e+00 6.066530509979081165e-01 5.006348228006253339e+04
1.854477985575647381e+01 4.614109546347920698e+00 4.166869283574744287e+00 6.136800032425345774e-01 5.013291022914885980e+04
1.862331984744404423e+01 4.647758942987415764e+00 4.204873660581940342e+00 6.201892952597085618e-01 4.995677699579184991e+04
1.870185983765884075e+01 4.662618473322359236e+00 4.217940719172899477e+00 6.271671628368924445e-01 4.998938959934752347e+04
1.878039982641934458e+01 4.682393530846718832e+00 4.241849278541120150e+00 6.322619017354593751e-01 5.005588487614561745e+04
1.885893981374372075e+01 4.708985855228896789e+00 4.258669353106639299e+00 6.406936114274273120e-01 4.988434710485424148e+04
1.893747979964983941e+01 4.730084024055321912e+00 4.280141160654657995e+00 6.458124288154216686e-01 4.975994659411066823e+04
1.901601978415527228e+01 4.764132740633399976e+00 4.317235549882698642e+00 6.533607595031578619e-01 4.979157796970985510e+04
1.909455976727730331e+01 4.779722136862377901e+00 4.336981329834440402e+00 6.619582218198641899e-01 4.976098645305043465e+04
1.917309974903293579e+01 4.797045766641011788e+00 4.348684415055006802e+00 6.673001421490364349e-01 4.978826802683935239e+04
1.925163972943889235e+01 4.818713687954125469e+00 4.370427527178777360e+00 6.761700099376708462e-01 4.954138155600449682e+04
1.933017970851161849e+01 4.851960067504049512e+00 4.399937178961423889e+00 6.845885718992390512e-01 4.963264694531990972e+04
1.940871968626730748e+01 4.882966006463137276e+00 4.427588481409832077e+00 6.921014866684115363e-01 4.970623904009844409e+04
1.948725966272188259e+01 4.910480094036090648e+00 4.456441897326108403e+00 6.994750703982279827e-01 4.964791606349513313e+04
1.956579963789100773e+01 4.921871745936912568e+00 4.469805826587584185e+00 7.051178198554183263e-01 4.952340799877572135e+04
1.964433961179010524e+01 4.961534845265256344e+00 4.504833827066573981e+00 7.158456018757896056e-01 4.963966194715198799e+04
1.972287958443434519e+01 4.977310884687688564e+00 4.521306741805364737e+00 7.211539936318845934e-01 4.966150623482782976e+04
1.980141955583865965e+01 5.002468937382515968e+00 4.542944672151726593e+00 7.301032970665526367e-01 4.965288604838498577e+04
1.987995952601774619e+01 5.045409200020438689e+00 4.586505986757002162e+00 7.384042701260360442e-01 4.983838034780159069e+04
1.995849949498606790e+01 5.065495496315684854e+00 4.603398534269397047e+00 7.445650016959939332e-01 4.989990126608007995e+04
2.003703946275786052e+01 5.072227704474769894e+00 4.620056226130577315e+00 7.531064163543026435e-01 4.978577719802733191e+04
2.011557942934713950e+01 5.089733046181365239e+00 4.631975557984199021e+00 7.610171432114566370e-01 4.985007516721124557e+04
2.019411939476770712e+01 5.127043368416580371e+00 4.677302277021112786e+00 7.671368654984133117e-01 4.955202593468293344e+04
2.027265935903314542e+01 5.118836086421675979e+00 4.673584579686548501e+00 7.745047377428063706e-01 4.943475543616377399e+04
2.035119932215682326e+01 5.145260114122231165e+00 4.684366380008708752e+00 7.816637834455233413e-01 4.925320648021982925e+04
2.042973928415191054e+01 5.151168036391954530e+00 4.699771291468734624e+00 7.907786582954484667e-01 4.922711667715104704e+04
2.050827924503137467e+01 5.157602738801816855e+00 4.706854459808297975e+00 7.952518511777015853e-01 4.898170537713191879e+04
2.058681920480798766e+01 5.184572972835818305e+00 4.736057476420384660e+00 8.060182418103071234e-01 4.889780880077827896e+04
2.066535916349431901e+01 5.175258627138496159e+00 4.727298676623938434e+00 8.099106780221035917e-01 4.848621293646323466e+04
2.074389912110275347e+01 5.181660672280052005e+00 4.742327012012403031e+00 8.185884048669965773e-01 4.845631902219010954e+04
2.082243907764548752e+01 5.193102208627800920e+00 4.746083188736366587e+00 8.255760292166778314e-01 4.822481185487746552e+04
2.090097903313453642e+01 5.223993766301913588e+00 4.772056503256647098e+00 8.356715607652938083e-01 4.801739916174087557e+04
2.097951898758173783e+01 5.229199003099718190e+00 4.780981748006061238e+00 8.435958027809572490e-01 4.788632104598405567e+04
2.105805894099874109e+01 5.239664749189071102e+00 4.796815677058372529e+00 8.510452194778005408e-01 4.765032362915693375e+04
2.113659889339703568e+01 5.233781178293527958e+00 4.798289740990373531e+00 8.574373873099254695e-01 4.753061011575972952e+04
2.121513884478793344e+01 5.257602025400174739e+00 4.827266497690576585e+00 8.682904815965677425e-01 4.730540537457062601e+04
2.129367879518258277e+01 5.263196400607349723e+00 4.828365739332949325e+00 8.755254226113902138e-01 4.715148743669253599e+04
2.137221874459196869e+01 5.274443892960953839e+00 4.839152706661762338e+00 8.824592978145294753e-01 4.689124615847301902e+04
2.145075869302691274e+01 5.277634297727179735e+00 4.840154436020487339e+00 8.935886216617182631e-01 4.687864045971218729e+04
2.152929864049807307e+01 5.297488166537963394e+00 4.873421162673150953e+00 8.998387538810191932e-01 4.660688620472945331e+04
2.160783858701596571e+01 5.293815365930420569e+00 4.869965569533195371e+00 9.076772953099226937e-01 4.666859370636380481e+04
2.168637853259094683e+01 5.320238829348484799e+00 4.892804457911437588e+00 9.159674808992545048e-01 4.629803732833834511e+04
2.176491847723321982e+01 5.352297868755761634e+00 4.916612413739597898e+00 9.278246530965943428e-01 4.612864665854111809e+04
2.184345842095285306e+01 5.330029858941809806e+00 4.904664489861791488e+00 9.317344500981512567e-01 4.595193980193941388e+04
2.192199836375975508e+01 5.336928971728129412e+00 4.927488201491519781e+00 9.426548366133031820e-01 4.591199551007319678e+04
2.200053830566371005e+01 5.363726982958907818e+00 4.944148232890346328e+00 9.504486859136325183e-01 4.581357141567143844e+04
2.207907824667434582e+01 5.363928478141412270e+00 4.944323759500986348e+00 9.585446501504065742e-01 4.564872262408340612e+04
2.215761818680116590e+01 5.378552214855720770e+00 4.953484481044441168e+00 9.682150184550663008e-01 4.554024229880984785e+04
2.223615812605353526e+01 5.396850534243823994e+00 4.984891306777455178e+00 9.771125045532815800e-01 4.535293235425467719e+04
2.231469806444068738e+01 5.390831374948393595e+00 4.970978164321866899e+00 9.858629340090071524e-01 4.518842970759742457e+04
2.239323800197172432e+01 5.401887905925227606e+00 4.988487208844810894e+00 9.911989791586677256e-01 4.517190432003947353e+04
2.247177793865562023e+01 5.417887772028440629e+00 5.015421547168601002e+00 1.002098126072213047e+00 4.495399936426919885e+04
2.255031787450123204e+01 5.434232308650744692e+00 5.021526378107689759e+00 1.012216317361647633e+00 4.480488455422998959e+04
2.262885780951728165e+01 5.431673796015495270e+00 5.028697465232119690e+00 1.018972812461468980e+00 4.470606151556928671e+04
2.270739774371238440e+01 5.458525309486982557e+00 5.054888449784233018e+00 1.030590698638953029e+00 4.447557666043587233e+04
2.278593767709502771e+01 5.473095792577222340e+00 5.062950643162555053e+00 1.039501976195881028e+00 4.436358408906258410e+04
2.286447760967358178e+01 5.462987669139203639e+00 5.065888683821350824e+00 1.045317354401060994e+00 4.418524906030149577e+04
2.294301754145629957e+01 5.488209806371057375e+00 5.088524421345359983e+00 1.054057697539440008e+00 4.405098496898694430e+04
2.302155747245133455e+01 5.498669287176756626e+00 5.105854642808036914e+00 1.064054505228692049e+00 4.399496880119242996e+04
2.310009740266672296e+01 5.496800522839022207e+00 5.095766348691142866e+00 1.071993130265293415e+00 4.404238800084078684e+04
2.317863733211038380e+01 5.514724387477757617e+00 5.126781444840781354e+00 1.076659827731641483e+00 4.381947996704918478e+04
2.325717726079013303e+01 5.525625947554066997e+00 5.134722146844964641e+00 1.089281207419626751e+00 4.363935967047735176e+04
2.333571718871368716e+01 5.520892445449760544e+00 5.140398654048055072e+00 1.094537002377119039e+00 4.339467142137136398e+04
2.341425711588865965e+01 5.542882717466161679e+00 5.164482084432224340e+00 1.103797432747613216e+00 4.321529618199417018e+04
2.349279704232255384e+01 5.576859649176377332e+00 5.189123867409484170e+00 1.114203440911904153e+00 4.329375855961065099e+04
2.357133696802278067e+01 5.577962672537681854e+00 5.201706255611482810e+00 1.122603924017614663e+00 4.307115522495024197e+04
2.364987689299664453e+01 5.581416752757449196e+00 5.209117956867181043e+00 1.133377261809094039e+00 4.298946086581641430e+04
2.372841681725136453e+01 5.589591322832635711e+00 5.227353897987367048e+00 1.146257496973187129e+00 4.297648371349303488e+04
2.380695674079405322e+01 5.619678246834920010e+00 5.241654150857936401e+00 1.153431976198490139e+00 4.263514087290245516e+04
2.388549666363174140e+01 5.626465414562688672e+00 5.267249813169365247e+00 1.162443837249734324e+00 4.287030037377416011e+04
2.396403658577134976e+01 5.622897502266094527e+00 5.251237067520308166e+00 1.172125717017101776e+00 4.269976510733542091e+04
2.404257650721972439e+01 5.665414391767098934e+00 5.307192425922218071e+00 1.179633403924380319e+00 4.246304430453911482e+04
2.412111642798362254e+01 5.654161715621380147e+00 5.298435658077898402e+00 1.187076790811866456e+00 4.249624646844188101e+04
2.419965634806970556e+01 5.680264065386662509e+00 5.325208962518730438e+00 1.200385298301212877e+00 4.211839667377158185e+04
2.427819626748454596e+01 5.701934262366452622e+00 5.342168102724976109e+00 1.209677976975109814e+00 4.232921194773069146e+04
2.435673618623464520e+01 5.716642803826727182e+00 5.356290624712435999e+00 1.222196729862687459e+00 4.201014593113318551e+04
2.443527610432640529e+01 5.712806632463619749e+00 5.368678542870295445e+00 1.229309604488642460e+00 4.208117463062595198e+04
2.451381602176616425e+01 5.740431908982668752e+00 5.390414391483171030e+00 1.240655324048320685e+00 4.198692565051111887e+04
2.459235593856016067e+01 5.744630411614045862e+00 5.397303030431970683e+00 1.249344386945121288e+00 4.200111795210740092e+04
2.467089585471456203e+01 5.753301869503681054e+00 5.410683143292660091e+00 1.259584637006905261e+00 4.177947825683961128e+04
2.474943577023546126e+01 5.779556237796628970e+00 5.444280453491264105e+00 1.272339196699681318e+00 4.185573939946302562e+04
2.482797568512887310e+01 5.772383506425199151e+00 5.442923296049941406e+00 1.285019568408199753e+00 4.164547169783719437e+04
2.490651559940072346e+01 5.769161000997267585e+00 5.454518416364832589e+00 1.290404223079607338e+00 4.156865153922978789e+04
2.498505551305688144e+01 5.809680404855290803e+00 5.471085899564335442e+00 1.304792752627985886e+00 4.133878111796566373e+04
2.506359542610313440e+01 5.825941605377753518e+00 5.488654641549183033e+00 1.315879867333379583e+00 4.140446930784963479e+04
2.514213533854519511e+01 5.830399612274091758e+00 5.505763183862146803e+00 1.329938039056484333e+00 4.143000209540141077e+04
2.522067525038871239e+01 5.874827147901215518e+00 5.549579413423697538e+00 1.340373097169292649e+00 4.121573788881819200e+04
2.529921516163925688e+01 5.880985141467369282e+00 5.567734015426544225e+00 1.352841809736748502e+00 4.111828274005561252e+04
2.537775507230233529e+01 5.906694775849495649e+00 5.585787564328501098e+00 1.360199370166763844e+00 4.139230840518976038e+04
2.545629498238338684e+01 5.909650405442586241e+00 5.600885693259595399e+00 1.369797691165865139e+00 4.130628211445850320e+04
2.553483489188777966e+01 5.909014442211224960e+00 5.596563048552590125e+00 1.385210580004521130e+00 4.114827684212543681e+04
2.561337480082082152e+01 5.938895763492633151e+00 5.614497638504801102e+00 1.397029488815969556e+00 4.111711652874034189e+04
2.569191470918774911e+01 5.970967651294902367e+00 5.679669005168128670e+00 1.408755539332118056e+00 4.106984560758656153e+04
2.577045461699373874e+01 5.963359907630561452e+00 5.673607547492051317e+00 1.414089089950667955e+00 4.089929147702490445e+04
2.584899452424390631e+01 6.016451340086787170e+00 5.709393532172334140e+00 1.434058065987724007e+00 4.088661413081055798e+04
2.592753443094329668e+01 6.044463502150782652e+00 5.744674702614503303e+00 1.444312707120078532e+00 4.097469561650245305e+04
2.600607433709690852e+01 6.027010862760727505e+00 5.741919500924729469e+00 1.453367436663166146e+00 4.093988190372891404e+04
2.608461424270966944e+01 6.035028036145259733e+00 5.752228807339613503e+00 1.465425882452770834e+00 4.084405186767590931e+04
2.616315414778644310e+01 6.062029984357261370e+00 5.786705881703048782e+00 1.474365494541203025e+00 4.076170787243593077e+04
2.624169405233205055e+01 6.082322910843151575e+00 5.802859787744552911e+00 1.491268592775021773e+00 4.074805680450700311e+04
2.632023395635124174e+01 6.115321759347866148e+00 5.831506426191125136e+00 1.505086362979040304e+00 4.071964958378855226e+04
2.639877385984871694e+01 6.108236839544186836e+00 5.823617254355938577e+00 1.519108902413887519e+00 4.074067797464880277e+04
2.647731376282911953e+01 6.144669704735053806e+00 5.869812797601451138e+00 1.531474292562506001e+00 4.073856153105963313e+04
2.655585366529703606e+01 6.173076724711124896e+00 5.899068848105595286e+00 1.545198417297517279e+00 4.065682126212699950e+04
2.663439356725699980e+01 6.187208406456295329e+00 5.915860240968956241e+00 1.555429626925743936e+00 4.050751096149948717e+04
2.671293346871349428e+01 6.250296020004272535e+00 5.972076954737170595e+00 1.572682961508805599e+00 4.067033490934246947e+04
2.679147336967094617e+01 6.246630702559204273e+00 5.977538423062256356e+00 1.574709915019549822e+00 4.070506276741727925e+04
2.687001327013372531e+01 6.242511122336723339e+00 5.969928743049094599e+00 1.589478473601221964e+00 4.062036684772645822e+04
2.694855317010616602e+01 6.270838210686892289e+00 6.007511732602278443e+00 1.604701321650041868e+00 4.044964671113465738e+04
2.702709306959254221e+01 6.293255719713134688e+00 6.043552581238933463e+00 1.633503093210199708e+00 4.066387760811556655e+04
2.710563296859707094e+01 6.300832615333903597e+00 6.042216601569322165e+00 1.633292111168181737e+00 4.050496690391335142e+04
2.718417286712393377e+01 6.332082066273222232e+00 6.084067149900066696e+00 1.661518674676317531e+00 4.038528152428765316e+04
2.726271276517725894e+01 6.370707816004647306e+00 6.107790639600962912e+00 1.666376515449064399e+00 4.068299086669117969e+04
2.734125266276112498e+01 6.367744605853252082e+00 6.123310079720841514e+00 1.664830381025385275e+00 4.044543002603674540e+04
2.741979255987956776e+01 6.363134067227041335e+00 6.151783484419810044e+00 1.688981004761311855e+00 4.046896075062647287e+04
2.749833245653658054e+01 6.378569007071531516e+00 6.163629765488495948e+00 1.696609324460271129e+00 4.036852706762293383e+04
2.757687235273609616e+01 6.375877480048655954e+00 6.144106106061832051e+00 1.717786576951458422e+00 4.026725823261837650e+04
2.765541224848202262e+01 6.398215470380748116e+00 6.184508894639279220e+00 1.722723230617491108e+00 4.024793265091469948e+04
2.773395214377820395e+01 6.404832153020228347e+00 6.199745610618252911e+00 1.738642589997515309e+00 4.007954407983379497e+04
2.781249203862845576e+01 6.390754975858714992e+00 6.191883915442157438e+00 1.749955442949677531e+00 3.997710611613918445e+04
2.789103193303654038e+01 6.398961888180557445e+00 6.177395891174037423e+00 1.771003326469523742e+00 4.002933740764286631e+04
2.796957182700618816e+01 6.467465635400531099e+00 6.239943092013338521e+00 1.788305267248544661e+00 3.987704662137988635e+04
2.804811172054107615e+01 6.445138454218666269e+00 6.256616569140075690e+00 1.795172597551484950e+00 3.957803021608762356e+04
2.812665161364485655e+01 6.466828480280414126e+00 6.277128812517331902e+00 1.806968742790100224e+00 3.981373937749138713e+04
2.820519150632112115e+01 6.449604465067547920e+00 6.259540625524949498e+00 1.831084995828796025e+00 3.930303937762052374e+04
2.828373139857343332e+01 6.428017583160571036e+00 6.253941779934260481e+00 1.826794465362460596e+00 3.938039274439391011e+04
2.836227129040531736e+01 6.432871711703976203e+00 6.268620140486127035e+00 1.838987576841632166e+00 3.902478085820945125e+04
2.844081118182025847e+01 6.453405358253218260e+00 6.294083652418865249e+00 1.860180265141063938e+00 3.882275793258607882e+04
2.851935107282169923e+01 6.411898243097176042e+00 6.256633991136939521e+00 1.877855902071797978e+00 3.859412694059567002e+04
2.859789096341304315e+01 6.468491861658738351e+00 6.313808915043277459e+00 1.903555875309403289e+00 3.866708217754512589e+04
2.867643085359765820e+01 6.436283759913254521e+00 6.284132434931875899e+00 1.907965113994675166e+00 3.821055605660180299e+04
2.875497074337888392e+01 6.432706950970148441e+00 6.314760427366648443e+00 1.916875681659427455e+00 3.837412261221613880e+04
2.883351063276001369e+01 6.440329707835512174e+00 6.291072579438267809e+00 1.938478648364319046e+00 3.821796451332990546e+04
2.891205052174430890e+01 6.420191533247964877e+00 6.306183914309489325e+00 1.948855015538210278e+00 3.783751956306870852e+04
2.899059041033499184e+01 6.440057524464682714e+00 6.318458793343000757e+00 1.979624018468530311e+00 3.799430907596016914e+04
2.906913029853525643e+01 6.452535435910874639e+00 6.353882227594523258e+00 1.977173579571715800e+00 3.787084897406647360e+04
2.914767018634825746e+01 6.486898680047520571e+00 6.399259495378734286e+00 2.003789972699714816e+00 3.768681942091770907e+04
2.922621007377712132e+01 6.438556705971821614e+00 6.380397267832465857e+00 2.010301565901640330e+00 3.741498012945827213e+04
2.930474996082492822e+01 6.440698347508972965e+00 6.364121072351978547e+00 2.040885445412613741e+00 3.763840942047775752e+04
2.938328984749474060e+01 6.501470438803362839e+00 6.460165243229817555e+00 2.043880596902283742e+00 3.730221893896423717e+04
2.946182973378957826e+01 6.493271204562398147e+00 6.426838639369401918e+00 2.051346431997264297e+00 3.737432035200795508e+04
2.954036961971243258e+01 6.512630908153416165e+00 6.469016346700795062e+00 2.071120433729233934e+00 3.709829357088764664e+04
2.961890950526625943e+01 6.506842605518409428e+00 6.458816326891308357e+00 2.099888784292146315e+00 3.754339977783080394e+04
2.969744939045398979e+01 6.557404322364115856e+00 6.509685246253627433e+00 2.102413385563991710e+00 3.707087615267303045e+04
2.977598927527852268e+01 6.598155575590161526e+00 6.545887860433235339e+00 2.128216455507799587e+00 3.717924717395992047e+04
2.985452915974272159e+01 6.572273596311565491e+00 6.547861740114596429e+00 2.130058402863223677e+00 3.703585102569376613e+04
2.993306904384942868e+01 6.648884686406503874e+00 6.586610969464461007e+00 2.137721380936298488e+00 3.707222267111787369e+04
3.001160892760143994e+01 6.568253686491201115e+00 6.592564345652879076e+00 2.168287154668061323e+00 3.704821061808263767e+04
3.009014881100154071e+01 6.589342604027360828e+00 6.632314163483677305e+00 2.181412964127691367e+00 3.697189378032325476e+04
3.016868869405248077e+01 6.643606752439245255e+00 6.617973282406119040e+00 2.199385376522925650e+00 3.685066673670030286e+04
3.024722857675697441e+01 6.693523520816619943e+00 6.673628183931452185e+00 2.193351554218471833e+00 3.711347760318428482e+04
3.032576845911771457e+01 6.673780943257267673e+00 6.675392893503167890e+00 2.227468497990052310e+00 3.659024952566076536e+04
3.040430834113736580e+01 6.690112370427774735e+00 6.675170865773498718e+00 2.247100718253790319e+00 3.712840454583358951e+04
3.048284822281856421e+01 6.684184863215414829e+00 6.711438137693177985e+00 2.255374662269025166e+00 3.701331887511355308e+04
3.056138810416392460e+01 6.726611367577459255e+00 6.777034816528342276e+00 2.275565325240398007e+00 3.685896689011420676e+04
3.063992798517602267e+01 6.690526115855206513e+00 6.770461843771609090e+00 2.295350665107180443e+00 3.703965431199785962e+04
3.071846786585741640e+01 6.757221635996397247e+00 6.812603649134480577e+00 2.327602769506454727e+00 3.706459703575733147e+04
3.079700774621063886e+01 6.676256634371898535e+00 6.756666039986953365e+00 2.341893890414021850e+00 3.673061544270918967e+04
3.087554762623818760e+01 6.761211046342469722e+00 6.840591037286094966e+00 2.358185292270408961e+00 3.670497473252227064e+04
3.095408750594254599e+01 6.804765837467646961e+00 6.885363583974970503e+00 2.392878903166126392e+00 3.695221717176342645e+04
3.103262738532617249e+01 6.827714380678175488e+00 6.868817856854660953e+00 2.400584046097102853e+00 3.698598713698435313e+04
3.111116726439149005e+01 6.831055094043825271e+00 6.863829053821966397e+00 2.413763947084837991e+00 3.727864783659172826e+04
3.118970714314090387e+01 6.954440696845232139e+00 7.000193095605933280e+00 2.436485108730058524e+00 3.701217633752158872e+04
3.126824702157679781e+01 6.910281664023787407e+00 6.961905232946817179e+00 2.449286963599826894e+00 3.699784840789808368e+04
3.134678689970152377e+01 6.950945739037559967e+00 6.959464524184757472e+00 2.501603219637439146e+00 3.668272991747679771e+04
3.142532677751741588e+01 6.990046489500041815e+00 7.027540971090960653e+00 2.513605853887136643e+00 3.690128105556841911e+04
3.150386665502678696e+01 6.978039141046969540e+00 7.028788653563184496e+00 2.536687075395339885e+00 3.734927456929792970e+04
3.158240653223192140e+01 7.053870114413824943e+00 7.135247587050862705e+00 2.531771791921601622e+00 3.687039724869900965e+04
3.166094640913508229e+01 7.116842106186067163e+00 7.124859904604023519e+00 2.562531170166593597e+00 3.758478323554827512e+04
3.173948628573851494e+01 7.095241893469284911e+00 7.228850950074177106e+00 2.581226649094905401e+00 3.685747279200983030e+04
3.181802616204443623e+01 7.104565301780353614e+00 7.204697937678434805e+00 2.670669219438749131e+00 3.711403346797213453e+04
3.189656603805504531e+01 6.984182359703877907e+00 7.242916735146290641e+00 2.642813044620874408e+00 3.722127900563803269e+04
3.197510591377251998e+01 7.184417553579670823e+00 7.305170230287958866e+00 2.634264306495270436e+00 3.809745502074208343e+04
3.205364578919900964e+01 7.192550376519861288e+00 7.359251830269733397e+00 2.718525260159756485e+00 3.758182012232998386e+04
3.213218566433665302e+01 7.203698142144743244e+00 7.233305579726979850e+00 2.728604291334053578e+00 3.783847390278690000e+04
3.221072553918755688e+01 7.247180280257534690e+00 7.314489240296293993e+00 2.775990712729578647e+00 3.786783061697815720e+04
3.228926541375382442e+01 7.275176311597425283e+00 7.345474773191520867e+00 2.734572301348197509e+00 3.848261031619017012e+04
3.236780528803751622e+01 7.305559487863014567e+00 7.390236548897344271e+00 2.803551402040441065e+00 3.829302302049170248e+04
3.244634516204068575e+01 7.349455788525014910e+00 7.415765980024482396e+00 2.820119431831813461e+00 3.848790639940759866e+04
3.252488503576537227e+01 7.408394083957848153e+00 7.466597298568938612e+00 2.848015718173276145e+00 3.785746400406836619e+04
3.260342490921358660e+01 7.414987855785833304e+00 7.530349706862716985e+00 2.860740310585844437e+00 3.912659556372612133e+04
3.268196478238731828e+01 7.540696845157055073e+00 7.776886285887774974e+00 2.889606299893612285e+00 3.862239400485583610e+04
3.276050465528854261e+01 7.536247336261693519e+00 7.640895421817271327e+00 2.937181154049064880e+00 3.876151714683416503e+04
3.283904452791921358e+01 7.665267803705249960e+00 7.756116960121905102e+00 2.967064775205888516e+00 3.933027870316155895e+04
3.291758440028127097e+01 7.697124649660947782e+00 7.886892874059801883e+00 3.016877422333634762e+00 3.903659737437964941e+04
3.299612427237663326e+01 7.606288272047510901e+00 7.705300734677740238e+00 2.952792895161006292e+00 3.926259085636483360e+04
3.307466414420719758e+01 7.749179251185130290e+00 7.920941155184856974e+00 3.025845950038619225e+00 3.974489781098006642e+04
3.315320401577483977e+01 7.696513943796337465e+00 7.692403588849261453e+00 2.939060662414097802e+00 3.988602906965769944e+04
3.323174388708143567e+01 7.646054420101705773e+00 7.818947888874191676e+00 3.058312831843234658e+00 3.926115129971779970e+04
3.331028375812883269e+01 7.773125990825245246e+00 7.775415618976779797e+00 3.029197204366078644e+00 3.927538641127619485e+04
3.338882362891884981e+01 7.699101811329845724e+00 7.792276772538922813e+00 3.026014749876531074e+00 4.015637854072415939e+04
3.346736349945329891e+01 8.118029362212709543e+00 8.350268214675240941e+00 3.057883148514344285e+00 3.948813960491985927e+04
3.354590336973399189e+01 7.983587707982129800e+00 8.377028676694116882e+00 3.187689560804974231e+00 4.059531746176762681e+04
3.362444323976268379e+01 8.067219134450981599e+00 8.112329889606632705e+00 3.159849931345744434e+00 4.063816540961190185e+04
3.370298310954115806e+01 8.026422639102710477e+00 8.007072040088390352e+00 3.100555470895451027e+00 3.954547468405029213e+04
3.378152297907114132e+01 8.110642382099415570e+00 8.196064104576921139e+00 3.111912945840678901e+00 3.912453156600969669e+04
3.386006284835436730e+01 7.974245589235166243e+00 7.969141172926711647e+00 3.144072644744609679e+00 3.962341344207974180e+04
3.393860271739255552e+01 8.076327627114840979e+00 8.300687408945664814e+00 2.957264320216920872e+00 3.888705120464963693e+04
3.401714258618739706e+01 7.814499290280608967e+00 8.615282338092123737e+00 3.348045545116060673e+00 4.288908155988249200e+04
3.409568245474058301e+01 8.317699766654698124e+00 8.635812715769374037e+00 3.347697502202753306e+00 4.202082071464162436e+04
3.417422232305376895e+01 7.944908166711535102e+00 8.512482794289805810e+00 3.397279997887820091e+00 4.240260211192011047e+04
3.425276219112861043e+01 8.113773545286944611e+00 8.149821767247994231e+00 3.355436635574654769e+00 4.194155442299727292e+04
3.433130205896674880e+01 7.534338387335651532e+00 8.400496223988833222e+00 3.828497629500696942e+00 3.707231989107043773e+04
3.440984192656979701e+01 8.491025951595442933e+00 8.570815628897415550e+00 3.132695347157615107e+00 4.028863223843193555e+04
3.448838179393936088e+01 8.612491776781691755e+00 8.283755566014747274e+00 3.354168391368898217e+00 4.381084643423515809e+04
3.456692166107702491e+01 9.731023685221245501e+00 8.929573190547802852e+00 3.569551759575701588e+00 4.129960314164734154e+04
3.464546152798438072e+01 1.174100692845486194e+01 8.032888152520021308e+00 3.598733594801626801e+00 4.430104148730055022e+04
3.472400139466299152e+01 7.517172903225683989e+00 8.617990260967562932e+00 3.298626091925837223e+00 4.600640888761063979e+04
