# 0.9998 0.9998
7.871241428633635184e-02 6.426085739387686277e-03 6.464804521895044752e-03 2.499517252854254289e-07 6.339268361397382705e+02
1.618072713909662341e-01 1.854267316544989247e-02 1.857904533425661434e-02 1.872434656346400682e-06 2.523355884069378135e+03
2.418771330418761079e-01 4.619891639061296518e-02 4.611620818861456028e-02 3.215330084787717579e-06 3.455672422663769794e+03
3.211923215201240578e-01 6.666809236595835908e-02 6.675552343723857585e-02 6.856326898797422078e-06 6.774157930418915385e+03
4.002017901256537113e-01 6.660456750663365511e-02 6.657941870409847529e-02 1.134278473748144173e-05 9.525739771628861490e+03
4.790568272527075955e-01 8.906226026411769026e-02 8.912643711560705451e-02 2.219769615783210952e-05 9.394591167427888649e+03
5.578229290343351687e-01 9.723542458926096033e-02 9.711563255383995341e-02 3.397286016156961550e-05 1.346718651615115959e+04
6.365331115321660738e-01 1.174515480722590904e-01 1.173733679939022861e-01 4.908799221598136663e-05 1.443168142810122845e+04
7.152058371535838788e-01 1.050817745062088832e-01 1.050579225928438554e-01 7.003673157619445843e-05 1.640679743431698080e+04
7.938522421846891941e-01 1.215465004974596724e-01 1.212456394814579591e-01 8.279454092787751659e-05 1.738046632790530566e+04
8.724794443688169698e-01 1.346700543411174233e-01 1.339731993202448457e-01 1.096266381096847042e-04 1.844001862139175864e+04
9.510922062407737299e-01 1.393468477220524415e-01 1.386645061319825289e-01 1.320583795383373650e-04 2.009156245896430482e+04
1.029693835175838679e+00 1.568750940665672722e-01 1.553910794924599492e-01 1.670873568103641948e-04 2.038932466465703692e+04
1.108286699878543891e+00 1.739352925452334886e-01 1.722171859209562783e-01 2.051393095911018482e-04 2.083932879914712612e+04
1.186872541411916560e+00 1.695123932158912328e-01 1.675211076329973792e-01 2.492847569500337480e-04 2.215141930734271955e+04
1.265452668213572940e+00 1.933924717483380407e-01 1.908764454620884843e-01 3.025930103077880784e-04 2.352356631035762985e+04
1.344028082638708543e+00 1.995630967983620663e-01 1.969896436526079875e-01 3.643652237889477802e-04 2.549386591704121747e+04
1.422599565533279709e+00 2.151513587213888246e-01 2.123219517981877746e-01 4.114975966067444565e-04 2.513939566181271221e+04
1.501167734229200246e+00 2.298870866498927967e-01 2.262077046370813416e-01 4.853547797291572329e-04 2.657086017945298954e+04
1.579733083222462531e+00 2.343290533646679719e-01 2.303648308676297662e-01 5.435289976035314035e-04 2.827194725075493625e+04
1.658296013281593151e+00 2.433620978419987202e-01 2.389238674179969268e-01 5.922815364174762506e-04 2.865027625974429975e+04
1.736856852652245875e+00 2.578560505523916913e-01 2.532706594671256806e-01 6.993173377370506469e-04 2.848213079069578089e+04
1.815415872753641580e+00 2.735533280926722433e-01 2.679424133446053902e-01 7.726480029583410571e-04 3.012108575827271488e+04
1.893973299967037560e+00 2.858597625092471062e-01 2.794615757511241250e-01 8.862385607325700982e-04 3.043501667666288631e+04
1.972529324606241641e+00 2.967860148334576786e-01 2.900102514592582947e-01 9.856555209567809638e-04 3.188729924383085381e+04
2.051084107826015579e+00 3.067442559346830744e-01 2.986845350691874623e-01 1.106643911115973936e-03 3.274749158292854918e+04
2.129637787001040561e+00 3.350507022033523130e-01 3.262445380915417470e-01 1.171723574930645141e-03 3.380418581995795830e+04
2.208190479956450680e+00 3.415709987489056187e-01 3.318580303262175235e-01 1.315804998751915651e-03 3.427247381542902440e+04
2.286742288326184092e+00 3.525120385767939735e-01 3.422594406236995068e-01 1.440621870701065937e-03 3.440598115114473330e+04
2.365293300241981811e+00 3.553687944022870804e-01 3.444492003286624415e-01 1.593666240105892076e-03 3.505415015198357287e+04
2.443843592503681883e+00 3.766900057528723145e-01 3.655148975224569718e-01 1.736647603370008053e-03 3.642475584684416390e+04
2.522393232343909553e+00 3.942145363080125087e-01 3.822536099317779823e-01 1.834662751489826238e-03 3.677655968674721225e+04
2.600942278872942381e+00 4.081528273486691449e-01 3.947973715190444821e-01 2.069265556531225004e-03 3.812504175995697733e+04
2.679490784269383141e+00 4.215914732986833502e-01 4.075622023844687192e-01 2.232063051231200114e-03 3.758259614494410198e+04
2.758038794767343038e+00 4.369553594430261589e-01 4.212040651388438417e-01 2.380430215245287091e-03 3.882374500922695006e+04
2.836586351479573942e+00 4.595997461425880282e-01 4.431000901898464739e-01 2.613193779793701165e-03 4.003422896609871532e+04
2.915133491087511963e+00 4.688025167643469215e-01 4.517273874653410237e-01 2.793488935807646005e-03 3.991997462186043413e+04
2.993680246422668834e+00 4.867403736956595894e-01 4.682985374331320449e-01 3.018575287880743887e-03 3.974748973356615170e+04
3.072226646958827967e+00 5.084325987715071493e-01 4.877944316547309644e-01 3.288018762495718665e-03 4.110216734283635014e+04
3.150772719230606977e+00 5.078519616755285959e-01 4.877782355117426527e-01 3.380904638727031015e-03 4.115080191606553853e+04
3.229318487190934395e+00 5.234962834171149604e-01 5.023437251568905193e-01 3.689159403459906558e-03 4.187401207866129698e+04
3.307863972517584905e+00 5.464521891069685777e-01 5.226971748730843137e-01 3.910585926083877395e-03 4.220914976650708559e+04
3.386409194877053608e+00 5.604905087910028172e-01 5.355916123854789213e-01 4.237844948673276380e-03 4.362663844193988916e+04
3.464954172152534095e+00 5.730162074264352201e-01 5.478333193283582148e-01 4.432008964495645978e-03 4.330910895759509731e+04
3.543498920641575456e+00 5.984832816401126632e-01 5.708249075493062596e-01 4.700552417360182207e-03 4.440871916735126433e+04
3.622043455228019404e+00 6.016106875118468755e-01 5.749678683384021882e-01 5.023040730233236176e-03 4.424646570641992730e+04
3.700587789532037597e+00 6.319744883567590676e-01 6.014501366960378625e-01 5.346092829439031552e-03 4.486133473403596872e+04
3.779131936041457696e+00 6.356623730002713968e-01 6.052967858362334752e-01 5.678492572208861285e-03 4.568832153893294890e+04
3.857675906227046259e+00 6.494319169587587925e-01 6.182537953868934011e-01 5.997508289379459116e-03 4.621970755710674712e+04
3.936219710643986680e+00 6.748920082606536530e-01 6.410439772380929213e-01 6.266229099074924376e-03 4.670128114232973167e+04
4.014763359021444877e+00 6.898977583081955522e-01 6.557345367238027745e-01 6.554190047941055308e-03 4.606335141016203124e+04
4.093306860341824560e+00 7.081628995958330064e-01 6.720998341506896345e-01 6.892002189792268210e-03 4.710942015567053022e+04
4.171850222911064776e+00 7.261648633661723640e-01 6.889335814742556519e-01 7.257457426647268874e-03 4.789218422823291621e+04
4.250393454421145911e+00 7.352236968212709778e-01 6.969918434233830506e-01 7.618927225927231948e-03 4.768291047800177330e+04
4.328936562005788247e+00 7.473938732664823226e-01 7.091309595069642535e-01 7.895504734259810309e-03 4.863683205521503260e+04
4.407479552290201497e+00 7.748715632840654788e-01 7.328428527714290208e-01 8.403495317854534769e-03 4.837396160094944935e+04
4.486022431435594982e+00 7.879199372599811069e-01 7.448442484281653231e-01 8.799184384182326402e-03 4.939246124672258884e+04
4.564565205179107465e+00 8.153895761192310188e-01 7.705858136822305582e-01 9.184097424873324464e-03 4.966738694588202634e+04
4.643107878869670024e+00 8.182250557188442963e-01 7.723641436065994403e-01 9.581172720397710882e-03 5.010490281513424270e+04
4.721650457500300213e+00 8.356971447533799724e-01 7.901316553404125198e-01 1.001692825600835127e-02 5.016329967845682404e+04
4.800192945737217443e+00 8.645729555273146127e-01 8.149224684259354090e-01 1.052292107315499874e-02 5.056528584331520688e+04
4.878735347946150824e+00 8.696322301717200887e-01 8.198823184352068694e-01 1.101395431191713389e-02 5.133458121553380624e+04
4.957277668216146793e+00 8.969441058798804933e-01 8.438336172517911793e-01 1.156858694754565875e-02 5.121384902711598988e+04
5.035819910381144737e+00 9.146940455588031815e-01 8.607842255689791555e-01 1.204549313561105971e-02 5.094383800512582820e+04
5.114362078039562221e+00 9.337920677092329536e-01 8.780485084886405778e-01 1.248804833566928910e-02 5.200820036048164184e+04
5.192904174572115394e+00 9.386867798429885390e-01 8.811167731767374223e-01 1.304664771577565378e-02 5.229898691863544809e+04
5.271446203158030919e+00 9.617212691246580514e-01 9.018695428989308427e-01 1.345957384252840366e-02 5.258153263102495839e+04
5.349988166789838573e+00 9.728381257204403720e-01 9.124933312863865442e-01 1.402424745767638821e-02 5.302699122144798457e+04
5.428530068286878674e+00 1.011425588662812292e+00 9.481579937726752894e-01 1.458134915520906821e-02 5.313120656755397067e+04
5.507071910307648643e+00 1.017898836758085679e+00 9.518431453524774932e-01 1.516005688675621868e-02 5.329030737562605646e+04
5.585613695361120179e+00 1.045146621051600500e+00 9.796084398022074646e-01 1.573909140177043656e-02 5.409424897249026253e+04
5.664155425817094525e+00 1.061187581332679430e+00 9.929645773724252722e-01 1.636454095544537940e-02 5.404514322938239638e+04
5.742697103915729961e+00 1.072380865974283060e+00 1.004234506943231242e+00 1.689161457191394600e-02 5.393558844517731632e+04
5.821238731776284148e+00 1.088391181226592064e+00 1.018226870475008594e+00 1.760715725536773912e-02 5.428218689371560322e+04
5.899780311405160127e+00 1.109207188952575862e+00 1.037970927744617189e+00 1.806114760558570273e-02 5.487766833246008173e+04
5.978321844703323507e+00 1.125914001608230963e+00 1.052995127840954170e+00 1.875826997701773857e-02 5.536204611955564906e+04
6.056863333473133437e+00 1.147465220457913215e+00 1.071574754940488372e+00 1.930858849475414543e-02 5.574090229982183519e+04
6.135404779424661115e+00 1.176330042640262530e+00 1.097994607479273244e+00 1.999613355549138133e-02 5.579844224395032506e+04
6.213946184181517118e+00 1.184552029720549404e+00 1.106315768392701182e+00 2.039533852101996572e-02 5.594552046539624280e+04
6.292487549286247983e+00 1.217082505906106116e+00 1.135284535832078889e+00 2.129326020324800312e-02 5.640436300020466297e+04
6.371028876205335756e+00 1.220179251718203739e+00 1.140316066796276395e+00 2.189973116803991399e-02 5.630101140998975461e+04
6.449570166333828070e+00 1.231783574448359619e+00 1.147031622924660654e+00 2.269652207642845060e-02 5.656568758302009519e+04
6.528111420999634262e+00 1.261550065997167236e+00 1.174143429618710543e+00 2.378670313107452555e-02 5.625096867630791530e+04
6.606652641467518627e+00 1.276896757014340356e+00 1.186874849595999315e+00 2.453511061495752821e-02 5.662843372646434000e+04
6.685193828942805006e+00 1.306316785280105197e+00 1.215528622819030957e+00 2.489719999383737531e-02 5.654537722195638344e+04
6.763734984574836240e+00 1.303623260997426758e+00 1.212816732352745008e+00 2.604898862211145125e-02 5.666978506708397617e+04
6.842276109460177835e+00 1.340434643607967713e+00 1.242981387924517955e+00 2.683828392978093030e-02 5.705075388500006375e+04
6.920817204645620890e+00 1.356392866096464589e+00 1.259765882036619544e+00 2.762080915744153861e-02 5.766824366199833457e+04
6.999358271130968312e+00 1.378779746245702542e+00 1.278197180858076765e+00 2.852498544473796790e-02 5.795377115613609203e+04
7.077899309871646949e+00 1.397885218767318749e+00 1.299494936938592637e+00 2.891343846887854327e-02 5.773019007162511116e+04
7.156440321781138536e+00 1.413538869644202389e+00 1.312505253770547275e+00 2.975399175333549168e-02 5.736454687252402073e+04
7.234981307733260536e+00 1.447060334832252826e+00 1.344043234474118886e+00 3.073930252902861565e-02 5.806993566022139566e+04
7.313522268564292439e+00 1.447432469746054107e+00 1.341665768313949458e+00 3.174768729606233103e-02 5.800624215022835415e+04
7.392063205074973276e+00 1.468062424892694118e+00 1.362529300221585027e+00 3.260332721964469965e-02 5.793375908820120094e+04
7.470604118032365015e+00 1.489048787589682954e+00 1.380489649286277265e+00 3.347416718066113100e-02 5.831055246561250533e+04
7.549145008171610272e+00 1.489814471356624592e+00 1.380216808012298735e+00 3.419123564297287671e-02 5.873002733176672336e+04
7.627685876197570103e+00 1.520794786800303555e+00 1.409054883145033354e+00 3.513587457629465532e-02 5.867422523782591452e+04
7.706226722786373884e+00 1.546929365293675529e+00 1.431285406277104100e+00 3.590515387648013368e-02 5.856941980430919648e+04
7.784767548586863484e+00 1.549064396444870706e+00 1.435150564628248304e+00 3.745532692288780496e-02 5.820303147200854437e+04
7.863308354221953955e+00 1.580360228117299037e+00 1.461349476336313735e+00 3.815190033052307667e-02 5.901516408678449807e+04
7.941849140289923170e+00 1.602977206901684548e+00 1.482288017493626597e+00 3.964204631677292756e-02 5.832672886015557742e+04
8.020389907365611748e+00 1.620154609425886738e+00 1.497621984828303665e+00 4.023567605071706743e-02 5.933748919799275609e+04
8.098930656001561701e+00 1.635308153164319878e+00 1.511943581399602943e+00 4.166937320713901688e-02 5.910886757824881352e+04
8.177471386729090241e+00 1.656280334728527093e+00 1.531211897773347097e+00 4.248890658147123217e-02 5.893035586528312706e+04
8.256012100059292536e+00 1.681837996678528846e+00 1.552098039944070251e+00 4.342788625597272800e-02 5.930952948829321394e+04
8.334552796484000936e+00 1.685441940198628030e+00 1.555724540744237716e+00 4.430012023131969096e-02 5.914225648703519255e+04
8.413093476476680266e+00 1.710794485594907544e+00 1.579046377856111016e+00 4.512540462522408174e-02 5.896701998675403593e+04
8.491634140493276917e+00 1.738036120687998620e+00 1.605427278473494201e+00 4.641339682295862745e-02 5.914708476476440410e+04
8.570174788973028868e+00 1.741764842822436599e+00 1.608984207781247955e+00 4.757397878825551929e-02 5.913855784984697675e+04
8.648715422339215309e+00 1.759209246901831003e+00 1.623967386309882688e+00 4.869426142258311691e-02 5.942466003745937633e+04
8.727256040999876063e+00 1.779269650863775087e+00 1.642562346563599229e+00 4.977888759725405954e-02 5.883581775462941732e+04
8.805796645348495488e+00 1.800937512925725459e+00 1.663421335037088333e+00 5.089650621754246429e-02 5.891459418755062507e+04
8.884337235764643737e+00 1.812511790082293572e+00 1.669812499467451916e+00 5.185306545496827513e-02 5.908777735262424540e+04
8.962877812614589601e+00 1.834964305577840182e+00 1.689967048470755184e+00 5.306075062680057353e-02 5.976145213282763143e+04
9.041418376251867173e+00 1.854718570030239766e+00 1.707566800369148430e+00 5.429102864272655760e-02 5.968341382434054685e+04
9.119958927017840722e+00 1.860698778549574550e+00 1.715650889436594939e+00 5.572462531425981247e-02 5.967363108094015479e+04
9.198499465242209183e+00 1.891900500188059553e+00 1.742457378812370949e+00 5.683050593360550184e-02 5.940286360961291939e+04
9.277039991243508865e+00 1.905704736118149167e+00 1.753222702447740922e+00 5.808421338932052980e-02 5.896383263132022694e+04
9.355580505329580632e+00 1.931938217729136431e+00 1.777610737690419773e+00 5.969666102977582572e-02 5.942430636491145560e+04
9.434121007798012215e+00 1.941966979014616790e+00 1.789267528628446513e+00 6.060062347899896479e-02 5.960546143015423877e+04
9.512661498936562765e+00 1.975644459319799262e+00 1.820506680823819945e+00 6.196418647404663277e-02 5.962964482227262488e+04
9.591201979023569635e+00 1.979955518302579431e+00 1.822463249084130599e+00 6.381597005145092649e-02 5.936213178199561662e+04
9.669742448328321416e+00 1.998625599236366401e+00 1.839806147704808215e+00 6.497560533597608601e-02 5.922710593000150402e+04
9.748282907111432749e+00 2.025641673377523766e+00 1.862571257632306576e+00 6.620746718685896481e-02 5.932125083635082410e+04
9.826823355625185386e+00 2.030305546884958900e+00 1.868512081370129030e+00 6.740272931214839891e-02 5.903274854635388328e+04
9.905363794113858589e+00 2.046994011585082429e+00 1.879526072644846169e+00 6.892927359376578578e-02 5.927945126155552134e+04
9.983904222814045326e+00 2.061210652454033898e+00 1.894306118181537490e+00 7.043732025863050361e-02 5.884787534132364817e+04
1.006244464195495070e+01 2.086267019991161042e+00 1.921385571703514206e+00 7.143372220996299649e-02 5.899168741658562067e+04
1.014098505175868148e+01 2.088475794637732363e+00 1.922450168877013255e+00 7.322588194778735515e-02 5.897121418334080226e+04
1.021952545244051613e+01 2.120006779104685268e+00 1.950430712351923557e+00 7.412095899427428858e-02 5.914495054259450990e+04
1.029806584420916415e+01 2.144747478132077223e+00 1.970997728976099372e+00 7.616679601546447187e-02 5.871281445334301679e+04
1.037660622726701654e+01 2.148194214348535525e+00 1.976510823843592224e+00 7.755926642972382767e-02 5.894850996700647374e+04
1.045514660181038380e+01 2.167990896604188755e+00 1.992523455354252571e+00 7.910080819166499799e-02 5.862093742481919617e+04
1.053368696802971982e+01 2.183484787429851970e+00 2.007645970405807390e+00 8.013757532221303659e-02 5.886766802631940664e+04
1.061222732610984210e+01 2.202245628200112382e+00 2.023682731758785103e+00 8.261314486582904681e-02 5.881094345530740975e+04
1.069076767623013779e+01 2.221986461516588740e+00 2.042758847126136867e+00 8.403088742821852863e-02 5.866122621514474304e+04
1.076930801856475739e+01 2.238914048693940284e+00 2.056254603691181515e+00 8.572350615648166583e-02 5.866803116787362524e+04
1.084784835328281005e+01 2.256808761886141657e+00 2.070933949422695708e+00 8.764932727092415721e-02 5.851623541750655568e+04
1.092638868054854306e+01 2.281401598057860358e+00 2.093297795372530690e+00 8.900114339631660931e-02 5.841853649111336563e+04
1.100492900052151413e+01 2.298509684874184167e+00 2.115426722026864770e+00 9.026008794564754911e-02 5.833904874594983994e+04
1.108346931335675833e+01 2.311696942623834516e+00 2.125749285487864793e+00 9.215305941684562296e-02 5.781922969463602203e+04
1.116200961920494805e+01 2.328344318261503343e+00 2.139553101837764704e+00 9.370806747607476894e-02 5.805345576363724103e+04
1.124054991821254212e+01 2.329331256716024257e+00 2.140848649220452593e+00 9.539826348333749206e-02 5.798724929632028943e+04
1.131909021052193687e+01 2.339605437883285344e+00 2.148741223367478970e+00 9.710845208938262418e-02 5.779005573938935413e+04
1.139763049627160285e+01 2.357151839593967235e+00 2.164106589561848537e+00 9.946825144824825160e-02 5.763121133454811934e+04
1.147617077559622167e+01 2.379031992382685701e+00 2.188867505865256025e+00 1.010893677056541734e-01 5.767728288233288185e+04
1.155471104862680853e+01 2.407378909601696204e+00 2.210969721521560238e+00 1.027685484633964752e-01 5.748178301505144191e+04
1.163325131549084368e+01 2.428182908679817675e+00 2.231964030497996188e+00 1.047654443167625182e-01 5.760325771126702602e+04
1.171179157631238787e+01 2.425764596818616781e+00 2.229952697839018505e+00 1.061876879419543090e-01 5.728333697600808955e+04
1.179033183121219608e+01 2.449857951439911030e+00 2.251042777082053359e+00 1.079175044919614274e-01 5.700864147374433378e+04
1.186887208030782759e+01 2.469267484586397110e+00 2.267477022356603200e+00 1.103505593837275228e-01 5.692416189065562503e+04
1.194741232371374728e+01 2.479218787873956664e+00 2.281186488341138130e+00 1.123079825007188975e-01 5.698510724136830686e+04
1.202595256154143222e+01 2.484567484404718307e+00 2.285860092287809842e+00 1.136849677589384100e-01 5.669972659293213655e+04
1.210449279389946753e+01 2.498598716657312480e+00 2.296834608204579631e+00 1.163384706779727468e-01 5.648350161759905313e+04
1.218303302089363527e+01 2.509426637574403429e+00 2.306260405088051080e+00 1.180200871244330707e-01 5.653744942258830270e+04
1.226157324262700676e+01 2.526300086190289118e+00 2.323861247656793250e+00 1.201314708751284460e-01 5.666745131879788823e+04
1.234011345920003322e+01 2.550755552516229319e+00 2.345276703536143703e+00 1.222125444388844351e-01 5.636131653533960343e+04
1.241865367071062565e+01 2.554976811975937956e+00 2.349684607279946658e+00 1.246047219541148027e-01 5.603526708820207568e+04
1.249719387725422415e+01 2.580913004731681060e+00 2.374284165372360089e+00 1.262072256712275520e-01 5.581410994913030299e+04
1.257573407892389383e+01 2.595905755198374187e+00 2.387886948718704883e+00 1.284457968970955377e-01 5.591145323337271839e+04
1.265427427581038877e+01 2.606929257958139345e+00 2.397750365494434099e+00 1.301212820460002639e-01 5.569268585272930068e+04
1.273281446800221772e+01 2.616120623276876778e+00 2.403751009793894777e+00 1.327043192584884679e-01 5.542061334241852455e+04
1.281135465558572584e+01 2.640389495614610560e+00 2.431172045851005326e+00 1.342659991550315124e-01 5.540245624133114325e+04
1.288989483864514796e+01 2.659201149428835897e+00 2.444170689552885634e+00 1.368731580184426588e-01 5.508076550489423971e+04
1.296843501726268322e+01 2.674340610194704038e+00 2.461959859725282751e+00 1.387961386194097035e-01 5.517803574570119963e+04
1.304697519151855190e+01 2.673144392935578928e+00 2.459511425008714891e+00 1.409103466401482596e-01 5.504549835814726248e+04
1.312551536149104692e+01 2.686016714822490048e+00 2.470877693531469799e+00 1.436551851457876783e-01 5.485161377383007493e+04
1.320405552725660492e+01 2.705456927920441235e+00 2.490877388069912435e+00 1.457844229355187426e-01 5.442556567390221608e+04
1.328259568888985243e+01 2.723892408462692316e+00 2.505883112572835802e+00 1.480924230708870748e-01 5.434348724065277202e+04
1.336113584646366270e+01 2.740907978514005805e+00 2.519683431539464280e+00 1.505456628756286497e-01 5.419398863232935400e+04
1.343967600004920548e+01 2.743706210260074219e+00 2.521337275128518574e+00 1.529981027986052622e-01 5.416343475923687220e+04
1.351821614971599317e+01 2.756220763150215358e+00 2.535634114197477640e+00 1.547815871067947102e-01 5.406316154389949224e+04
1.359675629553193588e+01 2.769454258834284754e+00 2.549700249672972596e+00 1.566569759916237037e-01 5.378808298867483245e+04
1.367529643756338231e+01 2.778473323606291068e+00 2.559766680848564846e+00 1.593126348463705655e-01 5.364900536296523933e+04
1.375383657587516595e+01 2.805798798146233342e+00 2.582589610367423738e+00 1.618354404569023186e-01 5.334797308250563219e+04
1.383237671053064766e+01 2.816424986001310415e+00 2.591567257787904754e+00 1.642312553436647837e-01 5.336427422897493670e+04
1.391091684159175834e+01 2.833208291068491036e+00 2.607157677109895655e+00 1.664634722752613427e-01 5.309527746062548977e+04
1.398945696911903269e+01 2.850196227559362416e+00 2.623457902886567883e+00 1.690014925579240435e-01 5.308013856707074592e+04
1.406799709317166069e+01 2.865025601226108609e+00 2.635492802153836411e+00 1.717962417956058196e-01 5.288153750051137467e+04
1.414653721380751428e+01 2.876374658834419673e+00 2.648964218748888655e+00 1.740502008163596903e-01 5.276630126096615277e+04
1.422507733108318817e+01 2.889853074712328773e+00 2.660470958746895764e+00 1.769585127481597686e-01 5.246948719615604932e+04
1.430361744505403543e+01 2.901838172662978721e+00 2.670668874688503891e+00 1.795735324749063722e-01 5.248605226238942851e+04
1.438215755577419586e+01 2.915409519050776499e+00 2.685468974823945754e+00 1.818723140674145256e-01 5.192639019198042661e+04
1.446069766329663686e+01 2.931524586705050339e+00 2.704357194320656355e+00 1.839847900889028387e-01 5.198887393597009941e+04
1.453923776767318010e+01 2.945658212333634118e+00 2.713332671230974658e+00 1.872375928292750735e-01 5.173984882301865582e+04
1.461777786895453346e+01 2.952530411591546500e+00 2.719914030494452017e+00 1.900232960626992151e-01 5.157450271097043878e+04
1.469631796719032302e+01 2.964204646194005033e+00 2.731968283726322611e+00 1.919824963293347564e-01 5.108876603120859363e+04
1.477485806242911437e+01 2.975002560718843281e+00 2.747317087598627694e+00 1.940817252580617491e-01 5.141362342507573339e+04
1.485339815471844993e+01 3.001687957071490054e+00 2.765041470272841639e+00 1.977694671662389436e-01 5.112181291852050344e+04
1.493193824410487203e+01 3.006918898368871496e+00 2.771433084200018104e+00 1.996233544993026854e-01 5.095917308416001470e+04
1.501047833063394421e+01 3.021350819307624835e+00 2.785865810060176972e+00 2.030926492124981164e-01 5.080136228889830090e+04
1.508901841435028857e+01 3.028654740929273892e+00 2.798515416173666726e+00 2.054381738830623472e-01 5.064283256477253599e+04
1.516755849529759992e+01 3.056185385297333301e+00 2.817871768035671298e+00 2.088582243069537492e-01 5.035412037875007081e+04
1.524609857351867070e+01 3.059362648303271648e+00 2.823443906499435663e+00 2.109281412921634458e-01 5.029576342716430372e+04
1.532463864905541762e+01 3.071471100896631334e+00 2.835169994024135942e+00 2.138845103499692757e-01 5.004321809415761527e+04
1.540317872194890292e+01 3.096625119872427945e+00 2.856946939136432384e+00 2.178193046372499664e-01 4.997402122178483114e+04
1.548171879223935399e+01 3.107389155392195068e+00 2.866261402715010842e+00 2.199460639282544705e-01 4.973448779705526977e+04
1.556025885996618996e+01 3.114249884452954920e+00 2.874747782806805319e+00 2.229224944362086513e-01 4.953820716123816237e+04
1.563879892516803238e+01 3.128325306568917163e+00 2.887687462838354424e+00 2.257654241411225504e-01 4.934068696114305931e+04
1.571733898788273187e+01 3.137881465875615117e+00 2.897782336174208773e+00 2.289758814527798614e-01 4.933352174457041838e+04
1.579587904814739119e+01 3.162562907801047540e+00 2.921091624923479291e+00 2.322924671220704673e-01 4.916181804846598970e+04
1.587441910599837769e+01 3.171909455103607556e+00 2.932062371453914018e+00 2.344312695088248966e-01 4.880756735192988708e+04
1.595295916147133575e+01 3.189475131146235487e+00 2.947446422667052701e+00 2.372345462196653598e-01 4.858959881651063188e+04
1.603149921460121874e+01 3.207997912707423627e+00 2.966944668096495707e+00 2.412562562534883437e-01 4.852717668635074369e+04
1.611003926542229436e+01 3.202792928822002505e+00 2.959560869205975830e+00 2.434087023528476446e-01 4.827688455655022699e+04
1.618857931396816596e+01 3.243794668036648954e+00 3.001001128202736457e+00 2.473360302910800335e-01 4.836470853399203770e+04
1.626711936027179561e+01 3.255043399916174085e+00 3.010729352337561782e+00 2.497788610969731149e-01 4.800146570134230569e+04
1.634565940436549525e+01 3.256631794891553966e+00 3.010978572994613689e+00 2.530619481130563786e-01 4.794551260216975061e+04
1.642419944628097639e+01 3.274577171180027335e+00 3.031982658013472332e+00 2.561412019253617722e-01 4.770339713764844782e+04
1.650273948604932883e+01 3.286423401425449420e+00 3.035319135713932415e+00 2.597391055069968036e-01 4.777109986836474854e+04
1.658127952370107394e+01 3.303439058595488920e+00 3.055740838093130129e+00 2.620023085618543024e-01 4.738471110912429140e+04
1.665981955926614333e+01 3.311074666434639546e+00 3.065786939200864314e+00 2.661711781243295549e-01 4.732699465246909676e+04
1.673835959277390728e+01 3.334184524073846134e+00 3.088160911714207035e+00 2.695012421450890816e-01 4.719317102752634673e+04
1.681689962425318896e+01 3.335913214853941877e+00 3.088275306768080597e+00 2.726941079550065927e-01 4.709698273632522614e+04
1.689543965373228218e+01 3.360035904337720591e+00 3.110473462091547070e+00 2.756836052315042029e-01 4.685841156425531517e+04
1.697397968123895495e+01 3.375645926693245258e+00 3.123913933126317488e+00 2.791701831719999860e-01 4.665948020471806376e+04
1.705251970680045304e+01 3.389453841574643800e+00 3.135284065612566451e+00 2.828243771255726235e-01 4.667797075441038032e+04
1.713105973044353902e+01 3.393224022225095560e+00 3.145548365582688799e+00 2.865288548698724513e-01 4.650909300485485437e+04
1.720959975219447102e+01 3.411969769020736454e+00 3.159410388382533075e+00 2.897821600912164342e-01 4.634135654591156344e+04
1.728813977207903463e+01 3.427483732588019194e+00 3.177615006753156557e+00 2.933016677889097035e-01 4.631534556424056791e+04
1.736667979012256424e+01 3.437772793420052153e+00 3.188414132069695484e+00 2.966469782760752238e-01 4.603917435561865568e+04
1.744521980634991110e+01 3.459508275386872889e+00 3.206656706231503673e+00 3.003566205428755964e-01 4.589209354211630853e+04
1.752375982078550365e+01 3.466207745987441857e+00 3.220394953725311815e+00 3.027326999055128809e-01 4.572667869383238576e+04
1.760229983345331917e+01 3.481038631302399100e+00 3.227255988070026671e+00 3.073753029789116908e-01 4.569047526948418817e+04
1.768083984437692635e+01 3.496968073274378863e+00 3.246952622858371384e+00 3.093358686479302788e-01 4.556161735055740428e+04
1.775937985357945692e+01 3.532868009813980414e+00 3.278293091169746987e+00 3.138173951549876328e-01 4.549948221191951598e+04
1.783791986108364824e+01 3.532158824962587484e+00 3.281058328497713728e+00 3.178850741282726045e-01 4.520574057699587138e+04
1.791645986691183268e+01 3.544393043098565954e+00 3.292132007494881218e+00 3.220949411505291682e-01 4.518096470358396618e+04
1.799499987108595889e+01 3.568738153751968678e+00 3.312182974694672488e+00 3.257263961790017315e-01 4.516092204742136528e+04
1.807353987362759185e+01 3.582141479780103666e+00 3.325748082996462518e+00 3.280243175277099965e-01 4.502683987958041689e+04
1.815207987455791638e+01 3.591792676432530751e+00 3.331751247018220674e+00 3.331412435906968006e-01 4.471593275935303245e+04
1.823061987389775851e+01 3.611429351468969706e+00 3.352859443352418811e+00 3.357226925334932388e-01 4.483334685394114058e+04
1.830915987166758541e+01 3.620107064243841322e+00 3.366132224880850288e+00 3.396008838832999532e-01 4.478801349750070949e+04
1.838769986788751964e+01 3.664146257230021408e+00 3.403069126067911121e+00 3.451190052301780775e-01 4.467306350310374546e+04
1.846623986257733563e+01 3.662314608757017531e+00 3.403893209451057000e+00 3.473155819477865003e-01 4.448968048358050874e+04
1.854477985575647381e+01 3.676729216667536271e+00 3.418687982474328368e+00 3.527068150022388826e-01 4.455780401608760440e+04
1.862331984744404423e+01 3.703606979766391749e+00 3.444952084387525204e+00 3.559792092409731490e-01 4.441698907114045141e+04
1.870185983765884075e+01 3.712662028249149149e+00 3.454253202974295167e+00 3.601206067164196556e-01 4.439144680962824350e+04
1.878039982641934458e+01 3.731841687731216162e+00 3.474434148395675326e+00 3.635521460501470181e-01 4.441870384040079080e+04
1.885893981374372075e+01 3.752469291992939660e+00 3.492825767948889215e+00 3.683526922518100544e-01 4.428014506139700825e+04
1.893747979964983941e+01 3.766541575382099882e+00 3.507890189625443522e+00 3.725997568953994810e-01 4.413966694592113345e+04
1.901601978415527228e+01 3.795350905972391775e+00 3.539895908139685687e+00 3.761186955989332947e-01 4.416380519176184316e+04
1.909455976727730331e+01 3.805877334929232081e+00 3.551031440416021479e+00 3.808716851890734389e-01 4.415145408166287234e+04
1.917309974903293579e+01 3.821635570508557400e+00 3.563803780359307449e+00 3.844135060973614126e-01 4.414209539638204296e+04
1.925163972943889235e+01 3.838978651809702658e+00 3.578196599839243319e+00 3.882156296900842185e-01 4.396846046502554236e+04
1.933017970851161849e+01 3.862012717278142215e+00 3.599586895918814644e+00 3.937083655282975769e-01 4.398429813627182011e+04
1.940871968626730748e+01 3.888770543134451696e+00 3.624581926632700402e+00 3.974840679963628776e-01 4.406058282097622578e+04
1.948725966272188259e+01 3.911148805721984978e+00 3.646796394060801916e+00 4.019621182062005915e-01 4.398821492154582666e+04
1.956579963789100773e+01 3.918453696145443033e+00 3.658651479114267246e+00 4.057938558644753058e-01 4.385987379993931972e+04
1.964433961179010524e+01 3.952044991432873022e+00 3.687844491109177447e+00 4.104118576599961044e-01 4.398064139159036131e+04
1.972287958443434519e+01 3.963557432088574917e+00 3.701332494872492607e+00 4.152555121739116561e-01 4.396998870756557153e+04
1.980141955583865965e+01 3.983881255746925643e+00 3.717506273828993457e+00 4.206346977598112713e-01 4.398130395720362867e+04
1.987995952601774619e+01 4.020407719335252317e+00 3.754419103216040998e+00 4.263777469572558876e-01 4.412545575656019355e+04
1.995849949498606790e+01 4.033555248623937217e+00 3.768923309409659694e+00 4.292388505566776535e-01 4.415879520957471686e+04
2.003703946275786052e+01 4.040888721252815508e+00 3.778184676444349854e+00 4.332280170467484592e-01 4.404953935599853867e+04
2.011557942934713950e+01 4.053269484617655571e+00 3.789395858628223035e+00 4.398012767815396851e-01 4.409589065201091580e+04
2.019411939476770712e+01 4.081846320233037950e+00 3.818372433894886786e+00 4.414246878105203553e-01 4.379591125571281009e+04
2.027265935903314542e+01 4.076062697551109615e+00 3.813980496919229246e+00 4.465554055369684305e-01 4.369400734330405976e+04
2.035119932215682326e+01 4.095592094125802163e+00 3.827825469265929925e+00 4.497270058987654640e-01 4.353640257814786310e+04
2.042973928415191054e+01 4.103779030693528007e+00 3.841631848130673266e+00 4.534326130993475701e-01 4.350172297941357101e+04
2.050827924503137467e+01 4.107095006371442203e+00 3.847028224875390201e+00 4.590378270003691585e-01 4.329014495409684605e+04
2.058681920480798766e+01 4.127862483798293347e+00 3.871502139174115786e+00 4.632119376944677236e-01 4.318673943329367467e+04
2.066535916349431901e+01 4.121745930891203891e+00 3.867354155956857387e+00 4.653925904145019277e-01 4.280126762972961296e+04
2.074389912110275347e+01 4.126141224527299478e+00 3.873564432275263592e+00 4.712633156903745513e-01 4.278179137413466378e+04
2.082243907764548752e+01 4.136731833973841255e+00 3.880915912018852332e+00 4.756472793360017604e-01 4.254950562808418908e+04
2.090097903313453642e+01 4.160480696818138036e+00 3.900217672005887870e+00 4.811664336233060779e-01 4.237206441578346858e+04
2.097951898758173783e+01 4.162732452880544720e+00 3.907239477081904777e+00 4.856517532932588810e-01 4.224771282026545668e+04
2.105805894099874109e+01 4.170898846554298878e+00 3.916495654250028213e+00 4.887513604344369544e-01 4.203337734872037254e+04
2.113659889339703568e+01 4.166854030328181580e+00 3.915619689344623566e+00 4.921822383782250565e-01 4.189333726378364372e+04
2.121513884478793344e+01 4.186368000854304050e+00 3.940927311091773078e+00 4.997271431301326672e-01 4.168188292204900063e+04
2.129367879518258277e+01 4.188443701932076380e+00 3.940151376745039347e+00 5.037250674916293747e-01 4.154049295272703603e+04
2.137221874459196869e+01 4.200256209481981529e+00 3.953201275721493158e+00 5.082398474993879978e-01 4.131619573270528053e+04
2.145075869302691274e+01 4.201409959308831432e+00 3.949718474221612929e+00 5.136063355658907481e-01 4.127645388629465742e+04
2.152929864049807307e+01 4.215383267065553774e+00 3.974156542834406114e+00 5.174680061152009403e-01 4.101728101340983267e+04
2.160783858701596571e+01 4.213386585934530970e+00 3.970722322837147100e+00 5.235152323673887276e-01 4.108752975164428790e+04
2.168637853259094683e+01 4.232975803555881100e+00 3.990208134444673593e+00 5.274651648282507876e-01 4.074637731655037351e+04
2.176491847723321982e+01 4.256670042560325662e+00 4.007281082364815283e+00 5.328185852861294647e-01 4.058851290835061809e+04
2.184345842095285306e+01 4.243556264018049973e+00 4.000789780826495168e+00 5.356591122176043163e-01 4.042515334815972892e+04
2.192199836375975508e+01 4.249140049159739085e+00 4.018517950167200148e+00 5.434338200446046097e-01 4.037455565670796932e+04
2.200053830566371005e+01 4.266974530337968474e+00 4.030040423026528984e+00 5.477522361752084068e-01 4.027011767363514082e+04
2.207907824667434582e+01 4.262391932725873467e+00 4.025529605463240124e+00 5.514405650451189578e-01 4.009750041859626072e+04
2.215761818680116590e+01 4.281201969032749410e+00 4.039476014066327281e+00 5.589954809854289497e-01 4.002236579955734487e+04
2.223615812605353526e+01 4.293257129050233267e+00 4.062285754118313719e+00 5.622025962362605656e-01 3.982044462683569873e+04
2.231469806444068738e+01 4.287342163711929999e+00 4.048035519686056460e+00 5.678699978804826465e-01 3.968292253355011053e+04
2.239323800197172432e+01 4.298227821538231019e+00 4.063378998998933511e+00 5.703513706725160670e-01 3.966010453540832532e+04
2.247177793865562023e+01 4.312420192135910213e+00 4.084242224020649736e+00 5.770040685776200995e-01 3.942979052025871351e+04
2.255031787450123204e+01 4.323462057750767862e+00 4.089919021579452085e+00 5.814732108493304574e-01 3.931887312264415959e+04
2.262885780951728165e+01 4.322888910453950295e+00 4.093564158621694204e+00 5.882638924304496308e-01 3.917294027252824162e+04
2.270739774371238440e+01 4.341358640575394112e+00 4.112028938706818515e+00 5.932893544014605780e-01 3.899726875986982486e+04
2.278593767709502771e+01 4.352778932188928529e+00 4.115787510585702691e+00 5.985062264771245921e-01 3.889162257498101098e+04
2.286447760967358178e+01 4.343611298552306543e+00 4.119806156764687977e+00 6.028292380066211376e-01 3.872429199064591376e+04
2.294301754145629957e+01 4.363009599350369250e+00 4.137409558364963935e+00 6.062113931790138466e-01 3.858423903789014730e+04
2.302155747245133455e+01 4.370676273092073849e+00 4.143504756990063598e+00 6.122872202171403266e-01 3.851796748634367395e+04
2.310009740266672296e+01 4.375455844021984397e+00 4.142202446321740616e+00 6.162712235514985482e-01 3.856673238796204532e+04
2.317863733211038380e+01 4.389016359650200094e+00 4.165111081673744664e+00 6.206729190194405499e-01 3.831151299768617173e+04
2.325717726079013303e+01 4.394270662735408450e+00 4.165726687459728517e+00 6.268681592071978503e-01 3.820987365287030116e+04
2.333571718871368716e+01 4.391695540879589466e+00 4.168265828103050907e+00 6.308543164418142224e-01 3.798335462935017858e+04
2.341425711588865965e+01 4.403460160230242337e+00 4.187216233034098956e+00 6.371704081524857122e-01 3.771893204038456315e+04
2.349279704232255384e+01 4.433235825254850937e+00 4.211172456520726470e+00 6.421823901095643494e-01 3.784532547799766326e+04
2.357133696802278067e+01 4.436397647799249278e+00 4.215363783644692219e+00 6.476243058651084405e-01 3.765391015117360803e+04
2.364987689299664453e+01 4.436659481616063161e+00 4.221969377402218448e+00 6.530474146822806691e-01 3.757625642281050386e+04
2.372841681725136453e+01 4.446428868725910810e+00 4.237108213227222642e+00 6.589924303964977970e-01 3.757146804652452556e+04
2.380695674079405322e+01 4.464248555832104337e+00 4.244161649968106964e+00 6.663308829641199083e-01 3.727394937583459250e+04
2.388549666363174140e+01 4.469365924787317645e+00 4.259488436339047723e+00 6.699334559258510735e-01 3.742377844087166886e+04
2.396403658577134976e+01 4.468677291928046635e+00 4.254335864095120101e+00 6.766693108776135057e-01 3.726566796283436997e+04
2.404257650721972439e+01 4.499151933044244878e+00 4.293502393291457331e+00 6.836536621004891678e-01 3.701387662099659065e+04
2.412111642798362254e+01 4.493250783460145392e+00 4.288567950986689858e+00 6.832857836617586278e-01 3.707438334120232321e+04
2.419965634806970556e+01 4.514223542279609092e+00 4.308909110344884219e+00 6.904391543491967820e-01 3.671320429256034549e+04
2.427819626748454596e+01 4.529753971416706548e+00 4.326113882466652072e+00 6.974547664602123165e-01 3.688379294498269883e+04
2.435673618623464520e+01 4.537779278921997950e+00 4.333953897003836708e+00 7.048926190710226303e-01 3.664938120240971330e+04
2.443527610432640529e+01 4.537923717361719511e+00 4.340301611566617090e+00 7.115091941343926196e-01 3.670603272980706242e+04
2.451381602176616425e+01 4.557440858695820829e+00 4.361291913479232285e+00 7.151805630295826610e-01 3.658014293234361685e+04
2.459235593856016067e+01 4.563675604708086198e+00 4.367470670422203050e+00 7.223602152922397046e-01 3.657262270296074712e+04
2.467089585471456203e+01 4.572181653389313816e+00 4.378081437374178542e+00 7.293433358855331283e-01 3.636186104179342510e+04
2.474943577023546126e+01 4.591537936243630824e+00 4.395665746934794171e+00 7.330573823651550525e-01 3.642705883195090428e+04
2.482797568512887310e+01 4.589648869419415966e+00 4.401764135341347028e+00 7.392970281465198745e-01 3.624514914584905637e+04
2.490651559940072346e+01 4.587560296797935422e+00 4.402730243878921534e+00 7.479739240479855722e-01 3.618901313426952402e+04
2.498505551305688144e+01 4.621156436788393940e+00 4.419488879810817394e+00 7.522761108009163866e-01 3.602075734100525733e+04
2.506359542610313440e+01 4.628084415352092584e+00 4.425231053791932823e+00 7.609124889443440454e-01 3.598670264648424927e+04
2.514213533854519511e+01 4.634015062419517328e+00 4.443301758249073252e+00 7.671327929120379530e-01 3.602814280388077168e+04
2.522067525038871239e+01 4.671215712647422080e+00 4.474100757785494764e+00 7.737198790590694708e-01 3.580743051676002506e+04
2.529921516163925688e+01 4.672087278025228940e+00 4.493902286024606063e+00 7.771939720861225087e-01 3.574063659707576153e+04
2.537775507230233529e+01 4.692746208637855965e+00 4.511759351254984729e+00 7.839508877069918391e-01 3.595040369644836755e+04
2.545629498238338684e+01 4.690356035022256620e+00 4.511658079218268114e+00 7.891660032405100056e-01 3.587194442767481814e+04
2.553483489188777966e+01 4.693977545369815374e+00 4.510785207886931047e+00 7.989431572082610344e-01 3.574112994927159889e+04
2.561337480082082152e+01 4.716117479078301145e+00 4.522918993381027875e+00 8.042350037947441077e-01 3.569591769041382213e+04
2.569191470918774911e+01 4.733486490137201130e+00 4.564660834069711015e+00 8.117232141443698756e-01 3.560678003007797815e+04
2.577045461699373874e+01 4.727183035196397043e+00 4.561542666737350871e+00 8.146081105177129800e-01 3.548572182904667716e+04
2.584899452424390631e+01 4.774023878646372232e+00 4.591585959843974329e+00 8.239235048365282088e-01 3.546047930627581809e+04
2.592753443094329668e+01 4.797715988935169484e+00 4.626175457031820315e+00 8.317849809397561689e-01 3.550379802340224705e+04
2.600607433709690852e+01 4.780374280321125546e+00 4.623331494650134488e+00 8.384273786186606792e-01 3.548276749209526315e+04
2.608461424270966944e+01 4.784557446222902577e+00 4.629943986471205974e+00 8.437422577494800846e-01 3.535618941431657004e+04
2.616315414778644310e+01 4.806989459578712598e+00 4.651437236526352770e+00 8.490317000576347306e-01 3.529712161520583322e+04
2.624169405233205055e+01 4.820814412609868427e+00 4.664387160497489582e+00 8.609356626830196868e-01 3.529354897461701330e+04
2.632023395635124174e+01 4.851989139423866781e+00 4.692231070611230237e+00 8.686947360562160547e-01 3.526324673625112337e+04
2.639877385984871694e+01 4.842459087299848974e+00 4.682060598334221169e+00 8.800442703201935002e-01 3.528993964871008211e+04
2.647731376282911953e+01 4.867683821461442406e+00 4.714449570456771710e+00 8.803251629632504738e-01 3.525129372566207894e+04
2.655585366529703606e+01 4.893931486500728845e+00 4.736335615710606461e+00 8.891280089218499549e-01 3.519305964782430965e+04
2.663439356725699980e+01 4.903166569290048571e+00 4.750990838227900248e+00 8.988699093606760115e-01 3.506082672828615614e+04
2.671293346871349428e+01 4.949146628983578822e+00 4.783671507257635902e+00 9.082480875794026742e-01 3.517726780879738362e+04
2.679147336967094617e+01 4.954855837314318556e+00 4.795489079653865616e+00 9.119354498685937616e-01 3.520613925177506462e+04
2.687001327013372531e+01 4.942191810171853383e+00 4.786154565526161697e+00 9.160294908877442133e-01 3.511342098285989050e+04
2.694855317010616602e+01 4.973829052970923037e+00 4.818233367563002467e+00 9.247556269576701071e-01 3.498219061571448401e+04
2.702709306959254221e+01 4.989607757092851870e+00 4.843294736018555646e+00 9.374798645849934386e-01 3.516601813299621426e+04
2.710563296859707094e+01 4.997614850771614492e+00 4.843102194366883495e+00 9.459940149448127222e-01 3.498890808526460023e+04
2.718417286712393377e+01 5.027624449659077399e+00 4.873967968729627565e+00 9.536497165164824485e-01 3.490229077368767321e+04
2.726271276517725894e+01 5.052999981270295926e+00 4.901238167881193597e+00 9.607781052556965129e-01 3.514765921786414401e+04
2.734125266276112498e+01 5.044313792273024788e+00 4.894729543572490904e+00 9.643973967600931729e-01 3.494958439521859691e+04
2.741979255987956776e+01 5.044898731071575604e+00 4.906722018817370135e+00 9.745598040900398384e-01 3.492035277720973681e+04
2.749833245653658054e+01 5.054157694917270405e+00 4.925556776923057711e+00 9.838486982448368945e-01 3.484672118973436591e+04
2.757687235273609616e+01 5.059416257748063472e+00 4.919866999348812442e+00 9.902560103732663821e-01 3.469870238016757503e+04
2.765541224848202262e+01 5.072595560037724383e+00 4.941765825238690901e+00 9.969722421499738196e-01 3.474009674722037744e+04
2.773395214377820395e+01 5.081776205095779986e+00 4.955879462153879977e+00 1.002949713448170632e+00 3.453407732717770705e+04
2.781249203862845576e+01 5.071215951501890196e+00 4.955845661107883160e+00 1.004341304503491017e+00 3.445861981658061995e+04
2.789103193303654038e+01 5.075492114809657451e+00 4.949833596559328086e+00 1.017741475098546511e+00 3.449951920259332837e+04
2.796957182700618816e+01 5.122065205887521344e+00 4.991394040147935307e+00 1.028547059991933743e+00 3.434792920876254357e+04
2.804811172054107615e+01 5.111447041713662820e+00 4.997357115681238859e+00 1.033440751479387965e+00 3.409400307906067610e+04
2.812665161364485655e+01 5.131541009252861052e+00 5.011547813829041687e+00 1.044794002352291029e+00 3.435111231204322394e+04
2.820519150632112115e+01 5.110195766124220995e+00 4.997969968398861873e+00 1.051947529452709640e+00 3.389371816601355386e+04
2.828373139857343332e+01 5.091634882112931137e+00 4.986764875189263257e+00 1.050584847226144314e+00 3.379834511247422051e+04
2.836227129040531736e+01 5.101675345971570685e+00 5.005164559221260134e+00 1.061641741700589670e+00 3.366529464185769029e+04
2.844081118182025847e+01 5.112298145963531937e+00 5.022014507367834391e+00 1.070268755808242878e+00 3.343650744016069075e+04
2.851935107282169923e+01 5.073604963165715631e+00 4.989124128925696233e+00 1.083258616060319035e+00 3.318109680396073236e+04
2.859789096341304315e+01 5.134050418614122258e+00 5.041348680161878981e+00 1.097775540729354127e+00 3.326744579426689597e+04
2.867643085359765820e+01 5.100712244397772821e+00 5.004729439081945230e+00 1.096606862348564082e+00 3.281800403338711476e+04
2.875497074337888392e+01 5.091522793968331406e+00 5.038339907222987968e+00 1.101629686405052322e+00 3.290385574775638815e+04
2.883351063276001369e+01 5.099433369530496307e+00 5.014356549841584076e+00 1.116899885446298368e+00 3.277252037852549256e+04
2.891205052174430890e+01 5.090061919257193424e+00 5.031451122737328419e+00 1.115671027126867054e+00 3.251623089441270349e+04
2.899059041033499184e+01 5.106533561414138944e+00 5.043979228987821806e+00 1.132393211168191804e+00 3.259755835552585268e+04
2.906913029853525643e+01 5.118225103902283912e+00 5.062172858222838023e+00 1.133767234018607128e+00 3.257044843672963907e+04
2.914767018634825746e+01 5.133426779808957008e+00 5.076867038399842436e+00 1.143570324825208706e+00 3.234129693313045937e+04
2.922621007377712132e+01 5.094978285564465637e+00 5.089987388283788050e+00 1.148041272329478835e+00 3.208342847139852529e+04
2.930474996082492822e+01 5.107516956506969130e+00 5.063340602222811349e+00 1.163810303151514347e+00 3.220961374482926840e+04
2.938328984749474060e+01 5.140753150755180023e+00 5.124939844557156121e+00 1.164398907661837290e+00 3.198099417305292081e+04
2.946182973378957826e+01 5.139700965045637560e+00 5.112681836239802990e+00 1.177417118938780982e+00 3.203060086130817581e+04
2.954036961971243258e+01 5.172098139751090784e+00 5.155902992987154931e+00 1.185462407196748558e+00 3.183646759064721118e+04
2.961890950526625943e+01 5.159630899225937206e+00 5.151883628556471528e+00 1.190186406798383834e+00 3.218767981923092520e+04
2.969744939045398979e+01 5.193704262242804681e+00 5.177545314925770192e+00 1.199431712171113551e+00 3.178997912782378990e+04
2.977598927527852268e+01 5.206293941959382110e+00 5.174378461398614348e+00 1.202553017009892589e+00 3.190411988198807376e+04
2.985452915974272159e+01 5.193493937358926615e+00 5.179802758132811213e+00 1.221831951255874404e+00 3.173089664488194103e+04
2.993306904384942868e+01 5.258222774121335874e+00 5.226444370806676787e+00 1.225196056933542943e+00 3.180594410533857808e+04
3.001160892760143994e+01 5.204747490037874513e+00 5.216208792124495730e+00 1.240270729575525532e+00 3.175348431516551864e+04
3.009014881100154071e+01 5.224626580667123044e+00 5.250061537184475213e+00 1.249529215984009456e+00 3.167923674700929041e+04
3.016868869405248077e+01 5.250262380924568539e+00 5.247685018431647030e+00 1.259497199498458064e+00 3.149270290659961393e+04
3.024722857675697441e+01 5.308663300826156117e+00 5.305253313717837038e+00 1.264093100767166078e+00 3.169242586248677253e+04
3.032576845911771457e+01 5.273320574138828931e+00 5.270841908989824631e+00 1.268932026596504281e+00 3.140557884371154796e+04
3.040430834113736580e+01 5.282629954871747913e+00 5.300569299078405905e+00 1.295642527181370962e+00 3.177627077592063142e+04
3.048284822281856421e+01 5.272447735941420355e+00 5.286929785865851272e+00 1.293144423718520342e+00 3.158693581088452629e+04
3.056138810416392460e+01 5.295458755116320582e+00 5.365999640051764885e+00 1.316119423825621304e+00 3.137889015389433189e+04
3.063992798517602267e+01 5.285767983385875723e+00 5.319390854084981690e+00 1.320154015191234986e+00 3.171476476730784270e+04
3.071846786585741640e+01 5.334631242516488570e+00 5.375479261682454712e+00 1.337341801364246630e+00 3.168603078072662538e+04
3.079700774621063886e+01 5.260495583675065312e+00 5.328257557275723144e+00 1.348675587268729714e+00 3.133629390942104146e+04
3.087554762623818760e+01 5.361461637922260159e+00 5.438393394520197432e+00 1.360911764359595377e+00 3.129533585294293880e+04
3.095408750594254599e+01 5.381141334033769930e+00 5.417351265802068383e+00 1.378255425125752609e+00 3.150162888404282421e+04
3.103262738532617249e+01 5.394923961315861938e+00 5.439496418590847426e+00 1.381303211340393355e+00 3.157373591965064406e+04
3.111116726439149005e+01 5.409682368047231904e+00 5.453046862010794804e+00 1.392026107848848948e+00 3.182192978532353300e+04
3.118970714314090387e+01 5.493213152322807602e+00 5.531327999440847520e+00 1.405188021900974471e+00 3.159632265280301726e+04
3.126824702157679781e+01 5.460146116977996122e+00 5.477708024950634247e+00 1.432355777958737253e+00 3.155745657904913969e+04
3.134678689970152377e+01 5.494038824152702283e+00 5.502788596548878530e+00 1.436475161079148410e+00 3.123606178557318344e+04
3.142532677751741588e+01 5.540609835551406626e+00 5.575360518151635247e+00 1.444820224152779442e+00 3.141019429265726285e+04
3.150386665502678696e+01 5.511049878184475226e+00 5.558598830343467689e+00 1.464815914937497965e+00 3.189621106971835979e+04
3.158240653223192140e+01 5.581657899606939033e+00 5.659719038793276980e+00 1.454879434904963409e+00 3.151106134815902624e+04
3.166094640913508229e+01 5.629067204194291740e+00 5.613294847104169705e+00 1.464063796830306297e+00 3.200824075135289968e+04
3.173948628573851494e+01 5.598612433709591052e+00 5.681104379611868538e+00 1.488733314329682145e+00 3.153201736612739114e+04
3.181802616204443623e+01 5.604241920817317535e+00 5.661469017608701471e+00 1.522589493899693558e+00 3.163159292204543817e+04
3.189656603805504531e+01 5.533088535644674621e+00 5.689344120382539671e+00 1.518840532247176967e+00 3.174372236041336510e+04
3.197510591377251998e+01 5.689769701661631984e+00 5.766662148268094867e+00 1.515955887542093539e+00 3.227660743236989219e+04
3.205364578919900964e+01 5.682583020561662757e+00 5.820577024328158267e+00 1.534609975825667716e+00 3.189257386622561899e+04
3.213218566433665302e+01 5.704612013625198763e+00 5.745400268798569243e+00 1.589077921875659438e+00 3.205646668908215725e+04
3.221072553918755688e+01 5.710279275495199869e+00 5.791712730431992640e+00 1.594309213813960735e+00 3.230058285347723358e+04
3.228926541375382442e+01 5.737287402917964130e+00 5.829367960836068896e+00 1.558166868605807887e+00 3.284700160276050883e+04
3.236780528803751622e+01 5.743249032082148986e+00 5.835318320442823392e+00 1.601417553255482851e+00 3.241791391925611606e+04
3.244634516204068575e+01 5.760812209357484726e+00 5.816426432717830330e+00 1.624975197491186352e+00 3.241864677586413745e+04
3.252488503576537227e+01 5.857833965604200444e+00 5.933485320240155403e+00 1.631582625579338419e+00 3.231655846452993865e+04
3.260342490921358660e+01 5.814707598047198722e+00 5.991077125465065656e+00 1.643994897475650863e+00 3.319478595809698891e+04
3.268196478238731828e+01 5.935078955743390949e+00 6.082745695097702132e+00 1.654575341229371110e+00 3.258789119794981161e+04
3.276050465528854261e+01 5.886003287739686840e+00 5.971611402873965524e+00 1.651538758142385266e+00 3.267967713557000752e+04
3.283904452791921358e+01 6.006317716405260576e+00 6.150440486879081625e+00 1.650690682392062181e+00 3.320798648378671351e+04
3.291758440028127097e+01 5.952352807004582580e+00 6.123543022639297284e+00 1.710873319353779953e+00 3.297193652617304178e+04
3.299612427237663326e+01 5.909594638036947956e+00 6.077479946324747750e+00 1.714401920674991864e+00 3.328075266411090706e+04
3.307466414420719758e+01 6.113441981777707923e+00 6.314478961770046972e+00 1.800540974277895279e+00 3.371285367772356403e+04
3.315320401577483977e+01 5.979493049155245821e+00 6.116372913849221327e+00 1.731797213369380417e+00 3.378539741938030784e+04
3.323174388708143567e+01 5.945739890644748726e+00 6.100799696634465086e+00 1.758507289665732776e+00 3.325919433145973017e+04
3.331028375812883269e+01 5.992118469327292196e+00 6.125762221305821598e+00 1.736612046099840434e+00 3.311529354253992642e+04
3.338882362891884981e+01 6.067695916586639093e+00 6.151342552458052282e+00 1.741978759321714865e+00 3.398362638234479527e+04
3.346736349945329891e+01 6.365095021745375448e+00 6.586573803579407915e+00 1.759184839491999774e+00 3.357375095906800561e+04
3.354590336973399189e+01 6.208597671152727315e+00 6.575186032343059317e+00 1.829762070688722542e+00 3.427138127675872965e+04
3.362444323976268379e+01 6.272085046510961881e+00 6.355598367510974178e+00 1.833386633082068506e+00 3.408770769243346876e+04
3.370298310954115806e+01 6.183010000166295761e+00 6.412442266810189473e+00 1.773980427873717236e+00 3.346133506073360331e+04
3.378152297907114132e+01 6.334814466513854825e+00 6.552613791660515830e+00 1.854785264278163481e+00 3.396123816181466100e+04
3.386006284835436730e+01 6.226090096681257791e+00 6.415238551943678758e+00 1.819673075054885958e+00 3.358944287930490827e+04
3.393860271739255552e+01 6.139825779037454190e+00 6.487151827125754444e+00 1.692765473868240722e+00 3.317904887287614110e+04
3.401714258618739706e+01 6.032775709749095050e+00 6.723758975515019110e+00 1.912052665517349759e+00 3.694282091911714087e+04
3.409568245474058301e+01 6.424716026237783595e+00 6.835954300957891583e+00 1.929884716602624950e+00 3.524602243433773401e+04
3.417422232305376895e+01 6.177771079489540185e+00 6.757463248358069663e+00 1.920759154740186325e+00 3.465163825442065718e+04
3.425276219112861043e+01 6.284740992950502481e+00 6.532242195376220195e+00 2.003495182179348522e+00 3.567074734912464191e+04
3.433130205896674880e+01 5.787800232226629760e+00 6.697441458309254969e+00 2.234627774503099573e+00 3.294726719568153203e+04
3.440984192656979701e+01 6.371335381226040262e+00 6.930597386373767321e+00 2.030366512036238635e+00 3.482536329044446757e+04
3.448838179393936088e+01 6.439941917198541255e+00 6.683441942561441529e+00 1.966350249058267163e+00 3.525957459717278107e+04
3.456692166107702491e+01 7.010872142684337227e+00 6.893516205712096223e+00 2.027969003141092408e+00 3.422012701171301160e+04
3.464546152798438072e+01 8.657835322509455978e+00 6.553390113475026091e+00 2.102458579539017158e+00 3.163272957778916680e+04
3.472400139466299152e+01 5.601836397681164037e+00 6.308315430772566401e+00 2.335202387270379543e+00 4.168639960123741912e+04
