# 0.9998 0.9998
7.871241428633635184e-02 8.567646411637687420e-03 8.629679954176006779e-03 3.942829997273749658e-07 6.566836480153244793e+02
1.618072713909662341e-01 2.451936517103180113e-02 2.459929270356092657e-02 2.984665422084307857e-06 2.614444962926703738e+03
2.418771330418761079e-01 6.000600054818720080e-02 5.990470436937972432e-02 4.947955780153246890e-06 3.580771560768702329e+03
3.211923215201240578e-01 8.620414474961272944e-02 8.640406845016004866e-02 1.085834726013511339e-05 7.017107676796485976e+03
4.002017901256537113e-01 8.540754889120365234e-02 8.549060102750158374e-02 1.778262091052424610e-05 9.870112007953719512e+03
4.790568272527075955e-01 1.123369314677274966e-01 1.124695614647958503e-01 3.423761879776762203e-05 9.730018045262506348e+03
5.578229290343351687e-01 1.208484182923719175e-01 1.208866782628779946e-01 5.261382177746371734e-05 1.395664581649803404e+04
6.365331115321660738e-01 1.462186723301713565e-01 1.461961309428431721e-01 7.548702776320619404e-05 1.495228991817462338e+04
7.152058371535838788e-01 1.298859907270708269e-01 1.300176144594210048e-01 1.052691988909894776e-04 1.700999646965064312e+04
7.938522421846891941e-01 1.495323922351413370e-01 1.493465461555766316e-01 1.253607483630165816e-04 1.800419085796182117e+04
8.724794443688169698e-01 1.641178764082006358e-01 1.631726127958508521e-01 1.663073822352072499e-04 1.911555320434615351e+04
9.510922062407737299e-01 1.697092382054672943e-01 1.691307966779881655e-01 1.984038449629771817e-04 2.083217109731570235e+04
1.029693835175838679e+00 1.896351714467298111e-01 1.876656764196894533e-01 2.530107366858216304e-04 2.114707980087252145e+04
1.108286699878543891e+00 2.094529366378849733e-01 2.073816588067467492e-01 3.072426567877291803e-04 2.162210771021177425e+04
1.186872541411916560e+00 2.026024156995016035e-01 2.000378119312722358e-01 3.776548295593364795e-04 2.298237451922816763e+04
1.265452668213572940e+00 2.291753701300995594e-01 2.259037220888450714e-01 4.514934004766839554e-04 2.439850550459747683e+04
1.344028082638708543e+00 2.362804636849095696e-01 2.329879124227407505e-01 5.426356425890059565e-04 2.644414835672283880e+04
1.422599565533279709e+00 2.546220992608043687e-01 2.509046694758182983e-01 6.025702224931864985e-04 2.607893445907831119e+04
1.501167734229200246e+00 2.720538528355078700e-01 2.673596650796281060e-01 7.124431140374528704e-04 2.756175301655337898e+04
1.579733083222462531e+00 2.769829346152006266e-01 2.719334629831516859e-01 7.901691504445078340e-04 2.934690450672350198e+04
1.658296013281593151e+00 2.849293966159054947e-01 2.789186629107091586e-01 8.828643654305551964e-04 2.973213338067766017e+04
1.736856852652245875e+00 3.016512055351698862e-01 2.955640145016684706e-01 1.015865392049449889e-03 2.956447619335195486e+04
1.815415872753641580e+00 3.199891904784439856e-01 3.124112123546722297e-01 1.144395111997556936e-03 3.124995508873942890e+04
1.893973299967037560e+00 3.327135566331921868e-01 3.238436144705938990e-01 1.267492820450766191e-03 3.160573134295942509e+04
1.972529324606241641e+00 3.446732529548232060e-01 3.353477827699262170e-01 1.436444411232347266e-03 3.311432469072445383e+04
2.051084107826015579e+00 3.554355450696115026e-01 3.444208106723467555e-01 1.597153856330850658e-03 3.400213962645846186e+04
2.129637787001040561e+00 3.878354980063683510e-01 3.757491503842770308e-01 1.694910447309673019e-03 3.510930520888306637e+04
2.208190479956450680e+00 3.947590363970526761e-01 3.813940522271447864e-01 1.901465477309247651e-03 3.559552822189212748e+04
2.286742288326184092e+00 4.076512403742611479e-01 3.935845191332674742e-01 2.046437363163132721e-03 3.573362370704823115e+04
2.365293300241981811e+00 4.097021199526261759e-01 3.951366167075198721e-01 2.289154327445015388e-03 3.639389368301972718e+04
2.443843592503681883e+00 4.337634447912977476e-01 4.183398763692547928e-01 2.480167414424502663e-03 3.783309094281210128e+04
2.522393232343909553e+00 4.531434310298371182e-01 4.367788751302916772e-01 2.635599594512245177e-03 3.821642993898833083e+04
2.600942278872942381e+00 4.686480026486969375e-01 4.504357081204623525e-01 2.926405269741471325e-03 3.962039845844732918e+04
2.679490784269383141e+00 4.829432977162380625e-01 4.635882073349278376e-01 3.202227654477931684e-03 3.905935563749512949e+04
2.758038794767343038e+00 5.007710505571041359e-01 4.795479213284580267e-01 3.406390450953417429e-03 4.034849456791717967e+04
2.836586351479573942e+00 5.264969941909576345e-01 5.040848544272249487e-01 3.713476409092942958e-03 4.162178886740134476e+04
2.915133491087511963e+00 5.372679651434005832e-01 5.137957377895836508e-01 3.977298014972411103e-03 4.149256560952748987e+04
2.993680246422668834e+00 5.567381533107678138e-01 5.319210481749238051e-01 4.238255896185746073e-03 4.132315495871341409e+04
3.072226646958827967e+00 5.813109471910430370e-01 5.530465482239224073e-01 4.632525973012289848e-03 4.275018012092143908e+04
3.150772719230606977e+00 5.805776449778304871e-01 5.531116186749106545e-01 4.797698596883772856e-03 4.280976386909894791e+04
3.229318487190934395e+00 5.978409686351670027e-01 5.691442791114413868e-01 5.202122822084106514e-03 4.350927674736961490e+04
3.307863972517584905e+00 6.239036780343472088e-01 5.917552814322781796e-01 5.542238772848461122e-03 4.389528526165039511e+04
3.386409194877053608e+00 6.395024643446887147e-01 6.056146885701330085e-01 5.949860372854377105e-03 4.536576826349234761e+04
3.464954172152534095e+00 6.532113557563932194e-01 6.191488197509638081e-01 6.285149799088237711e-03 4.505487137732924748e+04
3.543498920641575456e+00 6.821696669288243031e-01 6.447509143573632029e-01 6.656937972379203990e-03 4.620548854147811653e+04
3.622043455228019404e+00 6.850275338002409509e-01 6.481665817909929572e-01 7.111118017286350776e-03 4.605050131073016382e+04
3.700587789532037597e+00 7.194973161826950792e-01 6.778944321868703993e-01 7.498979026054175545e-03 4.668510145048366394e+04
3.779131936041457696e+00 7.230051040736359402e-01 6.816343052926387980e-01 7.931905803868523341e-03 4.754148199390776426e+04
3.857675906227046259e+00 7.387011886225735013e-01 6.960772923821615388e-01 8.426977000328699299e-03 4.810484111327891878e+04
3.936219710643986680e+00 7.669737795430986438e-01 7.210013684167662085e-01 8.808393291508115688e-03 4.859044268406172341e+04
4.014763359021444877e+00 7.841276842512704404e-01 7.369732972935527648e-01 9.186863252683091438e-03 4.795402760167996166e+04
4.093306860341824560e+00 8.049742080795720955e-01 7.561312489962968009e-01 9.629098419707939407e-03 4.905306603401899338e+04
4.171850222911064776e+00 8.254114076112274434e-01 7.743917063078987750e-01 1.013143219723142315e-02 4.982573939979074203e+04
4.250393454421145911e+00 8.346683128093775883e-01 7.824170596041190029e-01 1.065613968355176230e-02 4.963825760540995543e+04
4.328936562005788247e+00 8.483030645605733611e-01 7.955394926340755291e-01 1.098943666483541762e-02 5.065722184597980959e+04
4.407479552290201497e+00 8.791892372085799989e-01 8.220386179963026230e-01 1.175611945836702553e-02 5.038154566565532878e+04
4.486022431435594982e+00 8.939844932774967390e-01 8.353065381448838700e-01 1.223392714223370779e-02 5.142250493420159910e+04
4.564565205179107465e+00 9.237898966633497633e-01 8.628138425516959087e-01 1.277013542895774102e-02 5.172800700805494853e+04
4.643107878869670024e+00 9.282003214878805641e-01 8.650925166892191598e-01 1.334288633102004816e-02 5.219866825873114431e+04
4.721650457500300213e+00 9.477859249303067779e-01 8.853328228487112872e-01 1.382077000087002239e-02 5.224223377695836098e+04
4.800192945737217443e+00 9.792521613944150660e-01 9.110696112470753061e-01 1.459494491102964094e-02 5.269286525359754160e+04
4.878735347946150824e+00 9.849123756221982440e-01 9.175566051865109429e-01 1.521356600975455262e-02 5.347774461458760197e+04
4.957277668216146793e+00 1.015248475753507629e+00 9.425213839731625409e-01 1.606402365048996070e-02 5.336355995983126195e+04
5.035819910381144737e+00 1.035798926196712877e+00 9.620901905502500240e-01 1.663711760954880020e-02 5.309288253792691103e+04
5.114362078039562221e+00 1.055869258874797767e+00 9.802407327378314106e-01 1.724939956035151725e-02 5.418422393376995751e+04
5.192904174572115394e+00 1.061902873408068437e+00 9.833136982700527717e-01 1.808393721970217444e-02 5.450152712388259533e+04
5.271446203158030919e+00 1.088319272939989313e+00 1.006341456932651202e+00 1.874841761390301162e-02 5.482198261077147617e+04
5.349988166789838573e+00 1.100722916251172689e+00 1.017955822030918167e+00 1.943601136203848556e-02 5.524397483401660429e+04
5.428530068286878674e+00 1.142380111517870445e+00 1.055798561566748450e+00 2.032483897573933093e-02 5.538758868086322764e+04
5.507071910307648643e+00 1.149343814044529788e+00 1.059189456736226553e+00 2.113949117190293617e-02 5.556058197359476617e+04
5.585613695361120179e+00 1.181498555601113942e+00 1.091653889554159429e+00 2.183166401522322608e-02 5.642464148941206076e+04
5.664155425817094525e+00 1.199131066766595310e+00 1.106863465965758131e+00 2.270464041124917176e-02 5.634501736807249108e+04
5.742697103915729961e+00 1.210285704602079404e+00 1.117968303065413060e+00 2.329388838599326383e-02 5.625059061423705862e+04
5.821238731776284148e+00 1.228047553436734995e+00 1.133031127333003374e+00 2.434278170097625357e-02 5.659215574456207833e+04
5.899780311405160127e+00 1.251660388994881190e+00 1.154490073656098126e+00 2.509480651857301861e-02 5.723388351038109249e+04
5.978321844703323507e+00 1.270058802148978705e+00 1.170633046530206833e+00 2.599609271406787270e-02 5.772557423005261808e+04
6.056863333473133437e+00 1.294057447613270240e+00 1.191302784375633639e+00 2.684500143478942003e-02 5.814314373804993375e+04
6.135404779424661115e+00 1.326060982404392741e+00 1.219332516156201640e+00 2.762534471935229954e-02 5.822620209899706242e+04
6.213946184181517118e+00 1.334338115300528704e+00 1.229500833020976236e+00 2.828172068706956074e-02 5.837726128485528170e+04
6.292487549286247983e+00 1.372024221745677952e+00 1.260625749586001376e+00 2.947112065356281146e-02 5.886098913956878823e+04
6.371028876205335756e+00 1.375790314487836952e+00 1.266392222070742646e+00 3.029514295762032391e-02 5.874198427777871257e+04
6.449570166333828070e+00 1.388179261781280260e+00 1.272799990649106316e+00 3.131645806193213144e-02 5.906162008786884689e+04
6.528111420999634262e+00 1.421395200995418273e+00 1.303081548647703869e+00 3.289229781881441994e-02 5.871342322737321956e+04
6.606652641467518627e+00 1.438346622611478720e+00 1.316584319482256626e+00 3.380557303270882025e-02 5.912463496459440648e+04
6.685193828942805006e+00 1.471423207093913943e+00 1.349085556538689890e+00 3.427410350708613718e-02 5.901848577383507654e+04
6.763734984574836240e+00 1.468338088923718754e+00 1.344389190091467734e+00 3.585109062081292403e-02 5.914159990131708037e+04
6.842276109460177835e+00 1.508277711857781700e+00 1.378520826935199395e+00 3.684015476199844347e-02 5.957219076019631757e+04
6.920817204645620890e+00 1.525868743086083779e+00 1.395466147647001831e+00 3.798839565512839717e-02 6.021938818433160486e+04
6.999358271130968312e+00 1.551411980144330016e+00 1.416745378378234221e+00 3.902736524980593424e-02 6.050777258838090347e+04
7.077899309871646949e+00 1.571731133438261097e+00 1.438407609570788281e+00 3.960449387423578549e-02 6.031444179836753028e+04
7.156440321781138536e+00 1.590363898906406614e+00 1.454470943801663196e+00 4.097527598493849038e-02 5.992148073119841138e+04
7.234981307733260536e+00 1.627669593549756266e+00 1.488461902080329358e+00 4.232987717901537383e-02 6.063936853989601514e+04
7.313522268564292439e+00 1.627127318733950112e+00 1.484804552028696101e+00 4.363398251714146331e-02 6.058124760090946074e+04
7.392063205074973276e+00 1.650837329463671788e+00 1.508651794906959775e+00 4.467949128278279197e-02 6.050309740095154120e+04
7.470604118032365015e+00 1.673871105989157781e+00 1.527367949692380433e+00 4.588846487510062078e-02 6.093383189754476189e+04
7.549145008171610272e+00 1.674584770780506382e+00 1.526381042740438732e+00 4.673802208202883918e-02 6.135935549100265780e+04
7.627685876197570103e+00 1.708925606977222733e+00 1.559297508824693201e+00 4.778047714659547363e-02 6.129828648337683990e+04
7.706226722786373884e+00 1.737053722641136222e+00 1.581530130078640406e+00 4.922290225428437721e-02 6.121335092185173562e+04
7.784767548586863484e+00 1.739699147149405656e+00 1.586081310803784339e+00 5.122808503494210436e-02 6.080831849421799416e+04
7.863308354221953955e+00 1.774452530217720980e+00 1.613974232992333002e+00 5.205257657510749258e-02 6.168850124716319988e+04
7.941849140289923170e+00 1.801278304174143363e+00 1.640393837487384987e+00 5.397781824650157989e-02 6.095585148724212195e+04
8.020389907365611748e+00 1.819070400503680407e+00 1.654671024497520238e+00 5.481258818325268622e-02 6.202976508728593762e+04
8.098930656001561701e+00 1.836002919835705072e+00 1.670725955238793192e+00 5.677594058245749586e-02 6.179878784229682060e+04
8.177471386729090241e+00 1.859019534821461317e+00 1.692080909686908052e+00 5.770257714176022651e-02 6.161549988393796230e+04
8.256012100059292536e+00 1.888137921113351103e+00 1.717032394363598113e+00 5.904011598664306998e-02 6.200320931408213073e+04
8.334552796484000936e+00 1.891366020084332966e+00 1.717974527961797948e+00 6.035662455652408831e-02 6.185969083927963220e+04
8.413093476476680266e+00 1.920045064274861879e+00 1.743156504958924158e+00 6.159621408638550621e-02 6.166370973548162874e+04
8.491634140493276917e+00 1.949863387372518408e+00 1.772742231173752181e+00 6.302651912138673707e-02 6.185828950852259004e+04
8.570174788973028868e+00 1.954561727177031250e+00 1.777381845514940384e+00 6.473938234601470110e-02 6.185735884266134963e+04
8.648715422339215309e+00 1.973883981107223518e+00 1.792587402026520893e+00 6.626385465526393737e-02 6.217782480606749596e+04
8.727256040999876063e+00 1.994360722983569145e+00 1.812815641640103115e+00 6.794610343586245105e-02 6.156513464449437015e+04
8.805796645348495488e+00 2.019297215473102369e+00 1.836122130736385083e+00 6.935650026625077291e-02 6.161676136169912934e+04
8.884337235764643737e+00 2.032313632971733952e+00 1.843815483100051500e+00 7.078481941131901933e-02 6.182076135239910946e+04
8.962877812614589601e+00 2.057218115552856386e+00 1.865668933070962154e+00 7.240842099541799914e-02 6.253190495421532250e+04
9.041418376251867173e+00 2.079082344058730492e+00 1.885347094083734687e+00 7.380867505467229861e-02 6.247486112764782592e+04
9.119958927017840722e+00 2.085109641254370150e+00 1.892759897478410558e+00 7.565854237609209720e-02 6.242724359051702049e+04
9.198499465242209183e+00 2.120145780574769656e+00 1.920895228148008949e+00 7.732998970556587137e-02 6.219129832272344356e+04
9.277039991243508865e+00 2.134798705503720750e+00 1.932088363073035220e+00 7.873182402278419700e-02 6.171721867385593941e+04
9.355580505329580632e+00 2.164813448908796900e+00 1.961184803446534453e+00 8.111128938857672943e-02 6.220472053210034210e+04
9.434121007798012215e+00 2.176021811543724205e+00 1.972916821298422052e+00 8.196877474069233505e-02 6.238760543092175794e+04
9.512661498936562765e+00 2.214198682566150378e+00 2.008087366768632087e+00 8.420108404807755131e-02 6.244476639580360643e+04
9.591201979023569635e+00 2.219712867924974464e+00 2.011001539077828415e+00 8.642077738560779987e-02 6.214062108527462260e+04
9.669742448328321416e+00 2.239442342063198144e+00 2.028814886484961555e+00 8.826620820739350393e-02 6.201355368356265535e+04
9.748282907111432749e+00 2.268435383392693350e+00 2.053733211722626351e+00 8.963953787719929067e-02 6.212684593687427696e+04
9.826823355625185386e+00 2.274270217162867258e+00 2.060714297570960252e+00 9.103995756936301975e-02 6.187465278759201465e+04
9.905363794113858589e+00 2.293076769464672537e+00 2.072641638197634251e+00 9.319334343468205217e-02 6.208218625456562586e+04
9.983904222814045326e+00 2.308262303372051072e+00 2.088384068276972094e+00 9.523849192740573011e-02 6.165832238068066363e+04
1.006244464195495070e+01 2.336711960906931562e+00 2.117537010043752943e+00 9.649243807653977434e-02 6.181716617234153819e+04
1.014098505175868148e+01 2.338619431799705328e+00 2.118910948166136787e+00 9.896004008687757370e-02 6.179443219073968066e+04
1.021952545244051613e+01 2.373026920331274603e+00 2.149312260003025887e+00 1.002490051487022887e-01 6.197678599737168406e+04
1.029806584420916415e+01 2.400607699412661500e+00 2.171936949363158398e+00 1.029012029368948228e-01 6.153150350566773704e+04
1.037660622726701654e+01 2.405642253347164417e+00 2.179342131832657792e+00 1.042283743273696578e-01 6.180227050295413210e+04
1.045514660181038380e+01 2.426130648271126677e+00 2.194458699137178836e+00 1.066855552520206557e-01 6.143607917891252146e+04
1.053368696802971982e+01 2.442903226761622637e+00 2.211472195247625283e+00 1.078265414242855907e-01 6.168978571296793234e+04
1.061222732610984210e+01 2.464683338232669829e+00 2.228046395615333353e+00 1.114409975637185024e-01 6.164018590272786969e+04
1.069076767623013779e+01 2.488293884809421819e+00 2.251802573922711215e+00 1.130823117118466004e-01 6.152013322044438974e+04
1.076930801856475739e+01 2.505004888696814369e+00 2.264474918679509674e+00 1.155043045610008590e-01 6.153025034741823038e+04
1.084784835328281005e+01 2.525639867978990427e+00 2.283335087927447660e+00 1.177461161324189487e-01 6.135039734209988819e+04
1.092638868054854306e+01 2.553456634890880483e+00 2.306613480503874936e+00 1.194420374499787357e-01 6.125077718827180070e+04
1.100492900052151413e+01 2.571890460752642937e+00 2.332123783201077494e+00 1.210468338906436903e-01 6.117857322017291881e+04
1.108346931335675833e+01 2.587322779923760141e+00 2.342708274627523402e+00 1.237692181036605665e-01 6.066152660791215749e+04
1.116200961920494805e+01 2.604978352152087950e+00 2.357076241558208718e+00 1.258589771914062350e-01 6.089714311558893678e+04
1.124054991821254212e+01 2.606187941546128428e+00 2.357910829375534867e+00 1.280268024778708214e-01 6.081659226937370113e+04
1.131909021052193687e+01 2.617461239141962270e+00 2.366375248357964978e+00 1.299828806168248085e-01 6.061873737968092610e+04
1.139763049627160285e+01 2.637668725307241058e+00 2.384736281435985816e+00 1.329139507535149201e-01 6.047239972495836992e+04
1.147617077559622167e+01 2.660780084234078302e+00 2.411210803398444735e+00 1.350787391279805183e-01 6.053395914628459286e+04
1.155471104862680853e+01 2.692548104113559937e+00 2.435548901327106996e+00 1.373185539129380961e-01 6.032862798191976617e+04
1.163325131549084368e+01 2.715191848425233978e+00 2.457694673928727980e+00 1.400414084381817192e-01 6.046837927857605246e+04
1.171179157631238787e+01 2.713710906160808456e+00 2.459241573242088474e+00 1.419934429367040729e-01 6.012195128916332760e+04
1.179033183121219608e+01 2.739247027338167051e+00 2.480662691959286459e+00 1.444186002712794237e-01 5.984139909113975591e+04
1.186887208030782759e+01 2.762187190844044959e+00 2.497540776907307691e+00 1.474573097545963662e-01 5.977545915887178853e+04
1.194741232371374728e+01 2.772552459719659801e+00 2.512482231767049878e+00 1.500216629355412279e-01 5.984684651658109215e+04
1.202595256154143222e+01 2.778724392162415402e+00 2.518284263030406311e+00 1.520442338873744248e-01 5.952802479188269353e+04
1.210449279389946753e+01 2.794581749551654060e+00 2.529807525447052896e+00 1.550614866554573534e-01 5.931767026020620688e+04
1.218303302089363527e+01 2.805924594228847990e+00 2.539737305170821635e+00 1.572435147014439039e-01 5.938483255793484568e+04
1.226157324262700676e+01 2.824710003843272421e+00 2.558501262197069970e+00 1.596552993670978526e-01 5.950365335234074155e+04
1.234011345920003322e+01 2.853630116397947614e+00 2.583101962092107851e+00 1.627540164708478343e-01 5.922121018057858601e+04
1.241865367071062565e+01 2.857401914504354767e+00 2.588494498311524783e+00 1.655280903958632199e-01 5.889368671614836785e+04
1.249719387725422415e+01 2.886841690774506031e+00 2.617477432786215363e+00 1.673647595999986915e-01 5.864879761800557753e+04
1.257573407892389383e+01 2.901860969355476882e+00 2.628313778113430921e+00 1.708429044010064402e-01 5.872546659205760079e+04
1.265427427581038877e+01 2.914605595683493977e+00 2.640267433641329209e+00 1.727104792803205446e-01 5.851693166241669678e+04
1.273281446800221772e+01 2.925338956719925942e+00 2.648922225854469570e+00 1.759089107831316168e-01 5.827327551933756331e+04
1.281135465558572584e+01 2.951477415005701932e+00 2.678683392236688832e+00 1.785317142352175479e-01 5.821365392519353918e+04
1.288989483864514796e+01 2.974355415453841633e+00 2.693127592873214571e+00 1.815312511901536197e-01 5.789762687708741578e+04
1.296843501726268322e+01 2.991173907855601222e+00 2.712284732493140726e+00 1.843935258999389037e-01 5.800493161100915313e+04
1.304697519151855190e+01 2.988134730690442442e+00 2.709229068556583631e+00 1.865158325332782752e-01 5.786166643334945547e+04
1.312551536149104692e+01 3.002084960239209011e+00 2.719975974032238675e+00 1.898716757862947691e-01 5.766421449435971590e+04
1.320405552725660492e+01 3.024794077836866268e+00 2.744078933882834193e+00 1.929646839700497607e-01 5.724532510752812959e+04
1.328259568888985243e+01 3.044282427400732516e+00 2.757519480998147365e+00 1.956723451597315033e-01 5.717030403160293645e+04
1.336113584646366270e+01 3.062503818221291585e+00 2.773244540453784435e+00 1.991891374514244140e-01 5.700507565932446596e+04
1.343967600004920548e+01 3.065911737690774963e+00 2.775663646670415208e+00 2.018969593542909446e-01 5.696095589995662885e+04
1.351821614971599317e+01 3.080475686981205996e+00 2.790590638155456826e+00 2.045564696854020037e-01 5.687911220656710066e+04
1.359675629553193588e+01 3.092883968345779611e+00 2.805580263380425876e+00 2.073005015568155640e-01 5.659123888911578251e+04
1.367529643756338231e+01 3.104083302882048923e+00 2.818223837830795553e+00 2.099914706427825906e-01 5.646167787890334148e+04
1.375383657587516595e+01 3.136301868410467542e+00 2.843799555903950171e+00 2.138354656641542340e-01 5.614095837272586505e+04
1.383237671053064766e+01 3.147577910108577459e+00 2.853410926299329464e+00 2.171717780112128460e-01 5.615911755717534106e+04
1.391091684159175834e+01 3.167016213034237637e+00 2.870352189379353547e+00 2.196470888919415942e-01 5.588463731819718669e+04
1.398945696911903269e+01 3.185694894726993631e+00 2.889668207970370162e+00 2.228603251610896951e-01 5.587340738275262993e+04
1.406799709317166069e+01 3.202251667462975959e+00 2.903654299707664865e+00 2.270875188479793139e-01 5.568580018038528215e+04
1.414653721380751428e+01 3.213962737255593449e+00 2.915402973139150866e+00 2.294290284988797501e-01 5.556913074079849321e+04
1.422507733108318817e+01 3.228653323242729023e+00 2.928619193520759723e+00 2.333548032191936350e-01 5.525611314921885059e+04
1.430361744505403543e+01 3.242358926245600514e+00 2.938643601443986064e+00 2.367585255364354768e-01 5.527126499531954323e+04
1.438215755577419586e+01 3.257382039267078255e+00 2.956612331593227783e+00 2.398649414197531748e-01 5.469807714408878383e+04
1.446069766329663686e+01 3.275430091139565292e+00 2.975391875371126815e+00 2.430677049326796235e-01 5.475575420813735400e+04
1.453923776767318010e+01 3.291674146356691200e+00 2.987413824137629792e+00 2.468053288089706032e-01 5.449237256980845268e+04
1.461777786895453346e+01 3.299579676083979507e+00 2.995597098962856197e+00 2.503073076049276424e-01 5.434668769235358923e+04
1.469631796719032302e+01 3.310594863490629702e+00 3.007144548376758042e+00 2.531594675275850581e-01 5.384149817874198925e+04
1.477485806242911437e+01 3.323960479386504741e+00 3.023422729151327815e+00 2.564244803456529609e-01 5.417085462811455363e+04
1.485339815471844993e+01 3.353051665009250559e+00 3.044013237306888442e+00 2.609772958600820036e-01 5.387321933830824855e+04
1.493193824410487203e+01 3.360890834780016156e+00 3.052500774359843128e+00 2.638375149101421790e-01 5.372883291698098765e+04
1.501047833063394421e+01 3.376163722585733051e+00 3.067554352903158588e+00 2.677050978095865119e-01 5.356710055439339340e+04
1.508901841435028857e+01 3.384120441128664059e+00 3.081237404082122211e+00 2.704542201921906752e-01 5.340122073235953576e+04
1.516755849529759992e+01 3.414430651897629954e+00 3.103822728569561207e+00 2.754330003643564173e-01 5.309055814457254746e+04
1.524609857351867070e+01 3.417947874876082981e+00 3.110358536853788713e+00 2.774802515595877761e-01 5.303388938682968001e+04
1.532463864905541762e+01 3.433604835505887465e+00 3.125419520543185836e+00 2.808608915805612116e-01 5.276431046095569764e+04
1.540317872194890292e+01 3.459737478038303671e+00 3.145826858018149430e+00 2.863488484206990203e-01 5.271667950521454623e+04
1.548171879223935399e+01 3.472323564985815736e+00 3.155304821628336587e+00 2.885860801797260899e-01 5.246298209883712843e+04
1.556025885996618996e+01 3.478843044186093802e+00 3.164886487682516680e+00 2.929856060594627221e-01 5.225067499527255131e+04
1.563879892516803238e+01 3.494867839309087287e+00 3.182744993585808313e+00 2.960156809831957503e-01 5.207779719990078593e+04
1.571733898788273187e+01 3.506158691322470933e+00 3.191573551824223642e+00 3.003180455982354946e-01 5.206112795327716594e+04
1.579587904814739119e+01 3.533002488373020888e+00 3.216055727557949329e+00 3.049636921180222116e-01 5.188619419119166560e+04
1.587441910599837769e+01 3.544237384033154470e+00 3.233467828723877169e+00 3.079241066416604222e-01 5.153276841120183235e+04
1.595295916147133575e+01 3.562639244121817317e+00 3.245248229142775998e+00 3.108542716564726138e-01 5.128979447135727241e+04
1.603149921460121874e+01 3.582939641410341380e+00 3.265427876382865691e+00 3.162950114429270987e-01 5.124566597813289991e+04
1.611003926542229436e+01 3.577997679231765371e+00 3.256808611748520210e+00 3.199019427507868163e-01 5.097670763583346707e+04
1.618857931396816596e+01 3.624078636622703797e+00 3.301924600658531883e+00 3.248807455613531014e-01 5.106977882080431300e+04
1.626711936027179561e+01 3.636569174420149597e+00 3.315716076712855287e+00 3.274274311808347826e-01 5.069485700140099652e+04
1.634565940436549525e+01 3.637656470596512648e+00 3.316091150897948037e+00 3.320459628598463886e-01 5.063395300507314096e+04
1.642419944628097639e+01 3.657598985778121037e+00 3.340439562252309980e+00 3.353951462909661729e-01 5.039927048798633041e+04
1.650273948604932883e+01 3.672615323171800394e+00 3.344822352731932735e+00 3.407317807733791226e-01 5.046930222772274283e+04
1.658127952370107394e+01 3.689922826329337546e+00 3.366724106349590517e+00 3.436761622226173762e-01 5.007028974292973726e+04
1.665981955926614333e+01 3.699979402363757330e+00 3.378151593625140503e+00 3.491855928901692052e-01 5.001111648367702583e+04
1.673835959277390728e+01 3.724799615249020146e+00 3.403051041262406873e+00 3.528806804220164794e-01 4.987332663760583819e+04
1.681689962425318896e+01 3.729024610215955438e+00 3.404683097087283450e+00 3.572889674614972422e-01 4.977267027825959667e+04
1.689543965373228218e+01 3.753362020048223613e+00 3.426909200506602637e+00 3.614569301875366625e-01 4.953039403229915479e+04
1.697397968123895495e+01 3.769453616067278912e+00 3.442115383335234924e+00 3.657056071905626649e-01 4.935091794061605469e+04
1.705251970680045304e+01 3.787727972645147378e+00 3.454936865360182185e+00 3.708158583086720861e-01 4.935746658261601260e+04
1.713105973044353902e+01 3.792347609917444462e+00 3.466377293521727410e+00 3.746156505236802325e-01 4.919128591543042421e+04
1.720959975219447102e+01 3.814001654450797751e+00 3.486991327450184475e+00 3.789914193148863908e-01 4.900787455742167367e+04
1.728813977207903463e+01 3.831452204502018510e+00 3.503647199132274626e+00 3.838371174903278393e-01 4.898912138414671062e+04
1.736667979012256424e+01 3.842157552868059156e+00 3.515658249809488822e+00 3.884663447263502212e-01 4.871194530436205241e+04
1.744521980634991110e+01 3.866208512469187841e+00 3.533514788845649957e+00 3.935850533923450634e-01 4.856934011895082222e+04
1.752375982078550365e+01 3.871389821894980265e+00 3.546547631588354399e+00 3.969152053350696874e-01 4.838215778602364298e+04
1.760229983345331917e+01 3.890966036669049277e+00 3.561124434213009504e+00 4.020705771628061975e-01 4.835012143083787669e+04
1.768083984437692635e+01 3.907175225950208830e+00 3.580137118662679807e+00 4.050839265560446933e-01 4.824153778876001888e+04
1.775937985357945692e+01 3.949804182036323219e+00 3.614916866620321745e+00 4.113605482749392306e-01 4.816539735123563150e+04
1.783791986108364824e+01 3.947698513626508365e+00 3.618459214358417331e+00 4.163807897674279834e-01 4.786834005485130911e+04
1.791645986691183268e+01 3.962194662992294170e+00 3.633575345952559932e+00 4.209721840044573504e-01 4.784472530733908934e+04
1.799499987108595889e+01 3.989221423608371175e+00 3.653035293870093625e+00 4.257683796657413255e-01 4.781926332535189431e+04
1.807353987362759185e+01 4.003356447395234774e+00 3.669953720906747652e+00 4.295392455542368926e-01 4.769275382314639137e+04
1.815207987455791638e+01 4.015399765128202070e+00 3.677179296289306620e+00 4.357254065832960599e-01 4.736222311688684567e+04
1.823061987389775851e+01 4.037290606476545030e+00 3.698383954278979147e+00 4.399190753484992777e-01 4.750326086189156922e+04
1.830915987166758541e+01 4.047905423475553377e+00 3.715779816587664097e+00 4.440421443793181600e-01 4.744641062735166634e+04
1.838769986788751964e+01 4.094715247007981063e+00 3.754730616659631259e+00 4.507898132633054722e-01 4.736165259450210579e+04
1.846623986257733563e+01 4.093114916512777590e+00 3.753458133798856178e+00 4.546001998143006650e-01 4.716077229423754034e+04
1.854477985575647381e+01 4.108881535981675270e+00 3.768646318848278831e+00 4.600248788977159276e-01 4.722849341312400793e+04
1.862331984744404423e+01 4.139499486761146763e+00 3.801598832719910170e+00 4.645079276502620536e-01 4.707203813510599866e+04
1.870185983765884075e+01 4.151082883880764740e+00 3.813054569291808082e+00 4.702440118988189810e-01 4.707436468460305332e+04
1.878039982641934458e+01 4.171292649172296585e+00 3.838678959552584313e+00 4.746959566373016304e-01 4.712016660294360190e+04
1.885893981374372075e+01 4.194801255421189090e+00 3.857197953777993238e+00 4.812470329804022229e-01 4.696525821132969577e+04
1.893747979964983941e+01 4.211896750658305599e+00 3.873540911321848412e+00 4.852118328068748543e-01 4.683043083206432493e+04
1.901601978415527228e+01 4.242749121107978638e+00 3.906631793271230446e+00 4.910464988961104615e-01 4.685852765224195900e+04
1.909455976727730331e+01 4.255797806797280813e+00 3.923298086969942755e+00 4.962687821306757674e-01 4.683752605693393707e+04
1.917309974903293579e+01 4.272365955056858233e+00 3.934360014560307928e+00 5.007844711127382720e-01 4.684518953551850427e+04
1.925163972943889235e+01 4.292298801671551978e+00 3.954673408436914173e+00 5.067565727183495072e-01 4.663689479614065203e+04
1.933017970851161849e+01 4.319587860281616898e+00 3.977164681105398003e+00 5.127880203650354574e-01 4.668743038713542774e+04
1.940871968626730748e+01 4.348506161182982943e+00 4.004222724236393027e+00 5.189940195907611908e-01 4.676358576575045299e+04
1.948725966272188259e+01 4.373428126057554266e+00 4.029632017418538048e+00 5.235380149617818724e-01 4.669742463177513127e+04
1.956579963789100773e+01 4.381939679334161397e+00 4.040140523528055638e+00 5.299151790296449116e-01 4.656813018424919574e+04
1.964433961179010524e+01 4.418944556410883351e+00 4.074782568149132089e+00 5.364757947108225178e-01 4.669134820267650503e+04
1.972287958443434519e+01 4.432425592222089428e+00 4.089220001129899806e+00 5.414416666423709223e-01 4.669302236918582639e+04
1.980141955583865965e+01 4.454896095034955650e+00 4.106844660591717044e+00 5.479227253683485177e-01 4.669561330284331052e+04
1.987995952601774619e+01 4.494687672239412457e+00 4.147682043919885153e+00 5.547897755814379384e-01 4.686029531360376131e+04
1.995849949498606790e+01 4.511035504348928526e+00 4.163266248288007176e+00 5.602964671546911690e-01 4.690554552271574357e+04
2.003703946275786052e+01 4.517463702431644634e+00 4.175910490050159574e+00 5.647548709800178646e-01 4.679404277307774464e+04
2.011557942934713950e+01 4.532392269601592361e+00 4.187546534747445648e+00 5.730601900206065968e-01 4.684860268433704914e+04
2.019411939476770712e+01 4.565040587698764973e+00 4.224245311619612586e+00 5.757968504978685509e-01 4.654766514040167385e+04
2.027265935903314542e+01 4.558098820949710195e+00 4.220698512557814475e+00 5.825426527950485767e-01 4.644064589308742143e+04
2.035119932215682326e+01 4.581350965103606399e+00 4.233054788329838836e+00 5.865026125162177140e-01 4.626835822889488918e+04
2.042973928415191054e+01 4.588659947451742660e+00 4.248691156684128778e+00 5.923852336537726027e-01 4.623980253672404797e+04
2.050827924503137467e+01 4.592554219007976890e+00 4.252093372444147867e+00 5.977903622850230247e-01 4.601256149871429807e+04
2.058681920480798766e+01 4.616867146202501715e+00 4.278875319373708130e+00 6.041693865201467339e-01 4.591923088970637036e+04
2.066535916349431901e+01 4.609277960544839736e+00 4.274267607711290218e+00 6.080982975144632041e-01 4.551615607089518744e+04
2.074389912110275347e+01 4.614582081625494325e+00 4.285181698289642682e+00 6.147774250877651170e-01 4.549542416856624186e+04
2.082243907764548752e+01 4.625982419094580855e+00 4.289694860746234184e+00 6.191495630267299655e-01 4.526152679506858112e+04
2.090097903313453642e+01 4.653103294030400683e+00 4.312245187375598476e+00 6.271024671818079543e-01 4.506879341559273598e+04
2.097951898758173783e+01 4.656384541084226392e+00 4.315276027048572161e+00 6.331312471961609845e-01 4.494238745536597708e+04
2.105805894099874109e+01 4.665361434798094287e+00 4.329833501167668963e+00 6.390388895752472376e-01 4.471799441940973338e+04
2.113659889339703568e+01 4.660354539449571121e+00 4.332421781297366437e+00 6.425457647933431327e-01 4.458673054894090455e+04
2.121513884478793344e+01 4.682106499234913954e+00 4.357939035032948105e+00 6.522544476239854339e-01 4.436677560819034261e+04
2.129367879518258277e+01 4.685667907092927464e+00 4.355365886407331466e+00 6.569152559961015658e-01 4.422103345421488484e+04
2.137221874459196869e+01 4.697025815194124654e+00 4.369564779047735215e+00 6.616747051680680336e-01 4.397716291205478046e+04
2.145075869302691274e+01 4.700093296372462426e+00 4.368325064788104228e+00 6.692857379789114436e-01 4.395604033320125745e+04
2.152929864049807307e+01 4.716278922389432360e+00 4.400507949386632589e+00 6.747548635280137264e-01 4.368716704790133372e+04
2.160783858701596571e+01 4.713864902289953029e+00 4.396587074443129239e+00 6.821411344374065377e-01 4.375514767291668250e+04
2.168637853259094683e+01 4.736493732425063108e+00 4.413110038469546303e+00 6.868088473440037145e-01 4.339372908395452396e+04
2.176491847723321982e+01 4.764913828157712139e+00 4.433036578329584643e+00 6.939799065879139750e-01 4.323186853891790815e+04
2.184345842095285306e+01 4.747179582444440271e+00 4.426728741770101117e+00 6.984641815868399828e-01 4.306385601198012591e+04
2.192199836375975508e+01 4.753655218761790202e+00 4.446819968236289888e+00 7.065875254712304931e-01 4.301815376007320447e+04
2.200053830566371005e+01 4.775320080749372309e+00 4.463629240228837780e+00 7.140592872400701729e-01 4.291713804644529591e+04
2.207907824667434582e+01 4.773425835019842189e+00 4.458927785999924787e+00 7.179003221414228531e-01 4.274631320729836443e+04
2.215761818680116590e+01 4.790184610328990900e+00 4.471154117620980806e+00 7.276884473711996426e-01 4.265705833225846436e+04
2.223615812605353526e+01 4.805218732737965404e+00 4.499772047871546832e+00 7.328767015083639258e-01 4.246025962912966497e+04
2.231469806444068738e+01 4.799222009666540778e+00 4.482009934384110217e+00 7.396617816356330088e-01 4.231118633898036205e+04
2.239323800197172432e+01 4.809963560818101946e+00 4.499101393286035311e+00 7.426830465818913263e-01 4.229248852258508850e+04
2.247177793865562023e+01 4.825314992050451224e+00 4.522209389131848667e+00 7.531955634388832754e-01 4.206684022537415149e+04
2.255031787450123204e+01 4.838332620435495279e+00 4.529775455667246931e+00 7.580848196573634068e-01 4.193721391884401964e+04
2.262885780951728165e+01 4.836253752873499678e+00 4.534910900212145712e+00 7.659879608033220988e-01 4.181410557619261817e+04
2.270739774371238440e+01 4.859054624791546040e+00 4.555445255073738764e+00 7.732588503010346948e-01 4.161192117459122528e+04
2.278593767709502771e+01 4.872601173729346868e+00 4.564265821841159365e+00 7.797433611555306676e-01 4.150034598645410006e+04
2.286447760967358178e+01 4.862465099621572584e+00 4.568267598812014718e+00 7.856426087699658334e-01 4.132757787350505532e+04
2.294301754145629957e+01 4.884276919264816108e+00 4.586471967117087267e+00 7.887390993790660554e-01 4.118888384141115239e+04
2.302155747245133455e+01 4.893180428969581719e+00 4.598620815648390980e+00 7.973239456967597949e-01 4.113068559300158813e+04
2.310009740266672296e+01 4.895484973489936387e+00 4.591013345101352172e+00 8.042372724633870540e-01 4.117787122307560639e+04
2.317863733211038380e+01 4.911068052655717331e+00 4.619701658570680713e+00 8.082263251793818659e-01 4.093786958077698364e+04
2.325717726079013303e+01 4.919169000086675680e+00 4.627298279908928613e+00 8.172120524771376848e-01 4.079712743835181755e+04
2.333571718871368716e+01 4.915289058441451253e+00 4.629669221605788643e+00 8.221287835042250247e-01 4.056349600455401378e+04
2.341425711588865965e+01 4.931407081582889873e+00 4.647798147104874822e+00 8.283622111278445832e-01 4.033553061551396240e+04
2.349279704232255384e+01 4.963729584387181148e+00 4.676458254481957511e+00 8.373266178322807951e-01 4.044142631013247592e+04
2.357133696802278067e+01 4.965723969399683746e+00 4.679545270470890195e+00 8.440870908158397690e-01 4.023388640447835496e+04
2.364987689299664453e+01 4.967034306834777979e+00 4.684000906276595266e+00 8.505462609697990173e-01 4.015372941576840822e+04
2.372841681725136453e+01 4.975802900881705071e+00 4.705097249738821041e+00 8.601104567113063704e-01 4.014848460157602676e+04
2.380695674079405322e+01 4.999112762056716619e+00 4.715300449031750496e+00 8.649123421748351470e-01 3.982704663357893878e+04
2.388549666363174140e+01 5.005470186012087375e+00 4.735948649283132639e+00 8.736718231906629439e-01 4.002158792945310415e+04
2.396403658577134976e+01 5.004071980520002683e+00 4.722896275637769037e+00 8.802701650161750546e-01 3.985440230445500492e+04
2.404257650721972439e+01 5.039718790161253459e+00 4.769983260723850371e+00 8.876875239665334982e-01 3.960893995237244235e+04
2.412111642798362254e+01 5.031243827589877426e+00 4.763427267879552396e+00 8.907912607235716207e-01 3.965920102437776222e+04
2.419965634806970556e+01 5.054831557276028065e+00 4.789595444731564733e+00 9.013960501719142648e-01 3.928574827420308429e+04
2.427819626748454596e+01 5.073483640526870175e+00 4.802649485578185384e+00 9.090172524116003627e-01 3.947571800493789488e+04
2.435673618623464520e+01 5.083769607228747489e+00 4.815184144581196257e+00 9.191690213543155519e-01 3.920193407788987679e+04
2.443527610432640529e+01 5.083019738888077121e+00 4.821570035545000188e+00 9.258560131268620541e-01 3.926712518910567451e+04
2.451381602176616425e+01 5.105397721804632027e+00 4.843117530407155868e+00 9.322299906065555364e-01 3.915262465379376954e+04
2.459235593856016067e+01 5.110413962567870172e+00 4.850794067807578713e+00 9.403533471519260889e-01 3.915790136530473683e+04
2.467089585471456203e+01 5.120781180249569964e+00 4.864648018863698020e+00 9.488330862725186110e-01 3.894145734748818359e+04
2.474943577023546126e+01 5.142361604957812027e+00 4.886132002599019586e+00 9.566178108554377335e-01 3.901551944352692954e+04
2.482797568512887310e+01 5.139563596606609330e+00 4.896413167208406136e+00 9.658978728664554536e-01 3.881622294305201649e+04
2.490651559940072346e+01 5.135544262393455739e+00 4.898084500953558518e+00 9.731020022142615744e-01 3.875066479996446287e+04
2.498505551305688144e+01 5.173504998868578397e+00 4.919746099717146492e+00 9.842320806399110777e-01 3.855208362395733275e+04
2.506359542610313440e+01 5.183492449713448913e+00 4.924375562131384498e+00 9.907814256788983753e-01 3.856363188589241327e+04
2.514213533854519511e+01 5.189428240451268159e+00 4.941264223260259492e+00 1.000843562445647983e+00 3.860128764868953294e+04
2.522067525038871239e+01 5.229760541065214596e+00 4.976811892411677540e+00 1.006857557205516951e+00 3.837888018330303021e+04
2.529921516163925688e+01 5.233521182685859863e+00 5.002474466767822037e+00 1.016124986570684507e+00 3.829595657410233980e+04
2.537775507230233529e+01 5.256238665558530698e+00 5.014414803854847946e+00 1.022415524536963272e+00 3.854201018238721008e+04
2.545629498238338684e+01 5.256932194356645383e+00 5.022036285309416925e+00 1.031207773197562849e+00 3.846210093853181024e+04
2.553483489188777966e+01 5.258686322652523337e+00 5.019404757715194343e+00 1.043715797269709533e+00 3.831478401411649247e+04
2.561337480082082152e+01 5.285170243126667167e+00 5.034140846380575240e+00 1.050291316635262762e+00 3.827494655462395167e+04
2.569191470918774911e+01 5.307930008099272179e+00 5.088781300085885917e+00 1.059114758973525028e+00 3.820694401906722487e+04
2.577045461699373874e+01 5.299714707818528936e+00 5.080216654388168607e+00 1.063076177408184497e+00 3.805698825919482624e+04
2.584899452424390631e+01 5.350214437288690839e+00 5.119645612466067419e+00 1.076615621389721555e+00 3.804187647848752385e+04
2.592753443094329668e+01 5.376976295301441944e+00 5.152443049365779792e+00 1.085171317207932251e+00 3.810692391190465423e+04
2.600607433709690852e+01 5.359215678059859655e+00 5.149472064152323725e+00 1.096468372898574684e+00 3.808262977743970987e+04
2.608461424270966944e+01 5.364210786326530922e+00 5.157363355886128709e+00 1.102466643987014105e+00 3.796198681184374436e+04
2.616315414778644310e+01 5.390318028859557131e+00 5.183788095993646650e+00 1.108675880014770243e+00 3.789258261689001665e+04
2.624169405233205055e+01 5.405659604690071340e+00 5.197825550927463567e+00 1.122090496762466527e+00 3.788740700321970508e+04
2.632023395635124174e+01 5.439226513319743717e+00 5.234150819788254694e+00 1.133408828543159164e+00 3.785637084582560055e+04
2.639877385984871694e+01 5.429857585492948502e+00 5.220943610776693333e+00 1.149562910180254693e+00 3.788203380159759399e+04
2.647731376282911953e+01 5.461490320330967485e+00 5.264886187694989061e+00 1.153817583492275256e+00 3.786015270330393105e+04
2.655585366529703606e+01 5.487729407340710353e+00 5.288763611612389504e+00 1.166274681707280658e+00 3.778669753980835958e+04
2.663439356725699980e+01 5.498896266519136766e+00 5.296872416968117392e+00 1.177884534271520067e+00 3.764536590122405323e+04
2.671293346871349428e+01 5.553230292030814752e+00 5.343726193519328760e+00 1.187549995340914544e+00 3.778940347356221901e+04
2.679147336967094617e+01 5.554713686693720121e+00 5.349597202667540685e+00 1.191334307192767117e+00 3.782551634302127059e+04
2.687001327013372531e+01 5.545484305058884011e+00 5.344230027119932558e+00 1.197881615440347769e+00 3.773034640660026344e+04
2.694855317010616602e+01 5.576156511152766448e+00 5.375734220327188062e+00 1.209856202413266857e+00 3.758193998108508822e+04
2.702709306959254221e+01 5.595113529588991774e+00 5.404774502201640907e+00 1.230689034356373446e+00 3.778224353964471084e+04
2.710563296859707094e+01 5.604045618040349730e+00 5.413845295892290466e+00 1.235924791484460883e+00 3.760395315850949555e+04
2.718417286712393377e+01 5.634932458168085745e+00 5.447436789643706589e+00 1.252572893374063412e+00 3.750458072738907504e+04
2.726271276517725894e+01 5.666309486607167045e+00 5.464149245353222994e+00 1.259180388500808379e+00 3.778329932964257023e+04
2.734125266276112498e+01 5.659756822019135214e+00 5.466748924215331762e+00 1.260080257516430269e+00 3.756033102969830361e+04
2.741979255987956776e+01 5.657251386863640263e+00 5.493845737769249560e+00 1.275312733685370237e+00 3.755401965539026423e+04
2.749833245653658054e+01 5.671070931269524884e+00 5.512413648272826094e+00 1.284010552037128772e+00 3.747595894145577768e+04
2.757687235273609616e+01 5.673619945845137735e+00 5.491613244337198552e+00 1.295864045227996364e+00 3.734612183697286673e+04
2.765541224848202262e+01 5.689013519028370602e+00 5.528688621432094941e+00 1.301882867736874561e+00 3.735312426942749153e+04
2.773395214377820395e+01 5.697533165654828480e+00 5.538963611364378536e+00 1.314056429545380045e+00 3.716866614251705323e+04
2.781249203862845576e+01 5.685625182517135556e+00 5.541487937459828927e+00 1.319754033160580819e+00 3.707704846879642719e+04
2.789103193303654038e+01 5.693087321203926798e+00 5.527100295568057042e+00 1.335086443259867472e+00 3.712766577872807829e+04
2.796957182700618816e+01 5.747757019765355579e+00 5.582566186185171198e+00 1.346983259579158210e+00 3.697398871604551096e+04
2.804811172054107615e+01 5.732015731086794297e+00 5.590172919884033753e+00 1.354385521074888299e+00 3.669625273092725547e+04
2.812665161364485655e+01 5.753399815870340106e+00 5.610399280725959059e+00 1.368049418557581998e+00 3.694788350471356534e+04
2.820519150632112115e+01 5.733395150229374515e+00 5.589987291234552735e+00 1.378714435118079784e+00 3.646865821262374084e+04
2.828373139857343332e+01 5.714571216618015370e+00 5.595347615028322785e+00 1.378162118741103725e+00 3.645395004899020569e+04
2.836227129040531736e+01 5.720789041663216778e+00 5.597447501158747230e+00 1.393131677972685667e+00 3.621168887266836100e+04
2.844081118182025847e+01 5.737189531165229894e+00 5.615152246412281833e+00 1.400018192921155258e+00 3.599783619400308089e+04
2.851935107282169923e+01 5.697807042815268730e+00 5.594073469317507374e+00 1.415555591785440104e+00 3.574145692352253536e+04
2.859789096341304315e+01 5.756238274831378732e+00 5.636663595226040435e+00 1.434085233501134704e+00 3.583770984476655576e+04
2.867643085359765820e+01 5.721839441455913722e+00 5.603211535778523711e+00 1.438776604546046389e+00 3.537580128049359337e+04
2.875497074337888392e+01 5.717562450082094294e+00 5.642555088582491329e+00 1.441802647858848374e+00 3.550809060816418059e+04
2.883351063276001369e+01 5.723525473859758073e+00 5.616284503833932185e+00 1.459298628662644148e+00 3.535181170881250000e+04
2.891205052174430890e+01 5.710939544492342534e+00 5.637812098575222031e+00 1.462760912656079215e+00 3.504930651990819024e+04
2.899059041033499184e+01 5.730022172361248778e+00 5.644491000675078141e+00 1.488076547783372838e+00 3.516115857493504154e+04
2.906913029853525643e+01 5.740212349026373673e+00 5.675940458064185457e+00 1.487978804564511703e+00 3.509276800353235740e+04
2.914767018634825746e+01 5.766060972986656097e+00 5.707387020994616478e+00 1.507474811200194109e+00 3.488156147936626803e+04
2.922621007377712132e+01 5.721616464354952747e+00 5.707596261110905012e+00 1.508726960813189022e+00 3.460817090642248513e+04
2.930474996082492822e+01 5.731722667681153460e+00 5.683683724099841683e+00 1.530641720505487635e+00 3.478695330720228958e+04
2.938328984749474060e+01 5.777536281441569166e+00 5.767731508444217781e+00 1.529854971234830385e+00 3.450809512588303187e+04
2.946182973378957826e+01 5.773537615873978623e+00 5.729889507614679189e+00 1.545044831278135522e+00 3.456653001365498494e+04
2.954036961971243258e+01 5.799593409986669279e+00 5.772067956973018887e+00 1.555429146397388829e+00 3.433582864102956228e+04
2.961890950526625943e+01 5.791051914247907106e+00 5.788198751215885451e+00 1.575045229807000569e+00 3.473090907929917739e+04
2.969744939045398979e+01 5.830908131250776449e+00 5.811513425061771265e+00 1.579055548561857591e+00 3.429115997175269149e+04
2.977598927527852268e+01 5.856998471933612116e+00 5.828964287131703337e+00 1.589754558209490076e+00 3.441061327554955642e+04
2.985452915974272159e+01 5.837660623452190833e+00 5.827453960729909177e+00 1.605057527175847154e+00 3.424822490605153143e+04
2.993306904384942868e+01 5.907573302912356716e+00 5.873000042870284432e+00 1.597878875949888533e+00 3.430804912780827726e+04
3.001160892760143994e+01 5.844493569444181524e+00 5.892643799257998971e+00 1.633208616294879345e+00 3.426270583872281713e+04
3.009014881100154071e+01 5.863315533490546017e+00 5.908958578094484437e+00 1.630943100134609525e+00 3.418001597098104685e+04
3.016868869405248077e+01 5.901787694237066617e+00 5.901940612826006571e+00 1.644318862536201520e+00 3.403100381546608696e+04
3.024722857675697441e+01 5.955668413888179025e+00 5.971857152609012509e+00 1.645764763082516735e+00 3.426864396112650866e+04
3.032576845911771457e+01 5.926377014481994721e+00 5.936223138222909590e+00 1.660524117034929192e+00 3.386582464666230226e+04
3.040430834113736580e+01 5.942468298860027254e+00 5.950380261256826842e+00 1.682032522047247403e+00 3.431105363045262493e+04
3.048284822281856421e+01 5.933632484551915276e+00 5.951224049197681332e+00 1.686242090979891417e+00 3.416008683274845680e+04
3.056138810416392460e+01 5.961728377080271812e+00 6.038133411650925986e+00 1.707290933939017208e+00 3.396605050511737500e+04
3.063992798517602267e+01 5.939927989686973220e+00 6.004252781429983088e+00 1.724169431772533123e+00 3.423622031004397286e+04
3.071846786585741640e+01 5.996808894082513497e+00 6.052718776633089881e+00 1.737450993888972839e+00 3.422794478907935263e+04
3.079700774621063886e+01 5.918170884527160780e+00 6.006735293750608662e+00 1.755012403760874085e+00 3.389288875696439209e+04
3.087554762623818760e+01 6.014542662917367721e+00 6.095560508812022604e+00 1.769295220179757377e+00 3.385818473068511230e+04
3.095408750594254599e+01 6.042995223350626333e+00 6.084351290224951470e+00 1.789024749485957688e+00 3.408557352359963988e+04
3.103262738532617249e+01 6.062511196831032123e+00 6.110732761905274479e+00 1.795681886118251525e+00 3.413574248495438951e+04
3.111116726439149005e+01 6.074671225855545309e+00 6.114646907839864198e+00 1.808625816692062127e+00 3.440609150262711773e+04
3.118970714314090387e+01 6.177908266365782275e+00 6.237808144561202361e+00 1.821695145749108402e+00 3.417026258537613467e+04
3.126824702157679781e+01 6.140036311703648941e+00 6.173960153944469731e+00 1.846728357595803116e+00 3.412747336495393392e+04
3.134678689970152377e+01 6.170191213404985220e+00 6.204296401451754761e+00 1.872030111659597651e+00 3.380140717010427761e+04
3.142532677751741588e+01 6.215547497372318375e+00 6.286329035705285229e+00 1.875310921797972208e+00 3.398679268180952204e+04
3.150386665502678696e+01 6.189978877309846084e+00 6.238724830386918718e+00 1.898252298748719147e+00 3.447297530215713778e+04
3.158240653223192140e+01 6.267356651519882860e+00 6.332817989806290626e+00 1.889152758731123205e+00 3.402867615037938231e+04
3.166094640913508229e+01 6.323877125999011639e+00 6.319815195261231366e+00 1.897929281309864491e+00 3.464373320869220333e+04
3.173948628573851494e+01 6.297715727247667594e+00 6.412751565363991268e+00 1.912114966669860694e+00 3.403494806244324718e+04
3.181802616204443623e+01 6.303671981192806584e+00 6.371499235572716913e+00 1.976556235051518895e+00 3.421139729155135865e+04
3.189656603805504531e+01 6.208398727242865789e+00 6.393852087780532933e+00 1.961541292749397147e+00 3.432934167560813512e+04
3.197510591377251998e+01 6.384523218798088706e+00 6.483816989473716319e+00 1.965079502247939036e+00 3.503167299375146104e+04
3.205364578919900964e+01 6.386038136147549338e+00 6.540337061899176518e+00 2.006150105882090973e+00 3.456841739288371173e+04
3.213218566433665302e+01 6.411980289972408542e+00 6.443524453796611873e+00 2.054805154533756895e+00 3.477065133354882710e+04
3.221072553918755688e+01 6.432042821965306523e+00 6.523681919925639505e+00 2.070400523032169815e+00 3.491938200711649552e+04
3.228926541375382442e+01 6.454582274106440032e+00 6.512487027096339531e+00 2.019716320767142914e+00 3.551214658455861354e+04
3.236780528803751622e+01 6.467657157890372766e+00 6.520798224083211636e+00 2.070013232291239014e+00 3.518235677066323115e+04
3.244634516204068575e+01 6.501544845130465156e+00 6.575460564192403545e+00 2.101670683005143925e+00 3.528209656115735561e+04
3.252488503576537227e+01 6.589905603052309324e+00 6.619596725796194292e+00 2.109863523285097298e+00 3.490729581869999674e+04
3.260342490921358660e+01 6.555936946452187719e+00 6.647962487079419169e+00 2.116412434346733651e+00 3.601673425881646835e+04
3.268196478238731828e+01 6.691761451462372889e+00 6.846011228347143707e+00 2.149504137669068005e+00 3.539524777457796154e+04
3.276050465528854261e+01 6.659693773162045360e+00 6.791711553482823405e+00 2.191047198426186338e+00 3.550405678970071313e+04
3.283904452791921358e+01 6.781799071997154371e+00 6.845352971394717656e+00 2.184363037842372623e+00 3.611843939362899255e+04
3.291758440028127097e+01 6.782707653916419055e+00 6.863885201857825358e+00 2.225667860327630976e+00 3.582707714410399058e+04
3.299612427237663326e+01 6.717162723437378524e+00 6.829446944066776659e+00 2.224789413568716956e+00 3.607913791930386651e+04
3.307466414420719758e+01 6.890268812430550227e+00 6.973903153368671504e+00 2.272497633807114781e+00 3.656361614605323120e+04
3.315320401577483977e+01 6.784317535141515698e+00 6.829855370748973975e+00 2.246043391745503381e+00 3.665809215776942438e+04
3.323174388708143567e+01 6.747261810876479693e+00 6.867911460755779629e+00 2.296603882236049277e+00 3.613804585884687549e+04
3.331028375812883269e+01 6.828653679863228021e+00 6.821176820183243450e+00 2.258331344047054934e+00 3.602219505225768808e+04
3.338882362891884981e+01 6.844254036396139718e+00 6.850668717864817125e+00 2.257180898914035172e+00 3.691779000864623958e+04
3.346736349945329891e+01 7.202269830331271550e+00 7.404259633197365353e+00 2.309701383971713540e+00 3.634774030053142633e+04
3.354590336973399189e+01 7.049136036079804768e+00 7.394180989442364016e+00 2.358645721777382853e+00 3.728705844551534392e+04
3.362444323976268379e+01 7.105968473183288836e+00 7.128796719093884349e+00 2.365320233339250233e+00 3.714048450983129442e+04
3.370298310954115806e+01 7.053777729833073273e+00 7.254300421493957707e+00 2.370074058251681048e+00 3.636466351222420781e+04
3.378152297907114132e+01 7.166609174927354609e+00 7.307790841867618070e+00 2.445066053903491188e+00 3.639185652173629205e+04
3.386006284835436730e+01 7.052919274086802304e+00 7.252754804072478301e+00 2.401465733984356365e+00 3.642539326810209604e+04
3.393860271739255552e+01 7.030837207565289404e+00 7.238961844850937410e+00 2.244889504933836655e+00 3.584892180388636189e+04
3.401714258618739706e+01 6.857933162303690544e+00 7.720940427144611817e+00 2.551707660010349432e+00 3.971252651853473071e+04
3.409568245474058301e+01 7.309523121241364940e+00 7.454237487335155343e+00 2.431982829077036001e+00 3.829995843450340908e+04
3.417422232305376895e+01 6.998278927367025837e+00 7.433793149720965943e+00 2.561660525015689416e+00 3.823228975599650585e+04
3.425276219112861043e+01 7.167851707807255224e+00 7.277901093488321038e+00 2.772798059299629081e+00 3.863067732865233847e+04
3.433130205896674880e+01 6.578386305877855555e+00 7.272231860959635696e+00 3.100650248818332511e+00 3.489114653364564583e+04
3.440984192656979701e+01 7.396644638224368684e+00 7.750509646138591613e+00 2.734216073943075198e+00 3.730454542671667878e+04
3.448838179393936088e+01 7.405867015900134298e+00 7.044721600812124507e+00 2.428283098683936547e+00 3.915984767640785867e+04
3.456692166107702491e+01 8.403586596543801690e+00 7.587253886143474624e+00 2.800854495325284521e+00 3.785745021347799047e+04
3.464546152798438072e+01 1.019470794484549714e+01 7.339998323077699283e+00 2.680502714847253998e+00 3.709171348205367394e+04
3.472400139466299152e+01 6.574660561421097782e+00 7.512237043877533438e+00 2.844528051905629074e+00 4.391306142801729584e+04
