# 0.9998 0.9998
7.871241428633635184e-02 4.780631810304957277e-03 4.803679611754752693e-03 1.479589325967366169e-07 6.121051711062131062e+02
1.618072713909662341e-01 1.465639341531656259e-02 1.465590457390083916e-02 1.099718930944091369e-06 2.436030403100242438e+03
2.418771330418761079e-01 3.778767293889915418e-02 3.771277977356340960e-02 2.115420241596018704e-06 3.335760363775543283e+03
3.211923215201240578e-01 5.260715298434926607e-02 5.264072722970485757e-02 4.254884090646520139e-06 6.541166281354557213e+03
4.002017901256537113e-01 5.376025808488841401e-02 5.372492829252584201e-02 7.015525710840607657e-06 9.195636402431780880e+03
4.790568272527075955e-01 7.282036416854399674e-02 7.285227401468238884e-02 1.478241172901702177e-05 9.072957407165751647e+03
5.578229290343351687e-01 7.985527731121734585e-02 7.973532181216935744e-02 2.253818782009204275e-05 1.299830157103429519e+04
6.365331115321660738e-01 9.649957426214050837e-02 9.637587264354485761e-02 3.285915725785326950e-05 1.393288324525684584e+04
7.152058371535838788e-01 8.743173613146817957e-02 8.733355250329923047e-02 4.509325813233329482e-05 1.582922365972072475e+04
7.938522421846891941e-01 1.020863970627146761e-01 1.018838309553903310e-01 5.614941783489628104e-05 1.678254130837121193e+04
8.724794443688169698e-01 1.126392373746599174e-01 1.120739456726863176e-01 7.346087859944053417e-05 1.779315588249533903e+04
9.510922062407737299e-01 1.179552106830303315e-01 1.175058531997535960e-01 8.915547988298780824e-05 1.938254958372188776e+04
1.029693835175838679e+00 1.335144746449853925e-01 1.323702722157622802e-01 1.155085113842406101e-04 1.966430806700120957e+04
1.108286699878543891e+00 1.484664076062992832e-01 1.471762444528468550e-01 1.389534690787696245e-04 2.009099218044267400e+04
1.186872541411916560e+00 1.453313514873820489e-01 1.438529935291356088e-01 1.708594030632214558e-04 2.135695124985740404e+04
1.265452668213572940e+00 1.667312763900864192e-01 1.648927201902064266e-01 2.078206174939229909e-04 2.268666999284862322e+04
1.344028082638708543e+00 1.716345317170722418e-01 1.696612019817311245e-01 2.495390436174916822e-04 2.458498721619465869e+04
1.422599565533279709e+00 1.851911336100273697e-01 1.829385142180776636e-01 2.905184043553193278e-04 2.424122635172606897e+04
1.501167734229200246e+00 1.989105737857492229e-01 1.961402275890348212e-01 3.375763794047229927e-04 2.562340287350392100e+04
1.579733083222462531e+00 2.036717050665171891e-01 2.006713125829648336e-01 3.767557623720584341e-04 2.724506490343667610e+04
1.658296013281593151e+00 2.129060154112485392e-01 2.095262182891337033e-01 4.133509150022246417e-04 2.761632597455572613e+04
1.736856852652245875e+00 2.259543826285715373e-01 2.225794319455061676e-01 4.823298283393189401e-04 2.744863138181170871e+04
1.815415872753641580e+00 2.396419610520295340e-01 2.354848842726994518e-01 5.489418605595643109e-04 2.904193848049503504e+04
1.893973299967037560e+00 2.504931606610377171e-01 2.457813490365224895e-01 6.139495618731258524e-04 2.931777239785114580e+04
1.972529324606241641e+00 2.604691829324993213e-01 2.555364150611440510e-01 6.832326143010523890e-04 3.071599279962512810e+04
2.051084107826015579e+00 2.701435346814535787e-01 2.642196161455216963e-01 7.647504837849771614e-04 3.154974720567406257e+04
2.129637787001040561e+00 2.951609080853698774e-01 2.888070111153140940e-01 8.080254963816882246e-04 3.255922665638044782e+04
2.208190479956450680e+00 3.009641038960060300e-01 2.937232202797973035e-01 9.146802151189447564e-04 3.301023019457834016e+04
2.286742288326184092e+00 3.113306297319321514e-01 3.039927226784920333e-01 1.006229984155150798e-03 3.313931008276619832e+04
2.365293300241981811e+00 3.135539972493303629e-01 3.056723045308103459e-01 1.116907380092083991e-03 3.377526490085099795e+04
2.443843592503681883e+00 3.328632372977698428e-01 3.247142292765543004e-01 1.223383478651126960e-03 3.508098075561273436e+04
2.522393232343909553e+00 3.483219629809123363e-01 3.397049532550381890e-01 1.299165273096360325e-03 3.540416699697582953e+04
2.600942278872942381e+00 3.609685593810866844e-01 3.512825333940793882e-01 1.449526854619333661e-03 3.669985356188078731e+04
2.679490784269383141e+00 3.742527848139025615e-01 3.642477577029575309e-01 1.557041226064224092e-03 3.617581478432151926e+04
2.758038794767343038e+00 3.875927408323185386e-01 3.761191937606341296e-01 1.690484009969890492e-03 3.737062387665649294e+04
2.836586351479573942e+00 4.082549386808410619e-01 3.966706239583437377e-01 1.849515755653639197e-03 3.852232676778573659e+04
2.915133491087511963e+00 4.156132737475712324e-01 4.030446287352292267e-01 1.986387764993388996e-03 3.842121785684921633e+04
2.993680246422668834e+00 4.322220678762095925e-01 4.186825185760859602e-01 2.128352704752602218e-03 3.824764803076413955e+04
3.072226646958827967e+00 4.517157553058984143e-01 4.367198628550572614e-01 2.334731588042905648e-03 3.953361595730801491e+04
3.150772719230606977e+00 4.516448114941649106e-01 4.370412401236829503e-01 2.404389534645362536e-03 3.957269531794035720e+04
3.229318487190934395e+00 4.661895146601053863e-01 4.510209021941152252e-01 2.600705654222321313e-03 4.031625334958751046e+04
3.307863972517584905e+00 4.862635610834217803e-01 4.692598337812029508e-01 2.775528366850597839e-03 4.060410580771141395e+04
3.386409194877053608e+00 4.990742570729758132e-01 4.809809511102196011e-01 3.016011641288148318e-03 4.197066273682183237e+04
3.464954172152534095e+00 5.104992059531645587e-01 4.925006420237205140e-01 3.159270745485764746e-03 4.164928651170100784e+04
3.543498920641575456e+00 5.329794877196766256e-01 5.129829366683419378e-01 3.369088809751831243e-03 4.269964766027621226e+04
3.622043455228019404e+00 5.367064573836222152e-01 5.173020534718736352e-01 3.609649190410599111e-03 4.253134520101395174e+04
3.700587789532037597e+00 5.628140246854058670e-01 5.404560158787047319e-01 3.828381852864381606e-03 4.312899366310397454e+04
3.779131936041457696e+00 5.674114073924467760e-01 5.455003012574434207e-01 4.047205003049146772e-03 4.392566785616864945e+04
3.857675906227046259e+00 5.799588846726091429e-01 5.571522129791417477e-01 4.307968572964841932e-03 4.442742391291430977e+04
3.936219710643986680e+00 6.023251988609589214e-01 5.773971245045511624e-01 4.483535156394869575e-03 4.490525317804290535e+04
4.014763359021444877e+00 6.157531011325547698e-01 5.905068491008921283e-01 4.744266610946568097e-03 4.426734373119633528e+04
4.093306860341824560e+00 6.321492147135424622e-01 6.061276145093182910e-01 4.973387723546225658e-03 4.526352290206349426e+04
4.171850222911064776e+00 6.481734513105530393e-01 6.209944222249749179e-01 5.276238915468095363e-03 4.605439921325902833e+04
4.250393454421145911e+00 6.573340852576390336e-01 6.297234536097414681e-01 5.485043526768601171e-03 4.582460269342902029e+04
4.328936562005788247e+00 6.673471132849747578e-01 6.391766102171275721e-01 5.726493585240931272e-03 4.671848424091696506e+04
4.407479552290201497e+00 6.929301307892374862e-01 6.624716459944375302e-01 6.027159623669988732e-03 4.646906868825516722e+04
4.486022431435594982e+00 7.039337753137335785e-01 6.726022840469979558e-01 6.300516193291392369e-03 4.746401654234070884e+04
4.564565205179107465e+00 7.288877880312669699e-01 6.962225244195074936e-01 6.587096861420395702e-03 4.771153860240112408e+04
4.643107878869670024e+00 7.319891858282683295e-01 6.982095881568344264e-01 6.928893222962305941e-03 4.811793494429974817e+04
4.721650457500300213e+00 7.470352558724299152e-01 7.134470200545448559e-01 7.228500364705413989e-03 4.819026170525656926e+04
4.800192945737217443e+00 7.734560062551013582e-01 7.375070726355409390e-01 7.538312014786502022e-03 4.854714620528202067e+04
4.878735347946150824e+00 7.781484605278570221e-01 7.414912907889420479e-01 7.945863377347157919e-03 4.930147660794731928e+04
4.957277668216146793e+00 8.028440979928471721e-01 7.641196984163848294e-01 8.357176536465867403e-03 4.917505060148682969e+04
5.035819910381144737e+00 8.183707964573413429e-01 7.792064651939968334e-01 8.704580730863191104e-03 4.890624367143522250e+04
5.114362078039562221e+00 8.358799387526953950e-01 7.956482955555406189e-01 8.987428555590986842e-03 4.994471861616509705e+04
5.192904174572115394e+00 8.400144479245629237e-01 7.976876561548501554e-01 9.420159672913793261e-03 5.021155373694271839e+04
5.271446203158030919e+00 8.607406013235521236e-01 8.166027362754822994e-01 9.771364818887172746e-03 5.045805867739052337e+04
5.349988166789838573e+00 8.716733597178379922e-01 8.280441191776289900e-01 1.014845493146459068e-02 5.092427741458251694e+04
5.428530068286878674e+00 9.063287228583065680e-01 8.594068471493712114e-01 1.058062374637649267e-02 5.099408101982424705e+04
5.507071910307648643e+00 9.119295226765343765e-01 8.628521136782295597e-01 1.104338618823079085e-02 5.113915467081675888e+04
5.585613695361120179e+00 9.359370863686948816e-01 8.876170700678734926e-01 1.142641587879574504e-02 5.188770157674037910e+04
5.664155425817094525e+00 9.509186561228810675e-01 9.006326221737758209e-01 1.187529608509140314e-02 5.186626748104809667e+04
5.742697103915729961e+00 9.614519391664353432e-01 9.109858367378699251e-01 1.230268948147681708e-02 5.174484063419824088e+04
5.821238731776284148e+00 9.759074326367996877e-01 9.241463544558996546e-01 1.279975859341497824e-02 5.209594020220462698e+04
5.899780311405160127e+00 9.951481051760513452e-01 9.425863455375187439e-01 1.322700743210052619e-02 5.264567350476426509e+04
5.978321844703323507e+00 1.009555014107011539e+00 9.553406290451822436e-01 1.364351530387974271e-02 5.312272938649939169e+04
6.056863333473133437e+00 1.029754521715572135e+00 9.730769373979024639e-01 1.405598498208582292e-02 5.346607241964767309e+04
6.135404779424661115e+00 1.054690880583250223e+00 9.965674535733621831e-01 1.459512879299742875e-02 5.350147019783340511e+04
6.213946184181517118e+00 1.062659760784152363e+00 1.004621219167506130e+00 1.497687976595581290e-02 5.364499476653605961e+04
6.292487549286247983e+00 1.091392773991695098e+00 1.030964021531716401e+00 1.555223568392429152e-02 5.408029412805376342e+04
6.371028876205335756e+00 1.094882455595741710e+00 1.035553854100108584e+00 1.599184153604514547e-02 5.399021940459148027e+04
6.449570166333828070e+00 1.105599999192476979e+00 1.042421010595179665e+00 1.659286274954351395e-02 5.420713585059985780e+04
6.528111420999634262e+00 1.131767893221358179e+00 1.066507873278671026e+00 1.742318510612315963e-02 5.392445609569906810e+04
6.606652641467518627e+00 1.146553006320778278e+00 1.079715084480742160e+00 1.784982368765219637e-02 5.426968733871919540e+04
6.685193828942805006e+00 1.172710780604507841e+00 1.104664231995703849e+00 1.816766027295810618e-02 5.420901411532955535e+04
6.763734984574836240e+00 1.171153178492021940e+00 1.103351268505169180e+00 1.897900679630485157e-02 5.433258941406709346e+04
6.842276109460177835e+00 1.203584928728989922e+00 1.131065838094603260e+00 1.965595684647971145e-02 5.466788838364253024e+04
6.920817204645620890e+00 1.218307891412216071e+00 1.145541812328507048e+00 2.009991009442694057e-02 5.525607281413989404e+04
6.999358271130968312e+00 1.238221914670521118e+00 1.162440210933882723e+00 2.066698693126243699e-02 5.554051238266142173e+04
7.077899309871646949e+00 1.255642841612667482e+00 1.181693024369985023e+00 2.105493472317062839e-02 5.529155365173432801e+04
7.156440321781138536e+00 1.269700291534251457e+00 1.194136485523251245e+00 2.174030805199667071e-02 5.495119298086707568e+04
7.234981307733260536e+00 1.299437706859072339e+00 1.223131173998015075e+00 2.248121517093577132e-02 5.564278072536615218e+04
7.313522268564292439e+00 1.300870676981409124e+00 1.221711678906485465e+00 2.311209878933983414e-02 5.557347420693994354e+04
7.392063205074973276e+00 1.319437666679069032e+00 1.240382113830336808e+00 2.380034156246229118e-02 5.550782548241829500e+04
7.470604118032365015e+00 1.337658208732140697e+00 1.257071809016884867e+00 2.443628259411963558e-02 5.583571869443567994e+04
7.549145008171610272e+00 1.339540289463307943e+00 1.257777800059736606e+00 2.493965408773734724e-02 5.624716622955253843e+04
7.627685876197570103e+00 1.366617186020978592e+00 1.283912772668144742e+00 2.556882842759749391e-02 5.619851514376758860e+04
7.706226722786373884e+00 1.390967785800326650e+00 1.304374669309311230e+00 2.621446310077674147e-02 5.607481526070224936e+04
7.784767548586863484e+00 1.392115451446800822e+00 1.306896928034122718e+00 2.726965440683042780e-02 5.574728340421309258e+04
7.863308354221953955e+00 1.421169076268321341e+00 1.332079500658638338e+00 2.783359551938601600e-02 5.649300413855948136e+04
7.941849140289923170e+00 1.440488075944905244e+00 1.350390730051787669e+00 2.886507742420262382e-02 5.584716128213105549e+04
8.020389907365611748e+00 1.456569545978699365e+00 1.365551857319198259e+00 2.935541535453903630e-02 5.680023570406052022e+04
8.098930656001561701e+00 1.470239429398080500e+00 1.377876090713089141e+00 3.022627122471147065e-02 5.657217615092652704e+04
8.177471386729090241e+00 1.488995337510107264e+00 1.394846011027897514e+00 3.109060584451906958e-02 5.640137263977842667e+04
8.256012100059292536e+00 1.512623522845860879e+00 1.415208431813609335e+00 3.161107487092131019e-02 5.677019877137554431e+04
8.334552796484000936e+00 1.516247083622823677e+00 1.419394945131337238e+00 3.211560963024827353e-02 5.658322486227537593e+04
8.413093476476680266e+00 1.539146727492637368e+00 1.440485797613296315e+00 3.285836389377207178e-02 5.642733192831277847e+04
8.491634140493276917e+00 1.562875426985858240e+00 1.463599367209667879e+00 3.378861093213478967e-02 5.659241769173920329e+04
8.570174788973028868e+00 1.566652916936532636e+00 1.467530111806892412e+00 3.475669902603967937e-02 5.657796286995905393e+04
8.648715422339215309e+00 1.582021383673101633e+00 1.481105173754613480e+00 3.548715956548970096e-02 5.683286590079266171e+04
8.727256040999876063e+00 1.600255194137086834e+00 1.497600522646709953e+00 3.636772444554529915e-02 5.627016800146751484e+04
8.805796645348495488e+00 1.620384951911907567e+00 1.517082853848346735e+00 3.725873752043086518e-02 5.636947462402343081e+04
8.884337235764643737e+00 1.630413548247516387e+00 1.522934280559098852e+00 3.793306796711808787e-02 5.651373765873695811e+04
8.962877812614589601e+00 1.650847354756825647e+00 1.542368418213584391e+00 3.878431745136056569e-02 5.715220145484044042e+04
9.041418376251867173e+00 1.668608003823592645e+00 1.558562752992029843e+00 3.964513162087093118e-02 5.705657024529771297e+04
9.119958927017840722e+00 1.674877809666780903e+00 1.565464481523963558e+00 4.069534097870819433e-02 5.708107133337869891e+04
9.198499465242209183e+00 1.702135065151236581e+00 1.589815164215485632e+00 4.160265178044329770e-02 5.678071052845197119e+04
9.277039991243508865e+00 1.715630212606433336e+00 1.601796567994398401e+00 4.248215081381338798e-02 5.637710724589265010e+04
9.355580505329580632e+00 1.738679672201099535e+00 1.624039842749159135e+00 4.373025313682322307e-02 5.680974149273541843e+04
9.434121007798012215e+00 1.747146904076773977e+00 1.632856052871214603e+00 4.432344638496431288e-02 5.698839550918527675e+04
9.512661498936562765e+00 1.777759907012848473e+00 1.661146193665964166e+00 4.553198611597390061e-02 5.698286635444315471e+04
9.591201979023569635e+00 1.781780778368798446e+00 1.663351728707728405e+00 4.675657672922083757e-02 5.675054699782269017e+04
9.669742448328321416e+00 1.798591383787298437e+00 1.679224139801665849e+00 4.750640740590438699e-02 5.660758974801309523e+04
9.748282907111432749e+00 1.823473155372200338e+00 1.701359566162690129e+00 4.846762821992808834e-02 5.668451451647133217e+04
9.826823355625185386e+00 1.827800989721043878e+00 1.705686566403607163e+00 4.941908573846327118e-02 5.636341143365737662e+04
9.905363794113858589e+00 1.842311566160643954e+00 1.716887059020783646e+00 5.065686413418567929e-02 5.664513158126082271e+04
9.983904222814045326e+00 1.854804518665007063e+00 1.728769825883404554e+00 5.155761814465271292e-02 5.621076547349531756e+04
1.006244464195495070e+01 1.877910341237499781e+00 1.753823534210358748e+00 5.254233105515375424e-02 5.633857415932372533e+04
1.014098505175868148e+01 1.879860957746736672e+00 1.755035149273431072e+00 5.375079363416093020e-02 5.632037140687854844e+04
1.021952545244051613e+01 1.908299418865775365e+00 1.781182298978035039e+00 5.430529033660222438e-02 5.648611388465584605e+04
1.029806584420916415e+01 1.930976378856847475e+00 1.800313799816090077e+00 5.572838290359802271e-02 5.606790612148377113e+04
1.037660622726701654e+01 1.933382160952509699e+00 1.805444917088520729e+00 5.683116541272888872e-02 5.627310249399296299e+04
1.045514660181038380e+01 1.951667901673916683e+00 1.819802548644677387e+00 5.801787069425905913e-02 5.598121751431369921e+04
1.053368696802971982e+01 1.966745926769963848e+00 1.834538065556376107e+00 5.873170073837793298e-02 5.621937443692870147e+04
1.061222732610984210e+01 1.982742030787375764e+00 1.848134601948095757e+00 6.047087758847241590e-02 5.615584633460245823e+04
1.069076767623013779e+01 1.999547931078178076e+00 1.863572811748141600e+00 6.150587901686284387e-02 5.598118878444196162e+04
1.076930801856475739e+01 2.015729704284398682e+00 1.877510493076368636e+00 6.267589238229710757e-02 5.598457063793042471e+04
1.084784835328281005e+01 2.031503776935803529e+00 1.891614942951064693e+00 6.419226266279037807e-02 5.585845313626399002e+04
1.092638868054854306e+01 2.053964417574283718e+00 1.913055885111715426e+00 6.528983537194961440e-02 5.576363969687854114e+04
1.100492900052151413e+01 2.069580191978328099e+00 1.932873274283153808e+00 6.609974557047915145e-02 5.567659993161211605e+04
1.108346931335675833e+01 2.081642801154178102e+00 1.942000802796546077e+00 6.719306860954124550e-02 5.515779378344267025e+04
1.116200961920494805e+01 2.096630000512928138e+00 1.955430023939368489e+00 6.857339946243626305e-02 5.538835502144642669e+04
1.124054991821254212e+01 2.096575110676734077e+00 1.955475748717096174e+00 7.001996507254953928e-02 5.533686308847861073e+04
1.131909021052193687e+01 2.106319514756741285e+00 1.963161995012826067e+00 7.119207537599447910e-02 5.514237165853250190e+04
1.139763049627160285e+01 2.122171514323501373e+00 1.976542344379623728e+00 7.282710577392863260e-02 5.496863656882804207e+04
1.147617077559622167e+01 2.143132927505233098e+00 1.999370870972360770e+00 7.417350395710217703e-02 5.500290012510452652e+04
1.155471104862680853e+01 2.167475450876319432e+00 2.019120241530536930e+00 7.549451256951211775e-02 5.481444196186277259e+04
1.163325131549084368e+01 2.186563251597988256e+00 2.039648993296560242e+00 7.689667167727730346e-02 5.492262815374678030e+04
1.171179157631238787e+01 2.183679554947252743e+00 2.035914179873123953e+00 7.780841557976168887e-02 5.462469234462184977e+04
1.179033183121219608e+01 2.205778333257315982e+00 2.055544525752779794e+00 7.936921843566022150e-02 5.435877319750504103e+04
1.186887208030782759e+01 2.223198904551085153e+00 2.070549677429383895e+00 8.093497544742825345e-02 5.425598804072915664e+04
1.194741232371374728e+01 2.231922250751282366e+00 2.082552182785787576e+00 8.260453588116219159e-02 5.431078344162714347e+04
1.202595256154143222e+01 2.237203859399441441e+00 2.087028086232363577e+00 8.369640631962742272e-02 5.405492558738710068e+04
1.210449279389946753e+01 2.249218820978017064e+00 2.097377785048546883e+00 8.539368870396148170e-02 5.383378346999932546e+04
1.218303302089363527e+01 2.259625439476758757e+00 2.107465057199002345e+00 8.661062582518837261e-02 5.387552119807713461e+04
1.226157324262700676e+01 2.274237846173866373e+00 2.121753757257370587e+00 8.827805599999130615e-02 5.401119369278171507e+04
1.234011345920003322e+01 2.296058985417978260e+00 2.141290432389189924e+00 8.975911999621095927e-02 5.368598537879253854e+04
1.241865367071062565e+01 2.299828542445249813e+00 2.145518933929263738e+00 9.151260372363542728e-02 5.336493728132986871e+04
1.249719387725422415e+01 2.322828728650582875e+00 2.168045559670298772e+00 9.276131458936827390e-02 5.317078662570864253e+04
1.257573407892389383e+01 2.337592255176164979e+00 2.179957953853976171e+00 9.433813422938359949e-02 5.328216601676609571e+04
1.265427427581038877e+01 2.347434569397095938e+00 2.188436852619954021e+00 9.581670031005849741e-02 5.305214805312909448e+04
1.273281446800221772e+01 2.355736845748146457e+00 2.197132099720052079e+00 9.759434341533987367e-02 5.275967579532392119e+04
1.281135465558572584e+01 2.377562507325324592e+00 2.220036138731587894e+00 9.895964568989287780e-02 5.277831353723344364e+04
1.288989483864514796e+01 2.393205456150281130e+00 2.231606807615584387e+00 1.006583354959591364e-01 5.244839043049336033e+04
1.296843501726268322e+01 2.407038375044883161e+00 2.248207565213664605e+00 1.023988043597525710e-01 5.253832062095134461e+04
1.304697519151855190e+01 2.407178753164358476e+00 2.247157327254447168e+00 1.038383994682113148e-01 5.241451214843707567e+04
1.312551536149104692e+01 2.419214417177484311e+00 2.257915979699153475e+00 1.061753223071926211e-01 5.222514042360569147e+04
1.320405552725660492e+01 2.435679512151787574e+00 2.275994681023286947e+00 1.074065541847636779e-01 5.179454878749556519e+04
1.328259568888985243e+01 2.452682259598989667e+00 2.288185582742811697e+00 1.089943868209791167e-01 5.170697850038072647e+04
1.336113584646366270e+01 2.468606948464515671e+00 2.301368437851039506e+00 1.106742229185545406e-01 5.157155670549846400e+04
1.343967600004920548e+01 2.470819567517045456e+00 2.304580073352205716e+00 1.126103098283686432e-01 5.155323347890653531e+04
1.351821614971599317e+01 2.482062244616069169e+00 2.317240901090928062e+00 1.140650916087800615e-01 5.143739568447093188e+04
1.359675629553193588e+01 2.495280515472504845e+00 2.331728868837347868e+00 1.154478925156171704e-01 5.117356303905397363e+04
1.367529643756338231e+01 2.502587844862643518e+00 2.340146310350638359e+00 1.172917255248686619e-01 5.102761671094344638e+04
1.375383657587516595e+01 2.525997856093340932e+00 2.359833338026052552e+00 1.194557935264307785e-01 5.074822293008409179e+04
1.383237671053064766e+01 2.536234722008293030e+00 2.368623641216517584e+00 1.212312633645610399e-01 5.075915182263097813e+04
1.391091684159175834e+01 2.550706577679642262e+00 2.381953558687081252e+00 1.230361533054456363e-01 5.049923458535853570e+04
1.398945696911903269e+01 2.565953608366036143e+00 2.394602848780947202e+00 1.247864070234598749e-01 5.047517496058762481e+04
1.406799709317166069e+01 2.578957395844348799e+00 2.406208424941901569e+00 1.269693461135846524e-01 5.027239839279155422e+04
1.414653721380751428e+01 2.589370881585688178e+00 2.418377996203901592e+00 1.286395378138996959e-01 5.015736147738626460e+04
1.422507733108318817e+01 2.602022409441546280e+00 2.430541186208302395e+00 1.310290259341673480e-01 4.987393093519141985e+04
1.430361744505403543e+01 2.612857682849126117e+00 2.439623044196673085e+00 1.327563388491353469e-01 4.989053412983553426e+04
1.438215755577419586e+01 2.624586097697576115e+00 2.451212127879245362e+00 1.346330622157196344e-01 4.934937671250717540e+04
1.446069766329663686e+01 2.639447398210586826e+00 2.468884911719021691e+00 1.358916348395101947e-01 4.941491058470021380e+04
1.453923776767318010e+01 2.651482261668238749e+00 2.476877530294387508e+00 1.385522473463070281e-01 4.917849164594980539e+04
1.461777786895453346e+01 2.657395817904258717e+00 2.483993613366184849e+00 1.406977684937342488e-01 4.899441879750834778e+04
1.469631796719032302e+01 2.669337996365021226e+00 2.493841408360199630e+00 1.417315038308907260e-01 4.852942897204739711e+04
1.477485806242911437e+01 2.678342361612809697e+00 2.506100828743156317e+00 1.436639363479536857e-01 4.884744351800656295e+04
1.485339815471844993e+01 2.702699090963545547e+00 2.525360076681280930e+00 1.463766810561129839e-01 4.856277399314712238e+04
1.493193824410487203e+01 2.706073126381253857e+00 2.529340732045873619e+00 1.477970830834977878e-01 4.838703033995185251e+04
1.501047833063394421e+01 2.719492579803355792e+00 2.541816778470427529e+00 1.505831162255695521e-01 4.823248638906344422e+04
1.508901841435028857e+01 2.725623093361468463e+00 2.551762933308582504e+00 1.524003106631376669e-01 4.807930561292333005e+04
1.516755849529759992e+01 2.750892443264859377e+00 2.573404325122894853e+00 1.545822546177809953e-01 4.781133283791762369e+04
1.524609857351867070e+01 2.754259277818914775e+00 2.577432571331690792e+00 1.566144307493040344e-01 4.775215332636431413e+04
1.532463864905541762e+01 2.763454418845953775e+00 2.587338531554186360e+00 1.586313879119372605e-01 4.751370907753779466e+04
1.540317872194890292e+01 2.787205136645483972e+00 2.606752051832194716e+00 1.617912808820422821e-01 4.742460681733690581e+04
1.548171879223935399e+01 2.796567626560806819e+00 2.616085499134282344e+00 1.630171704735571825e-01 4.720168794877352775e+04
1.556025885996618996e+01 2.803626758370270977e+00 2.623594525596668170e+00 1.650392759014691069e-01 4.701831071880964737e+04
1.563879892516803238e+01 2.816137723210812460e+00 2.636535586298035749e+00 1.673252039062486096e-01 4.680248793301501428e+04
1.571733898788273187e+01 2.824513752392240118e+00 2.644251957926648799e+00 1.700914613109923978e-01 4.679854036964967236e+04
1.579587904814739119e+01 2.846727788576069784e+00 2.666262218805758977e+00 1.725470954230024778e-01 4.663688004555381485e+04
1.587441910599837769e+01 2.854406828505796856e+00 2.675419875349728027e+00 1.741716894395701209e-01 4.628162036144383455e+04
1.595295916147133575e+01 2.871846421271143868e+00 2.689146851910159342e+00 1.759804487793240335e-01 4.608533940627510310e+04
1.603149921460121874e+01 2.887743418736213208e+00 2.706596698276355184e+00 1.788423565448754859e-01 4.600882288860606786e+04
1.611003926542229436e+01 2.882792958399134520e+00 2.701347909859846741e+00 1.811431463600702563e-01 4.577560758465115941e+04
1.618857931396816596e+01 2.918600895383143268e+00 2.737316716486186685e+00 1.838500674785551459e-01 4.585790006159221230e+04
1.626711936027179561e+01 2.928895436526477880e+00 2.746079781666770359e+00 1.858199308889052215e-01 4.550484872222068952e+04
1.634565940436549525e+01 2.931504512412750785e+00 2.747183811787915264e+00 1.883744148418353692e-01 4.545541056133966049e+04
1.642419944628097639e+01 2.947237384750511335e+00 2.765661152731691885e+00 1.904861443281131717e-01 4.520612843370925111e+04
1.650273948604932883e+01 2.956450736740606988e+00 2.769076161219673704e+00 1.934019624387954273e-01 4.527031386277509591e+04
1.658127952370107394e+01 2.973328992543543770e+00 2.785916297639122519e+00 1.955415016118331739e-01 4.489904944452267955e+04
1.665981955926614333e+01 2.978702511233409567e+00 2.794133635603739840e+00 1.982849114670943158e-01 4.484228252491352032e+04
1.673835959277390728e+01 3.000392224232944827e+00 2.814666617424512296e+00 2.010759003476569606e-01 4.471452198096201755e+04
1.681689962425318896e+01 3.000538404795511926e+00 2.814982629275245785e+00 2.026984743643014120e-01 4.461807107176646969e+04
1.689543965373228218e+01 3.023929666612218181e+00 2.835373819166536080e+00 2.055399808372083692e-01 4.438277539608068037e+04
1.697397968123895495e+01 3.038929729313192940e+00 2.848838684455308190e+00 2.078013101791195694e-01 4.417134466604010959e+04
1.705251970680045304e+01 3.048812051904703946e+00 2.857900173434565705e+00 2.105898709434337324e-01 4.419798765392663336e+04
1.713105973044353902e+01 3.051781196298135157e+00 2.864969832723714749e+00 2.136341891130693615e-01 4.402797610923727188e+04
1.720959975219447102e+01 3.068610500467310320e+00 2.877715939576365400e+00 2.160438714932284010e-01 4.387574763168959180e+04
1.728813977207903463e+01 3.082173863318370177e+00 2.893415187530977928e+00 2.185364361055483762e-01 4.384224870886826830e+04
1.736667979012256424e+01 3.091999687010716258e+00 2.902601630360143403e+00 2.210007606744415209e-01 4.357218198123222101e+04
1.744521980634991110e+01 3.111138098744512970e+00 2.920376270004644059e+00 2.240485321630170112e-01 4.342024129893469944e+04
1.752375982078550365e+01 3.118564993703628829e+00 2.933656275562686488e+00 2.259866482753409012e-01 4.327378786224544456e+04
1.760229983345331917e+01 3.130590957890215353e+00 2.941281351200732974e+00 2.292128556543875650e-01 4.323594124119960179e+04
1.768083984437692635e+01 3.146016692910827750e+00 2.957019326963266526e+00 2.308188113428471799e-01 4.308713110892069380e+04
1.775937985357945692e+01 3.175702964268130479e+00 2.984269694027838149e+00 2.343429569829008630e-01 4.303536980876677990e+04
1.783791986108364824e+01 3.176886752658782065e+00 2.990425825019947137e+00 2.374998904976418912e-01 4.275055912782761152e+04
1.791645986691183268e+01 3.187321373222352427e+00 3.000189093386059103e+00 2.405387354736402417e-01 4.272194496446505218e+04
1.799499987108595889e+01 3.208697861580887878e+00 3.017519025665867716e+00 2.439227159174996162e-01 4.270574627147438878e+04
1.807353987362759185e+01 3.221673725354453399e+00 3.031596511998325916e+00 2.456581683770239777e-01 4.256569255128924851e+04
1.815207987455791638e+01 3.229362233487667044e+00 3.035243680908462860e+00 2.488946765388933557e-01 4.227574150810119318e+04
1.823061987389775851e+01 3.246451207764335933e+00 3.054041988132404128e+00 2.512081610468132609e-01 4.237011081861571438e+04
1.830915987166758541e+01 3.253817731703358973e+00 3.065331336676002216e+00 2.544546470870009403e-01 4.233677631221236516e+04
1.838769986788751964e+01 3.294817876631226827e+00 3.099379469864743442e+00 2.586240252483728019e-01 4.219380272292729205e+04
1.846623986257733563e+01 3.292654542196288947e+00 3.099402287115951005e+00 2.603388981112597089e-01 4.202862229141801072e+04
1.854477985575647381e+01 3.306184295957412367e+00 3.111801791407859508e+00 2.642957787734524500e-01 4.209805148308788193e+04
1.862331984744404423e+01 3.330670997476990802e+00 3.137903260242401515e+00 2.664905218231808370e-01 4.196955430716768751e+04
1.870185983765884075e+01 3.337413806695054497e+00 3.145480227549743546e+00 2.700320842960431400e-01 4.191856478144961875e+04
1.878039982641934458e+01 3.355659621229948542e+00 3.162675511354663183e+00 2.727842506642632614e-01 4.193008909063181636e+04
1.885893981374372075e+01 3.373042720438842679e+00 3.180014270434905921e+00 2.756229057438199237e-01 4.180710707068259944e+04
1.893747979964983941e+01 3.384773176582084098e+00 3.190786031220836261e+00 2.796516050976222689e-01 4.166464113360978081e+04
1.901601978415527228e+01 3.411081977011071409e+00 3.219044633138487210e+00 2.815164947842700993e-01 4.168331591411148838e+04
1.909455976727730331e+01 3.420160384146596844e+00 3.230545583154694977e+00 2.856523181668955136e-01 4.167925960682963341e+04
1.917309974903293579e+01 3.435814447871368138e+00 3.241525325698993765e+00 2.887470212689743909e-01 4.165580058101462782e+04
1.925163972943889235e+01 3.451370696000048088e+00 3.258358206917767230e+00 2.914928109745641982e-01 4.151186667105432571e+04
1.933017970851161849e+01 3.469549467636305895e+00 3.274628826438858553e+00 2.947343312280010785e-01 4.149857705034591345e+04
1.940871968626730748e+01 3.495470232858416626e+00 3.296739096744107478e+00 2.977608902469622842e-01 4.157398933704592491e+04
1.948725966272188259e+01 3.515617915704672303e+00 3.318580306636250032e+00 3.011786217184623249e-01 4.149669025892781065e+04
1.956579963789100773e+01 3.520833719455953137e+00 3.325135690570285352e+00 3.045670224327476361e-01 4.137369849935056118e+04
1.964433961179010524e+01 3.552114398844486320e+00 3.354694490360387249e+00 3.083680556353632363e-01 4.148488598427565012e+04
1.972287958443434519e+01 3.561969171380519938e+00 3.364948400471555079e+00 3.116958683334141722e-01 4.146886293940664473e+04
1.980141955583865965e+01 3.580030603338863138e+00 3.379819639240594586e+00 3.156312651645032386e-01 4.148532597649812669e+04
1.987995952601774619e+01 3.613556788671647091e+00 3.413580844084660004e+00 3.202192911509850193e-01 4.160911390473069332e+04
1.995849949498606790e+01 3.624618955533218667e+00 3.427315321162628603e+00 3.226671346657938311e-01 4.163508392121926590e+04
2.003703946275786052e+01 3.632533136718340216e+00 3.438263736334859821e+00 3.250989561597095179e-01 4.152751696068984165e+04
2.011557942934713950e+01 3.642605567485004414e+00 3.444826528670838606e+00 3.306755947740105395e-01 4.156716269543524686e+04
2.019411939476770712e+01 3.666868608643992555e+00 3.470773855771500216e+00 3.320109143048776135e-01 4.127111703465576284e+04
2.027265935903314542e+01 3.663531248291274078e+00 3.468256500258833697e+00 3.356636459903694081e-01 4.117234174852519209e+04
2.035119932215682326e+01 3.679428861905256198e+00 3.480480210698993382e+00 3.382056690643989727e-01 4.103080743961945700e+04
2.042973928415191054e+01 3.687166245744514903e+00 3.491094178378889357e+00 3.416770198923188562e-01 4.098818743792777968e+04
2.050827924503137467e+01 3.690012340109796174e+00 3.495005355658935997e+00 3.450795937711853001e-01 4.078832300183311600e+04
2.058681920480798766e+01 3.707130612611142517e+00 3.516266864571676365e+00 3.478074952925924168e-01 4.067645041213750665e+04
2.066535916349431901e+01 3.703436807006648568e+00 3.513961149040062626e+00 3.505679169258971162e-01 4.031403425958908338e+04
2.074389912110275347e+01 3.706815798736807999e+00 3.519889235067173772e+00 3.554344651312054126e-01 4.029261556951994862e+04
2.082243907764548752e+01 3.716816336505310847e+00 3.525944947556617137e+00 3.584407283756576579e-01 4.006503670964756748e+04
2.090097903313453642e+01 3.737645070904926037e+00 3.545118622006054210e+00 3.622773292040899484e-01 3.990458069937265827e+04
2.097951898758173783e+01 3.738500437544709065e+00 3.549951915058125351e+00 3.655838076355341637e-01 3.977691438950911834e+04
2.105805894099874109e+01 3.746021702121291597e+00 3.557430260371817532e+00 3.690990876038544588e-01 3.957128847189795488e+04
2.113659889339703568e+01 3.742676522160842456e+00 3.557946978219853396e+00 3.706910533311174594e-01 3.942605927560602868e+04
2.121513884478793344e+01 3.759557397944317980e+00 3.579737855708765792e+00 3.770148303866414641e-01 3.922492508629156509e+04
2.129367879518258277e+01 3.760450884938884908e+00 3.578342582106334380e+00 3.804450900523492773e-01 3.908438908363177325e+04
2.137221874459196869e+01 3.772821573392612038e+00 3.590721291612796406e+00 3.834600262059222886e-01 3.888136329429008765e+04
2.145075869302691274e+01 3.772337855886083613e+00 3.585978961344449711e+00 3.873543131985728860e-01 3.881772478268949635e+04
2.152929864049807307e+01 3.784638701242450498e+00 3.605873616434918993e+00 3.913698741516083990e-01 3.857161904203081940e+04
2.160783858701596571e+01 3.782154788982873050e+00 3.607944807034506152e+00 3.956249835043508800e-01 3.864167157351660717e+04
2.168637853259094683e+01 3.799248633814361842e+00 3.622518520558593913e+00 3.986753688972191623e-01 3.832895815651911835e+04
2.176491847723321982e+01 3.819419549518307200e+00 3.638402387394500614e+00 4.035595363098127275e-01 3.817412126036878908e+04
2.184345842095285306e+01 3.809715437736977961e+00 3.633398710302992995e+00 4.051318442785504792e-01 3.800967847719365818e+04
2.192199836375975508e+01 3.814959874936116879e+00 3.646039666299795812e+00 4.106154732605948321e-01 3.795534077276395692e+04
2.200053830566371005e+01 3.829255482026000301e+00 3.656144483319480720e+00 4.141102692951128539e-01 3.784842008231535146e+04
2.207907824667434582e+01 3.824197368674687958e+00 3.652379962202419339e+00 4.169162679061936272e-01 3.767735016315194662e+04
2.215761818680116590e+01 3.843341769115697915e+00 3.667442322584782755e+00 4.220924586278477220e-01 3.761151476198770979e+04
2.223615812605353526e+01 3.852475331759594113e+00 3.685908961814588825e+00 4.243219725257726394e-01 3.740892132737248176e+04
2.231469806444068738e+01 3.847800368398917481e+00 3.673475353949415823e+00 4.283470818172102623e-01 3.727890572701854398e+04
2.239323800197172432e+01 3.858084950604742325e+00 3.687035656273523365e+00 4.310622008335805999e-01 3.725149705799323419e+04
2.247177793865562023e+01 3.870510854980313997e+00 3.704261837001604718e+00 4.357376211141165134e-01 3.701806060352154600e+04
2.255031787450123204e+01 3.879942935484183231e+00 3.711453964553206308e+00 4.395057276000768898e-01 3.692384803958866542e+04
2.262885780951728165e+01 3.879992576467592880e+00 3.711316821316517078e+00 4.444994337054945510e-01 3.676014259676067741e+04
2.270739774371238440e+01 3.894873948068872771e+00 3.729521515428717571e+00 4.477900547304500822e-01 3.660498572019768471e+04
2.278593767709502771e+01 3.904301111557692217e+00 3.734762032936637777e+00 4.526205556134965668e-01 3.651133548759741825e+04
2.286447760967358178e+01 3.896289035729187500e+00 3.733749336681858821e+00 4.560565263118289692e-01 3.634930844644662284e+04
2.294301754145629957e+01 3.913257346305874407e+00 3.751768301312874865e+00 4.585306107237000495e-01 3.620854094726352923e+04
2.302155747245133455e+01 3.920445827260696792e+00 3.756586975073405110e+00 4.630757381386436111e-01 3.613200127569238248e+04
2.310009740266672296e+01 3.925907015901346053e+00 3.757807001404911862e+00 4.664602444526629310e-01 3.618091102314252203e+04
2.317863733211038380e+01 3.937983372017126449e+00 3.777620319616007194e+00 4.705158189563805049e-01 3.591913199422263278e+04
2.325717726079013303e+01 3.942190889971714629e+00 3.781266489588009705e+00 4.753653297872437733e-01 3.584871712285214016e+04
2.333571718871368716e+01 3.940703689363453055e+00 3.780935184973028829e+00 4.774516847882817605e-01 3.562739367977073562e+04
2.341425711588865965e+01 3.947723276000392634e+00 3.791471099867636418e+00 4.841249212938582569e-01 3.534156800881613890e+04
2.349279704232255384e+01 3.975316321716782841e+00 3.818440772163413044e+00 4.872199721049616516e-01 3.548031893600440526e+04
2.357133696802278067e+01 3.979945770373024327e+00 3.820962389361798994e+00 4.917689781938033300e-01 3.530238882591421134e+04
2.364987689299664453e+01 3.978460302009291460e+00 3.825189916982447702e+00 4.968298273896882833e-01 3.523007739742142439e+04
2.372841681725136453e+01 3.989680496542304056e+00 3.842747756766388356e+00 4.997416871634624558e-01 3.522139008492973517e+04
2.380695674079405322e+01 4.002059564639663058e+00 3.845823689434928028e+00 5.048692743499724189e-01 3.494968755868656444e+04
2.388549666363174140e+01 4.006824248964888646e+00 3.857231885656586812e+00 5.082536584317682848e-01 3.505185620461051440e+04
2.396403658577134976e+01 4.006743040206800721e+00 3.855198298016194958e+00 5.134092366852498479e-01 3.490837116431706818e+04
2.404257650721972439e+01 4.033228496010212716e+00 3.887213967451694341e+00 5.184433475351732934e-01 3.465281452135463769e+04
2.412111642798362254e+01 4.028823593270497661e+00 3.885517945026425668e+00 5.200727270328960872e-01 3.471812275862295792e+04
2.419965634806970556e+01 4.047218848968896943e+00 3.900315967222319546e+00 5.241321826325074928e-01 3.437591072011452343e+04
2.427819626748454596e+01 4.059660421443505918e+00 3.915103638086484317e+00 5.290661470004641709e-01 3.452506254279684072e+04
2.435673618623464520e+01 4.066484261242351295e+00 3.917373426741695308e+00 5.370617771288005438e-01 3.432392986515621305e+04
2.443527610432640529e+01 4.067833513669464551e+00 3.926757866996717805e+00 5.405707090146355531e-01 3.437395183941869618e+04
2.451381602176616425e+01 4.084132082043837819e+00 3.938705447728059639e+00 5.442540749381066245e-01 3.424183675776486780e+04
2.459235593856016067e+01 4.090968105656109799e+00 3.953862454804389692e+00 5.488936139953006776e-01 3.421881285215868411e+04
2.467089585471456203e+01 4.097608257971720569e+00 3.957482047545065829e+00 5.545727395339098420e-01 3.401604929013397486e+04
2.474943577023546126e+01 4.115729564056726630e+00 3.974353126711174689e+00 5.585988329711188971e-01 3.406823802517469449e+04
2.482797568512887310e+01 4.114728015799640204e+00 3.977673249230979646e+00 5.628698349293010939e-01 3.390450773947562993e+04
2.490651559940072346e+01 4.114887557572355803e+00 3.982237742497169997e+00 5.703399187190036912e-01 3.385631290304716094e+04
2.498505551305688144e+01 4.143302349240562954e+00 4.002242409523533162e+00 5.731903123479726858e-01 3.371692266621306771e+04
2.506359542610313440e+01 4.148697966607086229e+00 4.003897254877094802e+00 5.801730295062341725e-01 3.364661070119566284e+04
2.514213533854519511e+01 4.154074195724212437e+00 4.019263908329866908e+00 5.839811716674948583e-01 3.368829022638025344e+04
2.522067525038871239e+01 4.189238979694971832e+00 4.047272914097094443e+00 5.895142454697525070e-01 3.347136193952195026e+04
2.529921516163925688e+01 4.188811988312423296e+00 4.060899636170965721e+00 5.928338220270552572e-01 3.342696043786580412e+04
2.537775507230233529e+01 4.206769973084084846e+00 4.079765875336923031e+00 5.977566920484350677e-01 3.359516623963442544e+04
2.545629498238338684e+01 4.202924774479597225e+00 4.077055129362557651e+00 6.029100499067516772e-01 3.351219992241785803e+04
2.553483489188777966e+01 4.206936988916044839e+00 4.070995851712828184e+00 6.083087585564682653e-01 3.340855989768104337e+04
2.561337480082082152e+01 4.224802230762197297e+00 4.085214525771209360e+00 6.125989044039781284e-01 3.335774821396086190e+04
2.569191470918774911e+01 4.239503541126612873e+00 4.118414850326769461e+00 6.181736517434192058e-01 3.324655497262092103e+04
2.577045461699373874e+01 4.234371630285028942e+00 4.118644993544506860e+00 6.202859926796391310e-01 3.315847840190913121e+04
2.584899452424390631e+01 4.276724726305547897e+00 4.147335616209186782e+00 6.258959610990553202e-01 3.312007393722238339e+04
2.592753443094329668e+01 4.297446891733742724e+00 4.176131782266174319e+00 6.330942865996314062e-01 3.314339973556912446e+04
2.600607433709690852e+01 4.281073369420175467e+00 4.165763944931081930e+00 6.392594639646473897e-01 3.312085670008551097e+04
2.608461424270966944e+01 4.284417746181039099e+00 4.175007262187532930e+00 6.433477421194345736e-01 3.299702034272277524e+04
2.616315414778644310e+01 4.305728244649388081e+00 4.192726865648318757e+00 6.465507255596293357e-01 3.294941827704481693e+04
2.624169405233205055e+01 4.316549147490084337e+00 4.205686003125777006e+00 6.548649661543151090e-01 3.293986915800960560e+04
2.632023395635124174e+01 4.346057461895354912e+00 4.229561333231404596e+00 6.618445235426123618e-01 3.291439614571061247e+04
2.639877385984871694e+01 4.336055421749283489e+00 4.215946351262188863e+00 6.686771339186563523e-01 3.293498204648069805e+04
2.647731376282911953e+01 4.356690024916592741e+00 4.246420791492093727e+00 6.701073681716354091e-01 3.288654536074733915e+04
2.655585366529703606e+01 4.381476082028002317e+00 4.267123070667572016e+00 6.767910453360884704e-01 3.284329803989570064e+04
2.663439356725699980e+01 4.390066150258326694e+00 4.277573230057548415e+00 6.840552518853733055e-01 3.272668072908434988e+04
2.671293346871349428e+01 4.427334640980462588e+00 4.303186616121349672e+00 6.913622359995896804e-01 3.280782983731215063e+04
2.679147336967094617e+01 4.434908664138575318e+00 4.319738361958498807e+00 6.935411416438497234e-01 3.282856437803199515e+04
2.687001327013372531e+01 4.423168005313669937e+00 4.311389949537380417e+00 6.975887591698048951e-01 3.274347403004772059e+04
2.694855317010616602e+01 4.453744829057965759e+00 4.336232890019884323e+00 7.036763507879623125e-01 3.262311903023657578e+04
2.702709306959254221e+01 4.466406191201307330e+00 4.360290536365986291e+00 7.140956962530273788e-01 3.278886826227206620e+04
2.710563296859707094e+01 4.474009205625854690e+00 4.353166229585245794e+00 7.189503915225852193e-01 3.262551480776507378e+04
2.718417286712393377e+01 4.504101797931447493e+00 4.389016918933561939e+00 7.259300616989043942e-01 3.254395899253300013e+04
2.726271276517725894e+01 4.524190367536587765e+00 4.409788626355892305e+00 7.318660582903560030e-01 3.275718218810116377e+04
2.734125266276112498e+01 4.511729304229789683e+00 4.396711424452399264e+00 7.331921914765675563e-01 3.258534068526732517e+04
2.741979255987956776e+01 4.515642818614492349e+00 4.410562315536576072e+00 7.378633233784147594e-01 3.253806119445875083e+04
2.749833245653658054e+01 4.522711789102913826e+00 4.422926767186494246e+00 7.447869759566221326e-01 3.245935759753125240e+04
2.757687235273609616e+01 4.529541735656166246e+00 4.416407484222570012e+00 7.515389300914445680e-01 3.230401511724816737e+04
2.765541224848202262e+01 4.542389880164007465e+00 4.441105945045221048e+00 7.559952311496753730e-01 3.238219076239510832e+04
2.773395214377820395e+01 4.550966611421773500e+00 4.455594925058467659e+00 7.593938057442531919e-01 3.215013305902759384e+04
2.781249203862845576e+01 4.541308524538261615e+00 4.450185357761964333e+00 7.608516144053835140e-01 3.209590636096882736e+04
2.789103193303654038e+01 4.543222661013742503e+00 4.451373620252051744e+00 7.694246326628306765e-01 3.212439144275776925e+04
2.796957182700618816e+01 4.584381274948126972e+00 4.482835845229386607e+00 7.792585345128011376e-01 3.197074619933900249e+04
2.804811172054107615e+01 4.576151271950141819e+00 4.487621202595513559e+00 7.799817098145158667e-01 3.174026084371508114e+04
2.812665161364485655e+01 4.594305867013388500e+00 4.495189461977179057e+00 7.887955910967378026e-01 3.199706623602781474e+04
2.820519150632112115e+01 4.572997809431885941e+00 4.485294224535298468e+00 7.928931622452362049e-01 3.155749219185613765e+04
2.828373139857343332e+01 4.555166352125445073e+00 4.484678083219987066e+00 7.976013353386955940e-01 3.139777398362345048e+04
2.836227129040531736e+01 4.568230778076378229e+00 4.492273584254037999e+00 8.043769088655805533e-01 3.135559613976607943e+04
2.844081118182025847e+01 4.574500055174456570e+00 4.507113320928157307e+00 8.087568192412040169e-01 3.111186254538300636e+04
2.851935107282169923e+01 4.538756127427498122e+00 4.472974651583011330e+00 8.172901507565556445e-01 3.088629752983011713e+04
2.859789096341304315e+01 4.597777915329673171e+00 4.521724427337543872e+00 8.229829775788757296e-01 3.094311704237683807e+04
2.867643085359765820e+01 4.565920117876330231e+00 4.490104247081442956e+00 8.253704913890769213e-01 3.051601062110468774e+04
2.875497074337888392e+01 4.552296787789064325e+00 4.503419616487857269e+00 8.271557979599915011e-01 3.054834422273015662e+04
2.883351063276001369e+01 4.564565680716698104e+00 4.494164034323405055e+00 8.435023684294299384e-01 3.045828660514872536e+04
2.891205052174430890e+01 4.555453686606681707e+00 4.499314880746513090e+00 8.415345964916842725e-01 3.022726351690229421e+04
2.899059041033499184e+01 4.567510665169085549e+00 4.510907440533437729e+00 8.570991283269642214e-01 3.027938722338540902e+04
2.906913029853525643e+01 4.580250098015457461e+00 4.529069730694186724e+00 8.547069563404088299e-01 3.028592298740401384e+04
2.914767018634825746e+01 4.591404037217568401e+00 4.538088414636194834e+00 8.631292650246503717e-01 3.005070394846807540e+04
2.922621007377712132e+01 4.559556898872124897e+00 4.542139017040670801e+00 8.621294080539393390e-01 2.981352113076206297e+04
2.930474996082492822e+01 4.571271869616154504e+00 4.521805071436236112e+00 8.726685688272575181e-01 2.988928769069928967e+04
2.938328984749474060e+01 4.595446869857282124e+00 4.572842990706557309e+00 8.763651254204916086e-01 2.971184975866688546e+04
2.946182973378957826e+01 4.600505231873940559e+00 4.565816593950502877e+00 8.846525484843952292e-01 2.974048591530749763e+04
2.954036961971243258e+01 4.628378853186531749e+00 4.598225610231470917e+00 8.917422110897339493e-01 2.957940333652142726e+04
2.961890950526625943e+01 4.614522522525061454e+00 4.600163240930895014e+00 8.947805587730229826e-01 2.988711756793576569e+04
2.969744939045398979e+01 4.647159004296780971e+00 4.617088872127295573e+00 9.000947249264478200e-01 2.954116730309746345e+04
2.977598927527852268e+01 4.648596719625046170e+00 4.606104972591332114e+00 9.017794558880454225e-01 2.963205968461675729e+04
2.985452915974272159e+01 4.641901346486702273e+00 4.608937986890608407e+00 9.152140292589053816e-01 2.946225981689266337e+04
2.993306904384942868e+01 4.700048199470430177e+00 4.658166551899648233e+00 9.178849683086943712e-01 2.953349882806901951e+04
3.001160892760143994e+01 4.654433653897955381e+00 4.638156981475208163e+00 9.232527330078245109e-01 2.948889182479893498e+04
3.009014881100154071e+01 4.675903198466451194e+00 4.680461722852031770e+00 9.351868278419975811e-01 2.942897294250975392e+04
3.016868869405248077e+01 4.691474516279765083e+00 4.670140999713181529e+00 9.407606258422932521e-01 2.921828704454825856e+04
3.024722857675697441e+01 4.750460055753615407e+00 4.743401756046246476e+00 9.419294836087473977e-01 2.937910123937117896e+04
3.032576845911771457e+01 4.708980636408348630e+00 4.703436146286626318e+00 9.488674737145856852e-01 2.918304147152798760e+04
3.040430834113736580e+01 4.716975195186831726e+00 4.725340590116518413e+00 9.667784627686217824e-01 2.949465248928112851e+04
3.048284822281856421e+01 4.709526846783976595e+00 4.703575733274948156e+00 9.650633483344214225e-01 2.925984046639699955e+04
3.056138810416392460e+01 4.731916076146930550e+00 4.762128420520755689e+00 9.816581209187432711e-01 2.907709228047802753e+04
3.063992798517602267e+01 4.729329656538614479e+00 4.747790527646512437e+00 9.890548515858429424e-01 2.943727468842279632e+04
3.071846786585741640e+01 4.770294145766603044e+00 4.794447023392033103e+00 9.929696869515997060e-01 2.940335727714927634e+04
3.079700774621063886e+01 4.699970004559297365e+00 4.726111889966519541e+00 1.001039270068721176e+00 2.903765210951232802e+04
3.087554762623818760e+01 4.798879153263718500e+00 4.838982679949733523e+00 1.007374292434099816e+00 2.898999722849112368e+04
3.095408750594254599e+01 4.811975310426139352e+00 4.809109892389686003e+00 1.020827873102395200e+00 2.916916289081384457e+04
3.103262738532617249e+01 4.819851585928871529e+00 4.823016697125533270e+00 1.025888367312265848e+00 2.926702648660887280e+04
3.111116726439149005e+01 4.838501320417244678e+00 4.869065744431410714e+00 1.031374088040585280e+00 2.949264548174698575e+04
3.118970714314090387e+01 4.907745601397073720e+00 4.918477613071911669e+00 1.045126194673521303e+00 2.927329832565841934e+04
3.126824702157679781e+01 4.882380883909978486e+00 4.867058297895236585e+00 1.052720456577115105e+00 2.926394988794931487e+04
3.134678689970152377e+01 4.913894485570439841e+00 4.887146069871771914e+00 1.059415380147889829e+00 2.894520176606114910e+04
3.142532677751741588e+01 4.958193987387593538e+00 4.961850606573800171e+00 1.057787407002853453e+00 2.911644436170740300e+04
3.150386665502678696e+01 4.932588293338232788e+00 4.937867854139888379e+00 1.078211540455462192e+00 2.958456249646099604e+04
3.158240653223192140e+01 4.994513988459099885e+00 5.005496265362938679e+00 1.060222807077808804e+00 2.927355093044933164e+04
3.166094640913508229e+01 5.029911424543360710e+00 4.968514979535364695e+00 1.064459657574486462e+00 2.964124994627332126e+04
3.173948628573851494e+01 5.003192517922530946e+00 5.036461220952365814e+00 1.082913942895936676e+00 2.931402580398552163e+04
3.181802616204443623e+01 5.006763593693275283e+00 5.023831403490184755e+00 1.106344318911419489e+00 2.932360572531579237e+04
3.189656603805504531e+01 4.956858594878486457e+00 5.013501159899236725e+00 1.110892313017022737e+00 2.942757022058443181e+04
3.197510591377251998e+01 5.105093150005070690e+00 5.123177731172710914e+00 1.108114946153083258e+00 2.982260785350767401e+04
3.205364578919900964e+01 5.089130582958150129e+00 5.143369084493061294e+00 1.108907475298458678e+00 2.951880681895594535e+04
3.213218566433665302e+01 5.108968642075531363e+00 5.089821902740404802e+00 1.138662575560066337e+00 2.965455953801464057e+04
3.221072553918755688e+01 5.104040569345246858e+00 5.111112403847191565e+00 1.151946791939459258e+00 2.996426250675681513e+04
3.228926541375382442e+01 5.125454208708977610e+00 5.194174464873091424e+00 1.129150785761109610e+00 3.045270734693971099e+04
3.236780528803751622e+01 5.133395162813016555e+00 5.143998103159168167e+00 1.148319577774713274e+00 2.996683720284649098e+04
3.244634516204068575e+01 5.144169549560291266e+00 5.137711870421664884e+00 1.160024628462984042e+00 2.986982571086052485e+04
3.252488503576537227e+01 5.223784380782175774e+00 5.262082965153853209e+00 1.173128824130006409e+00 3.003325739286691896e+04
3.260342490921358660e+01 5.183644671753003585e+00 5.275384771629672009e+00 1.190974816579278173e+00 3.068092708293103351e+04
3.268196478238731828e+01 5.296202134477214329e+00 5.322267710310980782e+00 1.206285629430161155e+00 3.014978359800917315e+04
3.276050465528854261e+01 5.243526848173684307e+00 5.262042643604543990e+00 1.183090187245446234e+00 3.023140863130612343e+04
3.283904452791921358e+01 5.356465005841506866e+00 5.448397908498667341e+00 1.172652383676571208e+00 3.060986414601999059e+04
3.291758440028127097e+01 5.263531168468039922e+00 5.313012593926745630e+00 1.225281294632017071e+00 3.044303032562766748e+04
3.299612427237663326e+01 5.249792600298007095e+00 5.300637922335240226e+00 1.228678340653096113e+00 3.079685113696423650e+04
3.307466414420719758e+01 5.453439091025567897e+00 5.495488751220571899e+00 1.284342245782285730e+00 3.117084723757049505e+04
3.315320401577483977e+01 5.322576230065231506e+00 5.315243447534068189e+00 1.275250009176416732e+00 3.124106464435028101e+04
3.323174388708143567e+01 5.286722169140613659e+00 5.279218032438477870e+00 1.272206202413689535e+00 3.066858374717771585e+04
3.331028375812883269e+01 5.316826138117061618e+00 5.384876683105503936e+00 1.261515047666260214e+00 3.052440146022268891e+04
3.338882362891884981e+01 5.415293702488757965e+00 5.347373687756923566e+00 1.276833235225258045e+00 3.136608708949515130e+04
3.346736349945329891e+01 5.673757864725201827e+00 5.775782557753421642e+00 1.266482674453289325e+00 3.112224875353512471e+04
3.354590336973399189e+01 5.508735670140032958e+00 5.695999516749231439e+00 1.320203809148615681e+00 3.157814666861584192e+04
3.362444323976268379e+01 5.554802234259253346e+00 5.540359793946672440e+00 1.327349617269270032e+00 3.140173925034211425e+04
3.370298310954115806e+01 5.493774057284253054e+00 5.536853590600200548e+00 1.296920779675552859e+00 3.086964434470374181e+04
3.378152297907114132e+01 5.612830292682534861e+00 5.737907737491816818e+00 1.361290035449303160e+00 3.174472174671807079e+04
3.386006284835436730e+01 5.530023273236751358e+00 5.631868347937765584e+00 1.328368241458136811e+00 3.100579890106427774e+04
3.393860271739255552e+01 5.401045295369462096e+00 5.554384394421255422e+00 1.272382151362642766e+00 3.069101398894321392e+04
3.401714258618739706e+01 5.345191630451759046e+00 5.710362030417724277e+00 1.313988114285111752e+00 3.443389613509264018e+04
3.409568245474058301e+01 5.665958511269525211e+00 5.887277588334608680e+00 1.361980081938776399e+00 3.270570600244610614e+04
3.417422232305376895e+01 5.448998525273800908e+00 5.696893079889752798e+00 1.284381929013629797e+00 3.163075015469712162e+04
3.425276219112861043e+01 5.553787593210541829e+00 5.693320293756393369e+00 1.387417723559572602e+00 3.290556085507120588e+04
3.433130205896674880e+01 5.117556372860524228e+00 5.874066340469048519e+00 1.599131614549071267e+00 3.125707803639268604e+04
3.440984192656979701e+01 5.553960496583559170e+00 5.837299345908797399e+00 1.373330654369401493e+00 3.267796254995254640e+04
3.448838179393936088e+01 5.562174626361346519e+00 5.797654780656150031e+00 1.371889719757478199e+00 3.205909531793756832e+04
3.456692166107702491e+01 5.919014207263761485e+00 5.775098757108689362e+00 1.488187632251563475e+00 3.055982811429901994e+04
3.464546152798438072e+01 7.456696875956022375e+00 6.608640559442891416e+00 1.412053792402100827e+00 2.781750595365295521e+04
3.472400139466299152e+01 4.899753374544522089e+00 4.955595491754927195e+00 1.676651885775339190e+00 3.921760326030990836e+04
