# 0.9998 0.9998
7.871241428633635184e-02 2.433607703196314503e-03 2.440241387169351378e-03 3.168104809462584201e-08 5.518156303733551340e+02
1.618072713909662341e-01 8.422046926341533735e-03 8.411327186416808765e-03 2.294987019560007546e-07 2.194873561884101491e+03
2.418771330418761079e-01 2.169909971221362782e-02 2.166824428842987343e-02 6.390542364663256861e-07 3.004706917053993038e+03
3.211923215201240578e-01 3.010497825121874124e-02 3.009032387240912973e-02 1.122059553743297825e-06 5.897321817878036200e+03
4.002017901256537113e-01 3.282593703381749689e-02 3.278928249324395555e-02 2.127039004959820209e-06 8.284246853275184549e+03
4.790568272527075955e-01 4.387546713566713164e-02 4.384511915205974164e-02 4.301318310902296278e-06 8.184330322215851083e+03
5.578229290343351687e-01 4.963670826106517109e-02 4.954603855688562847e-02 6.739324895976131139e-06 1.170522611180853164e+04
6.365331115321660738e-01 6.067289594126297481e-02 6.061117968905042896e-02 1.017301113044023201e-05 1.255688597261737050e+04
7.152058371535838788e-01 5.670387779681605733e-02 5.659760533869463012e-02 1.499459164706109507e-05 1.423785069514540373e+04
7.938522421846891941e-01 6.681815414741061609e-02 6.671469158288920176e-02 1.778621340554746734e-05 1.513135415182218094e+04
8.724794443688169698e-01 7.542756340007911176e-02 7.518662236528680931e-02 2.349514282329196862e-05 1.601055694082359332e+04
9.510922062407737299e-01 7.973653597529491155e-02 7.950529365121281056e-02 2.912704266957748044e-05 1.742970460251879194e+04
1.029693835175838679e+00 9.156952485779647211e-02 9.103797336343648350e-02 3.901340374669403732e-05 1.766947513265521047e+04
1.108286699878543891e+00 1.020685508108578748e-01 1.015095531673312901e-01 4.722090853916197242e-05 1.803513176349632704e+04
1.186872541411916560e+00 1.001367353942799743e-01 9.936765371540695613e-02 5.754950834218753832e-05 1.917384339384671694e+04
1.265452668213572940e+00 1.172756253297261020e-01 1.164419539716491508e-01 6.946481037181671326e-05 2.038519607343091047e+04
1.344028082638708543e+00 1.205439350875606302e-01 1.197026038987154400e-01 8.305736751172343381e-05 2.208604914209440904e+04
1.422599565533279709e+00 1.304789889334426745e-01 1.294622079652859858e-01 9.896459479606417760e-05 2.177354841065739674e+04
1.501167734229200246e+00 1.409804981358362130e-01 1.398123586157987708e-01 1.125219343095185348e-04 2.301943618427504771e+04
1.579733083222462531e+00 1.452520330337228882e-01 1.439776710551431416e-01 1.299424532067216056e-04 2.442795482983110560e+04
1.658296013281593151e+00 1.534567605834858961e-01 1.520099596267030506e-01 1.453413607273796378e-04 2.477709571309967214e+04
1.736856852652245875e+00 1.637919348557365928e-01 1.622979092875674600e-01 1.661481487861515534e-04 2.461539514111756216e+04
1.815415872753641580e+00 1.738775231213030847e-01 1.718876083775670305e-01 1.951411157216559117e-04 2.607752409289514617e+04
1.893973299967037560e+00 1.827252792360306299e-01 1.807252900873321244e-01 2.186595068394667262e-04 2.625804680615409961e+04
1.972529324606241641e+00 1.907225535605370503e-01 1.886246545148826392e-01 2.353303948757879500e-04 2.750696780437400957e+04
2.051084107826015579e+00 1.991385900470563075e-01 1.966518606645776268e-01 2.717516341264668658e-04 2.826768030917067517e+04
2.129637787001040561e+00 2.167295444478609667e-01 2.140608093517089860e-01 2.875448934805460428e-04 2.915218715119812623e+04
2.208190479956450680e+00 2.223903585021734797e-01 2.191993623176969608e-01 3.306772449750983449e-04 2.955566834852339161e+04
2.286742288326184092e+00 2.307011205992940128e-01 2.274573963833056434e-01 3.619863662604419106e-04 2.967229950173957332e+04
2.365293300241981811e+00 2.324972020018385988e-01 2.292637177034296814e-01 3.989568420743119250e-04 3.027124893282655466e+04
2.443843592503681883e+00 2.482773260759634226e-01 2.447448706538032093e-01 4.329643527385302628e-04 3.140219547155089458e+04
2.522393232343909553e+00 2.596863845580979491e-01 2.559696165384253708e-01 4.588272699445401131e-04 3.165474999488810499e+04
2.600942278872942381e+00 2.685061696456403912e-01 2.642960402191920632e-01 5.190115779893997175e-04 3.280641385998909391e+04
2.679490784269383141e+00 2.800602864399925895e-01 2.758567562332335243e-01 5.512864151522062391e-04 3.233569420190175515e+04
2.758038794767343038e+00 2.903361981483723042e-01 2.855724755016855188e-01 6.020488467782742284e-04 3.340145085727278638e+04
2.836586351479573942e+00 3.053289835169608613e-01 3.006457918468140034e-01 6.615314911476056917e-04 3.439787420560693863e+04
2.915133491087511963e+00 3.107185383010431234e-01 3.055536154259922421e-01 7.042990725150533428e-04 3.432708588317245449e+04
2.993680246422668834e+00 3.242471390114509688e-01 3.186978823216141121e-01 7.484522165511084619e-04 3.415950798828259576e+04
3.072226646958827967e+00 3.382780186148658386e-01 3.320118665444090622e-01 8.357441845399565849e-04 3.525999275517442584e+04
3.150772719230606977e+00 3.388295308965373343e-01 3.327396930322028545e-01 8.718461082964253355e-04 3.527685287896169029e+04
3.229318487190934395e+00 3.509981742245921188e-01 3.447857548619331913e-01 9.256020565136537613e-04 3.606290057126407191e+04
3.307863972517584905e+00 3.655934639433002231e-01 3.586640714612704950e-01 1.008906338799672731e-03 3.622858350555842480e+04
3.386409194877053608e+00 3.763121098595912928e-01 3.686900284428857311e-01 1.073965644855879925e-03 3.745409836147547321e+04
3.464954172152534095e+00 3.848131152303077007e-01 3.774007844792866551e-01 1.125467695634033236e-03 3.713417983409313456e+04
3.543498920641575456e+00 4.016709625499265690e-01 3.938070406117273881e-01 1.205912469308228520e-03 3.804819554518845689e+04
3.622043455228019404e+00 4.049046391014964885e-01 3.969663245917711691e-01 1.287913670432361875e-03 3.786827602895735617e+04
3.700587789532037597e+00 4.238259083054963794e-01 4.149696746425072802e-01 1.354223558720042556e-03 3.842441569576257461e+04
3.779131936041457696e+00 4.283362603323266904e-01 4.197108695079569962e-01 1.435948019664750122e-03 3.912850838061690592e+04
3.857675906227046259e+00 4.381344738755874602e-01 4.290884570884997973e-01 1.536738269063346205e-03 3.955458444374470128e+04
3.936219710643986680e+00 4.553656995620011805e-01 4.455910994546339876e-01 1.618135478061849151e-03 4.002109337263277121e+04
4.014763359021444877e+00 4.646276709025216611e-01 4.544599567238081228e-01 1.703470593505222947e-03 3.939179092519322876e+04
4.093306860341824560e+00 4.766270952658827609e-01 4.665148797282555604e-01 1.797899979729325167e-03 4.025442370797995682e+04
4.171850222911064776e+00 4.896166122719035618e-01 4.791196466839232615e-01 1.881379711000687660e-03 4.105812934923647845e+04
4.250393454421145911e+00 4.968413207994402669e-01 4.859289050910374219e-01 1.981470043925975203e-03 4.077587825729313045e+04
4.328936562005788247e+00 5.043704568404508981e-01 4.935387623078065777e-01 2.062472482305015460e-03 4.151524268835732801e+04
4.407479552290201497e+00 5.241304641719087831e-01 5.122641856270381266e-01 2.199836264907621599e-03 4.130789657714011264e+04
4.486022431435594982e+00 5.321480808309634325e-01 5.194595720462933386e-01 2.300196700489543552e-03 4.222809560996492655e+04
4.564565205179107465e+00 5.528857292473652318e-01 5.400245012530197064e-01 2.385608832979435861e-03 4.240872785062408366e+04
4.643107878869670024e+00 5.541189847039618144e-01 5.405851032998404415e-01 2.525564933922376607e-03 4.273353300786345790e+04
4.721650457500300213e+00 5.646885290583363304e-01 5.514252767097481689e-01 2.616674181853230648e-03 4.284205911810384714e+04
4.800192945737217443e+00 5.860539264166636508e-01 5.722165876354023961e-01 2.743842914878384665e-03 4.308236935733137943e+04
4.878735347946150824e+00 5.902575736655996108e-01 5.754943887357003574e-01 2.900573063719706635e-03 4.379492462348246045e+04
4.957277668216146793e+00 6.083890837260204076e-01 5.929880605326598442e-01 3.030785308418059137e-03 4.365632952335056325e+04
5.035819910381144737e+00 6.197716050612337435e-01 6.045964699321928482e-01 3.160520751450003780e-03 4.339415437860909151e+04
5.114362078039562221e+00 6.339150296403404106e-01 6.175719778672090765e-01 3.284967567195344693e-03 4.435817227543509216e+04
5.192904174572115394e+00 6.355496056796714477e-01 6.183812502241832210e-01 3.462201517242701615e-03 4.456902145735650993e+04
5.271446203158030919e+00 6.514105175421941452e-01 6.336649603249903118e-01 3.587745723234125623e-03 4.471606838353606145e+04
5.349988166789838573e+00 6.605818022545093537e-01 6.429879417158231858e-01 3.739336615177469517e-03 4.523063676427752944e+04
5.428530068286878674e+00 6.868218632047481398e-01 6.681900933346865967e-01 3.891443530666680375e-03 4.522141454907354637e+04
5.507071910307648643e+00 6.918215696937771719e-01 6.723878539179589664e-01 4.041175665848403473e-03 4.532674457062211150e+04
5.585613695361120179e+00 7.080342078273690332e-01 6.890437267228383122e-01 4.233596356362676408e-03 4.593318970983086911e+04
5.664155425817094525e+00 7.205580572310119614e-01 7.005876374056659861e-01 4.396732152077445673e-03 4.597794443569182476e+04
5.742697103915729961e+00 7.288662901481101075e-01 7.085260316748706044e-01 4.532400723540231866e-03 4.583710150977542071e+04
5.821238731776284148e+00 7.392012803949834510e-01 7.184456322806633821e-01 4.738510705982973935e-03 4.619837448141990171e+04
5.899780311405160127e+00 7.548342396816670741e-01 7.340759644998869904e-01 4.930601178177774352e-03 4.661712791565321822e+04
5.978321844703323507e+00 7.654212968113264237e-01 7.437226079117030819e-01 5.085762376563618577e-03 4.707272877370381320e+04
6.056863333473133437e+00 7.815610991905058702e-01 7.591715993194270151e-01 5.183210354069904199e-03 4.732572865326057945e+04
6.135404779424661115e+00 7.981253857429696508e-01 7.749273582847602260e-01 5.442888832382365184e-03 4.731141543761393405e+04
6.213946184181517118e+00 8.053690838628940751e-01 7.822059559770169201e-01 5.608424135304160112e-03 4.744712712958976772e+04
6.292487549286247983e+00 8.261326811129806602e-01 8.022857971322767678e-01 5.803248706306712336e-03 4.781833697792835301e+04
6.371028876205335756e+00 8.288772160699451330e-01 8.049544936885381086e-01 5.979126363146653779e-03 4.775685609938250127e+04
6.449570166333828070e+00 8.375291851163759738e-01 8.122604370554127318e-01 6.242911001239129752e-03 4.786754338949441444e+04
6.528111420999634262e+00 8.569353183018143527e-01 8.311383616184629952e-01 6.555129227626394980e-03 4.766710570888912480e+04
6.606652641467518627e+00 8.693441669427023344e-01 8.424762691399514392e-01 6.689695937561533461e-03 4.792815122891382634e+04
6.685193828942805006e+00 8.879104880465100713e-01 8.603643729757990410e-01 6.856072636063320451e-03 4.792738457203441794e+04
6.763734984574836240e+00 8.870071728238205777e-01 8.590741573448318347e-01 7.127681884242553605e-03 4.804083091090260132e+04
6.842276109460177835e+00 9.118200628109239814e-01 8.827756377730788806e-01 7.378541509351278782e-03 4.825920972283028095e+04
6.920817204645620890e+00 9.229192344287993066e-01 8.934941113482338659e-01 7.534632406618231582e-03 4.876521754840881476e+04
6.999358271130968312e+00 9.376486905547565254e-01 9.074059868079129565e-01 7.872462251883930590e-03 4.905274208773702412e+04
7.077899309871646949e+00 9.514593572939568089e-01 9.217369967004276354e-01 8.032301383618142832e-03 4.875001122929118719e+04
7.156440321781138536e+00 9.612767428496299393e-01 9.312126434121190677e-01 8.289437035059146752e-03 4.847784711984300520e+04
7.234981307733260536e+00 9.838631664690942191e-01 9.540850290219290430e-01 8.576176780113645148e-03 4.911667447091908980e+04
7.313522268564292439e+00 9.857920295791579024e-01 9.538356864207451213e-01 8.786054495504437567e-03 4.903339106822253234e+04
7.392063205074973276e+00 9.992882738443091828e-01 9.672684148573095220e-01 9.071274531000575805e-03 4.899269738195828540e+04
7.470604118032365015e+00 1.012862853659553641e+00 9.805885290068122595e-01 9.338280613896611515e-03 4.920340829393040622e+04
7.549145008171610272e+00 1.015537434862422428e+00 9.825809393853723872e-01 9.576534518996952447e-03 4.957983546793706046e+04
7.627685876197570103e+00 1.033963722412325037e+00 1.000945704734467645e+00 9.865748202885262982e-03 4.955777603536639799e+04
7.706226722786373884e+00 1.053904483778692613e+00 1.018677266927964009e+00 1.020227042125875644e-02 4.939003343940285413e+04
7.784767548586863484e+00 1.054984267940124232e+00 1.020955010090036197e+00 1.043663123201526294e-02 4.917047935512799449e+04
7.863308354221953955e+00 1.076407499429842041e+00 1.040907165675118984e+00 1.069856324010520776e-02 4.973285102205847943e+04
7.941849140289923170e+00 1.090157061632316404e+00 1.054627217110281956e+00 1.106583093132239293e-02 4.920530670990321232e+04
8.020389907365611748e+00 1.102751168921986213e+00 1.066588254458372242e+00 1.138613303353138220e-02 5.001070982122548594e+04
8.098930656001561701e+00 1.112945326349800590e+00 1.076174286873545327e+00 1.166800861400609478e-02 4.977784693221247289e+04
8.177471386729090241e+00 1.127747852751592283e+00 1.089454785853659180e+00 1.205227764308801700e-02 4.964043123238327826e+04
8.256012100059292536e+00 1.145025422902955725e+00 1.105526088010533314e+00 1.227280347170401319e-02 4.997071231587143120e+04
8.334552796484000936e+00 1.148185396710984740e+00 1.109871879078566215e+00 1.250317446817449107e-02 4.974613871934561757e+04
8.413093476476680266e+00 1.164808352818952564e+00 1.125421006027141235e+00 1.274686464175031619e-02 4.963794026308822504e+04
8.491634140493276917e+00 1.183418816257876705e+00 1.144160497593484260e+00 1.320227342732718280e-02 4.975752535707829520e+04
8.570174788973028868e+00 1.185529858966087424e+00 1.145404927297454467e+00 1.355172483894421381e-02 4.973281342226803099e+04
8.648715422339215309e+00 1.197327871373403241e+00 1.157011951757726642e+00 1.383412346267619795e-02 4.991347229401006916e+04
8.727256040999876063e+00 1.211929023781197268e+00 1.171201939204759457e+00 1.420146698896883677e-02 4.943424051736826368e+04
8.805796645348495488e+00 1.226854131464722775e+00 1.185009361395652938e+00 1.454906876663913246e-02 4.956611654669780546e+04
8.884337235764643737e+00 1.234606184538264095e+00 1.192416205404922991e+00 1.485915422651928192e-02 4.963578416752539488e+04
8.962877812614589601e+00 1.249306573754951133e+00 1.205830879273873890e+00 1.515883056301523847e-02 5.018334278289632493e+04
9.041418376251867173e+00 1.261526205268006073e+00 1.217897611006878211e+00 1.557873615228409607e-02 5.004883373573178687e+04
9.119958927017840722e+00 1.268051236709406560e+00 1.224307847772773572e+00 1.595535148429397948e-02 5.015474141680904722e+04
9.198499465242209183e+00 1.288351668076290535e+00 1.243247933588391474e+00 1.634463370904364402e-02 4.979888045690070430e+04
9.277039991243508865e+00 1.298684114936779155e+00 1.253028222966215521e+00 1.671028613357452078e-02 4.949336618435743003e+04
9.355580505329580632e+00 1.315930793305579938e+00 1.269725541081657028e+00 1.713027701338738079e-02 4.984321723780159664e+04
9.434121007798012215e+00 1.321447448582959261e+00 1.275479720230406899e+00 1.747186815359901696e-02 5.000707271467340615e+04
9.512661498936562765e+00 1.343923635334475675e+00 1.297330565126100010e+00 1.787117691186380572e-02 4.993328448510183807e+04
9.591201979023569635e+00 1.345778849660549392e+00 1.298329704759304981e+00 1.842711311283571143e-02 4.979268928157043410e+04
9.669742448328321416e+00 1.360018156567755820e+00 1.311695859362786543e+00 1.872775541054472193e-02 4.963072290711799724e+04
9.748282907111432749e+00 1.379343916544182980e+00 1.329927510669386637e+00 1.910400905577442146e-02 4.966875204361780925e+04
9.826823355625185386e+00 1.382363615793970268e+00 1.334465238264887832e+00 1.948276306336736013e-02 4.927242724720913975e+04
9.905363794113858589e+00 1.392184124958990354e+00 1.341998878588869237e+00 2.000138348308307806e-02 4.963314925029419828e+04
9.983904222814045326e+00 1.401886032593631315e+00 1.350368919264584022e+00 2.043572153897387639e-02 4.920923804150160140e+04
1.006244464195495070e+01 1.419128279643279811e+00 1.369887446537079390e+00 2.072403215056785666e-02 4.928899633723891020e+04
1.014098505175868148e+01 1.420690013178514288e+00 1.370391317180408741e+00 2.121597056746271290e-02 4.927854908268592408e+04
1.021952545244051613e+01 1.442073281410356955e+00 1.391225995232055590e+00 2.162797878401398477e-02 4.941884468405261578e+04
1.029806584420916415e+01 1.459897066032585400e+00 1.408315138125286525e+00 2.216826285149575346e-02 4.904207497258582589e+04
1.037660622726701654e+01 1.459924224280409577e+00 1.409388312428285994e+00 2.261071979927399903e-02 4.918503619070094283e+04
1.045514660181038380e+01 1.474850910906033929e+00 1.422171701050719550e+00 2.310838915523334008e-02 4.897630351410658477e+04
1.053368696802971982e+01 1.488039520493297685e+00 1.436066679908719834e+00 2.358203662768708006e-02 4.918080632067791157e+04
1.061222732610984210e+01 1.498408372792687127e+00 1.445859210359040192e+00 2.412658270214578307e-02 4.910258306618092320e+04
1.069076767623013779e+01 1.508432836209405936e+00 1.454889719481495591e+00 2.452914730873435867e-02 4.888071615594406467e+04
1.076930801856475739e+01 1.522350888894483667e+00 1.469193554059292639e+00 2.497838102168466190e-02 4.887433287917645794e+04
1.084784835328281005e+01 1.533116295146025765e+00 1.478486718572529890e+00 2.556504853011285980e-02 4.881247828502787888e+04
1.092638868054854306e+01 1.550731286148002486e+00 1.495690011145986764e+00 2.611544819819727747e-02 4.872706865768614807e+04
1.100492900052151413e+01 1.561760772346267201e+00 1.507437130785048041e+00 2.642848318711529462e-02 4.861812837912228861e+04
1.108346931335675833e+01 1.571565631347614955e+00 1.517234952510267076e+00 2.694399453411269046e-02 4.812146335055113741e+04
1.116200961920494805e+01 1.582479450721660852e+00 1.526517862628990585e+00 2.749429469242312477e-02 4.833205634810619813e+04
1.124054991821254212e+01 1.581673971767688869e+00 1.525106539282222062e+00 2.799464273474910544e-02 4.832208064381252916e+04
1.131909021052193687e+01 1.589694284110188871e+00 1.533130543127764644e+00 2.858919197648710289e-02 4.813811980470959679e+04
1.139763049627160285e+01 1.601241107570783084e+00 1.542949932882780706e+00 2.920706598590671818e-02 4.792103637777861877e+04
1.147617077559622167e+01 1.617575150113792937e+00 1.559950508137856851e+00 2.963659483276005063e-02 4.793634793946592981e+04
1.155471104862680853e+01 1.633811204256427230e+00 1.575349370582566522e+00 3.023731624365838186e-02 4.775707412194788776e+04
1.163325131549084368e+01 1.649689426747193988e+00 1.590369280601520607e+00 3.082157763103318682e-02 4.784561682920348539e+04
1.171179157631238787e+01 1.645784895770528777e+00 1.587706009670605711e+00 3.119940298556274708e-02 4.759290847451191803e+04
1.179033183121219608e+01 1.664783325702902772e+00 1.605577916867345634e+00 3.193032335081672640e-02 4.736084668350944412e+04
1.186887208030782759e+01 1.676186494647141423e+00 1.615091052076672140e+00 3.247672246568759913e-02 4.721576502152891044e+04
1.194741232371374728e+01 1.682245769494813858e+00 1.622501632673851502e+00 3.311989718717669312e-02 4.726605286138528754e+04
1.202595256154143222e+01 1.686250524608439605e+00 1.627408753236443850e+00 3.367476309639038518e-02 4.707458595989851892e+04
1.210449279389946753e+01 1.694270623969542200e+00 1.633976821934531198e+00 3.416544350208110953e-02 4.684595391077808017e+04
1.218303302089363527e+01 1.703023606913914412e+00 1.642972772496668954e+00 3.479521530672557289e-02 4.685846906891094841e+04
1.226157324262700676e+01 1.713315924691451997e+00 1.653836943180033270e+00 3.541844679217490827e-02 4.698787979494521278e+04
1.234011345920003322e+01 1.728314025881647398e+00 1.667033355929000704e+00 3.609408865983537718e-02 4.663133253041251737e+04
1.241865367071062565e+01 1.731605851638326143e+00 1.671437481230756639e+00 3.683555363670216326e-02 4.633779647569559893e+04
1.249719387725422415e+01 1.748732263795239383e+00 1.687143808350700436e+00 3.754315386716102626e-02 4.623277282455759996e+04
1.257573407892389383e+01 1.760813524909405459e+00 1.698737760822879972e+00 3.812411059732589980e-02 4.635648321655879408e+04
1.265427427581038877e+01 1.767438537122434816e+00 1.704698695041101608e+00 3.879409133978278801e-02 4.609306118780299585e+04
1.273281446800221772e+01 1.774156721370147016e+00 1.711280242145418962e+00 3.924682514757610319e-02 4.577098617708584061e+04
1.281135465558572584e+01 1.790740144191522498e+00 1.729359769192318819e+00 4.008572839051143671e-02 4.587108110905849026e+04
1.288989483864514796e+01 1.799922996508587225e+00 1.737651384309114144e+00 4.069076848006918795e-02 4.551432943961943238e+04
1.296843501726268322e+01 1.810243953964432828e+00 1.749229078874470877e+00 4.153717787344803070e-02 4.560013620940803958e+04
1.304697519151855190e+01 1.813034845221709546e+00 1.750822830376333572e+00 4.200575447017058928e-02 4.548612995525189035e+04
1.312551536149104692e+01 1.822141255516407377e+00 1.759437697803627021e+00 4.290487976289374117e-02 4.531910668716164218e+04
1.320405552725660492e+01 1.831832033890075540e+00 1.769581367149177575e+00 4.342003756092158162e-02 4.488472897860449302e+04
1.328259568888985243e+01 1.845636349707123314e+00 1.780699132043630062e+00 4.425351111756160860e-02 4.478429156847971171e+04
1.336113584646366270e+01 1.858374171442750189e+00 1.792661740917520286e+00 4.496982661171856910e-02 4.468852031143956992e+04
1.343967600004920548e+01 1.859682780936751767e+00 1.795903911439898026e+00 4.572791546448902456e-02 4.469507719582405844e+04
1.351821614971599317e+01 1.868011087295998074e+00 1.803881402370203224e+00 4.645884427187087912e-02 4.454709738543051935e+04
1.359675629553193588e+01 1.879364711362271345e+00 1.815324633718247149e+00 4.684032058064698661e-02 4.430722985831655387e+04
1.367529643756338231e+01 1.883045550165192150e+00 1.819565450220443914e+00 4.764902568794086163e-02 4.415815495537835523e+04
1.375383657587516595e+01 1.897928753929664092e+00 1.833584259152075235e+00 4.843372336666227490e-02 4.394478554029190855e+04
1.383237671053064766e+01 1.908485194620447079e+00 1.841912872112450694e+00 4.920834030304162970e-02 4.392526574002239067e+04
1.391091684159175834e+01 1.916869428960407351e+00 1.850663317921574125e+00 5.000202088162408048e-02 4.371049640311235999e+04
1.398945696911903269e+01 1.927529613674652920e+00 1.860485452007581531e+00 5.079783553482784125e-02 4.364191362192798260e+04
1.406799709317166069e+01 1.937149590354264594e+00 1.869997282764494395e+00 5.162017939247461051e-02 4.345313856062291597e+04
1.414653721380751428e+01 1.945965060920559209e+00 1.879386104990343531e+00 5.239507719600919322e-02 4.333569736217336322e+04
1.422507733108318817e+01 1.955261857294643857e+00 1.888285991637361994e+00 5.323654876519896134e-02 4.307992673183113948e+04
1.430361744505403543e+01 1.962381461634219448e+00 1.893732538122245401e+00 5.388357409962842015e-02 4.309059732752813579e+04
1.438215755577419586e+01 1.970842402732601917e+00 1.903064414685974315e+00 5.448469310431648671e-02 4.262254660373165825e+04
1.446069766329663686e+01 1.982179400165770433e+00 1.915281647588130465e+00 5.524123560889214468e-02 4.269069334919631365e+04
1.453923776767318010e+01 1.990229681799810857e+00 1.920677013169701963e+00 5.632701334517858927e-02 4.247654394609072187e+04
1.461777786895453346e+01 1.993576462200167487e+00 1.925247711886620916e+00 5.706070134795462184e-02 4.225912635345043236e+04
1.469631796719032302e+01 2.006140729625120578e+00 1.936882351997482932e+00 5.761157691776265521e-02 4.185866161145789374e+04
1.477485806242911437e+01 2.010394190968626926e+00 1.942518543481165594e+00 5.840157422375862745e-02 4.213883978689800279e+04
1.485339815471844993e+01 2.028780836924381603e+00 1.959113671089034892e+00 5.929253883395702723e-02 4.187989974141466519e+04
1.493193824410487203e+01 2.028800682392123633e+00 1.960791188203555802e+00 6.010316110384059107e-02 4.169185692566713260e+04
1.501047833063394421e+01 2.038736689246026135e+00 1.970194776025921746e+00 6.093224265754849239e-02 4.154640680165738740e+04
1.508901841435028857e+01 2.043981344161137415e+00 1.977189144361243045e+00 6.165867648432204334e-02 4.140171112253029423e+04
1.516755849529759992e+01 2.062989572208945965e+00 1.994480080292757362e+00 6.265364942347456667e-02 4.118395463799111167e+04
1.524609857351867070e+01 2.065462027878029350e+00 1.995880729599535774e+00 6.358815713567363137e-02 4.112441471299537807e+04
1.532463864905541762e+01 2.069882488920527841e+00 2.000971216508563799e+00 6.432690165192023191e-02 4.091838806959715293e+04
1.540317872194890292e+01 2.088262025600569061e+00 2.017856377177503102e+00 6.532099890305310963e-02 4.078514019990807719e+04
1.548171879223935399e+01 2.094288678531658565e+00 2.023271768770792178e+00 6.596254467064620319e-02 4.061701058808219386e+04
1.556025885996618996e+01 2.101347100068052587e+00 2.030828952045810709e+00 6.686227005778350163e-02 4.045281443389739434e+04
1.563879892516803238e+01 2.109989643889924604e+00 2.039606254258469420e+00 6.779507113311249167e-02 4.021525796926304611e+04
1.571733898788273187e+01 2.115423776439131931e+00 2.044416559279425005e+00 6.863809067305615130e-02 4.019161037486007990e+04
1.579587904814739119e+01 2.133351379481218668e+00 2.063124014459042588e+00 6.957715118226139028e-02 4.007326500904306158e+04
1.587441910599837769e+01 2.137256329418722789e+00 2.066073062192244070e+00 7.075102075174309613e-02 3.972587555644565145e+04
1.595295916147133575e+01 2.151200292209293430e+00 2.080254653793591313e+00 7.136989428555660930e-02 3.957707669816936686e+04
1.603149921460121874e+01 2.163427845931686466e+00 2.093430638632543861e+00 7.208327048268446668e-02 3.947377130777316779e+04
1.611003926542229436e+01 2.159129089567097814e+00 2.087981323215324814e+00 7.327638435060547517e-02 3.928574728026177036e+04
1.618857931396816596e+01 2.183140143611953743e+00 2.111616830707186310e+00 7.417605014455529167e-02 3.935322714482827723e+04
1.626711936027179561e+01 2.192137795918289278e+00 2.119845264444185418e+00 7.509150708505692162e-02 3.902846197287431278e+04
1.634565940436549525e+01 2.195136455885545956e+00 2.122043298713672144e+00 7.608882763217283962e-02 3.899534257128476747e+04
1.642419944628097639e+01 2.206339649463970431e+00 2.134851760595838588e+00 7.689215350335014409e-02 3.873496194008099701e+04
1.650273948604932883e+01 2.210408579084741199e+00 2.138533618204373266e+00 7.784684812771024143e-02 3.877993417403646890e+04
1.658127952370107394e+01 2.225207320264454669e+00 2.152356511836549302e+00 7.897785389894122765e-02 3.846445249818902084e+04
1.665981955926614333e+01 2.226194112169881389e+00 2.155512428381692658e+00 7.973326717031001265e-02 3.840665409585567977e+04
1.673835959277390728e+01 2.243985128039960752e+00 2.171604702331775716e+00 8.097423682904250630e-02 3.830125689645139937e+04
1.681689962425318896e+01 2.241692396040354307e+00 2.168960572807880460e+00 8.170037694471585232e-02 3.819051333270796749e+04
1.689543965373228218e+01 2.262286073966403688e+00 2.188131243980127927e+00 8.297768177983085025e-02 3.797113597184340324e+04
1.697397968123895495e+01 2.273273293181186538e+00 2.198947438940232590e+00 8.410981392479095764e-02 3.775303936941847496e+04
1.705251970680045304e+01 2.277600959246486756e+00 2.204435593409653116e+00 8.495184126929457291e-02 3.777783113036611030e+04
1.713105973044353902e+01 2.279510691698795721e+00 2.206618296350020714e+00 8.614003594313157652e-02 3.761940160698116233e+04
1.720959975219447102e+01 2.291201160357577482e+00 2.217398118451551881e+00 8.689531626360812167e-02 3.750355701318397769e+04
1.728813977207903463e+01 2.301004927135338107e+00 2.229256243333122889e+00 8.804262774133167491e-02 3.745006360779522220e+04
1.736667979012256424e+01 2.309234835256274820e+00 2.236436520970158881e+00 8.895268690001112422e-02 3.722087093880563043e+04
1.744521980634991110e+01 2.322675057118267716e+00 2.250247920656738732e+00 8.982100895833679266e-02 3.704901543514696823e+04
1.752375982078550365e+01 2.329970211436707572e+00 2.258275643024979296e+00 9.074787781766688322e-02 3.694687307104828506e+04
1.760229983345331917e+01 2.337308325077323001e+00 2.264590147843339896e+00 9.204046567362451914e-02 3.691199959556585964e+04
1.768083984437692635e+01 2.350314662097493290e+00 2.276920895301116410e+00 9.264554964007810922e-02 3.671928687492250174e+04
1.775937985357945692e+01 2.366559851022976169e+00 2.293394560448509534e+00 9.393253173296689518e-02 3.668194170528020913e+04
1.783791986108364824e+01 2.370554474752006424e+00 2.296093772835046565e+00 9.530599842645826048e-02 3.643734864846751589e+04
1.791645986691183268e+01 2.377512465581542056e+00 2.304554796489055590e+00 9.626010857229048978e-02 3.638467368562173942e+04
1.799499987108595889e+01 2.391756415652162016e+00 2.316353879382759384e+00 9.770322397261257952e-02 3.637836641185839107e+04
1.807353987362759185e+01 2.403250202809644964e+00 2.328353510222682665e+00 9.814674686372708290e-02 3.622492092585036153e+04
1.815207987455791638e+01 2.407181169687845568e+00 2.329994344497383629e+00 9.984439210464231274e-02 3.600572689685708610e+04
1.823061987389775851e+01 2.418222578603724582e+00 2.341529310024127231e+00 1.004769545918394458e-01 3.603368315224468824e+04
1.830915987166758541e+01 2.423915141877227786e+00 2.349034672774354515e+00 1.019061299606792287e-01 3.602845441185026721e+04
1.838769986788751964e+01 2.454188116922201068e+00 2.376048085709507873e+00 1.032584014740702411e-01 3.582635062312326045e+04
1.846623986257733563e+01 2.453080843581444626e+00 2.377388637463939691e+00 1.039562956514695075e-01 3.572168899786239490e+04
1.854477985575647381e+01 2.464766485606776136e+00 2.388098386778929605e+00 1.054927604288980747e-01 3.579306982762606640e+04
1.862331984744404423e+01 2.481298444987460439e+00 2.405179788902597871e+00 1.063573660391581160e-01 3.567319147614933172e+04
1.870185983765884075e+01 2.486131659202155841e+00 2.408010122176471590e+00 1.078527537759181032e-01 3.556940935637394432e+04
1.878039982641934458e+01 2.499592009024112382e+00 2.422910134221979206e+00 1.091114424051350118e-01 3.555405789780661871e+04
1.885893981374372075e+01 2.510494516554795386e+00 2.435429196022780740e+00 1.095408587249835364e-01 3.546493388327236607e+04
1.893747979964983941e+01 2.518543273932734472e+00 2.439849854057490219e+00 1.110183013920801737e-01 3.534036672360545344e+04
1.901601978415527228e+01 2.538252347531053221e+00 2.462154467471476593e+00 1.124063009885256509e-01 3.532668932892742305e+04
1.909455976727730331e+01 2.543909910553450615e+00 2.468149129763137051e+00 1.137170614837019200e-01 3.534877399753500504e+04
1.917309974903293579e+01 2.558167187540145271e+00 2.482045798907200229e+00 1.148645167574254417e-01 3.529461813932090445e+04
1.925163972943889235e+01 2.567911066973936229e+00 2.491085647461881880e+00 1.160998741805865792e-01 3.521307144590115786e+04
1.933017970851161849e+01 2.578370321789745123e+00 2.501735310991651140e+00 1.172546682349827479e-01 3.513543938798220188e+04
1.940871968626730748e+01 2.599899128504462809e+00 2.522607434845727248e+00 1.185134856478604753e-01 3.520536722918882151e+04
1.948725966272188259e+01 2.613849460943186376e+00 2.536585526724081330e+00 1.196852477230294781e-01 3.512603142307289818e+04
1.956579963789100773e+01 2.616748889762707808e+00 2.539652058146354197e+00 1.213212207814002297e-01 3.502944676945910032e+04
1.964433961179010524e+01 2.640863168867647381e+00 2.563054434922807268e+00 1.225979626499340419e-01 3.509692438943645539e+04
1.972287958443434519e+01 2.647151649142180485e+00 2.568504596311396604e+00 1.237503385639222298e-01 3.507931450736011902e+04
1.980141955583865965e+01 2.661922656966188683e+00 2.582948665889886364e+00 1.251305050142847153e-01 3.510563757238537073e+04
1.987995952601774619e+01 2.686802584286315909e+00 2.605503743609521194e+00 1.263710821614947022e-01 3.516914903085705737e+04
1.995849949498606790e+01 2.693428562272979221e+00 2.615559844208889206e+00 1.272869936081893194e-01 3.518666187281857856e+04
2.003703946275786052e+01 2.702263854743567340e+00 2.622296003402479592e+00 1.286571088853358802e-01 3.508722353717048099e+04
2.011557942934713950e+01 2.707417223350902180e+00 2.628108175557255510e+00 1.306555550425183010e-01 3.511517485507985111e+04
2.019411939476770712e+01 2.721083536203376063e+00 2.641679318156473943e+00 1.316857491729347407e-01 3.484177034403549624e+04
2.027265935903314542e+01 2.723323660952516434e+00 2.643443766237322468e+00 1.330431088976762599e-01 3.474688417274304811e+04
2.035119932215682326e+01 2.731672014173674778e+00 2.651086992776841456e+00 1.339813617298560022e-01 3.465016055588508607e+04
2.042973928415191054e+01 2.738102438005580730e+00 2.658877786101903062e+00 1.353472753794704442e-01 3.458077283035306755e+04
2.050827924503137467e+01 2.739060513213977810e+00 2.661118286857327764e+00 1.362224172531398547e-01 3.439388417350372765e+04
2.058681920480798766e+01 2.749369937216434856e+00 2.673351953675590753e+00 1.374166714730232497e-01 3.427776959977106890e+04
2.066535916349431901e+01 2.749356782383852504e+00 2.672280824566462876e+00 1.386298365710050551e-01 3.399175771435786737e+04
2.074389912110275347e+01 2.750891507396049374e+00 2.677137376027810323e+00 1.404214386441171580e-01 3.395238370317501540e+04
2.082243907764548752e+01 2.758116652640174138e+00 2.680925860699093555e+00 1.417469621426786508e-01 3.375518429943829688e+04
2.090097903313453642e+01 2.771852304264799116e+00 2.697322636257191597e+00 1.428810264501618743e-01 3.363694529922029324e+04
2.097951898758173783e+01 2.771342903707187499e+00 2.697081677241955688e+00 1.442442820618178578e-01 3.348829537791980692e+04
2.105805894099874109e+01 2.775831009244041692e+00 2.701764538707832397e+00 1.452014834802292653e-01 3.330364131272798841e+04
2.113659889339703568e+01 2.774568480297400885e+00 2.704216301301159753e+00 1.462334040147109659e-01 3.316221544012973754e+04
2.121513884478793344e+01 2.785265566930151593e+00 2.713571277567695894e+00 1.482501198651265117e-01 3.299833450548834662e+04
2.129367879518258277e+01 2.784104470809767751e+00 2.711008422185478217e+00 1.492304533628414642e-01 3.285318523443777667e+04
2.137221874459196869e+01 2.795801813638636890e+00 2.722050710307410970e+00 1.504524853032924436e-01 3.270120186060871856e+04
2.145075869302691274e+01 2.792724330130754939e+00 2.719383445151366985e+00 1.518702742200630507e-01 3.257112355181044040e+04
2.152929864049807307e+01 2.801625890651251005e+00 2.732230574055587891e+00 1.530632743161880749e-01 3.236870049578438193e+04
2.160783858701596571e+01 2.799217927293691233e+00 2.732507542980830539e+00 1.548872347530599325e-01 3.242939773441710349e+04
2.168637853259094683e+01 2.809353632168235304e+00 2.740871890992569337e+00 1.561010274987912894e-01 3.220520566075258830e+04
2.176491847723321982e+01 2.820181569875747307e+00 2.749280676109553401e+00 1.576895660393097531e-01 3.206299949407158056e+04
2.184345842095285306e+01 2.818669625163238823e+00 2.749007187838539590e+00 1.586531684997281311e-01 3.188085301955397517e+04
2.192199836375975508e+01 2.823637148765523186e+00 2.755904205664581941e+00 1.606096652600900176e-01 3.182587661606453185e+04
2.200053830566371005e+01 2.830116011874332038e+00 2.761713600617318853e+00 1.618500506015993767e-01 3.171643004730412213e+04
2.207907824667434582e+01 2.824986969805830750e+00 2.759437427892017514e+00 1.627711996883934031e-01 3.154837333574312288e+04
2.215761818680116590e+01 2.840342861160021215e+00 2.770268245942004715e+00 1.648689421529437871e-01 3.149335043315388975e+04
2.223615812605353526e+01 2.845091938600647463e+00 2.780296843187130218e+00 1.656754447537356068e-01 3.131988141021252886e+04
2.231469806444068738e+01 2.843708988291993034e+00 2.776452035381356875e+00 1.675076738622667816e-01 3.119040229391970570e+04
2.239323800197172432e+01 2.852505577838968520e+00 2.784724894886188018e+00 1.686007597163609040e-01 3.115560608150630287e+04
2.247177793865562023e+01 2.859200899952642150e+00 2.793275883309467744e+00 1.703742306104003290e-01 3.091734713243441365e+04
2.255031787450123204e+01 2.864362299752500896e+00 2.800386351960392428e+00 1.717168999473939472e-01 3.085733929040007570e+04
2.262885780951728165e+01 2.868856296918190996e+00 2.802196664788957570e+00 1.729279054849814923e-01 3.067219517422356148e+04
2.270739774371238440e+01 2.874753253187442681e+00 2.812266891680499814e+00 1.743120042885117071e-01 3.056577190154381606e+04
2.278593767709502771e+01 2.879614857465182087e+00 2.814635996129451367e+00 1.756756435768692670e-01 3.051250847459281431e+04
2.286447760967358178e+01 2.876193658093392891e+00 2.812621770940047394e+00 1.775971826811585108e-01 3.035522149563278435e+04
2.294301754145629957e+01 2.887667582221629115e+00 2.824051205803713493e+00 1.785478460720357763e-01 3.022515698499830978e+04
2.302155747245133455e+01 2.893066915501809166e+00 2.828672787347617845e+00 1.804115174427504686e-01 3.011566547842659202e+04
2.310009740266672296e+01 2.896960101108118302e+00 2.831162464391402622e+00 1.822832380424804499e-01 3.015960973024171108e+04
2.317863733211038380e+01 2.905220112280459066e+00 2.842095608980235610e+00 1.837571097014071564e-01 2.990794838606113990e+04
2.325717726079013303e+01 2.908630377969966485e+00 2.843976451111664527e+00 1.853789315330323373e-01 2.988456935497431186e+04
2.333571718871368716e+01 2.909364047837860401e+00 2.846767450065391891e+00 1.868156333509978229e-01 2.968290807984687126e+04
2.341425711588865965e+01 2.907903586268577811e+00 2.845161501414716465e+00 1.889492203949212079e-01 2.940535449841491209e+04
2.349279704232255384e+01 2.927980164645584082e+00 2.867292990664171537e+00 1.908376013135019145e-01 2.953820302791538779e+04
2.357133696802278067e+01 2.936610829000798173e+00 2.874880220712794809e+00 1.918126941058712065e-01 2.938107904138233789e+04
2.364987689299664453e+01 2.930907358366241500e+00 2.872988363009217228e+00 1.938940151136528123e-01 2.934530885918238710e+04
2.372841681725136453e+01 2.943954739565977086e+00 2.882954215520503460e+00 1.950883928562403280e-01 2.930035110574193459e+04
2.380695674079405322e+01 2.947121317218816205e+00 2.884648566339413467e+00 1.974487478560804088e-01 2.909918438197302385e+04
2.388549666363174140e+01 2.950605580034828535e+00 2.891684675595470377e+00 1.988592063913605379e-01 2.908144523664555891e+04
2.396403658577134976e+01 2.951831693118833311e+00 2.893113576686271227e+00 2.007619863717459707e-01 2.899127421876302833e+04
2.404257650721972439e+01 2.967482392137410940e+00 2.910555815002834557e+00 2.025867976561118444e-01 2.873683304770466930e+04
2.412111642798362254e+01 2.967299090690240781e+00 2.912217484143277080e+00 2.036271134165745511e-01 2.879244052383495000e+04
2.419965634806970556e+01 2.978577833773039529e+00 2.920504107892426315e+00 2.063790426446603377e-01 2.853888400935066966e+04
2.427819626748454596e+01 2.984120896744664631e+00 2.930323932784278274e+00 2.080911104908285958e-01 2.860534569006853417e+04
2.435673618623464520e+01 2.990372237555503077e+00 2.934036894688538677e+00 2.110300430907693092e-01 2.847970587641287420e+04
2.443527610432640529e+01 2.992026753628264313e+00 2.938295126083368292e+00 2.121598429056288371e-01 2.851976631642297070e+04
2.451381602176616425e+01 3.004024401953048873e+00 2.950179645645503168e+00 2.142053196270220228e-01 2.838419395733651254e+04
2.459235593856016067e+01 3.008738929218987224e+00 2.953927532674817336e+00 2.163189863184448447e-01 2.830835606109676883e+04
2.467089585471456203e+01 3.014070064209288358e+00 2.957962134480624172e+00 2.179710774382729033e-01 2.815745511439535039e+04
2.474943577023546126e+01 3.025447415354820091e+00 2.970668425015094538e+00 2.206163154564164397e-01 2.815327419941151311e+04
2.482797568512887310e+01 3.028142681569508277e+00 2.975795031319028450e+00 2.217173329039623109e-01 2.804857644108214299e+04
2.490651559940072346e+01 3.029834908718250563e+00 2.981203750475896364e+00 2.251348419705366533e-01 2.800365662858901487e+04
2.498505551305688144e+01 3.046867166467145616e+00 2.993793747887252277e+00 2.256796238184595182e-01 2.792998383653064957e+04
2.506359542610313440e+01 3.051827136374470673e+00 2.993325129641295046e+00 2.284623578496231266e-01 2.780910561369704010e+04
2.514213533854519511e+01 3.052543702186868213e+00 2.997191727897360103e+00 2.310348123962638611e-01 2.782630560476449318e+04
2.522067525038871239e+01 3.078974149191311849e+00 3.029883100897081682e+00 2.329469753505194474e-01 2.764182410444581183e+04
2.529921516163925688e+01 3.079019676318992094e+00 3.036424162711142571e+00 2.342496979391221201e-01 2.766078379345250141e+04
2.537775507230233529e+01 3.089344890368737051e+00 3.046126597630586907e+00 2.365069064824664447e-01 2.771574284817346779e+04
2.545629498238338684e+01 3.083937314957282183e+00 3.035428333758187769e+00 2.393989692048238971e-01 2.759968680947303437e+04
2.553483489188777966e+01 3.089187702892690179e+00 3.037290771921127064e+00 2.405222387672172890e-01 2.759490715158143212e+04
2.561337480082082152e+01 3.100224293707076750e+00 3.049285038139875947e+00 2.429981229509978746e-01 2.751973655691162639e+04
2.569191470918774911e+01 3.110245364130108214e+00 3.069251455318096067e+00 2.456957756029237716e-01 2.735721315027130913e+04
2.577045461699373874e+01 3.106567045370239644e+00 3.067525253539149510e+00 2.479085501385162593e-01 2.734583096594965536e+04
2.584899452424390631e+01 3.135232409571269585e+00 3.092169884342152120e+00 2.492042940185800470e-01 2.728486315178737277e+04
2.592753443094329668e+01 3.148715595104551124e+00 3.106256711484324917e+00 2.516433121284979979e-01 2.726100006808738181e+04
2.600607433709690852e+01 3.137002274571116356e+00 3.098303519401213180e+00 2.528879386143134123e-01 2.722602829027914777e+04
2.608461424270966944e+01 3.142705026414367886e+00 3.106014620184669006e+00 2.555696562368575675e-01 2.714517404876685032e+04
2.616315414778644310e+01 3.155057382205647354e+00 3.118288573839766542e+00 2.577958092091841014e-01 2.711505117143719690e+04
2.624169405233205055e+01 3.161425390539662761e+00 3.127762609224028711e+00 2.610770231177367284e-01 2.706985303356496297e+04
2.632023395635124174e+01 3.183122627784781944e+00 3.145924133351604368e+00 2.625651438122227344e-01 2.707248480465311513e+04
2.639877385984871694e+01 3.175452804102338433e+00 3.138000298905501140e+00 2.654568463423342406e-01 2.704592327424028917e+04
2.647731376282911953e+01 3.190388965292403345e+00 3.154050292298094860e+00 2.662151638060500924e-01 2.699811519811503240e+04
2.655585366529703606e+01 3.205499446509284311e+00 3.168394904708884408e+00 2.690803634246157205e-01 2.697993687170625344e+04
2.663439356725699980e+01 3.211757091756718197e+00 3.178745639161379977e+00 2.724852597310390978e-01 2.692351713324024968e+04
2.671293346871349428e+01 3.231007138866396566e+00 3.189203113858061212e+00 2.751408711380406436e-01 2.691249531445890534e+04
2.679147336967094617e+01 3.241911123981071174e+00 3.206138202615116839e+00 2.759772500250414762e-01 2.690947758411020186e+04
2.687001327013372531e+01 3.237052323975499135e+00 3.205000152535030455e+00 2.784843528642319543e-01 2.686039040219753224e+04
2.694855317010616602e+01 3.260503882501942563e+00 3.227809847437987489e+00 2.802685374407984376e-01 2.674291118321054091e+04
2.702709306959254221e+01 3.266089979693184375e+00 3.233603273448224513e+00 2.839190163344032514e-01 2.685863008217285096e+04
2.710563296859707094e+01 3.272035256968550687e+00 3.231762520081337797e+00 2.846187214108640284e-01 2.674349927516334719e+04
2.718417286712393377e+01 3.298845366520967382e+00 3.261164218123813630e+00 2.875812956113190100e-01 2.667639117120691299e+04
2.726271276517725894e+01 3.308300829517620834e+00 3.268890216858452380e+00 2.913733878441135960e-01 2.679401604846898044e+04
2.734125266276112498e+01 3.295918753797981715e+00 3.257169415397264345e+00 2.914695260785509223e-01 2.670735675120516680e+04
2.741979255987956776e+01 3.299325433175646527e+00 3.268741006350765588e+00 2.950655042597615796e-01 2.662400016384107948e+04
2.749833245653658054e+01 3.303307494711843262e+00 3.276823049170966673e+00 2.962258571903116922e-01 2.651763895547385982e+04
2.757687235273609616e+01 3.311305990194625348e+00 3.276702252994423414e+00 2.990951893164808251e-01 2.637930895128146221e+04
2.765541224848202262e+01 3.323990915160734083e+00 3.289452771531605535e+00 3.006269988763419221e-01 2.653845662504322900e+04
2.773395214377820395e+01 3.322783863256238313e+00 3.299839850463824664e+00 3.042081596388100384e-01 2.623888738858579381e+04
2.781249203862845576e+01 3.317666999127092620e+00 3.293081971558145860e+00 3.060102178989074218e-01 2.625126104857294922e+04
2.789103193303654038e+01 3.315488476043916943e+00 3.292710150848441319e+00 3.090161232285285609e-01 2.624794441437991554e+04
2.796957182700618816e+01 3.341408407370618505e+00 3.311536316036371996e+00 3.100944953204841092e-01 2.608486070679898694e+04
2.804811172054107615e+01 3.343551879821075268e+00 3.323733502675537466e+00 3.134544672258267051e-01 2.588979321953869658e+04
2.812665161364485655e+01 3.351660596525212199e+00 3.324408848319363674e+00 3.154919897320849209e-01 2.613919294035340135e+04
2.820519150632112115e+01 3.335112470741192325e+00 3.306906518517283455e+00 3.152245409252197317e-01 2.574976733588942443e+04
2.828373139857343332e+01 3.318251185112893076e+00 3.296649533112250285e+00 3.186323085977963987e-01 2.548903834618941255e+04
2.836227129040531736e+01 3.339531238565069948e+00 3.323240219932876993e+00 3.221478126811754272e-01 2.557136684678242091e+04
2.844081118182025847e+01 3.339573278106015675e+00 3.325424200571849287e+00 3.240217184985135224e-01 2.532320405346127882e+04
2.851935107282169923e+01 3.310074261678643381e+00 3.290795347676263916e+00 3.252208211225778856e-01 2.522922313066471179e+04
2.859789096341304315e+01 3.356096005494295209e+00 3.333550002035409854e+00 3.279202348335684691e-01 2.519556730662270638e+04
2.867643085359765820e+01 3.331744101289575433e+00 3.309506636640795030e+00 3.303730098806952897e-01 2.485293725877217366e+04
2.875497074337888392e+01 3.313001488176723797e+00 3.299633326095193553e+00 3.325186225802005957e-01 2.477658858978800345e+04
2.883351063276001369e+01 3.331487481250573701e+00 3.309632484574006828e+00 3.364396172824652420e-01 2.478903792921797867e+04
2.891205052174430890e+01 3.315685012890689620e+00 3.302301364969646880e+00 3.371394447564869945e-01 2.458828475117808557e+04
2.899059041033499184e+01 3.321550084926577551e+00 3.308546846928521301e+00 3.396182624035333220e-01 2.458482699384603256e+04
2.906913029853525643e+01 3.331589830504311678e+00 3.313411024826887541e+00 3.399997710132143802e-01 2.460348657766821634e+04
2.914767018634825746e+01 3.336012000910012265e+00 3.337816935343048463e+00 3.462531431268878190e-01 2.438584113108570818e+04
2.922621007377712132e+01 3.324483060740808238e+00 3.339779513220345830e+00 3.453033595482509210e-01 2.426397248740244322e+04
2.930474996082492822e+01 3.331508916172340573e+00 3.332448659881842357e+00 3.489081101423777698e-01 2.422946548099946449e+04
2.938328984749474060e+01 3.347410882286396383e+00 3.357994757979714251e+00 3.509433899874581653e-01 2.416068963734697900e+04
2.946182973378957826e+01 3.352373139199368968e+00 3.356521113988113036e+00 3.543161728170295954e-01 2.410201675780997175e+04
2.954036961971243258e+01 3.364167425234802611e+00 3.366671795622244279e+00 3.576924969598487269e-01 2.399238986178764389e+04
2.961890950526625943e+01 3.353896519166793322e+00 3.358090857735372303e+00 3.587881243162007183e-01 2.420466825100444839e+04
2.969744939045398979e+01 3.382777107915250880e+00 3.388514257228532944e+00 3.634974706202087069e-01 2.400678470157268021e+04
2.977598927527852268e+01 3.377142932373937700e+00 3.356735244694909692e+00 3.655323408023064546e-01 2.399312455614498322e+04
2.985452915974272159e+01 3.378361412189312851e+00 3.388252105389417679e+00 3.692081907946921371e-01 2.388781211409832395e+04
2.993306904384942868e+01 3.408738947754031301e+00 3.412132224145135506e+00 3.710201918737700555e-01 2.387865993085654918e+04
3.001160892760143994e+01 3.384234237112166976e+00 3.396981046677733485e+00 3.719178852233883670e-01 2.382604232006154416e+04
3.009014881100154071e+01 3.405385832401444990e+00 3.419573320336692035e+00 3.768600078352965510e-01 2.390027351665094830e+04
3.016868869405248077e+01 3.397587696951653413e+00 3.401786075451326052e+00 3.806624040761308891e-01 2.365795886274269651e+04
3.024722857675697441e+01 3.451249493706832538e+00 3.462472097863587450e+00 3.802418403232614152e-01 2.378778175287328486e+04
3.032576845911771457e+01 3.412416037237449018e+00 3.428510053378357902e+00 3.868831185491816149e-01 2.365096937017713572e+04
3.040430834113736580e+01 3.428967447340138364e+00 3.465662321154872050e+00 3.912867817576720086e-01 2.388774812698606547e+04
3.048284822281856421e+01 3.418633641952903091e+00 3.438482540254613529e+00 3.934717374281099800e-01 2.351845858823822709e+04
3.056138810416392460e+01 3.450554350245679469e+00 3.473941854320528044e+00 3.957511473445981531e-01 2.349335093254671665e+04
3.063992798517602267e+01 3.443178900775053286e+00 3.460772081256989541e+00 3.977393654838154435e-01 2.377967141642186107e+04
3.071846786585741640e+01 3.466514507759448804e+00 3.483663112586885546e+00 3.998513348815040391e-01 2.373264847003310206e+04
3.079700774621063886e+01 3.422515223102342130e+00 3.436821030247476205e+00 4.062556179980958415e-01 2.341707841582357287e+04
3.087554762623818760e+01 3.495218067002544338e+00 3.512536908907696098e+00 4.071573302785443937e-01 2.339760334916523425e+04
3.095408750594254599e+01 3.501873825506929716e+00 3.516273129626872329e+00 4.104841800569539734e-01 2.345200606312902892e+04
3.103262738532617249e+01 3.493504953776440214e+00 3.499652115460939683e+00 4.141617119057132701e-01 2.357635879172653586e+04
3.111116726439149005e+01 3.526043417916390865e+00 3.558312604347359187e+00 4.193166214514523205e-01 2.374676355064509698e+04
3.118970714314090387e+01 3.556931802182504931e+00 3.564108064373309404e+00 4.201401665331999657e-01 2.352755468651919364e+04
3.126824702157679781e+01 3.544232925378544063e+00 3.562136690161040953e+00 4.207019263767246553e-01 2.367025294144052532e+04
3.134678689970152377e+01 3.560946791389622668e+00 3.558909145442410438e+00 4.226377721949192146e-01 2.339166473736221451e+04
3.142532677751741588e+01 3.594382040584874094e+00 3.617432564606598788e+00 4.278616512890980883e-01 2.350011461327960569e+04
3.150386665502678696e+01 3.584410888622178160e+00 3.601590247463469563e+00 4.317988914032001579e-01 2.389519462422034485e+04
3.158240653223192140e+01 3.618177321185772843e+00 3.643377272609161999e+00 4.289640283945389543e-01 2.379783638531912220e+04
3.166094640913508229e+01 3.639144994903150909e+00 3.633189315432019395e+00 4.357178975374377816e-01 2.384650955579597940e+04
3.173948628573851494e+01 3.603769066487041872e+00 3.647110235834840619e+00 4.334782392420022390e-01 2.387819763605777189e+04
3.181802616204443623e+01 3.604156692003809503e+00 3.636335792258797994e+00 4.438577368996455275e-01 2.363755770989813755e+04
3.189656603805504531e+01 3.606573263585274969e+00 3.688928715134633940e+00 4.417109792297827520e-01 2.375058778860620077e+04
3.197510591377251998e+01 3.707556825141123724e+00 3.720382961936510746e+00 4.445754911232514539e-01 2.383098445859803905e+04
3.205364578919900964e+01 3.688685828543011969e+00 3.727585723927465899e+00 4.494117163858870057e-01 2.372004999802034581e+04
3.213218566433665302e+01 3.704716164123925903e+00 3.717100276653179769e+00 4.524775058877600342e-01 2.385952518462096123e+04
3.221072553918755688e+01 3.684103036761388061e+00 3.723439866339521842e+00 4.492974164339291199e-01 2.404347781845373902e+04
3.228926541375382442e+01 3.705947189470348402e+00 3.793121959682868916e+00 4.531051258216972633e-01 2.453729511649400229e+04
3.236780528803751622e+01 3.717943664622895383e+00 3.747440069088407544e+00 4.606809581819408805e-01 2.400093970456784882e+04
3.244634516204068575e+01 3.719001595617829725e+00 3.764333736618594273e+00 4.637181045362716580e-01 2.368570542229004059e+04
3.252488503576537227e+01 3.734544622946929238e+00 3.783870158652237414e+00 4.531654269476429464e-01 2.433866080369395058e+04
3.260342490921358660e+01 3.735481327246545469e+00 3.790207891184838473e+00 4.653830471330600571e-01 2.450203691829032323e+04
3.268196478238731828e+01 3.801188086317790926e+00 3.830078498942218967e+00 4.716198710230997126e-01 2.420319607617507427e+04
3.276050465528854261e+01 3.809100377030314455e+00 3.855051732105209794e+00 4.784258222881158651e-01 2.437797662911999578e+04
3.283904452791921358e+01 3.833234245585232181e+00 3.897973024667755304e+00 4.599181563161311992e-01 2.424379896589626151e+04
3.291758440028127097e+01 3.737945470159215411e+00 3.795533942555291862e+00 4.767199516306799834e-01 2.426085227051822949e+04
3.299612427237663326e+01 3.742135984820337491e+00 3.814097880119080575e+00 4.796086879346068699e-01 2.474727699146109444e+04
3.307466414420719758e+01 3.907710276559917428e+00 3.925807888556219982e+00 4.854994449701182102e-01 2.488522041522877043e+04
3.315320401577483977e+01 3.807746338227925076e+00 3.824673322023883326e+00 4.931664756429789964e-01 2.515074150528388418e+04
3.323174388708143567e+01 3.781002460491652339e+00 3.789087048361732712e+00 4.896361239129122245e-01 2.461732417789610190e+04
3.331028375812883269e+01 3.804408279049984909e+00 3.884648669974553048e+00 4.953700875837192541e-01 2.440119513026659479e+04
3.338882362891884981e+01 3.886101867903204887e+00 3.882584622510838024e+00 4.890360725252584362e-01 2.503145115458845248e+04
3.346736349945329891e+01 4.063828445647925669e+00 4.186542176126331505e+00 4.865335624698716721e-01 2.514867533584832927e+04
3.354590336973399189e+01 3.953088671279762156e+00 4.070799820395667901e+00 4.921480872484976232e-01 2.528317617553771197e+04
3.362444323976268379e+01 3.959729176796793038e+00 4.003033773076563051e+00 4.977282145452732731e-01 2.510843868337843014e+04
3.370298310954115806e+01 3.947009012913345938e+00 3.957965806232432993e+00 5.209105996268109662e-01 2.476753825943349875e+04
3.378152297907114132e+01 3.961285679358509615e+00 4.073762963527595815e+00 5.258391128948820548e-01 2.608288661915409102e+04
3.386006284835436730e+01 3.961614820486023980e+00 4.121166220038038119e+00 5.050099008485867680e-01 2.487019295525958660e+04
3.393860271739255552e+01 3.878850211203848097e+00 3.980479949599100564e+00 4.938549037920662022e-01 2.429926257887552129e+04
3.401714258618739706e+01 3.922152593642818097e+00 4.063799935864648383e+00 5.025166939485562478e-01 2.726447072140183082e+04
3.409568245474058301e+01 4.063859240602927692e+00 4.288779891143083667e+00 5.301425764841141142e-01 2.640347248039913029e+04
3.417422232305376895e+01 3.859451891266751478e+00 3.962081711966931152e+00 5.095625706696436108e-01 2.487744601416535443e+04
3.425276219112861043e+01 4.006562027630402589e+00 4.068081032129202690e+00 5.221094399215759907e-01 2.597626251013018191e+04
3.433130205896674880e+01 3.738366760268770239e+00 4.053403817878610482e+00 5.301819909971411393e-01 2.758830778343070051e+04
3.440984192656979701e+01 3.884479052957562129e+00 4.029907237798043163e+00 4.928799741823872149e-01 2.714255359462853448e+04
3.448838179393936088e+01 3.917016107444161843e+00 3.974855660277183400e+00 5.196805390882653919e-01 2.552845897697235705e+04
3.456692166107702491e+01 3.791858270774219886e+00 3.844894156339412561e+00 5.461647256663503258e-01 2.201152050769269408e+04
3.464546152798438072e+01 4.811303706353365683e+00 4.548306344138453916e+00 5.219429136366648958e-01 2.288702038400025776e+04
3.472400139466299152e+01 3.577386185066219415e+00 3.228134765477277845e+00 5.546593883726769203e-01 3.082672571750688439e+04
