# 0.9998 0.9998
7.871241428633635184e-02 3.141698422476930670e-03 3.151069542183410847e-03 5.717431745117103207e-08 5.710906828264484147e+02
1.618072713909662341e-01 9.599013687503970410e-03 9.590962368954771000e-03 3.969825963340185412e-07 2.271955720918876068e+03
2.418771330418761079e-01 2.588287448889329406e-02 2.583801586763322805e-02 9.554576613620312448e-07 3.110508063555173521e+03
3.211923215201240578e-01 3.562646006821870021e-02 3.562418190497942949e-02 1.744447357297633959e-06 6.103184936842900242e+03
4.002017901256537113e-01 3.776373620422884825e-02 3.770827676034504278e-02 2.939119627725820938e-06 8.575524496510517565e+03
4.790568272527075955e-01 5.131200310758959188e-02 5.128474960508043468e-02 6.257094574986544988e-06 8.468438291074464360e+03
5.578229290343351687e-01 5.684877818728884674e-02 5.675521544049593609e-02 9.799849638867251232e-06 1.211825326384926848e+04
6.365331115321660738e-01 6.929199618028532293e-02 6.920957257144763619e-02 1.471346902437626062e-05 1.299647562016968186e+04
7.152058371535838788e-01 6.442895254180525111e-02 6.431149708095440509e-02 2.054481677235762881e-05 1.474591987307605814e+04
7.938522421846891941e-01 7.538955645266769146e-02 7.527539543563539770e-02 2.461040958739552461e-05 1.565913634434195592e+04
8.724794443688169698e-01 8.495837793303211150e-02 8.465289726565883299e-02 3.313201847838359164e-05 1.657973727744624921e+04
9.510922062407737299e-01 8.917109218231526746e-02 8.891571973131506823e-02 4.050209859401852832e-05 1.805307528462954724e+04
1.029693835175838679e+00 1.018658166849106123e-01 1.011927536332793004e-01 5.483229213098068732e-05 1.830591390015436627e+04
1.108286699878543891e+00 1.138610147219538543e-01 1.130899263081803774e-01 6.578329983927878898e-05 1.869053355509434550e+04
1.186872541411916560e+00 1.118115923292171132e-01 1.108780400307057545e-01 7.941692871409084681e-05 1.986989861649601880e+04
1.265452668213572940e+00 1.298962717328469296e-01 1.289007998521096710e-01 9.818451853252398707e-05 2.111928614140878562e+04
1.344028082638708543e+00 1.335732162375670162e-01 1.325380421683108878e-01 1.142215037115286674e-04 2.288304225291969487e+04
1.422599565533279709e+00 1.447649652194602510e-01 1.435483301026467817e-01 1.381901342089084485e-04 2.256029821092746715e+04
1.501167734229200246e+00 1.559006701509995374e-01 1.545100170493679537e-01 1.582960487420964223e-04 2.384977148861566093e+04
1.579733083222462531e+00 1.606879149176416999e-01 1.590891949644715475e-01 1.778281091095576982e-04 2.532540981604124681e+04
1.658296013281593151e+00 1.692714657311787940e-01 1.674083697898122447e-01 2.004218760293848814e-04 2.568204168633952941e+04
1.736856852652245875e+00 1.804866633357975203e-01 1.785586310098191687e-01 2.322081190434721794e-04 2.551769106473358261e+04
1.815415872753641580e+00 1.911813668111154996e-01 1.887282864543000371e-01 2.658423515844709757e-04 2.702255323757830047e+04
1.893973299967037560e+00 2.010875814484769097e-01 1.985567975426222320e-01 2.971512122948137286e-04 2.723197541097778958e+04
1.972529324606241641e+00 2.095742192500066325e-01 2.069011305960497538e-01 3.285459686290067758e-04 2.852857001402175592e+04
2.051084107826015579e+00 2.180464148967091176e-01 2.147306361629837956e-01 3.731733230361195821e-04 2.931269100633583366e+04
2.129637787001040561e+00 2.377798172064883031e-01 2.341971603820069414e-01 3.940421719494189429e-04 3.023628516273159403e+04
2.208190479956450680e+00 2.430981049124792959e-01 2.389055034991280080e-01 4.546136202729269128e-04 3.065488795927792307e+04
2.286742288326184092e+00 2.524756699297722173e-01 2.482542406105361366e-01 4.962838368270219890e-04 3.077554644265520255e+04
2.365293300241981811e+00 2.543596578855236157e-01 2.501753895922164683e-01 5.440078149250485553e-04 3.138685871492513979e+04
2.443843592503681883e+00 2.709070107985540599e-01 2.663889257786491438e-01 6.012456604723818987e-04 3.257295063217640563e+04
2.522393232343909553e+00 2.839033520540114597e-01 2.791603453988861228e-01 6.357998633163292751e-04 3.284675315557511931e+04
2.600942278872942381e+00 2.935279391934207394e-01 2.880859976200958461e-01 7.144736689200392342e-04 3.404418066049824120e+04
2.679490784269383141e+00 3.056264614752162712e-01 3.001958134115760291e-01 7.629009034282531639e-04 3.355605991505530255e+04
2.758038794767343038e+00 3.168943100536857349e-01 3.107565512134977115e-01 8.225198476238852145e-04 3.466319747842704237e+04
2.836586351479573942e+00 3.333380609712697229e-01 3.271833051273360105e-01 9.128954450652656139e-04 3.570811748469781014e+04
2.915133491087511963e+00 3.391525896349462110e-01 3.322726445024321018e-01 9.725648810529624469e-04 3.562854519284470007e+04
2.993680246422668834e+00 3.531727763991997504e-01 3.459302629229790704e-01 1.034056062389565730e-03 3.545767408797358075e+04
3.072226646958827967e+00 3.690525525855024580e-01 3.609724843499839131e-01 1.146766501893402290e-03 3.661672090106962423e+04
3.150772719230606977e+00 3.695172950446318771e-01 3.615794052042534124e-01 1.186087784698588391e-03 3.664003969667335332e+04
3.229318487190934395e+00 3.826718051084060934e-01 3.744773609813554227e-01 1.275101926599693731e-03 3.741478762606243981e+04
3.307863972517584905e+00 3.987097477999851924e-01 3.894774156835580370e-01 1.383622146604990234e-03 3.761814289503672626e+04
3.386409194877053608e+00 4.094811213809315675e-01 3.995430895248216485e-01 1.486673370059429268e-03 3.888873478556138434e+04
3.464954172152534095e+00 4.189000593662576266e-01 4.090266775204402516e-01 1.540895484029421170e-03 3.856646284565337555e+04
3.543498920641575456e+00 4.376881839819470876e-01 4.270039068502282653e-01 1.663885551627221696e-03 3.952405473063156387e+04
3.622043455228019404e+00 4.409487799200306757e-01 4.302835589503035685e-01 1.777756462657875463e-03 3.934700442269758059e+04
3.700587789532037597e+00 4.622151789803814470e-01 4.504171008293005318e-01 1.860094675142400606e-03 3.991562084840803436e+04
3.779131936041457696e+00 4.659237241347253256e-01 4.541042261564895433e-01 2.000511753632597690e-03 4.065056062279051548e+04
3.857675906227046259e+00 4.767384157334480510e-01 4.642760513613768958e-01 2.137208817306840078e-03 4.109990701708397683e+04
3.936219710643986680e+00 4.956260701054373552e-01 4.824600749205985029e-01 2.227459684430158592e-03 4.157022774983145064e+04
4.014763359021444877e+00 5.061444502080528762e-01 4.927090025645324278e-01 2.359119311241284715e-03 4.093675761457311455e+04
4.093306860341824560e+00 5.192374348514762206e-01 5.053671481748214234e-01 2.481310256181688736e-03 4.184135502580393222e+04
4.171850222911064776e+00 5.333293444811650907e-01 5.189706484741497539e-01 2.619477148183228972e-03 4.264267282274793979e+04
4.250393454421145911e+00 5.412980197413113093e-01 5.264044537501937349e-01 2.742561666580913427e-03 4.237630434576623520e+04
4.328936562005788247e+00 5.494544405334451653e-01 5.346214084389638854e-01 2.843030431762470257e-03 4.316337015361567319e+04
4.407479552290201497e+00 5.706748112231955217e-01 5.545430550402261627e-01 3.031182885768925108e-03 4.294186833750332880e+04
4.486022431435594982e+00 5.796476660337294140e-01 5.627118729262556851e-01 3.176067955458733265e-03 4.388740122901290306e+04
4.564565205179107465e+00 6.015989828325645217e-01 5.837881623094129946e-01 3.303467373508270355e-03 4.408808641301970783e+04
4.643107878869670024e+00 6.035224955105158440e-01 5.852085110165700099e-01 3.491342191579460338e-03 4.443824680283435009e+04
4.721650457500300213e+00 6.150239097879246497e-01 5.968510068909227417e-01 3.652125610800033804e-03 4.453569528131651896e+04
4.800192945737217443e+00 6.384733502506274583e-01 6.194703807277790464e-01 3.818772339750034321e-03 4.481184101886111603e+04
4.878735347946150824e+00 6.423544685270318189e-01 6.224672080486033376e-01 4.015601125809294125e-03 4.553779835689462925e+04
4.957277668216146793e+00 6.624543219846135145e-01 6.420464979112066040e-01 4.204254140829049961e-03 4.540251429267289495e+04
5.035819910381144737e+00 6.748886650208991700e-01 6.542878972569067253e-01 4.356834153683451782e-03 4.513771800039446680e+04
5.114362078039562221e+00 6.897650748013530730e-01 6.679633473607510252e-01 4.563100057298124200e-03 4.612620040218908980e+04
5.192904174572115394e+00 6.924047089206765149e-01 6.693145053141416057e-01 4.774129382001958931e-03 4.635327976464189123e+04
5.271446203158030919e+00 7.092313362398591225e-01 6.852600485743030045e-01 4.962371757119788881e-03 4.653194946790129325e+04
5.349988166789838573e+00 7.193648239800624067e-01 6.958085536017645234e-01 5.152637532075150274e-03 4.703261548295449029e+04
5.428530068286878674e+00 7.478882243294628918e-01 7.230683367230016367e-01 5.350966812862873768e-03 4.704618526491564262e+04
5.507071910307648643e+00 7.532575833157857392e-01 7.266859081109221519e-01 5.575566270624485177e-03 4.716417523846211407e+04
5.585613695361120179e+00 7.721345724122118392e-01 7.465489725025101775e-01 5.806965491040089536e-03 4.781428693866750109e+04
5.664155425817094525e+00 7.851583855496269138e-01 7.582672784506448993e-01 6.030145201520161445e-03 4.783968142779673508e+04
5.742697103915729961e+00 7.940374669336480729e-01 7.664809997211629033e-01 6.231154515846870461e-03 4.770299066784128809e+04
5.821238731776284148e+00 8.051687000840965780e-01 7.769035487900529668e-01 6.535420202508319260e-03 4.806148837499072397e+04
5.899780311405160127e+00 8.220997463463880495e-01 7.940489927997826936e-01 6.750146498134151386e-03 4.852254988294929353e+04
5.978321844703323507e+00 8.339495456669286932e-01 8.046173841737216392e-01 6.959044703359477599e-03 4.898537664422816306e+04
6.056863333473133437e+00 8.508603644080763306e-01 8.201178272339502140e-01 7.157820849869231915e-03 4.926577153600015299e+04
6.135404779424661115e+00 8.703535748757473822e-01 8.389020647054939994e-01 7.444107421072210240e-03 4.926571761644872458e+04
6.213946184181517118e+00 8.776267244690476588e-01 8.464927232745335095e-01 7.670682936501129964e-03 4.940355288578886393e+04
6.292487549286247983e+00 9.005904193856982820e-01 8.682173594606918954e-01 7.961007472529892798e-03 4.979523826266643300e+04
6.371028876205335756e+00 9.033941145786851257e-01 8.712873286877110823e-01 8.201036038492755947e-03 4.972577414151672565e+04
6.449570166333828070e+00 9.127278498468585077e-01 8.781617471213687409e-01 8.555133504077640227e-03 4.986618221140915557e+04
6.528111420999634262e+00 9.341738208986264391e-01 8.987315400886091155e-01 8.994396388507177806e-03 4.964059857536518393e+04
6.606652641467518627e+00 9.469923894614287185e-01 9.101283443674735851e-01 9.178062390394267980e-03 4.992784146939987841e+04
6.685193828942805006e+00 9.678231607867426867e-01 9.303983203991990081e-01 9.426442823508048366e-03 4.990839400224555720e+04
6.763734984574836240e+00 9.667619923958918893e-01 9.292108321883544297e-01 9.774857530593011878e-03 5.002602056096620072e+04
6.842276109460177835e+00 9.940113926442221137e-01 9.544428947261187623e-01 1.013409738405612361e-02 5.028064207444062777e+04
6.920817204645620890e+00 1.006061433403726557e+00 9.664390317641046169e-01 1.034968426400186166e-02 5.081265582551217085e+04
6.999358271130968312e+00 1.022469037421990912e+00 9.816586395246745811e-01 1.079888143401281850e-02 5.109846353215793351e+04
7.077899309871646949e+00 1.037108893104030649e+00 9.971397266455128694e-01 1.099125702743541586e-02 5.081034520391002297e+04
7.156440321781138536e+00 1.048364730686746293e+00 1.008392232062716554e+00 1.132166434959235544e-02 5.051685773021903879e+04
7.234981307733260536e+00 1.072971818052353532e+00 1.032951081458434617e+00 1.175195172843455059e-02 5.117489999394285405e+04
7.313522268564292439e+00 1.074863348093951343e+00 1.031258247628069835e+00 1.208816280182245864e-02 5.109538662972766178e+04
7.392063205074973276e+00 1.089716752953406420e+00 1.046649044514921023e+00 1.244214522544066434e-02 5.104613438215476344e+04
7.470604118032365015e+00 1.104669070639765716e+00 1.061117138287546391e+00 1.282565516425617468e-02 5.129128425336548389e+04
7.549145008171610272e+00 1.107185008683915450e+00 1.063426660739753338e+00 1.309602250763539089e-02 5.168084276370230509e+04
7.627685876197570103e+00 1.127869626402513203e+00 1.083370228931084478e+00 1.352373608680690863e-02 5.164974879053443874e+04
7.706226722786373884e+00 1.148907929672342565e+00 1.101455817869457565e+00 1.399764473076802254e-02 5.149418328183094127e+04
7.784767548586863484e+00 1.150404860554436803e+00 1.104815394516634131e+00 1.436891097185604566e-02 5.124082875727875216e+04
7.863308354221953955e+00 1.174128805184222246e+00 1.126280778336858246e+00 1.476574484906371595e-02 5.186121784442052012e+04
7.941849140289923170e+00 1.189453604676219634e+00 1.141306853878428118e+00 1.519837718666897791e-02 5.129564736676146276e+04
8.020389907365611748e+00 1.203159371006142564e+00 1.154609853151933541e+00 1.567247401568576740e-02 5.214666303138791409e+04
8.098930656001561701e+00 1.214198984243080259e+00 1.165230946743925911e+00 1.598197830310129491e-02 5.191610612878861866e+04
8.177471386729090241e+00 1.230024549380976051e+00 1.178939467428697707e+00 1.652274523353479060e-02 5.176631044224613288e+04
8.256012100059292536e+00 1.248925065230962916e+00 1.195935604430330867e+00 1.680547506828473925e-02 5.211049166046464961e+04
8.334552796484000936e+00 1.252463623436414153e+00 1.200761524500553401e+00 1.713141845427584853e-02 5.189527733038529550e+04
8.413093476476680266e+00 1.271030362248454670e+00 1.217734325194490319e+00 1.748434574174448711e-02 5.177316841253363964e+04
8.491634140493276917e+00 1.291300061035797198e+00 1.237522364184454160e+00 1.804479329643278798e-02 5.190759037250042456e+04
8.570174788973028868e+00 1.293464062120762259e+00 1.239382409638130511e+00 1.857083588627661194e-02 5.188526130772611214e+04
8.648715422339215309e+00 1.306324339840015947e+00 1.252039601851360651e+00 1.891912357671245160e-02 5.208750423754868825e+04
8.727256040999876063e+00 1.322208555626670723e+00 1.266915330522843997e+00 1.937217392430936116e-02 5.157996557083565131e+04
8.805796645348495488e+00 1.338403086864312197e+00 1.282232813463356491e+00 1.989319898530153910e-02 5.170516665788204409e+04
8.884337235764643737e+00 1.346751874891733092e+00 1.288991342644600691e+00 2.029921123948641437e-02 5.179777860359193437e+04
8.962877812614589601e+00 1.363266908108783815e+00 1.304071530319047323e+00 2.070794094840543859e-02 5.237338552270369109e+04
9.041418376251867173e+00 1.377016401061942785e+00 1.318303299887004565e+00 2.123788380184668881e-02 5.224978555545742711e+04
9.119958927017840722e+00 1.383588165069292719e+00 1.324847575000068334e+00 2.179664265108858384e-02 5.233196475844684028e+04
9.198499465242209183e+00 1.406175671403781413e+00 1.346252629477679097e+00 2.227587936655859788e-02 5.198949841635638586e+04
9.277039991243508865e+00 1.417145565065832447e+00 1.355310440347253564e+00 2.271102766380472468e-02 5.165267880943723867e+04
9.355580505329580632e+00 1.436253625597931016e+00 1.374326150509555644e+00 2.336248982554705797e-02 5.202992569501049002e+04
9.434121007798012215e+00 1.442614448028103791e+00 1.381427976485837927e+00 2.373836275589664632e-02 5.219956110008176620e+04
9.512661498936562765e+00 1.467175789613556658e+00 1.404253735224598731e+00 2.430555420170307096e-02 5.214552722744893254e+04
9.591201979023569635e+00 1.469635798671351523e+00 1.405580563119345872e+00 2.495218745853614029e-02 5.197724380263521016e+04
9.669742448328321416e+00 1.484617448527986605e+00 1.420014888154612409e+00 2.531752255264534124e-02 5.182005047757431021e+04
9.748282907111432749e+00 1.505669014202284828e+00 1.439394691534129134e+00 2.587093625073406608e-02 5.186943596535592224e+04
9.826823355625185386e+00 1.509255569037586842e+00 1.444153352093891396e+00 2.642921598996606641e-02 5.149415945276173443e+04
9.905363794113858589e+00 1.520551791731688418e+00 1.452984912876436052e+00 2.702558586048204106e-02 5.183317289877729490e+04
9.983904222814045326e+00 1.530691806607172634e+00 1.461985408729784552e+00 2.758391073318484932e-02 5.140322544216952519e+04
1.006244464195495070e+01 1.549734470548619347e+00 1.483696785641432481e+00 2.810322843466646001e-02 5.149858574527622841e+04
1.014098505175868148e+01 1.551461409336990060e+00 1.484329922820133429e+00 2.870060153233633740e-02 5.148523177151791606e+04
1.021952545244051613e+01 1.574929880726493536e+00 1.506507835742550760e+00 2.927419781186176365e-02 5.163453202210350719e+04
1.029806584420916415e+01 1.593990967620204868e+00 1.524021001064375325e+00 2.992664331178028839e-02 5.124416547337381780e+04
1.037660622726701654e+01 1.594667955430555173e+00 1.526071326115832072e+00 3.049415484298341472e-02 5.140312341877848667e+04
1.045514660181038380e+01 1.610828384168490501e+00 1.539226178233374709e+00 3.111837797985299303e-02 5.117114838852552202e+04
1.053368696802971982e+01 1.624322726616804324e+00 1.553567057901944048e+00 3.175347365795563176e-02 5.138767837451835658e+04
1.061222732610984210e+01 1.636467503251502142e+00 1.564259206849274442e+00 3.246431516424707481e-02 5.131336319251524401e+04
1.069076767623013779e+01 1.648165023538309404e+00 1.575348787305406617e+00 3.302536884959149377e-02 5.110305442423667409e+04
1.076930801856475739e+01 1.663391022037513878e+00 1.589594937006079567e+00 3.372902311237298278e-02 5.109996900188900327e+04
1.084784835328281005e+01 1.675447432642445111e+00 1.600887615714754686e+00 3.436345212418452644e-02 5.101843124968210759e+04
1.092638868054854306e+01 1.694323004411754319e+00 1.619491256263321244e+00 3.499265811305244528e-02 5.093033540040825756e+04
1.100492900052151413e+01 1.706565601182317371e+00 1.632832259173161438e+00 3.558879162255074169e-02 5.082826705140456761e+04
1.108346931335675833e+01 1.717254119411734115e+00 1.643149146206853040e+00 3.618064251580838803e-02 5.032119416606498999e+04
1.116200961920494805e+01 1.729374047656427216e+00 1.654641569811088342e+00 3.692798469579684773e-02 5.053985706541871332e+04
1.124054991821254212e+01 1.728374747515329046e+00 1.651862337262840930e+00 3.758688742208936284e-02 5.051654073136603256e+04
1.131909021052193687e+01 1.736862960137680156e+00 1.660170275741355006e+00 3.840560680869669480e-02 5.032937180828435521e+04
1.139763049627160285e+01 1.749813698767731074e+00 1.671009695140680762e+00 3.909472816377499577e-02 5.012543075005574065e+04
1.147617077559622167e+01 1.767512167821708946e+00 1.689614027310913036e+00 3.978781195401320109e-02 5.014544481702786288e+04
1.155471104862680853e+01 1.786452535269392961e+00 1.706749077088911548e+00 4.060544659522080657e-02 4.996383736130920443e+04
1.163325131549084368e+01 1.802735762091786542e+00 1.722137510031397811e+00 4.133028339238511983e-02 5.005697109631943022e+04
1.171179157631238787e+01 1.799315513193006533e+00 1.719927518193345772e+00 4.192498531741987999e-02 4.979163094402895513e+04
1.179033183121219608e+01 1.819175045521399969e+00 1.738502987512927644e+00 4.282542640576988274e-02 4.954755406188608322e+04
1.186887208030782759e+01 1.832565326769273639e+00 1.750568492476965776e+00 4.350197356487734562e-02 4.941416835428121703e+04
1.194741232371374728e+01 1.839349859320734470e+00 1.759020761546772782e+00 4.444630206620755336e-02 4.946420054672747210e+04
1.202595256154143222e+01 1.843632242691592982e+00 1.763936055892819654e+00 4.509090786687489777e-02 4.925516232305012090e+04
1.210449279389946753e+01 1.852897389428954877e+00 1.771208456579741020e+00 4.573567189940783151e-02 4.902814841777854599e+04
1.218303302089363527e+01 1.862308819593248010e+00 1.780411551736493347e+00 4.665840435267545189e-02 4.904866722675162600e+04
1.226157324262700676e+01 1.873690283119065381e+00 1.792345633561718499e+00 4.748651701200117675e-02 4.918395382940008130e+04
1.234011345920003322e+01 1.890572965321886789e+00 1.807887022611013084e+00 4.828117823795489982e-02 4.883296125183251570e+04
1.241865367071062565e+01 1.893977700266103126e+00 1.812535337854732642e+00 4.926213327919505558e-02 4.852896967755691730e+04
1.249719387725422415e+01 1.912963738133885983e+00 1.829651592627698387e+00 5.004642582921646488e-02 4.839464185531368275e+04
1.257573407892389383e+01 1.926117572020881408e+00 1.842555976236811999e+00 5.090086747811939372e-02 4.851781919732010283e+04
1.265427427581038877e+01 1.933474569267268128e+00 1.848730142954454703e+00 5.177089266513767302e-02 4.826443046656947990e+04
1.273281446800221772e+01 1.940360881681702176e+00 1.855652338710199967e+00 5.251056846904572639e-02 4.794866094394643005e+04
1.281135465558572584e+01 1.958877317433751930e+00 1.875926516771263985e+00 5.345033815494356494e-02 4.802663881550770748e+04
1.288989483864514796e+01 1.969678342869285448e+00 1.883641283362555097e+00 5.430447848264678690e-02 4.767763316262893932e+04
1.296843501726268322e+01 1.980817496682802270e+00 1.897599634573351457e+00 5.532076829226373338e-02 4.776273968430438254e+04
1.304697519151855190e+01 1.983269964885039593e+00 1.897697290449106067e+00 5.606130903879436717e-02 4.764799998910253635e+04
1.312551536149104692e+01 1.993283191166862256e+00 1.907862034804582718e+00 5.714364754105721173e-02 4.747168658732043696e+04
1.320405552725660492e+01 2.004605158283020661e+00 1.918913618337878102e+00 5.796953151017806422e-02 4.703724753922066884e+04
1.328259568888985243e+01 2.019412500631252882e+00 1.930764490971607961e+00 5.893203241075932464e-02 4.694049173982443608e+04
1.336113584646366270e+01 2.033237777314095940e+00 1.944274763123060357e+00 5.996709382985047909e-02 4.683197323361904273e+04
1.343967600004920548e+01 2.034818977196624523e+00 1.946969714047767086e+00 6.097873257614780385e-02 4.683250459830222826e+04
1.351821614971599317e+01 2.044073638534575910e+00 1.956401879913009401e+00 6.180154243873492437e-02 4.669277114128939138e+04
1.359675629553193588e+01 2.055902297014271962e+00 1.968512499971494245e+00 6.233544400963152848e-02 4.644666945570008102e+04
1.367529643756338231e+01 2.060892904065738662e+00 1.973882205488361574e+00 6.353684128582474944e-02 4.629612170306610642e+04
1.375383657587516595e+01 2.077990939598981068e+00 1.990434934593243277e+00 6.455956329341983047e-02 4.606072237890008546e+04
1.383237671053064766e+01 2.088253074356921424e+00 1.998492411396734836e+00 6.566817997835355802e-02 4.605348635628687043e+04
1.391091684159175834e+01 2.098518392652777731e+00 2.007891794182662171e+00 6.670466859393152370e-02 4.582102119496624073e+04
1.398945696911903269e+01 2.110503150878521250e+00 2.019124077596422762e+00 6.771253575904581656e-02 4.576906421904935996e+04
1.406799709317166069e+01 2.121168099436196108e+00 2.029399046592487377e+00 6.870458300126826290e-02 4.557267930514991167e+04
1.414653721380751428e+01 2.130410354758636160e+00 2.038986291436767129e+00 6.979335711169239176e-02 4.545622421394762932e+04
1.422507733108318817e+01 2.140616004891211510e+00 2.048118344357881870e+00 7.097562456529442343e-02 4.519287338714401994e+04
1.430361744505403543e+01 2.149098730754926301e+00 2.056291244835212417e+00 7.179484399236316094e-02 4.520617990018690034e+04
1.438215755577419586e+01 2.158645109919514748e+00 2.066138200742046127e+00 7.268477359681868588e-02 4.471183974547357502e+04
1.446069766329663686e+01 2.170532443088633467e+00 2.079565008353184474e+00 7.373979390023990832e-02 4.478014331411991589e+04
1.453923776767318010e+01 2.179894055772819250e+00 2.085750864811963812e+00 7.505809786169460873e-02 4.456144553197349887e+04
1.461777786895453346e+01 2.183985921820787546e+00 2.091529637697054245e+00 7.602188690576566765e-02 4.435018249170854688e+04
1.469631796719032302e+01 2.196589911923717331e+00 2.103059732439379825e+00 7.660123492167153492e-02 4.392857682707739878e+04
1.477485806242911437e+01 2.202150612154329501e+00 2.110032429603052151e+00 7.769824789257305520e-02 4.422341445656486758e+04
1.485339815471844993e+01 2.222435078792474705e+00 2.128554034739707390e+00 7.905363620169177097e-02 4.395562106813663559e+04
1.493193824410487203e+01 2.223068318343259797e+00 2.129963168465105028e+00 8.010153818230918155e-02 4.376805986755555205e+04
1.501047833063394421e+01 2.234327374729482507e+00 2.141684088511335737e+00 8.121661917187085467e-02 4.361961950667888595e+04
1.508901841435028857e+01 2.239619271315425042e+00 2.147717920705690009e+00 8.226267101505591040e-02 4.347337907239620836e+04
1.516755849529759992e+01 2.260730893953772025e+00 2.166918045741137000e+00 8.338272157605236545e-02 4.324085761068417196e+04
1.524609857351867070e+01 2.263328260352361898e+00 2.168929730165749081e+00 8.488883996159508893e-02 4.318096728434124088e+04
1.532463864905541762e+01 2.268977691895778914e+00 2.176243541614591326e+00 8.581494977142269109e-02 4.296508691301690851e+04
1.540317872194890292e+01 2.288873736079174659e+00 2.192948386253795956e+00 8.732840348979076239e-02 4.284454280855636171e+04
1.548171879223935399e+01 2.296204704363951521e+00 2.199292620281260380e+00 8.815744850506937458e-02 4.265792588068597979e+04
1.556025885996618996e+01 2.303082802426030362e+00 2.206917268201531446e+00 8.929603033839680903e-02 4.248980336352265294e+04
1.563879892516803238e+01 2.312891863825261574e+00 2.217164534303445400e+00 9.064005126550105096e-02 4.225470486611539673e+04
1.571733898788273187e+01 2.319291806561499136e+00 2.223256692007190338e+00 9.165543184175782565e-02 4.224172520388761041e+04
1.579587904814739119e+01 2.338247581476000647e+00 2.241827595738610679e+00 9.289801738201676484e-02 4.210831301898905804e+04
1.587441910599837769e+01 2.343364943184758964e+00 2.247324977853407013e+00 9.438222789309641536e-02 4.175538963635083928e+04
1.595295916147133575e+01 2.358394786475711324e+00 2.261109785022525465e+00 9.509675277436020757e-02 4.159409786305383022e+04
1.603149921460121874e+01 2.371892452998566991e+00 2.276323629225288858e+00 9.643458773650528948e-02 4.149774468998352677e+04
1.611003926542229436e+01 2.366918010496667613e+00 2.270363637678259217e+00 9.774662842951183095e-02 4.129550773890103301e+04
1.618857931396816596e+01 2.394447668320824452e+00 2.297180196878535252e+00 9.918360089595626428e-02 4.136768107524140942e+04
1.626711936027179561e+01 2.403662638033165599e+00 2.306530334103823243e+00 1.003309496551068741e-01 4.103372031402374705e+04
1.634565940436549525e+01 2.406952112418482059e+00 2.308302103117306103e+00 1.015564903627470261e-01 4.099576496667420724e+04
1.642419944628097639e+01 2.419512363347846140e+00 2.323342096415707658e+00 1.028842567035651717e-01 4.073711052715311962e+04
1.650273948604932883e+01 2.424950163480010357e+00 2.326946437663466316e+00 1.042024110487726751e-01 4.079017886857192934e+04
1.658127952370107394e+01 2.440293601758685149e+00 2.341527661208932187e+00 1.056369776083144613e-01 4.045459060293350194e+04
1.665981955926614333e+01 2.442779541863529857e+00 2.346468179428807144e+00 1.067983903231499304e-01 4.039762856565457332e+04
1.673835959277390728e+01 2.461566447076288355e+00 2.363583956280693954e+00 1.083450763472404432e-01 4.028487572455955524e+04
1.681689962425318896e+01 2.459853808499101735e+00 2.360646644045049314e+00 1.092802132993387770e-01 4.017955728355447354e+04
1.689543965373228218e+01 2.481424531465123540e+00 2.381527493240602311e+00 1.109915236977287584e-01 3.995411929580364813e+04
1.697397968123895495e+01 2.493851581110432480e+00 2.392769764442830738e+00 1.124006277748582361e-01 3.973424205939911917e+04
1.705251970680045304e+01 2.499319668534123018e+00 2.399495167995889133e+00 1.138098253967565060e-01 3.976409038040928863e+04
1.713105973044353902e+01 2.501763046357553755e+00 2.402376845182956799e+00 1.151145892645302621e-01 3.959820914601629920e+04
1.720959975219447102e+01 2.514647126772298069e+00 2.414096259740097228e+00 1.165760238107708402e-01 3.947269807130033587e+04
1.728813977207903463e+01 2.525603950017238475e+00 2.428050367635476992e+00 1.177963348218400153e-01 3.942520590594890382e+04
1.736667979012256424e+01 2.534168374653224642e+00 2.434626020341065900e+00 1.193739859132838810e-01 3.917980041354352579e+04
1.744521980634991110e+01 2.549500149093558932e+00 2.449424077040214254e+00 1.204247130854388115e-01 3.901431480896293942e+04
1.752375982078550365e+01 2.556910076740074533e+00 2.459113086542294990e+00 1.216904922436738284e-01 3.890004652934705518e+04
1.760229983345331917e+01 2.565147085664808646e+00 2.465112924176401155e+00 1.233409947114451344e-01 3.886306203175520932e+04
1.768083984437692635e+01 2.579239481996923544e+00 2.479694252512052444e+00 1.243645966358620097e-01 3.868195015565719223e+04
1.775937985357945692e+01 2.599191276656372285e+00 2.499107726265196394e+00 1.262643951176475876e-01 3.864223764874814515e+04
1.783791986108364824e+01 2.602689792442256511e+00 2.503347442326322447e+00 1.281307453278173747e-01 3.838274577192818106e+04
1.791645986691183268e+01 2.610423937717139431e+00 2.511821633544275567e+00 1.294411992730691574e-01 3.833994153677330178e+04
1.799499987108595889e+01 2.626725356116986543e+00 2.525095182140906669e+00 1.314594795718067866e-01 3.833038455964055174e+04
1.807353987362759185e+01 2.638591951977076633e+00 2.537082109732887503e+00 1.320977719455790345e-01 3.817986071064487624e+04
1.815207987455791638e+01 2.643817041088474706e+00 2.539333382679956674e+00 1.341679406087161186e-01 3.793698731748047430e+04
1.823061987389775851e+01 2.656590553324672754e+00 2.553069970879553008e+00 1.350938032282223700e-01 3.798567756863608520e+04
1.830915987166758541e+01 2.662628358164699005e+00 2.562179569874634577e+00 1.371450115728095887e-01 3.797284737118812336e+04
1.838769986788751964e+01 2.696250945051026360e+00 2.591170488104861835e+00 1.390162459692300956e-01 3.778590632627924788e+04
1.846623986257733563e+01 2.694866452237113297e+00 2.593286806288031876e+00 1.402551482693277507e-01 3.766144156895376364e+04
1.854477985575647381e+01 2.706929886487291714e+00 2.603069929430778640e+00 1.418980843457579855e-01 3.773345633505475416e+04
1.862331984744404423e+01 2.725977480901145000e+00 2.623063487816907458e+00 1.434274933178417144e-01 3.761418068345788924e+04
1.870185983765884075e+01 2.731119045787463229e+00 2.626386669142631636e+00 1.455993929895486316e-01 3.752392779476641590e+04
1.878039982641934458e+01 2.746258034207270438e+00 2.642252581142123358e+00 1.469385399000289194e-01 3.751483070253769984e+04
1.885893981374372075e+01 2.759078452044905649e+00 2.657591903503782937e+00 1.480620385239941605e-01 3.741633211560537893e+04
1.893747979964983941e+01 2.768115771156880456e+00 2.663999362131764581e+00 1.500114089544449247e-01 3.728299897994565981e+04
1.901601978415527228e+01 2.789751337040830670e+00 2.688165387622101221e+00 1.513675174336985285e-01 3.728180870580607734e+04
1.909455976727730331e+01 2.795947560075832339e+00 2.694873841348375265e+00 1.536756431122175970e-01 3.729545937191780104e+04
1.917309974903293579e+01 2.811085202739734612e+00 2.709386508637833035e+00 1.551321054302419178e-01 3.724913066572850221e+04
1.925163972943889235e+01 2.822634532221059533e+00 2.720073404978700093e+00 1.566730421572155862e-01 3.715091405243599002e+04
1.933017970851161849e+01 2.834927058652368714e+00 2.732563356706656510e+00 1.582452014822194053e-01 3.709152590372323903e+04
1.940871968626730748e+01 2.857903038666907314e+00 2.752807193417029286e+00 1.601151058998651899e-01 3.716325103622091410e+04
1.948725966272188259e+01 2.873708364416561079e+00 2.769034640511411016e+00 1.617500292441118037e-01 3.708315208596647426e+04
1.956579963789100773e+01 2.877303736326382477e+00 2.773984848583610940e+00 1.638238099363710787e-01 3.697662549269681040e+04
1.964433961179010524e+01 2.903530896311142140e+00 2.798432668509330146e+00 1.656776133140636653e-01 3.706006253181135253e+04
1.972287958443434519e+01 2.910775681486857280e+00 2.805402812307773885e+00 1.675521084386999704e-01 3.704114508188967011e+04
1.980141955583865965e+01 2.926389139958795127e+00 2.820594860052702657e+00 1.691936326291852422e-01 3.706503825129452161e+04
1.987995952601774619e+01 2.953959045073332845e+00 2.845794899308127235e+00 1.714508723498821552e-01 3.714799219900363096e+04
1.995849949498606790e+01 2.961747950179689504e+00 2.857840417791407628e+00 1.725536128897515731e-01 3.716673647832407732e+04
2.003703946275786052e+01 2.970280337047320973e+00 2.864755585464259013e+00 1.743922073996519995e-01 3.706399231095755385e+04
2.011557942934713950e+01 2.977091439443575016e+00 2.869475764394358031e+00 1.771123902448453469e-01 3.709522206110598927e+04
2.019411939476770712e+01 2.993667981510886200e+00 2.887372606698721977e+00 1.780586984656269967e-01 3.681217288033480145e+04
2.027265935903314542e+01 2.994490010291937399e+00 2.888307204545301321e+00 1.802096821014383399e-01 3.671717265344975021e+04
2.035119932215682326e+01 3.004773526060634747e+00 2.896781907545724621e+00 1.818742607470135719e-01 3.660634557869697164e+04
2.042973928415191054e+01 3.011739109174168316e+00 2.904713623920810672e+00 1.828368672875575196e-01 3.654565729127486702e+04
2.050827924503137467e+01 3.013320197147032697e+00 2.909212985947689845e+00 1.846590581740512604e-01 3.635750129695689247e+04
2.058681920480798766e+01 3.025613528072304881e+00 2.923301557830324526e+00 1.866314203620556555e-01 3.623915382392083120e+04
2.066535916349431901e+01 3.024564023435821092e+00 2.923211291482507246e+00 1.878342907000813689e-01 3.592871669949176430e+04
2.074389912110275347e+01 3.026877305847611943e+00 2.927823062749678851e+00 1.903763702883796427e-01 3.589617096420349117e+04
2.082243907764548752e+01 3.035161273123001990e+00 2.932415746045843985e+00 1.922004141166892555e-01 3.568698011429703911e+04
2.090097903313453642e+01 3.050836818716613053e+00 2.949017919449808289e+00 1.936468041412240382e-01 3.555628233583353722e+04
2.097951898758173783e+01 3.050393815537190356e+00 2.950069095024788535e+00 1.957101426497395436e-01 3.541603310519822844e+04
2.105805894099874109e+01 3.055911213785599490e+00 2.955268906204097323e+00 1.974616581768866008e-01 3.522475682876964856e+04
2.113659889339703568e+01 3.054295730693270539e+00 2.958693420669854746e+00 1.984366506817879516e-01 3.507934728018200985e+04
2.121513884478793344e+01 3.066663497135203809e+00 2.971038319979610431e+00 2.009887631043923706e-01 3.490260259297666926e+04
2.129367879518258277e+01 3.065934457529997381e+00 2.969557925433790935e+00 2.028979560836324803e-01 3.475931638234394632e+04
2.137221874459196869e+01 3.078511197676764066e+00 2.980566589651351794e+00 2.043010462542603489e-01 3.459265052151103009e+04
2.145075869302691274e+01 3.075599258973553685e+00 2.976863250019836205e+00 2.066523747123848731e-01 3.448323145403308445e+04
2.152929864049807307e+01 3.085587572975847515e+00 2.991723971298236417e+00 2.077247144765620168e-01 3.426516498414678790e+04
2.160783858701596571e+01 3.083349134758679888e+00 2.993228718638600405e+00 2.109063362745889625e-01 3.433066449908375944e+04
2.168637853259094683e+01 3.095085999569103130e+00 3.004359157463632357e+00 2.122404363200946498e-01 3.407964928926458379e+04
2.176491847723321982e+01 3.108719962768361267e+00 3.011421737102249363e+00 2.144772585517207841e-01 3.393269062935202965e+04
2.184345842095285306e+01 3.104787189164714079e+00 3.012606969783418798e+00 2.159499408857314395e-01 3.375590277194727969e+04
2.192199836375975508e+01 3.109689307138479464e+00 3.021372563590064342e+00 2.182015314475575229e-01 3.369868328120567458e+04
2.200053830566371005e+01 3.118643942496818422e+00 3.027881391896429353e+00 2.201726163607765907e-01 3.358976367601769016e+04
2.207907824667434582e+01 3.113020401651056979e+00 3.024009122636758029e+00 2.209579008552939872e-01 3.342168415168764477e+04
2.215761818680116590e+01 3.130448404562172993e+00 3.037583818812690239e+00 2.244736244249289914e-01 3.336476051061733597e+04
2.223615812605353526e+01 3.136012128856458858e+00 3.048791947451078066e+00 2.251600946915110757e-01 3.317840755273594550e+04
2.231469806444068738e+01 3.133485279363315001e+00 3.043194717304266383e+00 2.273513236824327433e-01 3.305134877551241516e+04
2.239323800197172432e+01 3.142684030004324391e+00 3.051223026126043791e+00 2.289536310910718353e-01 3.301763068253071106e+04
2.247177793865562023e+01 3.151404025863314473e+00 3.063296619672925658e+00 2.314687322692586535e-01 3.277972398588600481e+04
2.255031787450123204e+01 3.157869919701953076e+00 3.071835095727665887e+00 2.332795659180686709e-01 3.271047705947553550e+04
2.262885780951728165e+01 3.160887034092398462e+00 3.070679490103061848e+00 2.352710804886862517e-01 3.252906635133345844e+04
2.270739774371238440e+01 3.169328178574229327e+00 3.084584064605603970e+00 2.375790901744625760e-01 3.240756514936597523e+04
2.278593767709502771e+01 3.175386825594457285e+00 3.087086006928696502e+00 2.391278612114601521e-01 3.234150319121766006e+04
2.286447760967358178e+01 3.170776294380391658e+00 3.088179643181260037e+00 2.411500261187261573e-01 3.218348448094896594e+04
2.294301754145629957e+01 3.184216780329251595e+00 3.100668068026395829e+00 2.428904321107253628e-01 3.204828375956462332e+04
2.302155747245133455e+01 3.189734786736144301e+00 3.104548709504871162e+00 2.450725263535024900e-01 3.194985503887246523e+04
2.310009740266672296e+01 3.194517838829855627e+00 3.106907049254544084e+00 2.470203952653472201e-01 3.199671871488902616e+04
2.317863733211038380e+01 3.203836036848757729e+00 3.119799255497909041e+00 2.493885794951826440e-01 3.173681347243500568e+04
2.325717726079013303e+01 3.206834468951604400e+00 3.122772351965097837e+00 2.514143525927027278e-01 3.170387654277066031e+04
2.333571718871368716e+01 3.207338160209558531e+00 3.122920113738215875e+00 2.532981488063886233e-01 3.149463953284618037e+04
2.341425711588865965e+01 3.207791576018674817e+00 3.125287210718538766e+00 2.567834281317561418e-01 3.120546121802868947e+04
2.349279704232255384e+01 3.230314757584229923e+00 3.148501698511575686e+00 2.586475276007121904e-01 3.134601934592603720e+04
2.357133696802278067e+01 3.237992820313924991e+00 3.153471254962227022e+00 2.600353188536824178e-01 3.118605648530779945e+04
2.364987689299664453e+01 3.233627225322763810e+00 3.153886006113626905e+00 2.623534607587574286e-01 3.113464078537953537e+04
2.372841681725136453e+01 3.246429765062913475e+00 3.167082417335911781e+00 2.646301290232729864e-01 3.110462014510730660e+04
2.380695674079405322e+01 3.251332575832646565e+00 3.168786388378238339e+00 2.679711875365107243e-01 3.088158072560068103e+04
2.388549666363174140e+01 3.255347384120188536e+00 3.176449448973750922e+00 2.692503524763257272e-01 3.089871178998631876e+04
2.396403658577134976e+01 3.256702198639517043e+00 3.177681295387987159e+00 2.718977392006452498e-01 3.079058072916927267e+04
2.404257650721972439e+01 3.274737257146034697e+00 3.196227626806708688e+00 2.743551134219347487e-01 3.053304827414815009e+04
2.412111642798362254e+01 3.274052838380201891e+00 3.198725729344547908e+00 2.758038467551972572e-01 3.059517680404561906e+04
2.419965634806970556e+01 3.287452259001122368e+00 3.210170289363731388e+00 2.781076696535639270e-01 3.030967132776440121e+04
2.427819626748454596e+01 3.295058143119275140e+00 3.223411711529062806e+00 2.811660151028185783e-01 3.040464868833206492e+04
2.435673618623464520e+01 3.301017720332851901e+00 3.225360355729688155e+00 2.845962227558128665e-01 3.025713411933461612e+04
2.443527610432640529e+01 3.303212451610711753e+00 3.230951866153744412e+00 2.859150630017542327e-01 3.030072516944606468e+04
2.451381602176616425e+01 3.315724107681115473e+00 3.244268014999624583e+00 2.880347208493000966e-01 3.016320304582911194e+04
2.459235593856016067e+01 3.321726013906146857e+00 3.248123041467393168e+00 2.910465711843913672e-01 3.010525825264563173e+04
2.467089585471456203e+01 3.326566896397920470e+00 3.253263125180701376e+00 2.935930602265698908e-01 2.993318844445340437e+04
2.474943577023546126e+01 3.340765765217843963e+00 3.268538338994788628e+00 2.968860537093483409e-01 2.994993712515530569e+04
2.482797568512887310e+01 3.342060371829052912e+00 3.273312590348316675e+00 2.986831004913373389e-01 2.982424282314503580e+04
2.490651559940072346e+01 3.343531444389218787e+00 3.274604618832880565e+00 3.028327754037454245e-01 2.978298514543820056e+04
2.498505551305688144e+01 3.363819336713794073e+00 3.293946371659745243e+00 3.046629241706368951e-01 2.968976202816804653e+04
2.506359542610313440e+01 3.368676528136958392e+00 3.290682745264262188e+00 3.087195475250922305e-01 2.957790271635247700e+04
2.514213533854519511e+01 3.371026788613219694e+00 3.298562113583351163e+00 3.116537867200386835e-01 2.960590706937669165e+04
2.522067525038871239e+01 3.399876132936454187e+00 3.331002791753974179e+00 3.143257274635313236e-01 2.940755150839969792e+04
2.529921516163925688e+01 3.399753406694427049e+00 3.342478980209014239e+00 3.156273537482810476e-01 2.940821851858100854e+04
2.537775507230233529e+01 3.412108230288905641e+00 3.353224422375287617e+00 3.182193342244927226e-01 2.949700793728134522e+04
2.545629498238338684e+01 3.406575384502702253e+00 3.344467263148293679e+00 3.209896505942290701e-01 2.939312745120312320e+04
2.553483489188777966e+01 3.412180239284447580e+00 3.345252444529246638e+00 3.238842262472259592e-01 2.935638970236449313e+04
2.561337480082082152e+01 3.424799864636048241e+00 3.360088692832701618e+00 3.266387516368295385e-01 2.929009506712298753e+04
2.569191470918774911e+01 3.436081218638402657e+00 3.382915164442219069e+00 3.295471508151668338e-01 2.913976097905501229e+04
2.577045461699373874e+01 3.432567174337755045e+00 3.384030403667443121e+00 3.319394769148075741e-01 2.910966354422456425e+04
2.584899452424390631e+01 3.464719782645582224e+00 3.406394687606673077e+00 3.341930742900383611e-01 2.905186526615530602e+04
2.592753443094329668e+01 3.480843925137635075e+00 3.425935951171350080e+00 3.380678422729848087e-01 2.904139248540369226e+04
2.600607433709690852e+01 3.467204006069022348e+00 3.417738451693137947e+00 3.408182240071345737e-01 2.901008900790478219e+04
2.608461424270966944e+01 3.473006064685897343e+00 3.426510596889775329e+00 3.440560971408580526e-01 2.891464815486814041e+04
2.616315414778644310e+01 3.487199692980408550e+00 3.438476365402348467e+00 3.464815178485647351e-01 2.888042325385584263e+04
2.624169405233205055e+01 3.495042267186001528e+00 3.451148395615559306e+00 3.503626550705518650e-01 2.884606519269334967e+04
2.632023395635124174e+01 3.518704928275584898e+00 3.469788808663027968e+00 3.534138077266357758e-01 2.883800758574773499e+04
2.639877385984871694e+01 3.510447708646704523e+00 3.460240357536623623e+00 3.560987794214635072e-01 2.883265000364982916e+04
2.647731376282911953e+01 3.525797953012985708e+00 3.478909153256383391e+00 3.574739433414043654e-01 2.877997324692113398e+04
2.655585366529703606e+01 3.545101298985811056e+00 3.497236380518614407e+00 3.608931255565527296e-01 2.875691265716724229e+04
2.663439356725699980e+01 3.552021116538910395e+00 3.508993101070296383e+00 3.655802912438418928e-01 2.867950020004566977e+04
2.671293346871349428e+01 3.575119113135557303e+00 3.522139578892558465e+00 3.679544981239832313e-01 2.869247543022053287e+04
2.679147336967094617e+01 3.586065011757845866e+00 3.536067185733604123e+00 3.688583788512668771e-01 2.869956157810082368e+04
2.687001327013372531e+01 3.578920049217088284e+00 3.535143605463452410e+00 3.713649958461387457e-01 2.863618567624265779e+04
2.694855317010616602e+01 3.604193844550086290e+00 3.557581054108515772e+00 3.746900016342552542e-01 2.852350872751349380e+04
2.702709306959254221e+01 3.612336353554791213e+00 3.572074100717651746e+00 3.794524927766233513e-01 2.865302499467592497e+04
2.710563296859707094e+01 3.618843880114833489e+00 3.566593191117881201e+00 3.815187352888334549e-01 2.852452255095809596e+04
2.718417286712393377e+01 3.647188671004807148e+00 3.594372894673976582e+00 3.845122391705846909e-01 2.845154860506718978e+04
2.726271276517725894e+01 3.659197111518404544e+00 3.608708764042931616e+00 3.898148717111672434e-01 2.859847924409936240e+04
2.734125266276112498e+01 3.646204872171187716e+00 3.600899337865157701e+00 3.900478009986896866e-01 2.848429612451428693e+04
2.741979255987956776e+01 3.650401003503351838e+00 3.609660954822486723e+00 3.934677686105984562e-01 2.841264567959928900e+04
2.749833245653658054e+01 3.654659230359343702e+00 3.617910804572876060e+00 3.962051719661957572e-01 2.831208364361829808e+04
2.757687235273609616e+01 3.662501255366607644e+00 3.616378013414274672e+00 3.999359692557952206e-01 2.816411088065098374e+04
2.765541224848202262e+01 3.675624172774477838e+00 3.632980281301753323e+00 4.031715316875154054e-01 2.830830705666395806e+04
2.773395214377820395e+01 3.678196535140651591e+00 3.649598804366567251e+00 4.064723746562077245e-01 2.802174802689332864e+04
2.781249203862845576e+01 3.671218992544875714e+00 3.643073131752378568e+00 4.079911969210525124e-01 2.801220485970376831e+04
2.789103193303654038e+01 3.669374430976235946e+00 3.638832869604265330e+00 4.117226331529443284e-01 2.801862230663049195e+04
2.796957182700618816e+01 3.700071701819474868e+00 3.664265549286884749e+00 4.145532969055318873e-01 2.785848072575225524e+04
2.804811172054107615e+01 3.699539238484711667e+00 3.672193378097011962e+00 4.195311650980140805e-01 2.765700169419604936e+04
2.812665161364485655e+01 3.710696103931197865e+00 3.676067584727509274e+00 4.212120137727803915e-01 2.791208085710355954e+04
2.820519150632112115e+01 3.692356209255811983e+00 3.660114543714178215e+00 4.214091407282523072e-01 2.750252230030471765e+04
2.828373139857343332e+01 3.675525492528309179e+00 3.650814670266494755e+00 4.251855652021025445e-01 2.726065480845946513e+04
2.836227129040531736e+01 3.694048406050054023e+00 3.673101394341827142e+00 4.297336284317510025e-01 2.732449853754881769e+04
2.844081118182025847e+01 3.694959046664231472e+00 3.673828401809768884e+00 4.336624817434839296e-01 2.707372424283324654e+04
2.851935107282169923e+01 3.663635141372100890e+00 3.640091294067319350e+00 4.352554030253969475e-01 2.693661576579029861e+04
2.859789096341304315e+01 3.714618314896630746e+00 3.686019976359141026e+00 4.390343825713350356e-01 2.692597625965633415e+04
2.867643085359765820e+01 3.688564223752053284e+00 3.661565991804750286e+00 4.404298821139029929e-01 2.655562181862357829e+04
2.875497074337888392e+01 3.670331774920169376e+00 3.655415595087309732e+00 4.440305190150957704e-01 2.650655942374315055e+04
2.883351063276001369e+01 3.688315243073326588e+00 3.659376662161923921e+00 4.504588656245957501e-01 2.649360173871376173e+04
2.891205052174430890e+01 3.673971438967583492e+00 3.656712646522698229e+00 4.507837817440389916e-01 2.628599889224756043e+04
2.899059041033499184e+01 3.681116686281467487e+00 3.665724889570252554e+00 4.547431787787590274e-01 2.629459644741981174e+04
2.906913029853525643e+01 3.693094705149203349e+00 3.669046283260578356e+00 4.559655704636215168e-01 2.632244084604901582e+04
2.914767018634825746e+01 3.699341786408733235e+00 3.690494262378908985e+00 4.635744770688320915e-01 2.609382355125055983e+04
2.922621007377712132e+01 3.680756325830227826e+00 3.696654378226483129e+00 4.624859184503879450e-01 2.593040041163585556e+04
2.930474996082492822e+01 3.688976172552918875e+00 3.682986223618156085e+00 4.680590934871718956e-01 2.592163816593071533e+04
2.938328984749474060e+01 3.706061242357562957e+00 3.710025612496701708e+00 4.689307376715132203e-01 2.582714449160439835e+04
2.946182973378957826e+01 3.712456022716672965e+00 3.708820375897818433e+00 4.740983663787515789e-01 2.579495808761705121e+04
2.954036961971243258e+01 3.729524850695035365e+00 3.731692224433348581e+00 4.791207718483161959e-01 2.567665222144375730e+04
2.961890950526625943e+01 3.716765779968389083e+00 3.715877967568090856e+00 4.806486844122681013e-01 2.591738923418516060e+04
2.969744939045398979e+01 3.748711971164071954e+00 3.749546566201606090e+00 4.868103981146061354e-01 2.567424491063631285e+04
2.977598927527852268e+01 3.742024437747396348e+00 3.723594959793396164e+00 4.865994613300922977e-01 2.569558718506143123e+04
2.985452915974272159e+01 3.742691616359556050e+00 3.743864545509433039e+00 4.920304357112716964e-01 2.556176167672563679e+04
2.993306904384942868e+01 3.782656625891292812e+00 3.775290148700699344e+00 4.938388733846027501e-01 2.558650327410335012e+04
3.001160892760143994e+01 3.752220824774464614e+00 3.752149703446571838e+00 4.952889030671699944e-01 2.554157677863513163e+04
3.009014881100154071e+01 3.773431930544209223e+00 3.784520722317989527e+00 5.040198075516977294e-01 2.556503216977191187e+04
3.016868869405248077e+01 3.771615418004905518e+00 3.775214706061719827e+00 5.071897823672200101e-01 2.532416467480311985e+04
3.024722857675697441e+01 3.828727160078943204e+00 3.831933479276490306e+00 5.083982419223720406e-01 2.545858571706311341e+04
3.032576845911771457e+01 3.787484513173694722e+00 3.792899818579016369e+00 5.143688554827294812e-01 2.532264380213673212e+04
3.040430834113736580e+01 3.801059940877150378e+00 3.826625192940011466e+00 5.193760452035263153e-01 2.558027493141941159e+04
3.048284822281856421e+01 3.788658648759828385e+00 3.802812269463801798e+00 5.236974325284727838e-01 2.524086499666497912e+04
3.056138810416392460e+01 3.819912710416438539e+00 3.844441639051887627e+00 5.287486981534263997e-01 2.516553498919359481e+04
3.063992798517602267e+01 3.818355659807823432e+00 3.838501023820937164e+00 5.268907302990583075e-01 2.548948148207446502e+04
3.071846786585741640e+01 3.842127652599724552e+00 3.861381342030768771e+00 5.345271995280997945e-01 2.545007263416393835e+04
3.079700774621063886e+01 3.789099227983627749e+00 3.800723658346713663e+00 5.349164687735813439e-01 2.510217516338639325e+04
3.087554762623818760e+01 3.876042718867307002e+00 3.899107705472753871e+00 5.438772401435887360e-01 2.506962071891529195e+04
3.095408750594254599e+01 3.880683379720915926e+00 3.890126152168051910e+00 5.482498732686482690e-01 2.516897675257795345e+04
3.103262738532617249e+01 3.877306393497226722e+00 3.878995946841626186e+00 5.531047118671117424e-01 2.529403675267025392e+04
3.111116726439149005e+01 3.905218099337853133e+00 3.928688618615987949e+00 5.575544813997235227e-01 2.547482330016633205e+04
3.118970714314090387e+01 3.947949516052221774e+00 3.950009475821878890e+00 5.601737798787712608e-01 2.525863249692736645e+04
3.126824702157679781e+01 3.930648722354108671e+00 3.934712145569089436e+00 5.605671581063005338e-01 2.535646897456227089e+04
3.134678689970152377e+01 3.953607689369925904e+00 3.933202466073141945e+00 5.635335235108308582e-01 2.506248665353019896e+04
3.142532677751741588e+01 3.991029260760944997e+00 4.006875123051036880e+00 5.686810245342261982e-01 2.519067785384918534e+04
3.150386665502678696e+01 3.978522591558756538e+00 3.988109911824729181e+00 5.725796190966904176e-01 2.561381268597735470e+04
3.158240653223192140e+01 4.020208552779622302e+00 4.025426048482628083e+00 5.704872380895520401e-01 2.545455676438856244e+04
3.166094640913508229e+01 4.046001993551676001e+00 4.018613307176556404e+00 5.761468449638129652e-01 2.559056434600779176e+04
3.173948628573851494e+01 4.011765177060303778e+00 4.047625910056479093e+00 5.806798006945773638e-01 2.553042226822105658e+04
3.181802616204443623e+01 4.012601621708305366e+00 4.048473633539837024e+00 5.937675659429514363e-01 2.535832537293624409e+04
3.189656603805504531e+01 4.003199153651652686e+00 4.070759797831674298e+00 5.922808132587025209e-01 2.546290481325342989e+04
3.197510591377251998e+01 4.119745607079114968e+00 4.148512738584524406e+00 6.080600651822026803e-01 2.563635409884373439e+04
3.205364578919900964e+01 4.096978935499492991e+00 4.142030223022154622e+00 6.095465093607377316e-01 2.546717210106864150e+04
3.213218566433665302e+01 4.115070735953929137e+00 4.118375345283298294e+00 6.036470033864320683e-01 2.559179551221756992e+04
3.221072553918755688e+01 4.095895289780590254e+00 4.130173957822479203e+00 6.086619366243984919e-01 2.585125566632580012e+04
3.228926541375382442e+01 4.117273596541168423e+00 4.193657026518398112e+00 6.137078156061774870e-01 2.632528046203067788e+04
3.236780528803751622e+01 4.128187578978560701e+00 4.152515881917514307e+00 6.212854423030663709e-01 2.578826692841110344e+04
3.244634516204068575e+01 4.134175192465483484e+00 4.182477034681440387e+00 6.251085568054282060e-01 2.553298515289681745e+04
3.252488503576537227e+01 4.168059444494273791e+00 4.213490655132831719e+00 6.188803703184180272e-01 2.608355075724756898e+04
3.260342490921358660e+01 4.156340087078445933e+00 4.212800431927585798e+00 6.357541070659841198e-01 2.636425603585871795e+04
3.268196478238731828e+01 4.233605534650927815e+00 4.256818680170121993e+00 6.427073163926866339e-01 2.601131579291675735e+04
3.276050465528854261e+01 4.223595875066259886e+00 4.266284187061041955e+00 6.510404658540003275e-01 2.614451696467970760e+04
3.283904452791921358e+01 4.280737634878741815e+00 4.366054516059568513e+00 6.344444560090233276e-01 2.616053841176015339e+04
3.291758440028127097e+01 4.172498458873079130e+00 4.238213690411821943e+00 6.568062117449676718e-01 2.611992324042032487e+04
3.299612427237663326e+01 4.181750094930547945e+00 4.261060963148713299e+00 6.519366830890015452e-01 2.656810804405733143e+04
3.307466414420719758e+01 4.360937783591769978e+00 4.393313772453040222e+00 6.702806882140576183e-01 2.677830190427093112e+04
3.315320401577483977e+01 4.245930749560882234e+00 4.280497212615492764e+00 6.828131459019785021e-01 2.695996025671968891e+04
3.323174388708143567e+01 4.214056177249799084e+00 4.202242118586440256e+00 6.697646454530832294e-01 2.639051206761353387e+04
3.331028375812883269e+01 4.237389872421539749e+00 4.316739557232743607e+00 6.793790967373772860e-01 2.620444080834384658e+04
3.338882362891884981e+01 4.334352874907072106e+00 4.320442497062613185e+00 6.673345060575266441e-01 2.694175697015288824e+04
3.346736349945329891e+01 4.529518117906150110e+00 4.602892479021992500e+00 6.708682547372620819e-01 2.696482122845443155e+04
3.354590336973399189e+01 4.401971580651544258e+00 4.503672951391757273e+00 6.911818927704359572e-01 2.713990854340874648e+04
3.362444323976268379e+01 4.427015370149416817e+00 4.474279747340447422e+00 7.001757088115868610e-01 2.698336404341140224e+04
3.370298310954115806e+01 4.396507665203534643e+00 4.397493829098176654e+00 7.090270801311980842e-01 2.658087428603395529e+04
3.378152297907114132e+01 4.439632134222062376e+00 4.551944927019281550e+00 7.195733364084443417e-01 2.787830928033780219e+04
3.386006284835436730e+01 4.416759965286987999e+00 4.572650063547087029e+00 7.012545409917845252e-01 2.666355749450480653e+04
3.393860271739255552e+01 4.311842397244324054e+00 4.393522707874144118e+00 6.937149010173345731e-01 2.627990195835887062e+04
3.401714258618739706e+01 4.317255972013366083e+00 4.500332936372686277e+00 7.030901947937813201e-01 2.961849355141778142e+04
3.409568245474058301e+01 4.516843713628710510e+00 4.724708811787683871e+00 7.584470828095158934e-01 2.838393599165080741e+04
3.417422232305376895e+01 4.311249525204377875e+00 4.460211604355635906e+00 7.045728384378332487e-01 2.681113841566997507e+04
3.425276219112861043e+01 4.476181255160915917e+00 4.651206709349338553e+00 7.154664219965767291e-01 2.807718393094114435e+04
3.433130205896674880e+01 4.110178839406660956e+00 4.448807659191070130e+00 7.841967792114180602e-01 2.867047101787760039e+04
3.440984192656979701e+01 4.324108472543406911e+00 4.482235758860282360e+00 7.257238472984723909e-01 2.888828836629370198e+04
3.448838179393936088e+01 4.348584138676119260e+00 4.503764192238494779e+00 7.467225994990159821e-01 2.740484416535051787e+04
3.456692166107702491e+01 4.340864753106838059e+00 4.510087571068923218e+00 8.301380294987584785e-01 2.440957347099087201e+04
3.464546152798438072e+01 5.543698700091105991e+00 5.166285947093974151e+00 6.509270430571433286e-01 2.394050265829695491e+04
3.472400139466299152e+01 3.844534638073301647e+00 3.430340052510879811e+00 8.126348522131582319e-01 3.356570804470741132e+04
