# 0.9998 0.9998
7.871241428633635184e-02 1.520032863012029615e-03 1.521475456300841293e-03 6.691899840443043035e-09 4.984710597610998093e+02
1.618072713909662341e-01 5.646096875842934390e-03 5.642695089386767608e-03 5.649999091729793655e-08 1.981634373413166259e+03
2.418771330418761079e-01 1.507767597579691074e-02 1.507104697513917714e-02 1.765700942704912059e-07 2.712094805849542809e+03
3.211923215201240578e-01 2.165214465886000986e-02 2.164189847829070534e-02 3.288742399195433920e-07 5.327477462423831639e+03
4.002017901256537113e-01 2.477744394672510078e-02 2.476824402565776240e-02 5.796551778184453387e-07 7.478628009243880115e+03
4.790568272527075955e-01 3.216685714535155727e-02 3.216651414292216044e-02 1.162477454592040501e-06 7.397970181134703125e+03
5.578229290343351687e-01 3.702388065737815398e-02 3.700319007704020585e-02 1.798853421154010031e-06 1.056402565936783321e+04
6.365331115321660738e-01 4.558503774221633886e-02 4.556860632650616694e-02 2.666575138226133482e-06 1.134185898971562347e+04
7.152058371535838788e-01 4.422705819443219916e-02 4.418485241399951191e-02 3.890029264742084172e-06 1.283527242805094647e+04
7.938522421846891941e-01 5.221486036207400455e-02 5.218266552231892730e-02 4.649803073809237030e-06 1.367118110098670877e+04
8.724794443688169698e-01 5.905581905967530881e-02 5.898953383984400362e-02 6.236407343931501800e-06 1.443889041372431529e+04
9.510922062407737299e-01 6.305790015832193895e-02 6.300479573977071923e-02 8.153865001784587528e-06 1.570929349130472292e+04
1.029693835175838679e+00 7.223709184013676898e-02 7.202827450890715577e-02 1.067336413195052996e-05 1.591461581586558714e+04
1.108286699878543891e+00 8.011316853513127112e-02 7.987887609666598221e-02 1.319029061545560557e-05 1.623050262713374286e+04
1.186872541411916560e+00 7.916544207972124603e-02 7.888708738464494941e-02 1.592522469138205453e-05 1.725691344714338629e+04
1.265452668213572940e+00 9.305106695104506387e-02 9.279854301759322965e-02 1.933722782656205046e-05 1.836191104117067516e+04
1.344028082638708543e+00 9.545607143763983060e-02 9.517674184867856713e-02 2.287412956359264764e-05 1.988985832534349538e+04
1.422599565533279709e+00 1.039058722531848444e-01 1.035955490476926921e-01 2.646577934668226321e-05 1.960682328072755990e+04
1.501167734229200246e+00 1.128932869145845425e-01 1.125122384749125543e-01 3.119451554900068657e-05 2.073191480216195851e+04
1.579733083222462531e+00 1.160396348533874467e-01 1.155853006805066807e-01 3.818348152276464469e-05 2.195988270407111122e+04
1.658296013281593151e+00 1.232518994231928400e-01 1.228204525240753492e-01 4.194457439388621801e-05 2.228621750286008682e+04
1.736856852652245875e+00 1.319533741919133030e-01 1.315051520720843803e-01 4.774305961809001945e-05 2.213517167835658984e+04
1.815415872753641580e+00 1.398803899259618844e-01 1.391528613901839018e-01 5.508950799128731429e-05 2.347536753986519761e+04
1.893973299967037560e+00 1.466283914747754658e-01 1.459621935817801974e-01 5.997096326410731687e-05 2.358353306567154505e+04
1.972529324606241641e+00 1.538952963483121161e-01 1.531936707712247825e-01 6.644943564526748696e-05 2.470105845926234542e+04
2.051084107826015579e+00 1.608251268885953766e-01 1.599846692082054767e-01 7.700011057190970262e-05 2.539659856310364194e+04
2.129637787001040561e+00 1.742195050997716321e-01 1.733657660368530806e-01 8.213058870983328452e-05 2.617691975784361784e+04
2.208190479956450680e+00 1.790980035717358587e-01 1.779936907683641323e-01 9.571503959702556985e-05 2.653900618039399342e+04
2.286742288326184092e+00 1.864259617950459746e-01 1.853527029964876782e-01 1.037979717725922684e-04 2.664416561267262659e+04
2.365293300241981811e+00 1.879517134882097151e-01 1.869231008824282503e-01 1.116117226063360407e-04 2.720619708303470907e+04
2.443843592503681883e+00 2.013901196227509127e-01 2.002221845838950964e-01 1.228617660646844133e-04 2.818847226611445512e+04
2.522393232343909553e+00 2.098397255916913118e-01 2.086225692629062323e-01 1.324752790059229469e-04 2.838851740625353341e+04
2.600942278872942381e+00 2.159991808589569462e-01 2.145699724676359277e-01 1.485504994260017537e-04 2.941495514639286193e+04
2.679490784269383141e+00 2.264453387626637892e-01 2.250739388379021655e-01 1.578893840828489729e-04 2.899389074251308193e+04
2.758038794767343038e+00 2.350007277176942022e-01 2.333171117241533421e-01 1.718991702258132785e-04 2.994473315290894243e+04
2.836586351479573942e+00 2.460901250521470851e-01 2.444519326806788573e-01 1.859681302193694186e-04 3.081284824362338259e+04
2.915133491087511963e+00 2.505668040109310102e-01 2.487934986693967898e-01 2.004339707879386674e-04 3.076168861374850167e+04
2.993680246422668834e+00 2.614930826338704439e-01 2.596649415911870262e-01 2.134270228086535405e-04 3.060972724554879096e+04
3.072226646958827967e+00 2.720657993896444249e-01 2.698780210224448473e-01 2.381179416380611012e-04 3.155200969275027091e+04
3.150772719230606977e+00 2.735944145453385601e-01 2.714791953057557050e-01 2.490007828406891181e-04 3.155418605777594348e+04
3.229318487190934395e+00 2.837443372162658517e-01 2.816428844397143583e-01 2.702385649109219248e-04 3.235945831739066853e+04
3.307863972517584905e+00 2.952647417693226584e-01 2.930417219353376734e-01 2.863397653748153216e-04 3.242838471180979468e+04
3.386409194877053608e+00 3.036118224472111327e-01 3.011215694376853658e-01 3.094585469489829891e-04 3.352985826579018612e+04
3.464954172152534095e+00 3.102983346104415396e-01 3.078810047844363629e-01 3.218480941630411465e-04 3.322442095932008669e+04
3.543498920641575456e+00 3.234834733639911919e-01 3.209458940150022865e-01 3.453657348440407988e-04 3.401872665275514009e+04
3.622043455228019404e+00 3.265905013138321600e-01 3.240399679300726143e-01 3.757576281958970488e-04 3.383503268052270869e+04
3.700587789532037597e+00 3.411083063730889764e-01 3.384490709217201077e-01 3.911856940415214682e-04 3.435944250886137888e+04
3.779131936041457696e+00 3.454813256783479392e-01 3.425600228531689995e-01 4.170338149292304101e-04 3.497291582762206963e+04
3.857675906227046259e+00 3.532036092446005915e-01 3.502348539499829938e-01 4.532472445424684613e-04 3.533926291082351963e+04
3.936219710643986680e+00 3.672139571755605458e-01 3.637852921102153747e-01 4.746652229573946084e-04 3.579323831688617065e+04
4.014763359021444877e+00 3.738837534208497293e-01 3.704321579315541513e-01 4.988199811323994551e-04 3.518295334236334747e+04
4.093306860341824560e+00 3.834116995109145276e-01 3.801248154518354072e-01 5.334161521804532333e-04 3.593337382878455537e+04
4.171850222911064776e+00 3.934936296584040649e-01 3.901330933261338840e-01 5.679965763934109475e-04 3.673365651060254459e+04
4.250393454421145911e+00 3.996579181270768499e-01 3.962237280241499016e-01 5.979115130968923547e-04 3.641415984837006545e+04
4.328936562005788247e+00 4.058866610985542578e-01 4.022737337607549257e-01 6.320925827977674077e-04 3.702907194427045033e+04
4.407479552290201497e+00 4.214334557472391163e-01 4.174298079913907333e-01 6.747668368210807833e-04 3.686276464431144268e+04
4.486022431435594982e+00 4.274275205537313993e-01 4.230533528697366097e-01 7.003376474514883508e-04 3.770760693823031033e+04
4.564565205179107465e+00 4.450752396229241681e-01 4.407429908391249929e-01 7.307857233141405338e-04 3.783795508787272411e+04
4.643107878869670024e+00 4.456337202000861808e-01 4.412072188995529443e-01 7.731738190668429331e-04 3.809667822682279075e+04
4.721650457500300213e+00 4.528860870710413877e-01 4.484159904833228683e-01 8.096920248966179559e-04 3.823283009892252448e+04
4.800192945737217443e+00 4.707571418213261083e-01 4.661837088699989362e-01 8.512516387874794269e-04 3.838188960991743079e+04
4.878735347946150824e+00 4.747348068023492518e-01 4.698943336088675649e-01 8.954479148357888905e-04 3.905580593726896041e+04
4.957277668216146793e+00 4.883713012650787721e-01 4.833218439066622185e-01 9.374292949414641954e-04 3.891242050649713929e+04
5.035819910381144737e+00 4.973191963616565570e-01 4.922912946142182777e-01 9.753683437237546487e-04 3.865921339365261520e+04
5.114362078039562221e+00 5.089857749141761811e-01 5.034245363580319710e-01 1.033514137979708739e-03 3.955183692456868448e+04
5.192904174572115394e+00 5.085963351139325406e-01 5.028577829135184585e-01 1.078579974966350358e-03 3.972533493718035606e+04
5.271446203158030919e+00 5.216822952951090109e-01 5.157880309364571980e-01 1.123434770950568337e-03 3.978749454468146723e+04
5.349988166789838573e+00 5.298035572116396308e-01 5.240314581909101266e-01 1.180552086472166310e-03 4.033117840901469754e+04
5.428530068286878674e+00 5.503848072908477107e-01 5.441844349721541851e-01 1.226600275043675768e-03 4.027081475558168313e+04
5.507071910307648643e+00 5.546710859969227192e-01 5.481780544836000191e-01 1.280377846402948241e-03 4.034263746446881851e+04
5.585613695361120179e+00 5.664138821458081230e-01 5.598310689666312623e-01 1.340983947121358140e-03 4.083721810915940296e+04
5.664155425817094525e+00 5.774226803788508056e-01 5.706580470851863041e-01 1.398713468620866500e-03 4.092605517647972738e+04
5.742697103915729961e+00 5.839917231239050155e-01 5.769876674092602187e-01 1.431944161626773262e-03 4.078214609126130381e+04
5.821238731776284148e+00 5.917083564957537067e-01 5.845556595701350000e-01 1.502099020989081579e-03 4.114777059824795288e+04
5.899780311405160127e+00 6.043949356923981053e-01 5.969788362882557653e-01 1.544989788417577186e-03 4.144959043202237081e+04
5.978321844703323507e+00 6.126508197861487703e-01 6.052231888190005016e-01 1.632081077574341552e-03 4.188295731983564474e+04
6.056863333473133437e+00 6.261854973805123237e-01 6.185131441593414436e-01 1.665334419278659403e-03 4.206868756292646867e+04
6.135404779424661115e+00 6.371988489859045091e-01 6.291432291702615531e-01 1.751712973600547726e-03 4.202198540120576945e+04
6.213946184181517118e+00 6.434097414441359852e-01 6.353545650298467740e-01 1.790594608843161604e-03 4.215330396445962833e+04
6.292487549286247983e+00 6.592278138025634560e-01 6.511989810372935672e-01 1.870866822808254148e-03 4.246748972395898454e+04
6.371028876205335756e+00 6.620986439385774247e-01 6.540486124985356309e-01 1.914947056970608096e-03 4.242354077705964301e+04
6.449570166333828070e+00 6.688861994411091638e-01 6.605658281552678757e-01 1.989526335287202224e-03 4.247320527122014028e+04
6.528111420999634262e+00 6.840383733182550108e-01 6.750180294327555730e-01 2.078807686424183777e-03 4.233480695287883282e+04
6.606652641467518627e+00 6.946375353982719991e-01 6.852131597984598699e-01 2.127230669034619291e-03 4.252758389005997014e+04
6.685193828942805006e+00 7.082661342617594391e-01 6.987989429215247794e-01 2.203746471410214167e-03 4.257527826750317035e+04
6.763734984574836240e+00 7.081581481862840866e-01 6.987939534496457883e-01 2.252266282364102749e-03 4.267386539402193011e+04
6.842276109460177835e+00 7.274974962202230833e-01 7.174517438157983484e-01 2.349596881432540040e-03 4.279847786604563589e+04
6.920817204645620890e+00 7.357760984655907777e-01 7.257262688372755344e-01 2.363938620101720730e-03 4.323456028213779064e+04
6.999358271130968312e+00 7.466192372764636209e-01 7.361564151692581159e-01 2.503279469209525147e-03 4.352794678012357326e+04
7.077899309871646949e+00 7.581944613446470749e-01 7.480566508012658211e-01 2.575630318911337202e-03 4.319667387755396339e+04
7.156440321781138536e+00 7.657748926473993967e-01 7.552897862025435005e-01 2.646841284880026724e-03 4.298060809695281932e+04
7.234981307733260536e+00 7.837553297344175274e-01 7.732399791480401019e-01 2.721420872414589357e-03 4.355666310887678264e+04
7.313522268564292439e+00 7.854005208732353083e-01 7.740332150439667158e-01 2.815776348464218721e-03 4.346611072420603159e+04
7.392063205074973276e+00 7.956468618750134336e-01 7.842504178716249719e-01 2.899862476848148220e-03 4.344979794983704051e+04
7.470604118032365015e+00 8.056996341601398992e-01 7.950245584068232896e-01 2.979025501724442537e-03 4.358123081480411201e+04
7.549145008171610272e+00 8.090420816204156873e-01 7.976108490471714996e-01 3.060337000802745237e-03 4.391293789344678225e+04
7.627685876197570103e+00 8.216668750906771512e-01 8.105584988507230637e-01 3.152874681836831741e-03 4.391610532052316557e+04
7.706226722786373884e+00 8.386676912784868376e-01 8.265201308728566953e-01 3.252514500077172133e-03 4.372734692301880568e+04
7.784767548586863484e+00 8.391894293238113534e-01 8.269960201633148600e-01 3.321963209180414135e-03 4.359255967809897993e+04
7.863308354221953955e+00 8.555149988447837694e-01 8.429875660406751514e-01 3.412617469766498872e-03 4.400294052766204550e+04
7.941849140289923170e+00 8.659324108892166860e-01 8.534323548087163758e-01 3.512698436929752224e-03 4.357831308388531033e+04
8.020389907365611748e+00 8.758523806977214221e-01 8.634395983836111732e-01 3.590291347987465895e-03 4.426240692187197419e+04
8.098930656001561701e+00 8.838854296568976476e-01 8.710938590881082133e-01 3.721856796392932886e-03 4.402408064306914457e+04
8.177471386729090241e+00 8.953088286832695530e-01 8.820514124781212439e-01 3.821064833129627671e-03 4.392812913117643620e+04
8.256012100059292536e+00 9.092506964854945029e-01 8.955393429760289958e-01 3.913960820720453586e-03 4.420949053909250506e+04
8.334552796484000936e+00 9.114197136384316611e-01 8.980211789150285284e-01 4.005005552362917408e-03 4.397360365160008951e+04
8.413093476476680266e+00 9.240912987610929719e-01 9.104299928663320829e-01 4.096259595771823032e-03 4.389664159608864429e+04
8.491634140493276917e+00 9.385962993478915717e-01 9.249455626519557105e-01 4.234366092280087042e-03 4.397589830433648604e+04
8.570174788973028868e+00 9.400578379020924080e-01 9.260398566156947675e-01 4.357179885131875867e-03 4.394920559266964847e+04
8.648715422339215309e+00 9.493341010742973873e-01 9.351663394312641486e-01 4.468157581201824026e-03 4.407990333497194661e+04
8.727256040999876063e+00 9.607475507676991322e-01 9.463938703764518401e-01 4.568241607738892859e-03 4.368378006367510534e+04
8.805796645348495488e+00 9.730731483617575117e-01 9.582404402517420428e-01 4.704547113364932788e-03 4.381698056660926522e+04
8.884337235764643737e+00 9.792424760637592485e-01 9.642032578109652752e-01 4.770278903960980046e-03 4.383093503325308120e+04
8.962877812614589601e+00 9.895201459326052884e-01 9.746142943905999889e-01 4.922137350537584242e-03 4.430378597290879407e+04
9.041418376251867173e+00 9.977327997579262808e-01 9.824624349246932065e-01 5.046351408166598745e-03 4.414667854743581847e+04
9.119958927017840722e+00 1.004325003591953536e+00 9.890751108784783252e-01 5.159656027837932792e-03 4.430567602203843853e+04
9.198499465242209183e+00 1.019540218178124569e+00 1.003628060594225380e+00 5.298411876129652601e-03 4.393454670491451543e+04
9.277039991243508865e+00 1.028098757592222245e+00 1.012002145161590816e+00 5.424436416808924542e-03 4.371239236217097641e+04
9.355580505329580632e+00 1.041152956654467721e+00 1.024702353420420264e+00 5.565878712270089061e-03 4.398299085647629545e+04
9.434121007798012215e+00 1.044454724498383058e+00 1.027915161361405705e+00 5.715516502194004610e-03 4.412816665585125884e+04
9.512661498936562765e+00 1.062232199069034433e+00 1.045911161625487029e+00 5.810361782586829539e-03 4.400907240614433977e+04
9.591201979023569635e+00 1.062737874308748776e+00 1.045419593471522468e+00 5.994571369768788259e-03 4.393412373689479136e+04
9.669742448328321416e+00 1.074870389075354593e+00 1.057549270871279923e+00 6.115016374845368315e-03 4.376930715571535984e+04
9.748282907111432749e+00 1.090301605286356113e+00 1.073355077263678181e+00 6.255815290127595199e-03 4.377833599450468319e+04
9.826823355625185386e+00 1.092447541925561705e+00 1.075962879819129414e+00 6.374593081936646283e-03 4.334374354131301516e+04
9.905363794113858589e+00 1.099185721623965772e+00 1.081842191017433397e+00 6.578645983868629081e-03 4.374323942093156802e+04
9.983904222814045326e+00 1.107036122604684980e+00 1.088403633264869885e+00 6.707916683304370083e-03 4.334587882316990726e+04
1.006244464195495070e+01 1.120018683275623594e+00 1.102443411290772168e+00 6.828014945423841082e-03 4.338586443940163736e+04
1.014098505175868148e+01 1.121061261129830511e+00 1.102902636375957757e+00 6.985690087130650913e-03 4.338516855525112624e+04
1.021952545244051613e+01 1.137836333959137969e+00 1.119586402360898791e+00 7.127797784467060707e-03 4.349187023965759727e+04
1.029806584420916415e+01 1.151506066668522843e+00 1.133281324872761564e+00 7.297573112473780196e-03 4.315736517491143604e+04
1.037660622726701654e+01 1.151244779939382124e+00 1.133380688994265695e+00 7.414762195624212231e-03 4.327704022382012772e+04
1.045514660181038380e+01 1.163391466386460849e+00 1.144538849647978696e+00 7.653819098108425971e-03 4.311415241326878458e+04
1.053368696802971982e+01 1.174684853739876189e+00 1.156022845613872807e+00 7.724891934156914372e-03 4.327842242813620396e+04
1.061222732610984210e+01 1.181206133618261767e+00 1.162783010745918055e+00 7.882418366252060341e-03 4.319518564201539994e+04
1.069076767623013779e+01 1.187374008854546581e+00 1.168690174876535037e+00 8.082096152393327543e-03 4.295838099793762376e+04
1.076930801856475739e+01 1.198919656926378474e+00 1.180412478819663935e+00 8.217777636003906552e-03 4.294292579846066656e+04
1.084784835328281005e+01 1.206662925002733644e+00 1.187646130488436480e+00 8.456291632499331884e-03 4.292710862163097045e+04
1.092638868054854306e+01 1.221843103842495504e+00 1.202279942572618276e+00 8.621595170087838905e-03 4.284462165993826056e+04
1.100492900052151413e+01 1.229114475544441198e+00 1.210151556159116515e+00 8.785557155946139077e-03 4.272308730476437631e+04
1.108346931335675833e+01 1.237281401939024805e+00 1.217787435844000843e+00 8.951636262792942583e-03 4.227148157223939052e+04
1.116200961920494805e+01 1.244943297025690621e+00 1.224794261179537047e+00 9.145716029195245095e-03 4.245060120354507671e+04
1.124054991821254212e+01 1.244750466140676304e+00 1.224454729952131560e+00 9.371289827554541915e-03 4.247432799846285343e+04
1.131909021052193687e+01 1.251495124346958088e+00 1.231519465613113207e+00 9.520797079526324008e-03 4.229477600907386659e+04
1.139763049627160285e+01 1.259596508727046649e+00 1.238939141750066586e+00 9.761326636758027239e-03 4.205380991781687044e+04
1.147617077559622167e+01 1.272432577015208732e+00 1.252122667556221147e+00 9.905158811650998860e-03 4.205484168685380428e+04
1.155471104862680853e+01 1.283207599211228622e+00 1.262032262153558682e+00 1.008674799171598024e-02 4.188679150173149537e+04
1.163325131549084368e+01 1.296218261016712114e+00 1.275328051632150572e+00 1.027077441529376627e-02 4.196556188669368566e+04
1.171179157631238787e+01 1.292321549973246553e+00 1.271326703112784173e+00 1.039405920025208117e-02 4.174163434670698916e+04
1.179033183121219608e+01 1.309315432940545865e+00 1.287813714550603006e+00 1.063812125865401352e-02 4.154655001570609602e+04
1.186887208030782759e+01 1.316271636730862005e+00 1.294124616030710939e+00 1.080965478457124665e-02 4.138332054428150877e+04
1.194741232371374728e+01 1.320668666063598229e+00 1.299162491483209170e+00 1.098845496183462056e-02 4.143531783969776006e+04
1.202595256154143222e+01 1.324310531437324912e+00 1.303119612994529497e+00 1.121197886541044041e-02 4.127637531497354939e+04
1.210449279389946753e+01 1.329665228858622372e+00 1.308032649428792160e+00 1.144806317284808445e-02 4.105177369533041929e+04
1.218303302089363527e+01 1.336743775763515218e+00 1.314874457282335873e+00 1.159118590806185872e-02 4.104825157520946232e+04
1.226157324262700676e+01 1.344266835837475416e+00 1.322511964835616949e+00 1.180051813040346002e-02 4.114508412433612102e+04
1.234011345920003322e+01 1.354730199091959353e+00 1.332701583631976439e+00 1.204315184157229990e-02 4.079976423333941057e+04
1.241865367071062565e+01 1.357785754428394664e+00 1.336652078432206459e+00 1.231227031194588248e-02 4.053822089714226604e+04
1.249719387725422415e+01 1.371589986049725818e+00 1.349132265226830940e+00 1.254737771061785467e-02 4.050639044820232812e+04
1.257573407892389383e+01 1.380056944925367457e+00 1.357555427443270624e+00 1.273700674291671983e-02 4.062169787016996997e+04
1.265427427581038877e+01 1.384595285058295211e+00 1.361656968129942857e+00 1.296747670290355342e-02 4.033924070552107878e+04
1.273281446800221772e+01 1.390293841597114888e+00 1.367408233963647302e+00 1.316187444913554869e-02 4.001096792567352531e+04
1.281135465558572584e+01 1.403660302767444801e+00 1.380841848748247447e+00 1.340449182283579010e-02 4.014769094081625371e+04
1.288989483864514796e+01 1.409186755403057711e+00 1.387060344833570102e+00 1.360273615680561259e-02 3.978311498000150459e+04
1.296843501726268322e+01 1.417421328470355180e+00 1.395667289900383023e+00 1.382840652601106772e-02 3.987686181199988641e+04
1.304697519151855190e+01 1.419938688373837854e+00 1.398000562969596183e+00 1.406433499748725030e-02 3.975537138478766428e+04
1.312551536149104692e+01 1.427706826783670335e+00 1.405509807185539861e+00 1.430867146852471405e-02 3.962294584529752319e+04
1.320405552725660492e+01 1.433818642925744680e+00 1.411098720840440635e+00 1.450592525524682305e-02 3.919634514489984576e+04
1.328259568888985243e+01 1.444193016137503838e+00 1.421051558056237063e+00 1.473738496882584341e-02 3.908793918304657564e+04
1.336113584646366270e+01 1.454161895475046373e+00 1.430236233597072193e+00 1.501780117716546362e-02 3.902611374389239063e+04
1.343967600004920548e+01 1.455509256007147201e+00 1.432162025082111434e+00 1.523418978878819836e-02 3.903549622950076446e+04
1.351821614971599317e+01 1.462220928006692899e+00 1.439462031234163941e+00 1.553351625882424571e-02 3.887659660874001565e+04
1.359675629553193588e+01 1.471322758163065458e+00 1.448110509646072241e+00 1.569372525598343102e-02 3.864689340372045990e+04
1.367529643756338231e+01 1.473471522728905025e+00 1.450438524945856900e+00 1.598020655064696233e-02 3.851638324005291361e+04
1.375383657587516595e+01 1.482976100744504588e+00 1.459658766976839495e+00 1.618688914291818368e-02 3.836167315187703934e+04
1.383237671053064766e+01 1.492900923592173079e+00 1.469089430959868547e+00 1.652044123739345588e-02 3.830332013731935876e+04
1.391091684159175834e+01 1.497930114971836923e+00 1.474315630537648136e+00 1.674371025809303845e-02 3.814792696340459224e+04
1.398945696911903269e+01 1.506197843768234845e+00 1.481771589912478593e+00 1.709042625533208765e-02 3.802913181028685358e+04
1.406799709317166069e+01 1.512630935695927992e+00 1.488130322224175739e+00 1.733332218117054555e-02 3.786729816884997854e+04
1.414653721380751428e+01 1.519472555464411956e+00 1.495096048679548151e+00 1.756544270305132605e-02 3.775464830967722082e+04
1.422507733108318817e+01 1.526499309493169809e+00 1.502552155416539525e+00 1.780496365059995242e-02 3.751162145935404260e+04
1.430361744505403543e+01 1.531445749696186409e+00 1.507188575925764829e+00 1.798803693196011216e-02 3.751077138924345491e+04
1.438215755577419586e+01 1.538423571988875471e+00 1.513043221470396604e+00 1.827272231867736046e-02 3.712793817291895539e+04
1.446069766329663686e+01 1.546899972246638777e+00 1.523502410417440167e+00 1.858571470833051895e-02 3.718773812802661269e+04
1.453923776767318010e+01 1.551667549673122037e+00 1.526535078190265571e+00 1.890945171510566292e-02 3.697468736340684700e+04
1.461777786895453346e+01 1.554050206830642766e+00 1.529277496912617940e+00 1.914813757012883907e-02 3.676638945517386310e+04
1.469631796719032302e+01 1.565653471729127943e+00 1.540827631807874187e+00 1.941410165922474729e-02 3.642472328640792693e+04
1.477485806242911437e+01 1.567427719559184585e+00 1.543597303518090547e+00 1.980811940019645140e-02 3.665144405349149019e+04
1.485339815471844993e+01 1.581738224982297769e+00 1.556736980344051169e+00 1.996586897965764093e-02 3.641866216521943716e+04
1.493193824410487203e+01 1.580023581920450670e+00 1.555617270389801909e+00 2.035143362025968600e-02 3.623949314985091769e+04
1.501047833063394421e+01 1.587276516182209773e+00 1.562311020072354673e+00 2.061722278625136712e-02 3.610685526984358876e+04
1.508901841435028857e+01 1.592157341095358891e+00 1.568297379573895922e+00 2.089116498755509699e-02 3.596212187933904352e+04
1.516755849529759992e+01 1.606531403041634887e+00 1.581983875407138251e+00 2.125147673448296928e-02 3.578138708236056846e+04
1.524609857351867070e+01 1.608701342216912078e+00 1.583991901065052943e+00 2.153608037895569580e-02 3.572522119199980079e+04
1.532463864905541762e+01 1.610878772311577833e+00 1.586280167677639463e+00 2.179575731594256965e-02 3.554521867504357942e+04
1.540317872194890292e+01 1.624439941066582849e+00 1.598962291560081406e+00 2.209111244267124297e-02 3.538101974995997443e+04
1.548171879223935399e+01 1.628571332828098850e+00 1.603605545092108509e+00 2.246664789492423819e-02 3.526353518890061241e+04
1.556025885996618996e+01 1.634572956899272400e+00 1.609408978899580456e+00 2.273616291036611656e-02 3.510662449453721638e+04
1.563879892516803238e+01 1.640782861053602826e+00 1.615941124798512707e+00 2.310540592145997330e-02 3.487848392075642187e+04
1.571733898788273187e+01 1.644257958243642515e+00 1.618903743693365760e+00 2.334997688894328502e-02 3.481242784927963658e+04
1.579587904814739119e+01 1.659178877052896128e+00 1.633890289231096027e+00 2.364766479893049347e-02 3.473508708325020416e+04
1.587441910599837769e+01 1.660317825083191590e+00 1.636480147102590488e+00 2.394303066250032253e-02 3.441675073903462908e+04
1.595295916147133575e+01 1.671865912247284536e+00 1.646816367938417347e+00 2.439108181957038227e-02 3.429216796138743666e+04
1.603149921460121874e+01 1.681120536501710117e+00 1.655887433099840989e+00 2.462507753964066418e-02 3.417578932585398434e+04
1.611003926542229436e+01 1.677904898587936122e+00 1.652718318502003569e+00 2.502402860790069183e-02 3.402545747765334090e+04
1.618857931396816596e+01 1.694704707809691735e+00 1.669314250687029766e+00 2.550296541047309545e-02 3.407887787516757817e+04
1.626711936027179561e+01 1.702479990185267411e+00 1.677980648907657191e+00 2.575323350370321493e-02 3.378200950172405283e+04
1.634565940436549525e+01 1.704837906354737642e+00 1.679061544406036610e+00 2.610946967618016715e-02 3.375751688386705064e+04
1.642419944628097639e+01 1.712621826487821686e+00 1.687614910184672912e+00 2.646960811995021159e-02 3.350602960580693616e+04
1.650273948604932883e+01 1.713925307219961613e+00 1.689406234516027672e+00 2.678044060511253210e-02 3.351849296846213110e+04
1.658127952370107394e+01 1.726884264200428065e+00 1.701324293088413819e+00 2.720122043563803424e-02 3.326637341071362607e+04
1.665981955926614333e+01 1.726018153746795791e+00 1.700962319946153878e+00 2.747228361832410731e-02 3.320389299864102941e+04
1.673835959277390728e+01 1.740370903770464883e+00 1.714748746875138119e+00 2.790015511032946025e-02 3.311744898574473336e+04
1.681689962425318896e+01 1.737654946377844789e+00 1.711743094988460445e+00 2.818085689191127813e-02 3.299692236984489136e+04
1.689543965373228218e+01 1.754608359642902071e+00 1.729109131386290521e+00 2.864210400660683817e-02 3.279484272648354818e+04
1.697397968123895495e+01 1.761602826116996257e+00 1.735830434184328253e+00 2.899168442271215021e-02 3.259616060432553786e+04
1.705251970680045304e+01 1.764616785362434381e+00 1.738685116231381889e+00 2.932949753333592702e-02 3.258910280275738114e+04
1.713105973044353902e+01 1.765646489752396464e+00 1.740693086077432339e+00 2.981206600212860797e-02 3.246331353787241096e+04
1.720959975219447102e+01 1.774925940117415557e+00 1.749480093703217998e+00 3.001999441389611306e-02 3.236705784805179064e+04
1.728813977207903463e+01 1.781501604483734402e+00 1.756133204422809735e+00 3.035202593935074772e-02 3.230181706830160329e+04
1.736667979012256424e+01 1.788414653104949181e+00 1.762291810125281355e+00 3.081571109683800200e-02 3.212140800336842949e+04
1.744521980634991110e+01 1.797693717485810083e+00 1.772452701318113721e+00 3.118225478961507077e-02 3.194312469516439523e+04
1.752375982078550365e+01 1.804699878801039548e+00 1.781070250254171983e+00 3.146134012262982033e-02 3.186232111588000771e+04
1.760229983345331917e+01 1.810118493957966201e+00 1.785546303890574116e+00 3.195707445812721870e-02 3.183431110458110197e+04
1.768083984437692635e+01 1.819701498405450479e+00 1.794882596168637434e+00 3.236126386564249641e-02 3.162532259369504391e+04
1.775937985357945692e+01 1.827847003544308846e+00 1.802616910687711904e+00 3.277801630455380588e-02 3.158754521638332153e+04
1.783791986108364824e+01 1.833377775501372486e+00 1.808600609987746521e+00 3.316239266642641986e-02 3.138842036024136542e+04
1.791645986691183268e+01 1.838766469661707870e+00 1.813693766651737205e+00 3.345556565980290636e-02 3.130738875577739600e+04
1.799499987108595889e+01 1.848063147580255361e+00 1.824305540454908448e+00 3.390773967429339814e-02 3.130617377001037676e+04
1.807353987362759185e+01 1.857913189664752496e+00 1.833941880197034191e+00 3.427254348141609702e-02 3.115554954809011542e+04
1.815207987455791638e+01 1.859782905382904472e+00 1.834042076381499298e+00 3.479293354575241359e-02 3.099778937136663444e+04
1.823061987389775851e+01 1.867481597958370987e+00 1.841576299944386097e+00 3.506353161113700406e-02 3.097510663917919737e+04
1.830915987166758541e+01 1.872132854573362870e+00 1.847781693319288987e+00 3.551323359509688665e-02 3.098332338397997228e+04
1.838769986788751964e+01 1.893931991251838198e+00 1.867613834511258952e+00 3.593222717699439545e-02 3.075956125317474289e+04
1.846623986257733563e+01 1.892942892438844504e+00 1.867499068197965295e+00 3.628583551601582274e-02 3.070263415186838029e+04
1.854477985575647381e+01 1.903499066103523374e+00 1.878576408334184933e+00 3.681605161006980959e-02 3.076312144907484253e+04
1.862331984744404423e+01 1.915135925959047469e+00 1.890936154908780198e+00 3.719183921137281246e-02 3.063455777931716511e+04
1.870185983765884075e+01 1.918928083381833405e+00 1.892702188524597595e+00 3.754942224037517012e-02 3.051404037339384740e+04
1.878039982641934458e+01 1.928561245812047575e+00 1.903789939541381981e+00 3.790034739232613081e-02 3.048847921658337145e+04
1.885893981374372075e+01 1.935848393642479293e+00 1.910720745155798150e+00 3.837066044856018293e-02 3.041714294036645879e+04
1.893747979964983941e+01 1.941828008832215291e+00 1.915953488224334089e+00 3.881490094625486553e-02 3.032452275055004429e+04
1.901601978415527228e+01 1.956459736205704125e+00 1.931424409471629522e+00 3.919983271049582579e-02 3.027781667987629044e+04
1.909455976727730331e+01 1.960717253818796690e+00 1.935741385892429722e+00 3.972172225876123564e-02 3.031211551861269254e+04
1.917309974903293579e+01 1.973092493933442659e+00 1.948328680677367419e+00 4.007027473340358387e-02 3.024801746855805322e+04
1.925163972943889235e+01 1.978575058121369690e+00 1.953408110902759010e+00 4.036227587432467123e-02 3.019839252266230687e+04
1.933017970851161849e+01 1.986008499842654373e+00 1.961074740312204634e+00 4.089853280170439170e-02 3.008459171680296640e+04
1.940871968626730748e+01 2.003269714147215108e+00 1.978161540066988966e+00 4.126828911039887721e-02 3.014620118602359435e+04
1.948725966272188259e+01 2.012859788708467601e+00 1.987390203414783452e+00 4.161779413763026098e-02 3.007661695129330838e+04
1.956579963789100773e+01 2.014287272977986376e+00 1.989209562089605754e+00 4.225354687851070462e-02 3.000809896166146427e+04
1.964433961179010524e+01 2.032953646930538483e+00 2.006575484857815450e+00 4.256788416155256327e-02 3.002912381444782295e+04
1.972287958443434519e+01 2.037720709953622311e+00 2.011565377352251272e+00 4.305846987055017561e-02 3.002178663679838792e+04
1.980141955583865965e+01 2.050572714147463671e+00 2.024354268301344018e+00 4.343077576727619182e-02 3.005195384794674828e+04
1.987995952601774619e+01 2.068159245448935035e+00 2.040884139250440654e+00 4.405734116913938292e-02 3.005928352547955728e+04
1.995849949498606790e+01 2.072687311688270029e+00 2.047112497569463674e+00 4.423884729140484945e-02 3.008493309218500872e+04
2.003703946275786052e+01 2.082309676278303545e+00 2.055428130879503712e+00 4.480638598708145542e-02 2.999346329500749926e+04
2.011557942934713950e+01 2.084233261010671523e+00 2.057842455391269976e+00 4.534156676462283708e-02 3.001405284692481291e+04
2.019411939476770712e+01 2.092137978711799740e+00 2.066178723907078130e+00 4.566046858730291036e-02 2.977782342023594902e+04
2.027265935903314542e+01 2.096166242740446162e+00 2.071121429791275670e+00 4.613899080827267574e-02 2.968053005014172231e+04
2.035119932215682326e+01 2.100589678969124297e+00 2.074385967970665767e+00 4.653907264075170941e-02 2.961709072118518088e+04
2.042973928415191054e+01 2.106181494238177798e+00 2.080532905411571321e+00 4.701223329806022283e-02 2.952480734762692373e+04
2.050827924503137467e+01 2.105122843134081823e+00 2.081542885959217326e+00 4.722525151341733229e-02 2.933803608199115479e+04
2.058681920480798766e+01 2.111666176923242322e+00 2.087737438018481662e+00 4.770125762225437688e-02 2.923795689648176631e+04
2.066535916349431901e+01 2.113981230891993413e+00 2.090719136409783463e+00 4.785397251314438966e-02 2.901308937155134481e+04
2.074389912110275347e+01 2.114077643674947993e+00 2.091609928706433141e+00 4.859657676662840209e-02 2.895405678860559055e+04
2.082243907764548752e+01 2.118753526981746571e+00 2.093977838787576484e+00 4.886936460514965108e-02 2.879788992515497739e+04
2.090097903313453642e+01 2.128253866233703384e+00 2.105020172459069361e+00 4.928802638708226769e-02 2.870260579881919330e+04
2.097951898758173783e+01 2.127395834182930212e+00 2.104542432935645913e+00 4.972814713969615080e-02 2.853019358246852789e+04
2.105805894099874109e+01 2.129336429817514809e+00 2.106119045756285502e+00 5.006179083319507728e-02 2.836730532440697061e+04
2.113659889339703568e+01 2.128879286903486268e+00 2.108019437063078261e+00 5.040022903081353006e-02 2.824221758788966326e+04
2.121513884478793344e+01 2.135976442150318899e+00 2.113856003106966419e+00 5.103748745180329560e-02 2.811163024417481211e+04
2.129367879518258277e+01 2.134908933870859560e+00 2.112059291281798146e+00 5.129881073630914584e-02 2.796688681359049224e+04
2.137221874459196869e+01 2.143837792931212238e+00 2.120815428010432324e+00 5.172018224182232948e-02 2.784576374669713550e+04
2.145075869302691274e+01 2.141395268350735126e+00 2.119089649936356512e+00 5.207911526362549171e-02 2.767117254109446003e+04
2.152929864049807307e+01 2.147267782942709591e+00 2.125350096220188334e+00 5.268679713141231208e-02 2.752220929808440997e+04
2.160783858701596571e+01 2.145491070615825002e+00 2.125924582646744110e+00 5.300608076841845789e-02 2.755250002106976171e+04
2.168637853259094683e+01 2.151434950036056115e+00 2.131177432062564048e+00 5.370487343644372857e-02 2.738705261173759573e+04
2.176491847723321982e+01 2.155900418703168508e+00 2.134606227599169070e+00 5.404939954881234077e-02 2.726284830606657488e+04
2.184345842095285306e+01 2.159218722031131854e+00 2.137716358130858474e+00 5.437532781055558900e-02 2.707789787614768647e+04
2.192199836375975508e+01 2.164306098648410170e+00 2.143331943896261471e+00 5.509017153037485542e-02 2.704040944975591265e+04
2.200053830566371005e+01 2.166429959570257413e+00 2.145104836894498046e+00 5.562722513445866879e-02 2.693018676019152554e+04
2.207907824667434582e+01 2.161546777958358589e+00 2.140649370004096941e+00 5.595431613285561934e-02 2.675623194935699212e+04
2.215761818680116590e+01 2.172883346590309905e+00 2.150566817315605839e+00 5.648538374424039860e-02 2.670571314837008686e+04
2.223615812605353526e+01 2.175404163839263383e+00 2.155542742329199069e+00 5.700396552008534651e-02 2.656843223676833441e+04
2.231469806444068738e+01 2.176193436509431312e+00 2.154937872902668694e+00 5.758231522041910855e-02 2.643146391825670798e+04
2.239323800197172432e+01 2.183213346837288960e+00 2.161423671642081601e+00 5.802380185499289578e-02 2.640014626735935963e+04
2.247177793865562023e+01 2.186497076797666583e+00 2.167805260418678159e+00 5.840219948367963293e-02 2.616913635089570380e+04
2.255031787450123204e+01 2.187834005147434535e+00 2.168155450030425868e+00 5.891320506887765679e-02 2.612676339887435097e+04
2.262885780951728165e+01 2.195204722123750951e+00 2.174664137833001387e+00 5.942405057855245504e-02 2.593905030412779161e+04
2.270739774371238440e+01 2.195818129010682185e+00 2.177515312718286467e+00 5.985663821268350643e-02 2.587369927741426727e+04
2.278593767709502771e+01 2.199042388088229050e+00 2.178123664560830175e+00 6.047452503221940889e-02 2.583933412568951826e+04
2.286447760967358178e+01 2.197959342968570429e+00 2.178383844282986370e+00 6.102429272601245930e-02 2.569579899782479697e+04
2.294301754145629957e+01 2.206133648200103714e+00 2.187358046415354362e+00 6.144431650373011894e-02 2.557661331392469219e+04
2.302155747245133455e+01 2.210725997359647810e+00 2.191952913588559149e+00 6.194176102224660529e-02 2.545063780377135481e+04
2.310009740266672296e+01 2.211252835620665103e+00 2.190352217865157325e+00 6.246524496534246879e-02 2.547107521389346948e+04
2.317863733211038380e+01 2.217261453130923154e+00 2.197691904370325577e+00 6.305795774622793837e-02 2.527237678201652307e+04
2.325717726079013303e+01 2.222136470879117365e+00 2.202578300379251619e+00 6.370582579972021431e-02 2.524855150019384382e+04
2.333571718871368716e+01 2.222046308198221354e+00 2.201651706665483044e+00 6.423257817096846012e-02 2.507305902509305452e+04
2.341425711588865965e+01 2.219366713784346246e+00 2.199558857852277338e+00 6.478845267329594315e-02 2.485923319995385100e+04
2.349279704232255384e+01 2.231162067096402524e+00 2.213345653603884688e+00 6.525577558698311686e-02 2.494501148927395843e+04
2.357133696802278067e+01 2.241257670109765954e+00 2.221365498883702383e+00 6.581931263121304498e-02 2.478470502054003737e+04
2.364987689299664453e+01 2.234014936030456866e+00 2.217187440704511125e+00 6.654824547256416034e-02 2.479499175634847415e+04
2.372841681725136453e+01 2.245738809316843554e+00 2.227459909648201730e+00 6.677651953461131995e-02 2.471063531283516568e+04
2.380695674079405322e+01 2.246603161172074259e+00 2.228678108044425787e+00 6.762483415384261398e-02 2.456557120757775192e+04
2.388549666363174140e+01 2.249389650440093646e+00 2.232442435170789441e+00 6.831923811127235679e-02 2.447029815205001432e+04
2.396403658577134976e+01 2.250630715227726064e+00 2.233755698561493475e+00 6.878467314823559497e-02 2.443367876422019617e+04
2.404257650721972439e+01 2.260864161412043050e+00 2.243871465090709005e+00 6.928401830288954955e-02 2.420093655017873971e+04
2.412111642798362254e+01 2.261933121453699069e+00 2.245021962966157414e+00 6.997453211933926664e-02 2.423656666351153035e+04
2.419965634806970556e+01 2.267407544786279594e+00 2.251011595481168470e+00 7.065202398354342161e-02 2.405643223030234731e+04
2.427819626748454596e+01 2.269878678636958913e+00 2.255300070206090357e+00 7.112106416436607403e-02 2.404732862550818027e+04
2.435673618623464520e+01 2.276239267852057768e+00 2.260328148782599911e+00 7.158485998493513414e-02 2.397319408231038324e+04
2.443527610432640529e+01 2.277343308906269570e+00 2.264826535587287637e+00 7.260541687346168394e-02 2.399354427971038967e+04
2.451381602176616425e+01 2.287862554090875022e+00 2.275256873759343268e+00 7.318971520370483319e-02 2.387653263106960731e+04
2.459235593856016067e+01 2.290163332549035591e+00 2.275636987299729963e+00 7.382301246838396391e-02 2.376583930436853916e+04
2.467089585471456203e+01 2.296595250105792907e+00 2.282046793126710327e+00 7.436332199431280876e-02 2.367869386321549609e+04
2.474943577023546126e+01 2.300579412868087203e+00 2.284018392138309483e+00 7.503451304854363846e-02 2.361678624255861359e+04
2.482797568512887310e+01 2.306715934878044383e+00 2.293480268835570879e+00 7.570524519266069730e-02 2.357278570858329840e+04
2.490651559940072346e+01 2.307341323034490355e+00 2.296105204784329334e+00 7.676841672510069381e-02 2.350262715522827784e+04
2.498505551305688144e+01 2.317913669050464254e+00 2.305033500854450690e+00 7.699243302492894681e-02 2.346585023875976549e+04
2.506359542610313440e+01 2.323018214785717905e+00 2.308441651818185392e+00 7.753105756480378752e-02 2.334642481188833335e+04
2.514213533854519511e+01 2.320341881737209455e+00 2.307738849385971402e+00 7.846230085619797234e-02 2.333536368383077206e+04
2.522067525038871239e+01 2.341466014628513115e+00 2.330786905954969512e+00 7.918688572626964017e-02 2.319719500072153824e+04
2.529921516163925688e+01 2.341038158849542139e+00 2.331983296047670517e+00 7.964168462947718297e-02 2.323434662242184640e+04
2.537775507230233529e+01 2.348261611053005016e+00 2.338778315532643148e+00 8.038812916478302317e-02 2.321945992670331179e+04
2.545629498238338684e+01 2.343273360385844661e+00 2.330551586718557999e+00 8.113393062285824409e-02 2.308414597285330092e+04
2.553483489188777966e+01 2.346621237742606780e+00 2.335393381137948143e+00 8.170442277096072459e-02 2.314014138378672214e+04
2.561337480082082152e+01 2.355047778079684573e+00 2.342743416454827532e+00 8.243643052038400476e-02 2.304448643925359647e+04
2.569191470918774911e+01 2.362862798531259578e+00 2.355183370826881006e+00 8.309303385496899508e-02 2.287737586384406677e+04
2.577045461699373874e+01 2.361145695876160744e+00 2.350780184612032642e+00 8.373418340641737567e-02 2.289035937002681749e+04
2.584899452424390631e+01 2.378696708906447910e+00 2.368943680460287915e+00 8.483312521747694845e-02 2.284424656436720397e+04
2.592753443094329668e+01 2.387937864897803131e+00 2.376840566549302647e+00 8.528839157704691532e-02 2.279107678510331607e+04
2.600607433709690852e+01 2.378902645952129635e+00 2.370364361567324440e+00 8.558474335099110208e-02 2.275323576881143526e+04
2.608461424270966944e+01 2.384691188466681044e+00 2.378037359596134603e+00 8.650235515919139917e-02 2.269170680133361748e+04
2.616315414778644310e+01 2.391456036071996305e+00 2.385917277954392901e+00 8.711008635412915979e-02 2.266950143669138197e+04
2.624169405233205055e+01 2.396848080427874006e+00 2.392381162129578076e+00 8.793328180309686881e-02 2.261350423540496558e+04
2.632023395635124174e+01 2.411500842526165034e+00 2.406426742304602406e+00 8.901628631258026725e-02 2.263575336561502627e+04
2.639877385984871694e+01 2.406361817367387523e+00 2.400405578174130916e+00 8.966375979909106675e-02 2.254711265632413415e+04
2.647731376282911953e+01 2.419732333745666875e+00 2.414058632225429157e+00 8.979398086038233029e-02 2.252098706358671188e+04
2.655585366529703606e+01 2.425823762883350110e+00 2.421142923049445450e+00 9.055237758363596234e-02 2.250085362239760798e+04
2.663439356725699980e+01 2.431180852094388722e+00 2.429415164843961694e+00 9.153782771662200002e-02 2.249404590106803153e+04
2.671293346871349428e+01 2.441727617051552723e+00 2.435393743194063987e+00 9.248421817793697763e-02 2.246540469125818345e+04
2.679147336967094617e+01 2.452170173256629226e+00 2.449164776113230246e+00 9.288527512366849537e-02 2.241978818625574786e+04
2.687001327013372531e+01 2.452987621280747543e+00 2.447659134792492530e+00 9.385738345909011571e-02 2.241463297512062491e+04
2.694855317010616602e+01 2.470002805235552046e+00 2.465041785320702061e+00 9.422903234319270072e-02 2.226175103062303606e+04
2.702709306959254221e+01 2.471221628997210651e+00 2.469330197472964894e+00 9.505272525527268257e-02 2.235555216176595422e+04
2.710563296859707094e+01 2.475024910004060441e+00 2.471134122999081750e+00 9.584001242201832527e-02 2.227278192310111262e+04
2.718417286712393377e+01 2.495888232636825244e+00 2.490563078132337793e+00 9.631370822644648444e-02 2.222230903614102499e+04
2.726271276517725894e+01 2.502694356717138913e+00 2.500002554164395541e+00 9.756100941946722893e-02 2.228391468846527641e+04
2.734125266276112498e+01 2.493138843963074613e+00 2.487629492941370479e+00 9.802916565684592631e-02 2.224303467406534037e+04
2.741979255987956776e+01 2.495489428804678944e+00 2.492293928383781498e+00 9.812215670100708775e-02 2.212566638634654373e+04
2.749833245653658054e+01 2.497559978652523327e+00 2.499144367698514557e+00 9.934530105452345217e-02 2.203288373419158233e+04
2.757687235273609616e+01 2.503166452955219334e+00 2.502575364781151279e+00 9.988689749634377391e-02 2.193259926599264145e+04
2.765541224848202262e+01 2.513659771614520810e+00 2.515187775488374022e+00 1.006376403769522893e-01 2.206622979394988943e+04
2.773395214377820395e+01 2.508261955141611210e+00 2.510495225539451702e+00 1.015097334853456990e-01 2.180108991826882993e+04
2.781249203862845576e+01 2.509353704191376710e+00 2.512535602776000854e+00 1.017171264627428212e-01 2.185838425542136247e+04
2.789103193303654038e+01 2.505972818550306513e+00 2.508465814270293137e+00 1.029355681154167507e-01 2.182677129016203253e+04
2.796957182700618816e+01 2.519776866796863413e+00 2.520942893632073911e+00 1.031258901393780486e-01 2.166793777984645931e+04
2.804811172054107615e+01 2.526041503035382441e+00 2.533002081403663119e+00 1.045750631259999147e-01 2.148601598910829125e+04
2.812665161364485655e+01 2.528576414574373654e+00 2.532980723786586452e+00 1.046757125041088560e-01 2.168913203286324642e+04
2.820519150632112115e+01 2.517232455376132272e+00 2.521727915237697903e+00 1.048564120483727741e-01 2.138447337445686935e+04
2.828373139857343332e+01 2.502624585675454316e+00 2.508259126421587659e+00 1.060732631470388959e-01 2.112340803368980050e+04
2.836227129040531736e+01 2.524144525095668445e+00 2.531579033225394681e+00 1.066289236324042683e-01 2.117948684603347283e+04
2.844081118182025847e+01 2.519671010313237147e+00 2.521614856997691057e+00 1.076651620955541289e-01 2.096501450007436142e+04
2.851935107282169923e+01 2.501643316689128316e+00 2.509357034268554276e+00 1.083080819971500575e-01 2.093955192816225826e+04
2.859789096341304315e+01 2.534873329797690644e+00 2.542183954257486889e+00 1.086236742664448141e-01 2.088031873222921058e+04
2.867643085359765820e+01 2.513286702684942586e+00 2.516234858766366767e+00 1.090339591804554698e-01 2.059646003603701320e+04
2.875497074337888392e+01 2.496677479006595313e+00 2.502540424983477063e+00 1.091349780940645969e-01 2.049691467542809914e+04
2.883351063276001369e+01 2.510895201804782761e+00 2.517250882462807926e+00 1.106680324581086339e-01 2.054471280894833399e+04
2.891205052174430890e+01 2.501327228078502163e+00 2.508170606543506764e+00 1.111336940226858305e-01 2.035956592934143919e+04
2.899059041033499184e+01 2.501270038678247154e+00 2.510195104595902116e+00 1.125740143481120253e-01 2.033845272875858791e+04
2.906913029853525643e+01 2.510906420969503117e+00 2.518004897500323747e+00 1.131948964189012224e-01 2.030059722366611459e+04
2.914767018634825746e+01 2.507780072417156170e+00 2.522417989723006571e+00 1.135268017133090751e-01 2.013080987778232156e+04
2.922621007377712132e+01 2.509070962691071660e+00 2.527256774075711032e+00 1.143950999222350939e-01 2.011410854046060558e+04
2.930474996082492822e+01 2.513811779130825652e+00 2.528471352357068547e+00 1.148736974761682822e-01 2.005231709007480822e+04
2.938328984749474060e+01 2.525597200924457386e+00 2.545710553402427578e+00 1.150869745847878378e-01 1.998839410749061426e+04
2.946182973378957826e+01 2.529743976722995669e+00 2.547156664067803611e+00 1.178747700208221810e-01 1.990702411084198320e+04
2.954036961971243258e+01 2.530197504495849348e+00 2.542860643005306454e+00 1.182646453823011645e-01 1.980309776856309691e+04
2.961890950526625943e+01 2.526013297980819416e+00 2.538279639337399196e+00 1.185830604672232780e-01 1.992468861128165736e+04
2.969744939045398979e+01 2.548776998413488926e+00 2.564640353723183441e+00 1.198564094448184708e-01 1.982497724480295074e+04
2.977598927527852268e+01 2.550300960590186072e+00 2.558560096124768535e+00 1.200192611256372804e-01 1.975316296440917358e+04
2.985452915974272159e+01 2.542964930144857139e+00 2.556882904784574251e+00 1.213563166665519444e-01 1.972124611803101652e+04
2.993306904384942868e+01 2.561552192330147637e+00 2.570962573708281962e+00 1.216686029316768891e-01 1.964276457591518556e+04
3.001160892760143994e+01 2.549363552933916033e+00 2.570630033875747511e+00 1.231639050232672117e-01 1.954965720118477839e+04
3.009014881100154071e+01 2.565463882427887032e+00 2.585028533195361078e+00 1.244257170468544699e-01 1.974510080231355460e+04
3.016868869405248077e+01 2.550130786507534886e+00 2.565845195317622007e+00 1.248743470665746730e-01 1.954589595711888614e+04
3.024722857675697441e+01 2.589163409515930159e+00 2.608202565380385973e+00 1.250863987979899394e-01 1.962760871164698983e+04
3.032576845911771457e+01 2.563124004570596526e+00 2.586024554130319508e+00 1.267235099138316612e-01 1.950530064866983230e+04
3.040430834113736580e+01 2.578786104670228507e+00 2.604203165295890798e+00 1.281153633298132422e-01 1.964810275706227912e+04
3.048284822281856421e+01 2.574511908969413287e+00 2.589197305308783115e+00 1.284609895344412389e-01 1.932706219661442083e+04
3.056138810416392460e+01 2.605385773790967363e+00 2.622078693291304941e+00 1.304130385108666912e-01 1.935585251045003315e+04
3.063992798517602267e+01 2.591572655098958844e+00 2.607373210882656167e+00 1.308370920519261738e-01 1.953872511700234827e+04
3.071846786585741640e+01 2.607636118428013905e+00 2.624905229890952096e+00 1.308664291705053107e-01 1.944890825386809229e+04
3.079700774621063886e+01 2.583160227922121965e+00 2.593537644918468832e+00 1.322213230322862865e-01 1.926939517576658545e+04
3.087554762623818760e+01 2.628643190462881307e+00 2.642912374181590085e+00 1.333893568895283821e-01 1.928522165874742495e+04
3.095408750594254599e+01 2.634895427663069167e+00 2.642531811619303728e+00 1.345552752296164667e-01 1.922743863165823495e+04
3.103262738532617249e+01 2.616861117826441596e+00 2.620820292323036593e+00 1.365940473366158425e-01 1.932283722011524878e+04
3.111116726439149005e+01 2.659121577033732642e+00 2.675793023165240925e+00 1.371621775281879896e-01 1.947467785316186564e+04
3.118970714314090387e+01 2.672644056198647977e+00 2.688378467509165315e+00 1.370054131117001139e-01 1.924708817829331019e+04
3.126824702157679781e+01 2.670088744478591902e+00 2.682438418765234367e+00 1.392199192102633043e-01 1.945285601386768394e+04
3.134678689970152377e+01 2.670649226054138126e+00 2.675366447369930789e+00 1.406688105805331823e-01 1.926089902662931854e+04
3.142532677751741588e+01 2.698311867887687843e+00 2.712737393282590670e+00 1.398821321195325151e-01 1.934187261881778977e+04
3.150386665502678696e+01 2.695013293878991245e+00 2.712435280701002593e+00 1.435423010267623256e-01 1.959553214485754506e+04
3.158240653223192140e+01 2.705358386513059710e+00 2.715961416971534703e+00 1.432867499746319773e-01 1.961940649272160954e+04
3.166094640913508229e+01 2.725941909937009466e+00 2.739139581097542298e+00 1.449878055866852256e-01 1.953168389254479553e+04
3.173948628573851494e+01 2.690314374865199198e+00 2.709928905550123890e+00 1.457451712070674255e-01 1.966443377058306214e+04
3.181802616204443623e+01 2.696985360109298568e+00 2.715786088224036554e+00 1.468026098035270788e-01 1.935750505769069423e+04
3.189656603805504531e+01 2.717198388806779885e+00 2.754951331471763076e+00 1.471472416853946141e-01 1.952342931635029527e+04
3.197510591377251998e+01 2.779063757679164581e+00 2.797822331976198118e+00 1.480570248405677358e-01 1.938161639907561039e+04
3.205364578919900964e+01 2.768760382082268379e+00 2.794496489048610144e+00 1.477334915351662947e-01 1.937170106301773194e+04
3.213218566433665302e+01 2.783180067807035307e+00 2.798152346941138013e+00 1.547211144626494672e-01 1.953803796276415233e+04
3.221072553918755688e+01 2.755051300039534912e+00 2.774601003024562473e+00 1.535223967762057440e-01 1.954321611178892272e+04
3.228926541375382442e+01 2.783652163783267852e+00 2.807522077402219818e+00 1.544296003567515174e-01 2.009610804106114301e+04
3.236780528803751622e+01 2.792610485027094303e+00 2.795164246591725465e+00 1.533451418013995482e-01 1.959624991782354846e+04
3.244634516204068575e+01 2.789305193103535530e+00 2.807818374889230029e+00 1.528912380946233218e-01 1.921159701693148963e+04
3.252488503576537227e+01 2.788316784709212737e+00 2.810229142525667800e+00 1.583386986847098166e-01 1.986671999422337467e+04
3.260342490921358660e+01 2.804004372396652123e+00 2.836926924461280031e+00 1.601442919664885778e-01 1.991078869714776374e+04
3.268196478238731828e+01 2.834134314939089183e+00 2.838120691335287660e+00 1.620621374452340946e-01 1.970115431526405882e+04
3.276050465528854261e+01 2.884163535055600303e+00 2.911906293136543589e+00 1.631371031627942558e-01 1.989141162190253817e+04
3.283904452791921358e+01 2.854097426533424464e+00 2.882267709809707590e+00 1.626106385847520264e-01 1.953787349020477996e+04
3.291758440028127097e+01 2.793123494522648631e+00 2.821495817241730819e+00 1.613113422418624154e-01 1.973950609941489529e+04
3.299612427237663326e+01 2.788832788204514745e+00 2.830052880387458281e+00 1.596060354241626844e-01 2.028474412527222376e+04
3.307466414420719758e+01 2.906014684469016451e+00 2.917940647936740461e+00 1.689004052650258103e-01 2.027698343067021415e+04
3.315320401577483977e+01 2.858503501247947831e+00 2.892489544152678338e+00 1.671052035913109801e-01 2.049303008892270009e+04
3.323174388708143567e+01 2.831755966394719159e+00 2.848075239438754735e+00 1.717150548652305042e-01 2.036991409145998114e+04
3.331028375812883269e+01 2.861792621329775077e+00 2.925364504586157377e+00 1.790021943789992520e-01 2.007074978061875299e+04
3.338882362891884981e+01 2.885555386522105525e+00 2.913497359670195852e+00 1.701525986602187290e-01 2.032894552926475444e+04
3.346736349945329891e+01 3.013005620255162498e+00 3.063114369436712447e+00 1.651231863462701288e-01 2.054983478325007673e+04
3.354590336973399189e+01 2.944595387544918008e+00 3.018233101436529342e+00 1.706208155709975915e-01 2.066052213025985839e+04
3.362444323976268379e+01 2.951069427343292251e+00 2.982976577277053565e+00 1.761292438991853837e-01 2.046575563091240838e+04
3.370298310954115806e+01 2.965712586087734692e+00 3.026294415528041348e+00 1.816779878787855573e-01 2.039342208770802972e+04
3.378152297907114132e+01 2.923151192669100062e+00 2.995911023485569480e+00 1.896552121272497005e-01 2.124581463848935891e+04
3.386006284835436730e+01 2.991015761649928884e+00 3.076303725340952422e+00 1.788888434048703513e-01 2.056426462101861034e+04
3.393860271739255552e+01 2.931765394085641407e+00 2.975573115379427591e+00 1.765497246453825164e-01 1.952182277193928530e+04
3.401714258618739706e+01 2.993675850616882794e+00 3.084067996981571191e+00 1.760440461234302478e-01 2.108754536581784851e+04
3.409568245474058301e+01 3.085599551151571251e+00 3.146386687695016615e+00 1.769185343478479056e-01 2.125806371875342666e+04
3.417422232305376895e+01 2.872874492288085335e+00 2.898749385323811989e+00 1.942231080400169119e-01 2.042375032861842192e+04
3.425276219112861043e+01 3.002536064470389565e+00 3.089243581862932686e+00 1.962328403321275672e-01 2.093720160869261599e+04
3.433130205896674880e+01 2.926832336110801513e+00 3.003620870584853719e+00 2.001116093830297427e-01 2.435330903666603626e+04
3.440984192656979701e+01 2.991829008005223667e+00 3.082930072015535483e+00 1.817637862321750120e-01 2.222027451779682815e+04
3.448838179393936088e+01 3.085899786070945172e+00 3.061484321568707312e+00 1.895188596746260057e-01 2.051920545296079945e+04
3.456692166107702491e+01 2.930791802937509960e+00 3.010327647413133079e+00 1.968204714361623808e-01 1.724178598898649216e+04
3.464546152798438072e+01 3.301310603726401283e+00 3.392656912688580384e+00 1.979447318776716147e-01 2.100315851368882795e+04
3.472400139466299152e+01 3.018995545100144895e+00 2.852341734122800343e+00 2.215946569775804342e-01 2.385206638290431511e+04
