# 0.9998 0.9998
7.871241428633635184e-02 1.403770657977278062e-03 1.404843633585248089e-03 3.481500421822520253e-09 4.820698611569868035e+02
1.618072713909662341e-01 5.292600642353342995e-03 5.290071618583864176e-03 2.928215585339046243e-08 1.916099310995374481e+03
2.418771330418761079e-01 1.380216279429947838e-02 1.380166838991505815e-02 1.200087849311872423e-07 2.622188370493702678e+03
3.211923215201240578e-01 2.009305230188643265e-02 2.009027701018685497e-02 2.012415675990209201e-07 5.152241342975584303e+03
4.002017901256537113e-01 2.347909727931911036e-02 2.348214123572874013e-02 4.234216939119354334e-07 7.231086782493548526e+03
4.790568272527075955e-01 2.988256306769915618e-02 2.989143259183361587e-02 7.468613029377410871e-07 7.156163357194143828e+03
5.578229290343351687e-01 3.461017855027105627e-02 3.460944381829897387e-02 1.200374556612348921e-06 1.021370676968030784e+04
6.365331115321660738e-01 4.241220743492732370e-02 4.241373718853194696e-02 1.694884332381894530e-06 1.096873587628994756e+04
7.152058371535838788e-01 4.173337118867357504e-02 4.172393280436947904e-02 2.506485518008761114e-06 1.240509379436663403e+04
7.938522421846891941e-01 4.951042276922813096e-02 4.949537900102193161e-02 3.051993398555105311e-06 1.322236329196382758e+04
8.724794443688169698e-01 5.584464378443429466e-02 5.579854941830401233e-02 4.112662876101194218e-06 1.395671187992911655e+04
9.510922062407737299e-01 5.970220969602522271e-02 5.968621889095798716e-02 5.440458780373571833e-06 1.518176091745862868e+04
1.029693835175838679e+00 6.837134130756362949e-02 6.824869023488830400e-02 7.059071505019694541e-06 1.537701369829762916e+04
1.108286699878543891e+00 7.565460073263956253e-02 7.551093161953206789e-02 8.778283563042492329e-06 1.567837787940411363e+04
1.186872541411916560e+00 7.480435804559786017e-02 7.460655553064583778e-02 1.074314761775654690e-05 1.667033617510265685e+04
1.265452668213572940e+00 8.785215400925362739e-02 8.766925038654380109e-02 1.318817096936823851e-05 1.774228562411232269e+04
1.344028082638708543e+00 9.020098498863152181e-02 9.000963875515552437e-02 1.551139260151665283e-05 1.921742330542232594e+04
1.422599565533279709e+00 9.829290118631103801e-02 9.808198068021599381e-02 1.792318609537133230e-05 1.894376409728019644e+04
1.501167734229200246e+00 1.070739570577883271e-01 1.068238614327012559e-01 2.068807172924063911e-05 2.003164951922899490e+04
1.579733083222462531e+00 1.098932968415826245e-01 1.096081714326093692e-01 2.496946388806199079e-05 2.120567553991195746e+04
1.658296013281593151e+00 1.164741593077951859e-01 1.161737748626842509e-01 2.746974178690779521e-05 2.152439662475285513e+04
1.736856852652245875e+00 1.249477093281702172e-01 1.246486635656272601e-01 3.197366407410112904e-05 2.137751842030449916e+04
1.815415872753641580e+00 1.323509367390017788e-01 1.318551253627448516e-01 3.639615972084956491e-05 2.267920886858116501e+04
1.893973299967037560e+00 1.385272828288476032e-01 1.380558690346847250e-01 3.978915848636731468e-05 2.276736741827717196e+04
1.972529324606241641e+00 1.454297971918326882e-01 1.449442481371047142e-01 4.475069213798610871e-05 2.384470477504764858e+04
2.051084107826015579e+00 1.522832734763940599e-01 1.516167286401431114e-01 5.145465945387129014e-05 2.452007354916145778e+04
2.129637787001040561e+00 1.645510748280158142e-01 1.639488585343646665e-01 5.497458348971739813e-05 2.526951915065874709e+04
2.208190479956450680e+00 1.690511619163963808e-01 1.682497283914204667e-01 6.303808191596140204e-05 2.561896808305580998e+04
2.286742288326184092e+00 1.760336377651484652e-01 1.752417419942599586e-01 6.945837714068804852e-05 2.572052716788949328e+04
2.365293300241981811e+00 1.776221008484621944e-01 1.768661374129167074e-01 7.589852652191616535e-05 2.627038557639256032e+04
2.443843592503681883e+00 1.907012303410638987e-01 1.898721641393171233e-01 8.209445581332233872e-05 2.720819878381043600e+04
2.522393232343909553e+00 1.981684144685228743e-01 1.972992729100018772e-01 8.766870625272073605e-05 2.739389689641629593e+04
2.600942278872942381e+00 2.034917000405313259e-01 2.024338343243580751e-01 9.958254307744751057e-05 2.838226625559066088e+04
2.679490784269383141e+00 2.136955816753083881e-01 2.127280736475515022e-01 1.062128706438169890e-04 2.797686576574528954e+04
2.758038794767343038e+00 2.219653700056637702e-01 2.207709791652174569e-01 1.145241583176193122e-04 2.889236626943718511e+04
2.836586351479573942e+00 2.319352353176553083e-01 2.307852130703383908e-01 1.261100134964741990e-04 2.972275917699042111e+04
2.915133491087511963e+00 2.361029688779068825e-01 2.348606896865100546e-01 1.347265567677998301e-04 2.967619550795754549e+04
2.993680246422668834e+00 2.464317078315381160e-01 2.451709772197960824e-01 1.453413309399569195e-04 2.953080198189891962e+04
3.072226646958827967e+00 2.559921955714115627e-01 2.544498594976939976e-01 1.591967612339299884e-04 3.042565783653844846e+04
3.150772719230606977e+00 2.577110601199023576e-01 2.561917115515993104e-01 1.668328865303861613e-04 3.042430976834904141e+04
3.229318487190934395e+00 2.676263120592528022e-01 2.661377646002597297e-01 1.827947130071382877e-04 3.123176211271014108e+04
3.307863972517584905e+00 2.779596220513927407e-01 2.764060825194743498e-01 1.943596650137879747e-04 3.127331541083375851e+04
3.386409194877053608e+00 2.861064805750923590e-01 2.843425003969161091e-01 2.085676743928361416e-04 3.233701861062766329e+04
3.464954172152534095e+00 2.922073685459285475e-01 2.904857581540004619e-01 2.184459114429131133e-04 3.203805051292359713e+04
3.543498920641575456e+00 3.042723324416057307e-01 3.024735347401210084e-01 2.326559085559399154e-04 3.279609769586725452e+04
3.622043455228019404e+00 3.072823087281229548e-01 3.054259016779539704e-01 2.491572928917278116e-04 3.261242333213125312e+04
3.700587789532037597e+00 3.206828123071573944e-01 3.187706438859854718e-01 2.601359600482954621e-04 3.312756234211503761e+04
3.779131936041457696e+00 3.253297115419069296e-01 3.232507183983385213e-01 2.797189170655439271e-04 3.371189556695242936e+04
3.857675906227046259e+00 3.322387290019472306e-01 3.300620087288799187e-01 3.007097568699501470e-04 3.406132401647237566e+04
3.936219710643986680e+00 3.454253938728379381e-01 3.430865969851787378e-01 3.194669499136047731e-04 3.451060692312219180e+04
4.014763359021444877e+00 3.514348989746524654e-01 3.489409367643367954e-01 3.306634765853174633e-04 3.390841176502856251e+04
4.093306860341824560e+00 3.604914633004834834e-01 3.581846145958291205e-01 3.522337637615177621e-04 3.462563148932364857e+04
4.171850222911064776e+00 3.697008964831173805e-01 3.673913158331285067e-01 3.745444594130705037e-04 3.542154412658166984e+04
4.250393454421145911e+00 3.754879899263905418e-01 3.730731179881014992e-01 3.948034444265072001e-04 3.509302944518733420e+04
4.328936562005788247e+00 3.812519340912172150e-01 3.787624241883456588e-01 4.181386375203795594e-04 3.567190775002296868e+04
4.407479552290201497e+00 3.959219186973577664e-01 3.930941571566086701e-01 4.429127294284278737e-04 3.551824517296854901e+04
4.486022431435594982e+00 4.011226652289478500e-01 3.980030721646996561e-01 4.626425382322280262e-04 3.633881773398118094e+04
4.564565205179107465e+00 4.180717842984039700e-01 4.150186561032592203e-01 4.781029075956696778e-04 3.645484292536848079e+04
4.643107878869670024e+00 4.184987972944233525e-01 4.152854906230988297e-01 5.065816618766903713e-04 3.669490772298959200e+04
4.721650457500300213e+00 4.247189431936459481e-01 4.215498595424169714e-01 5.308870752617191264e-04 3.683826625249273638e+04
4.800192945737217443e+00 4.416796752313817964e-01 4.385098908425312247e-01 5.557139465311077215e-04 3.696193382791418117e+04
4.878735347946150824e+00 4.458107555399687394e-01 4.424919719969691578e-01 5.786853684893592583e-04 3.762305477764781972e+04
4.957277668216146793e+00 4.582342737756348039e-01 4.548035480074156256e-01 6.111348382549184341e-04 3.747969382750371005e+04
5.035819910381144737e+00 4.667597234449938903e-01 4.631566610531687167e-01 6.319980019302503822e-04 3.722958555862444337e+04
5.114362078039562221e+00 4.776250610824451237e-01 4.738088624703816754e-01 6.699146468465648875e-04 3.809938899312834110e+04
5.192904174572115394e+00 4.768493141458546858e-01 4.728866111534083538e-01 6.975180637169199225e-04 3.826336344778852799e+04
5.271446203158030919e+00 4.892610709597348118e-01 4.851798756918170308e-01 7.275749641018101422e-04 3.830069221281033970e+04
5.349988166789838573e+00 4.969606906096077359e-01 4.928650562589323991e-01 7.604724606151464948e-04 3.885001263633703638e+04
5.428530068286878674e+00 5.157540246597284161e-01 5.115488211267966712e-01 7.894130077455693622e-04 3.877765729853000084e+04
5.507071910307648643e+00 5.198891203411464268e-01 5.153973935721128941e-01 8.209250933166334103e-04 3.883955586140426749e+04
5.585613695361120179e+00 5.306258755455304232e-01 5.261869977878430582e-01 8.603484474198035007e-04 3.930249784614561213e+04
5.664155425817094525e+00 5.411796061732899732e-01 5.363987147749469386e-01 8.983367713062967311e-04 3.940217500771237246e+04
5.742697103915729961e+00 5.471812536060000065e-01 5.422359772712438408e-01 9.228021932461646405e-04 3.925931270893775945e+04
5.821238731776284148e+00 5.543190151643427876e-01 5.491785950880685441e-01 9.626572437474989734e-04 3.962532461914714077e+04
5.899780311405160127e+00 5.661152401265587830e-01 5.609163878717798868e-01 9.919684539698078989e-04 3.989182426840558037e+04
5.978321844703323507e+00 5.737701141556431628e-01 5.687477351530222380e-01 1.051630980439869495e-03 4.031733976919409906e+04
6.056863333473133437e+00 5.866760101043509978e-01 5.813948137676109296e-01 1.070172872722680241e-03 4.048530742882240884e+04
6.135404779424661115e+00 5.960377786754539331e-01 5.905007071257162288e-01 1.122965296059674897e-03 4.043065446130263445e+04
6.213946184181517118e+00 6.022181322215437449e-01 5.966585098117318520e-01 1.150543810683237736e-03 4.056038945980518474e+04
6.292487549286247983e+00 6.168651254244807980e-01 6.112956430948720543e-01 1.200220521037922766e-03 4.085716028704206110e+04
6.371028876205335756e+00 6.196372249699209078e-01 6.141333429914793696e-01 1.239449107216236646e-03 4.081743765255515609e+04
6.449570166333828070e+00 6.260384838870126645e-01 6.201443007950114827e-01 1.284659136299259917e-03 4.085458541881048586e+04
6.528111420999634262e+00 6.399221140128122931e-01 6.335560106148695469e-01 1.339962951708742293e-03 4.073288330945141934e+04
6.606652641467518627e+00 6.501340766184431352e-01 6.435881701935124433e-01 1.373090540380781342e-03 4.090609582418428909e+04
6.685193828942805006e+00 6.624655067044953327e-01 6.559354168075173241e-01 1.421702515617899671e-03 4.096720745452053961e+04
6.763734984574836240e+00 6.624664438460829974e-01 6.559915293230488276e-01 1.464538110183125465e-03 4.106053632459471555e+04
6.842276109460177835e+00 6.803968365851956746e-01 6.732184284531314011e-01 1.515711765980245693e-03 4.115865887140593259e+04
6.920817204645620890e+00 6.878841754849021051e-01 6.808024682674778116e-01 1.545775332960323692e-03 4.157413331131718587e+04
6.999358271130968312e+00 6.977859793949998668e-01 6.905929540809918610e-01 1.622100913924791115e-03 4.186896462810162484e+04
7.077899309871646949e+00 7.086190038779408562e-01 7.013913213240169364e-01 1.676197105929104177e-03 4.153224525628452102e+04
7.156440321781138536e+00 7.156175974922276417e-01 7.085932203584676126e-01 1.705299058409902747e-03 4.133242600340596982e+04
7.234981307733260536e+00 7.325938069604780445e-01 7.253882543710582498e-01 1.759520736628456894e-03 4.188659561631632096e+04
7.313522268564292439e+00 7.340979270598640971e-01 7.264469376721540694e-01 1.825626826183534895e-03 4.179508408235999377e+04
7.392063205074973276e+00 7.434997185722472812e-01 7.356664700737148843e-01 1.878850735582939446e-03 4.178593620848681894e+04
7.470604118032365015e+00 7.524789820045260091e-01 7.448803228797136189e-01 1.935723531494676049e-03 4.189754380629769003e+04
7.549145008171610272e+00 7.559717308175659678e-01 7.480205258078501673e-01 1.988958257137334300e-03 4.221373249903009855e+04
7.627685876197570103e+00 7.671297646960860694e-01 7.595371769326850764e-01 2.047798389638252631e-03 4.222405263180077600e+04
7.706226722786373884e+00 7.832339782914110593e-01 7.747886875747623803e-01 2.107967875235962352e-03 4.203312227503837494e+04
7.784767548586863484e+00 7.838219601055100849e-01 7.751195157036407934e-01 2.156915841503701491e-03 4.192095262225262559e+04
7.863308354221953955e+00 7.987052965558577577e-01 7.902276562958446826e-01 2.216538166746946648e-03 4.228831075165550283e+04
7.941849140289923170e+00 8.083229508171895228e-01 7.997164543815045157e-01 2.279250904424368323e-03 4.189373544489183405e+04
8.020389907365611748e+00 8.176085961929412393e-01 8.089767144590124248e-01 2.332697665782154130e-03 4.254176255124383169e+04
8.098930656001561701e+00 8.248292332945739158e-01 8.158011451707521955e-01 2.406501941436926372e-03 4.230275694784389634e+04
8.177471386729090241e+00 8.355228222978652308e-01 8.263116074816158063e-01 2.490636756745311445e-03 4.222073987809523533e+04
8.256012100059292536e+00 8.485438381148903142e-01 8.390229195921320438e-01 2.544534969221785500e-03 4.248398428453932138e+04
8.334552796484000936e+00 8.505699096484716781e-01 8.413338533780586603e-01 2.606978165346637236e-03 4.224966556292752648e+04
8.413093476476680266e+00 8.620588514599230034e-01 8.526519550498228295e-01 2.666969357255420062e-03 4.217999219735254155e+04
8.491634140493276917e+00 8.755048027588360204e-01 8.658675831513803489e-01 2.754758273389467261e-03 4.224734110278445587e+04
8.570174788973028868e+00 8.768743788305713993e-01 8.671812420342522865e-01 2.838104741049329253e-03 4.222108758221930475e+04
8.648715422339215309e+00 8.856055256660211317e-01 8.757566619827137355e-01 2.897112018831425433e-03 4.233926406675717590e+04
8.727256040999876063e+00 8.961030425904801255e-01 8.861449443116070634e-01 2.981136020863091318e-03 4.196937833205330389e+04
8.805796645348495488e+00 9.076698737743550405e-01 8.971686959960635255e-01 3.043279058642313958e-03 4.209829909104274702e+04
8.884337235764643737e+00 9.134159625860720499e-01 9.027493472306330480e-01 3.114027349759593364e-03 4.209805484091862309e+04
8.962877812614589601e+00 9.225159157232403206e-01 9.121092534976653621e-01 3.213847124868995063e-03 4.254855903754577594e+04
9.041418376251867173e+00 9.296988829574246438e-01 9.192689177861721461e-01 3.285805855277727696e-03 4.238637418448967219e+04
9.119958927017840722e+00 9.361700227347178327e-01 9.253816343203811190e-01 3.357145644932586249e-03 4.255768702825272339e+04
9.198499465242209183e+00 9.501719947307564196e-01 9.389608392396752157e-01 3.444947366239830850e-03 4.218884818327173707e+04
9.277039991243508865e+00 9.581466767522344163e-01 9.467539280495574916e-01 3.510563370864268080e-03 4.199061373059950711e+04
9.355580505329580632e+00 9.701964230497681640e-01 9.588188120586861318e-01 3.613016730712813752e-03 4.223566042232369364e+04
9.434121007798012215e+00 9.730605448680794689e-01 9.613578183763473728e-01 3.726271226377629933e-03 4.237491148097973200e+04
9.512661498936562765e+00 9.895690303434790946e-01 9.783048418563798920e-01 3.776176491903530073e-03 4.224493598701008159e+04
9.591201979023569635e+00 9.897895429605262363e-01 9.777921632617792014e-01 3.903151839530270058e-03 4.218659189182049158e+04
9.669742448328321416e+00 1.001320278081048176e+00 9.893661075884367939e-01 3.980511276305580791e-03 4.202378552633429354e+04
9.748282907111432749e+00 1.015618107354832267e+00 1.004073612233252533e+00 4.076398251231468962e-03 4.202448771924187167e+04
9.826823355625185386e+00 1.017496382591855486e+00 1.005924365612072657e+00 4.166866115505573828e-03 4.158501859758697537e+04
9.905363794113858589e+00 1.023416691532566425e+00 1.011029909932488868e+00 4.287211524909555031e-03 4.198935892074945878e+04
9.983904222814045326e+00 1.030965581302009992e+00 1.017838948223635409e+00 4.360970537337430231e-03 4.160258670587663801e+04
1.006244464195495070e+01 1.042784504833299764e+00 1.030552815306158276e+00 4.452013471363204002e-03 4.163216693952753121e+04
1.014098505175868148e+01 1.043633860764444421e+00 1.031136547955332272e+00 4.572662526544531841e-03 4.163492106455843896e+04
1.021952545244051613e+01 1.059201181458608643e+00 1.046814301653724799e+00 4.658978806673251885e-03 4.172782684199104551e+04
1.029806584420916415e+01 1.071798586193238867e+00 1.059259962433051649e+00 4.781518036619122024e-03 4.140861199905892136e+04
1.037660622726701654e+01 1.071301730305608713e+00 1.058571140483145046e+00 4.863057708430112806e-03 4.152640182110437308e+04
1.045514660181038380e+01 1.082836280713203259e+00 1.069911316901613230e+00 5.012654954869015522e-03 4.137291458639001939e+04
1.053368696802971982e+01 1.093614174684866880e+00 1.080820383544725649e+00 5.085605704469272834e-03 4.152279189404220961e+04
1.061222732610984210e+01 1.098952121633454571e+00 1.085921924025309293e+00 5.180872121216276160e-03 4.143969152662109263e+04
1.069076767623013779e+01 1.104242538001855456e+00 1.091178162835474863e+00 5.313569204009202518e-03 4.120313384700832103e+04
1.076930801856475739e+01 1.114916854048643602e+00 1.101693454159156760e+00 5.425776494368551514e-03 4.118520068269340845e+04
1.084784835328281005e+01 1.122166785443793779e+00 1.108799781085968883e+00 5.538900928265294739e-03 4.117960073926478799e+04
1.092638868054854306e+01 1.136566256837518107e+00 1.122959052204564045e+00 5.656613827897127161e-03 4.109715866113398079e+04
1.100492900052151413e+01 1.143050629129359619e+00 1.129526430161565509e+00 5.775110075119462699e-03 4.097442831678391667e+04
1.108346931335675833e+01 1.150784216487740208e+00 1.136926755699601665e+00 5.882796106387394586e-03 4.054119665260108013e+04
1.116200961920494805e+01 1.157518077883140650e+00 1.143486247431361180e+00 6.004419307138400205e-03 4.070796723860065686e+04
1.124054991821254212e+01 1.157445930533189227e+00 1.143208244470421686e+00 6.148829065889710975e-03 4.073992044399053702e+04
1.131909021052193687e+01 1.163872962554650670e+00 1.149748965734813666e+00 6.260934243480645485e-03 4.056097594222867338e+04
1.139763049627160285e+01 1.171002473871573413e+00 1.156390458597589488e+00 6.421835994737373071e-03 4.031793091677248594e+04
1.147617077559622167e+01 1.182981188050786336e+00 1.168992324591539234e+00 6.538218384751018526e-03 4.031253130197961582e+04
1.155471104862680853e+01 1.192273813199314692e+00 1.177156646991043720e+00 6.644946295311773832e-03 4.015017382447958516e+04
1.163325131549084368e+01 1.204479265290548495e+00 1.189575051607834055e+00 6.800299248713394598e-03 4.022611847794955247e+04
1.171179157631238787e+01 1.200690003052657051e+00 1.186158899659326860e+00 6.888420166277210883e-03 4.000981237719536875e+04
1.179033183121219608e+01 1.217042588112049462e+00 1.201714481365993237e+00 7.058462787683498878e-03 3.982650518356824614e+04
1.186887208030782759e+01 1.222959665091280179e+00 1.207380872779824310e+00 7.156997163539106747e-03 3.966254836206934124e+04
1.194741232371374728e+01 1.226789525105480783e+00 1.211713661697597866e+00 7.320931883764952852e-03 3.971347944951756654e+04
1.202595256154143222e+01 1.230542528790796730e+00 1.215577878792571065e+00 7.472480807082359372e-03 3.956066373922095227e+04
1.210449279389946753e+01 1.235228480626173519e+00 1.220004285354419737e+00 7.604994268579608543e-03 3.934040493085604248e+04
1.218303302089363527e+01 1.241772060552992940e+00 1.226416074635869213e+00 7.729523915015761373e-03 3.933366935808581911e+04
1.226157324262700676e+01 1.248611460612426116e+00 1.233021344111060236e+00 7.856172794470581144e-03 3.941634997941934853e+04
1.234011345920003322e+01 1.257884186519775405e+00 1.242327894112336795e+00 8.034860168916318005e-03 3.908244099427499896e+04
1.241865367071062565e+01 1.261085375832813549e+00 1.246130591597169657e+00 8.217386456831928324e-03 3.883078265881317930e+04
1.249719387725422415e+01 1.273763985099674034e+00 1.257826877854346437e+00 8.365227111201309698e-03 3.881758977658094227e+04
1.257573407892389383e+01 1.281197886979019929e+00 1.265647438401689584e+00 8.492037812467408478e-03 3.892873635641989677e+04
1.265427427581038877e+01 1.285184770676986776e+00 1.268695069678160481e+00 8.659523553889877240e-03 3.864295327898081450e+04
1.273281446800221772e+01 1.290754291218208616e+00 1.274432975737072038e+00 8.813667372389762111e-03 3.831611655893598072e+04
1.281135465558572584e+01 1.303149305291698923e+00 1.287045908918626136e+00 8.973405068381906310e-03 3.845633083652665664e+04
1.288989483864514796e+01 1.307792761081068011e+00 1.292361787622209102e+00 9.107240227687633458e-03 3.809471416345569742e+04
1.296843501726268322e+01 1.315684527359993528e+00 1.300250533118574747e+00 9.280453569495784871e-03 3.819175751405673509e+04
1.304697519151855190e+01 1.317924485112406119e+00 1.302379376054453752e+00 9.413304525268601994e-03 3.806615338846979284e+04
1.312551536149104692e+01 1.325193330613461562e+00 1.309518306411861621e+00 9.559700550840948344e-03 3.794552397670900973e+04
1.320405552725660492e+01 1.330341919957856556e+00 1.313996360107177575e+00 9.732353787060657110e-03 3.752409853633910097e+04
1.328259568888985243e+01 1.339905045644590897e+00 1.323328114031538050e+00 9.875149859488329199e-03 3.741455589727721235e+04
1.336113584646366270e+01 1.349196955952215227e+00 1.332157181310356986e+00 1.006073650417825538e-02 3.736228767149295891e+04
1.343967600004920548e+01 1.350466881549832632e+00 1.333756652130007048e+00 1.023268517756212997e-02 3.736807804752383527e+04
1.351821614971599317e+01 1.356869339787885265e+00 1.340912936767286956e+00 1.042642382061172851e-02 3.720920640677617484e+04
1.359675629553193588e+01 1.365186155166714155e+00 1.348467234936397530e+00 1.054918356591163370e-02 3.698077305579864333e+04
1.367529643756338231e+01 1.367172077555439236e+00 1.350976835932872655e+00 1.073391203476632000e-02 3.686081161419839191e+04
1.375383657587516595e+01 1.375248595846855659e+00 1.358745398424749062e+00 1.090432432762248466e-02 3.672149256171713205e+04
1.383237671053064766e+01 1.384920119566781516e+00 1.367999951709845785e+00 1.108447671515410370e-02 3.665209572049287090e+04
1.391091684159175834e+01 1.389128743512895836e+00 1.372143462066846453e+00 1.125377102755033797e-02 3.651506402482924022e+04
1.398945696911903269e+01 1.396792651999761548e+00 1.379228044345934157e+00 1.146694020956560284e-02 3.638218296678173647e+04
1.406799709317166069e+01 1.402405089074830302e+00 1.385469322004232007e+00 1.161852253766982104e-02 3.622815618964903842e+04
1.414653721380751428e+01 1.408441349179769375e+00 1.391357732482940257e+00 1.179193487463270872e-02 3.612099519600989879e+04
1.422507733108318817e+01 1.415009568753522906e+00 1.398182603731572993e+00 1.198374870541615150e-02 3.587949563139796373e+04
1.430361744505403543e+01 1.419492348914718649e+00 1.402262708977381367e+00 1.209555979633573745e-02 3.587356955934181315e+04
1.438215755577419586e+01 1.426046582516691696e+00 1.408223862942791671e+00 1.230130779062602563e-02 3.552052644985810184e+04
1.446069766329663686e+01 1.433654258746573262e+00 1.417102661364506133e+00 1.246761542569861832e-02 3.557514237293121550e+04
1.453923776767318010e+01 1.437663520920473337e+00 1.419840654161654836e+00 1.270437067582549928e-02 3.535902819406499475e+04
1.461777786895453346e+01 1.439990491680722018e+00 1.422465318612244234e+00 1.285803227823914367e-02 3.516078463529433066e+04
1.469631796719032302e+01 1.450930356789374764e+00 1.433290646537811686e+00 1.304222403031045537e-02 3.483762778131104278e+04
1.477485806242911437e+01 1.452257347447559077e+00 1.434938170964043413e+00 1.330410684848352260e-02 3.504412332432561379e+04
1.485339815471844993e+01 1.465567072958240402e+00 1.447787983007727153e+00 1.338688974669451255e-02 3.482012907774308405e+04
1.493193824410487203e+01 1.463458165795329613e+00 1.446088817520076120e+00 1.367145348347081381e-02 3.464548118886481825e+04
1.501047833063394421e+01 1.470122910174743502e+00 1.452207922753788294e+00 1.384808795294066586e-02 3.451823889346059877e+04
1.508901841435028857e+01 1.474807098220964008e+00 1.458064131630014248e+00 1.406470668114516952e-02 3.437337547154069034e+04
1.516755849529759992e+01 1.487882800523595339e+00 1.470564297393693209e+00 1.434654363103166248e-02 3.420312977723601944e+04
1.524609857351867070e+01 1.489990347097885914e+00 1.472280499434134526e+00 1.449683957617890762e-02 3.414823507628623338e+04
1.532463864905541762e+01 1.491667690795929646e+00 1.473703842055499980e+00 1.467467513392834225e-02 3.397586969196295831e+04
1.540317872194890292e+01 1.504038977624162499e+00 1.485676662273300197e+00 1.492996776670757475e-02 3.380347962487870245e+04
1.548171879223935399e+01 1.507645317345975178e+00 1.489509858569521894e+00 1.514019942040251490e-02 3.370055445789820806e+04
1.556025885996618996e+01 1.513353083043727398e+00 1.495233449673842641e+00 1.530260916934076190e-02 3.354518477964428166e+04
1.563879892516803238e+01 1.518895385903686224e+00 1.501051474052019996e+00 1.558229535781532372e-02 3.332397291166496143e+04
1.571733898788273187e+01 1.521904140444868103e+00 1.503515064025295889e+00 1.578043385984085820e-02 3.324357610998796736e+04
1.579587904814739119e+01 1.535819721948713967e+00 1.517489129211803123e+00 1.598934115446326229e-02 3.317681821082440001e+04
1.587441910599837769e+01 1.536367268023072219e+00 1.518773863327603779e+00 1.622007582528182251e-02 3.287099390873381344e+04
1.595295916147133575e+01 1.547301876298312839e+00 1.529340791489108176e+00 1.651141799423217968e-02 3.275152088623733653e+04
1.603149921460121874e+01 1.555825248798238913e+00 1.537976680010025854e+00 1.668470739131366204e-02 3.263262365560232502e+04
1.611003926542229436e+01 1.553014683275708574e+00 1.535144057357551661e+00 1.692605054373988449e-02 3.249355903888545799e+04
1.618857931396816596e+01 1.567907966321320234e+00 1.549571987966486208e+00 1.725976643286602011e-02 3.254212731447320766e+04
1.626711936027179561e+01 1.575262171810364986e+00 1.557914338320918857e+00 1.741563428770912317e-02 3.225448827039038588e+04
1.634565940436549525e+01 1.577302759595846648e+00 1.558497657977037099e+00 1.771691699099011558e-02 3.223110867180439891e+04
1.642419944628097639e+01 1.584268640176179188e+00 1.566136363006529031e+00 1.794033627038710277e-02 3.198653204372886466e+04
1.650273948604932883e+01 1.584948826134782163e+00 1.567394770446034702e+00 1.810428427325565595e-02 3.198683594440957313e+04
1.658127952370107394e+01 1.597287846425457625e+00 1.578962159836468038e+00 1.842578571728520354e-02 3.175593571144925590e+04
1.665981955926614333e+01 1.596331778834425563e+00 1.578363322183844453e+00 1.867140765979612496e-02 3.169146954478246698e+04
1.673835959277390728e+01 1.609680149716091302e+00 1.591301791502596652e+00 1.891182518065995591e-02 3.160937503503422340e+04
1.681689962425318896e+01 1.606871072213881479e+00 1.588337029344625950e+00 1.918558005950303513e-02 3.148861746859751293e+04
1.689543965373228218e+01 1.622840150985617402e+00 1.604158344644705858e+00 1.940892324488184550e-02 3.129083811499430522e+04
1.697397968123895495e+01 1.628551130154884730e+00 1.610037669315700581e+00 1.970277830264268934e-02 3.110203416288920198e+04
1.705251970680045304e+01 1.631594038446605222e+00 1.612787550444771512e+00 1.992945472494383335e-02 3.108277710482140537e+04
1.713105973044353902e+01 1.632363924032868008e+00 1.614497528244819957e+00 2.031179472853365461e-02 3.096758481004595887e+04
1.720959975219447102e+01 1.641029225860848317e+00 1.622240820662101513e+00 2.043765406178515640e-02 3.087573068795021754e+04
1.728813977207903463e+01 1.646677282687382338e+00 1.628227912794702137e+00 2.068004824486572441e-02 3.080846992515499369e+04
1.736667979012256424e+01 1.653324999137697260e+00 1.634601736476153144e+00 2.099389646104880824e-02 3.064241031899997324e+04
1.744521980634991110e+01 1.661472871166238541e+00 1.643247191229217918e+00 2.122952039554817233e-02 3.046716561832552907e+04
1.752375982078550365e+01 1.668443682477148027e+00 1.651154022427285595e+00 2.144756016792517470e-02 3.038877005327310326e+04
1.760229983345331917e+01 1.673203046645072467e+00 1.655668995451838210e+00 2.185550639452829916e-02 3.036368885629623401e+04
1.768083984437692635e+01 1.682013514720133607e+00 1.664560893281385123e+00 2.210864317284492661e-02 3.015422279009457998e+04
1.775937985357945692e+01 1.688402690405627737e+00 1.670664467121922181e+00 2.240873594083728562e-02 3.011386002419639408e+04
1.783791986108364824e+01 1.694145205468423176e+00 1.676554278356865435e+00 2.267535453633393039e-02 2.993013862779545525e+04
1.791645986691183268e+01 1.699105717522993109e+00 1.681272473482654961e+00 2.288062617280974334e-02 2.984147531519696349e+04
1.799499987108595889e+01 1.707184435508510401e+00 1.690040427401639622e+00 2.318445716113575264e-02 2.983983428997923329e+04
1.807353987362759185e+01 1.716397393137401028e+00 1.698833797125488321e+00 2.353984809472411954e-02 2.969376228861695927e+04
1.815207987455791638e+01 1.718004098356505915e+00 1.699629321762428535e+00 2.382301882293653972e-02 2.955182171929568358e+04
1.823061987389775851e+01 1.724871717464113718e+00 1.706213064601403095e+00 2.405188997762408923e-02 2.951683739395648081e+04
1.830915987166758541e+01 1.729153044651315474e+00 1.711348097416963032e+00 2.436970812700911884e-02 2.952554947355832701e+04
1.838769986788751964e+01 1.748689995946894893e+00 1.729306389551460432e+00 2.461808064184397779e-02 2.930268604761810275e+04
1.846623986257733563e+01 1.747792454917826532e+00 1.728839543685203095e+00 2.486606901205190220e-02 2.925579775396793048e+04
1.854477985575647381e+01 1.757781839090328813e+00 1.739529482866096766e+00 2.528226130629638441e-02 2.931080549047976092e+04
1.862331984744404423e+01 1.768388092836265191e+00 1.750953321226859760e+00 2.554680571272125236e-02 2.917964910562992372e+04
1.870185983765884075e+01 1.771782327437122717e+00 1.752789949568227534e+00 2.585879062003903703e-02 2.906062989409442162e+04
1.878039982641934458e+01 1.780430277351275903e+00 1.762496840439033319e+00 2.608380472969006048e-02 2.903168693025919129e+04
1.885893981374372075e+01 1.786877701795553941e+00 1.768729372612076745e+00 2.647769619670972685e-02 2.896352954891565605e+04
1.893747979964983941e+01 1.792459948408130943e+00 1.773777347036316732e+00 2.681828331609433999e-02 2.888192250891010917e+04
1.901601978415527228e+01 1.805589207075462221e+00 1.787390992787917687e+00 2.716935838149517335e-02 2.882725895766641042e+04
1.909455976727730331e+01 1.809734636762214466e+00 1.791792211208627972e+00 2.746310213308244749e-02 2.886198759186967072e+04
1.917309974903293579e+01 1.821267986541875050e+00 1.803643158927845214e+00 2.774187159413788600e-02 2.879700209248420288e+04
1.925163972943889235e+01 1.825820920763445043e+00 1.807336866102509543e+00 2.797299732083185012e-02 2.875384849601023961e+04
1.933017970851161849e+01 1.832801565742112837e+00 1.814893133458352681e+00 2.833200936029033404e-02 2.863352356447244529e+04
1.940871968626730748e+01 1.848748881127213695e+00 1.830642750423431719e+00 2.869103478083482803e-02 2.869134765391658584e+04
1.948725966272188259e+01 1.857270239535719902e+00 1.838941240749230266e+00 2.886146775743188286e-02 2.862642004799835195e+04
1.956579963789100773e+01 1.858519941811265452e+00 1.841209786291551298e+00 2.931421524762621925e-02 2.856561434361993815e+04
1.964433961179010524e+01 1.875426626818758047e+00 1.856236730083909769e+00 2.961250917707394445e-02 2.857285198561338620e+04
1.972287958443434519e+01 1.879924215726190173e+00 1.861426798839668439e+00 3.000212936826165619e-02 2.856990189795555125e+04
1.980141955583865965e+01 1.892215379247269569e+00 1.873210856830571425e+00 3.023135054200154839e-02 2.860055149272917333e+04
1.987995952601774619e+01 1.907594187467053892e+00 1.888311392931107280e+00 3.071773103763297125e-02 2.859134844843141400e+04
1.995849949498606790e+01 1.912062902135748477e+00 1.894215149669730591e+00 3.086376230007830540e-02 2.862201466005605835e+04
2.003703946275786052e+01 1.921628760467728458e+00 1.902346193638839500e+00 3.128611638285466734e-02 2.853285532380205768e+04
2.011557942934713950e+01 1.922870928038332483e+00 1.905154327465658604e+00 3.166422580879395265e-02 2.855156728373861552e+04
2.019411939476770712e+01 1.929432179742364140e+00 1.911317581946592181e+00 3.186754922535468826e-02 2.832911066846833273e+04
2.027265935903314542e+01 1.933470773758884986e+00 1.915334345598075361e+00 3.218548555827919350e-02 2.823151187089876476e+04
2.035119932215682326e+01 1.937075289933982924e+00 1.918791072043606549e+00 3.244506378946834108e-02 2.817377882654057612e+04
2.042973928415191054e+01 1.942506261686291147e+00 1.924077830875636108e+00 3.277645628093894814e-02 2.807606641662496986e+04
2.050827924503137467e+01 1.941152593464940512e+00 1.924471163210297542e+00 3.309303961846286890e-02 2.789158420506862240e+04
2.058681920480798766e+01 1.946674271141320300e+00 1.929694610803975641e+00 3.344255523906483618e-02 2.779582410052568594e+04
2.066535916349431901e+01 1.949372298249928415e+00 1.932915990882755564e+00 3.362805145342467883e-02 2.758759151929009022e+04
2.074389912110275347e+01 1.949229768774509042e+00 1.933776266980597569e+00 3.405997188749529392e-02 2.752348414562171456e+04
2.082243907764548752e+01 1.953184796959574143e+00 1.935576165856693898e+00 3.438309064175571611e-02 2.738111614647737224e+04
2.090097903313453642e+01 1.961608968827974753e+00 1.945917080042184999e+00 3.477077210945184182e-02 2.728871550612544524e+04
2.097951898758173783e+01 1.960855071449182141e+00 1.945153619714270254e+00 3.504502513017282439e-02 2.711056007596784548e+04
2.105805894099874109e+01 1.962282440105905801e+00 1.946536830355612535e+00 3.537956559838453807e-02 2.695523184284761010e+04
2.113659889339703568e+01 1.961894807684850139e+00 1.947149824386903649e+00 3.567274990297142345e-02 2.683518313715458862e+04
2.121513884478793344e+01 1.968098027751080892e+00 1.952299101581856045e+00 3.608974725997361049e-02 2.671314080033997743e+04
2.129367879518258277e+01 1.967197195403961985e+00 1.951714205725569640e+00 3.634687563296562507e-02 2.657097019778019967e+04
2.137221874459196869e+01 1.975100903982782263e+00 1.959673637225154863e+00 3.673683738038252544e-02 2.645728914855100447e+04
2.145075869302691274e+01 1.972966151278573887e+00 1.957654505217781393e+00 3.708348678519678837e-02 2.627472454036035197e+04
2.152929864049807307e+01 1.978138546668120501e+00 1.963353643305232765e+00 3.753607447030907207e-02 2.614350831894720977e+04
2.160783858701596571e+01 1.976476521398331743e+00 1.963082406672861602e+00 3.775708433441968270e-02 2.616056749460499850e+04
2.168637853259094683e+01 1.981485609689296767e+00 1.967801841331602075e+00 3.822288529632746068e-02 2.600811332340533045e+04
2.176491847723321982e+01 1.984667435972831573e+00 1.971171876721798499e+00 3.853599703137602916e-02 2.589054664911047075e+04
2.184345842095285306e+01 1.988856434031924802e+00 1.974874290808823263e+00 3.896312679075456670e-02 2.570896071326265155e+04
2.192199836375975508e+01 1.993800827419359267e+00 1.980394873269717193e+00 3.942516438691334724e-02 2.567858906276665948e+04
2.200053830566371005e+01 1.995173104065697478e+00 1.980832997239357018e+00 3.982592420680855505e-02 2.556826511774849496e+04
2.207907824667434582e+01 1.990169909215869559e+00 1.976444694256521473e+00 4.004277069135175893e-02 2.539254466717342802e+04
2.215761818680116590e+01 2.000620886741067306e+00 1.986728274650298776e+00 4.044819895563440959e-02 2.534331573950146048e+04
2.223615812605353526e+01 2.002526765782707496e+00 1.989383449685661942e+00 4.086002667811645950e-02 2.521491969649779276e+04
2.231469806444068738e+01 2.003724652830268127e+00 1.990023367540332710e+00 4.136182374396372985e-02 2.507678342565129424e+04
2.239323800197172432e+01 2.009997252567116366e+00 1.995883005219719841e+00 4.164161336636006128e-02 2.504809412558276381e+04
2.247177793865562023e+01 2.012461554685374132e+00 1.999999440465042744e+00 4.204667812558837703e-02 2.482124320964331127e+04
2.255031787450123204e+01 2.013200590600725981e+00 2.000541125418795030e+00 4.253206520377219441e-02 2.478261668398417532e+04
2.262885780951728165e+01 2.020932234727104149e+00 2.008197993713065621e+00 4.296888675155829951e-02 2.459547396255752392e+04
2.270739774371238440e+01 2.020363557091750195e+00 2.009752568520405180e+00 4.326728367987288382e-02 2.454245184388830967e+04
2.278593767709502771e+01 2.023413901925233294e+00 2.010257637713478651e+00 4.371358684877878209e-02 2.450735339588263014e+04
2.286447760967358178e+01 2.022579845288067002e+00 2.010351729669033194e+00 4.428346227743718694e-02 2.437300716814567568e+04
2.294301754145629957e+01 2.030201351950507771e+00 2.019179026479232864e+00 4.451893311784840823e-02 2.425524901311381109e+04
2.302155747245133455e+01 2.034490219522753218e+00 2.022547530452142972e+00 4.500199061942667528e-02 2.412954603200972269e+04
2.310009740266672296e+01 2.034532856227701636e+00 2.022800831596389681e+00 4.542575795787123782e-02 2.413980736839449673e+04
2.317863733211038380e+01 2.039670191169274283e+00 2.026910196820328025e+00 4.571495496608998788e-02 2.396284410095136991e+04
2.325717726079013303e+01 2.044841082038597158e+00 2.033456194450617094e+00 4.621287423483005918e-02 2.393313605043358257e+04
2.333571718871368716e+01 2.044128623567455616e+00 2.031096196809156318e+00 4.667895051307074245e-02 2.376734739973388423e+04
2.341425711588865965e+01 2.041912506383277037e+00 2.030263257002211219e+00 4.709539489466025436e-02 2.357837133909644035e+04
2.349279704232255384e+01 2.051445043606873408e+00 2.041509710567479985e+00 4.753739156347563249e-02 2.364353012727474925e+04
2.357133696802278067e+01 2.061491719701885383e+00 2.050085165812057575e+00 4.812427399722565835e-02 2.348194968760678603e+04
2.364987689299664453e+01 2.054578805440737455e+00 2.044457786287642964e+00 4.854123743327237728e-02 2.350280581739722038e+04
2.372841681725136453e+01 2.065020770437989039e+00 2.054487385235256980e+00 4.893678608004751324e-02 2.340983791132960687e+04
2.380695674079405322e+01 2.066034346006149658e+00 2.054885364240618628e+00 4.946508895341358847e-02 2.328143182218532456e+04
2.388549666363174140e+01 2.068718332361501488e+00 2.058749922555077383e+00 4.998803403928503419e-02 2.316860849379414867e+04
2.396403658577134976e+01 2.070137728514162667e+00 2.059742216304662144e+00 5.044035189525061802e-02 2.314715186227610684e+04
2.404257650721972439e+01 2.078743818567090784e+00 2.069890715728157193e+00 5.090960515278025039e-02 2.292483778054232607e+04
2.412111642798362254e+01 2.080184322269158503e+00 2.070469498212338610e+00 5.138323666968254433e-02 2.295625487773100394e+04
2.419965634806970556e+01 2.083947401242655761e+00 2.074984160017279589e+00 5.175817590409889646e-02 2.279038095246396551e+04
2.427819626748454596e+01 2.086043895597509135e+00 2.077950642839892392e+00 5.213254622929701376e-02 2.276140220029373450e+04
2.435673618623464520e+01 2.091982718214833170e+00 2.083270355637404148e+00 5.260972915305218295e-02 2.269961502970654692e+04
2.443527610432640529e+01 2.093183323782804806e+00 2.086446071537628733e+00 5.324966711624827542e-02 2.271153844384500189e+04
2.451381602176616425e+01 2.103208730743524324e+00 2.096481110386498870e+00 5.369783657519071329e-02 2.260282656702063105e+04
2.459235593856016067e+01 2.104798025998903643e+00 2.095805726362816479e+00 5.414687432734377470e-02 2.248811359225815249e+04
2.467089585471456203e+01 2.111597169765639048e+00 2.102780871280368835e+00 5.466698111870478549e-02 2.241620358539742301e+04
2.474943577023546126e+01 2.113495426618417383e+00 2.103002659144031394e+00 5.525714905257603921e-02 2.234423180212553780e+04
2.482797568512887310e+01 2.120421682209923109e+00 2.113018623889746817e+00 5.584275618631432542e-02 2.231353889145344147e+04
2.490651559940072346e+01 2.120699845076341905e+00 2.114218024971150189e+00 5.635525457096730861e-02 2.223457766364154304e+04
2.498505551305688144e+01 2.129803129685069241e+00 2.122241031657792210e+00 5.672466343207233086e-02 2.220307651638073730e+04
2.506359542610313440e+01 2.134758336201762585e+00 2.126555565068817266e+00 5.716522552809050889e-02 2.209028882565765161e+04
2.514213533854519511e+01 2.131858698774459882e+00 2.125414649597970218e+00 5.798013886091733793e-02 2.207243330420429993e+04
2.522067525038871239e+01 2.151215941169299484e+00 2.145951924761114515e+00 5.850729688153666341e-02 2.194930408156452177e+04
2.529921516163925688e+01 2.150345448213705435e+00 2.145670979303750503e+00 5.894599090968812016e-02 2.198188683661473260e+04
2.537775507230233529e+01 2.157472958595434420e+00 2.153028785709468096e+00 5.943650195192565211e-02 2.195162736089049213e+04
2.545629498238338684e+01 2.152400683320946140e+00 2.145279017569740265e+00 6.003868773809160897e-02 2.182040362788148559e+04
2.553483489188777966e+01 2.155158673428200444e+00 2.148932705976933200e+00 6.050370449126666467e-02 2.188058175607536032e+04
2.561337480082082152e+01 2.163344495287709890e+00 2.156198529198408043e+00 6.092815221137949655e-02 2.178485155096510425e+04
2.569191470918774911e+01 2.170190995632803599e+00 2.166556966167923814e+00 6.173195548417423351e-02 2.162262411573535064e+04
2.577045461699373874e+01 2.168877923771892480e+00 2.162729682844039214e+00 6.216758914976344697e-02 2.163805967002438047e+04
2.584899452424390631e+01 2.183586380478104605e+00 2.178483681328332811e+00 6.288002863738123560e-02 2.159855521780090203e+04
2.592753443094329668e+01 2.192205751705820660e+00 2.187086880760980900e+00 6.341605983638980149e-02 2.153982278257303551e+04
2.600607433709690852e+01 2.183798012395707477e+00 2.181021116892427614e+00 6.389600879122186994e-02 2.150339937266926063e+04
2.608461424270966944e+01 2.189235102090306917e+00 2.185784741372203577e+00 6.458127707337926737e-02 2.144229481293626668e+04
2.616315414778644310e+01 2.195286680904630305e+00 2.191653215202300498e+00 6.539668384237093401e-02 2.142180383595005333e+04
2.624169405233205055e+01 2.200392596332624517e+00 2.197879324233110498e+00 6.542997665452612854e-02 2.136997328362349799e+04
2.632023395635124174e+01 2.213002952664494760e+00 2.209658213895250967e+00 6.641063932485402610e-02 2.139007475167321172e+04
2.639877385984871694e+01 2.208428354872974175e+00 2.206845541753137852e+00 6.681080541346234858e-02 2.128857945277058752e+04
2.647731376282911953e+01 2.221161870507914582e+00 2.219467446012084899e+00 6.767143858731611283e-02 2.126976278972508953e+04
2.655585366529703606e+01 2.225609927068252780e+00 2.224410579454205283e+00 6.807004082310223747e-02 2.124478831570783586e+04
2.663439356725699980e+01 2.230584668990845731e+00 2.232074123218368733e+00 6.893217737798436329e-02 2.124771270541663034e+04
2.671293346871349428e+01 2.239009072689549296e+00 2.237637211447597974e+00 6.931190029382261475e-02 2.122376888337707351e+04
2.679147336967094617e+01 2.249561473783118881e+00 2.249829093967453453e+00 6.986294805858493662e-02 2.116316823837615084e+04
2.687001327013372531e+01 2.250737865300203921e+00 2.248606964513419904e+00 7.044880256550357933e-02 2.117100933296503354e+04
2.694855317010616602e+01 2.266431187083759458e+00 2.264146687978550343e+00 7.096649319589601324e-02 2.100564348944286030e+04
2.702709306959254221e+01 2.267345206857862561e+00 2.268517808240551936e+00 7.170034693652921343e-02 2.109693626389968631e+04
2.710563296859707094e+01 2.270209911408462400e+00 2.268907623515152849e+00 7.241047412981098386e-02 2.102431096696506575e+04
2.718417286712393377e+01 2.288968007633679136e+00 2.286544977494596509e+00 7.292254532000159994e-02 2.097687527324811526e+04
2.726271276517725894e+01 2.295532309484940914e+00 2.294419274717343527e+00 7.369345136592379830e-02 2.102967207923517344e+04
2.734125266276112498e+01 2.286904245772714450e+00 2.283831534096705695e+00 7.404781080184205666e-02 2.099048286710102911e+04
2.741979255987956776e+01 2.289133117675876683e+00 2.288804736380674054e+00 7.502515162717404706e-02 2.086626021819658126e+04
2.749833245653658054e+01 2.289934558437679346e+00 2.292349216271688750e+00 7.554730914332394298e-02 2.078377412489663402e+04
2.757687235273609616e+01 2.295213720870847407e+00 2.295666248291687861e+00 7.610193686858884865e-02 2.069875827277661301e+04
2.765541224848202262e+01 2.304716848792240036e+00 2.308454494409294622e+00 7.683278197194673420e-02 2.080848952152210768e+04
2.773395214377820395e+01 2.299223021594570149e+00 2.302010639697871230e+00 7.737046747557203841e-02 2.057103521704736340e+04
2.781249203862845576e+01 2.301867190660548790e+00 2.305860085974567042e+00 7.815122758403243719e-02 2.063347383274599269e+04
2.789103193303654038e+01 2.297997038409612891e+00 2.301796407386339283e+00 7.867488359003206588e-02 2.059210533190194110e+04
2.796957182700618816e+01 2.309065619058827679e+00 2.310893979967930445e+00 7.893891485500355298e-02 2.044123317473441784e+04
2.804811172054107615e+01 2.315364854823971807e+00 2.320463565883085444e+00 7.980920980691703914e-02 2.026552556562556128e+04
2.812665161364485655e+01 2.317018011400079569e+00 2.320828435826341352e+00 8.022661795807384255e-02 2.044450234161248591e+04
2.820519150632112115e+01 2.307302526679274379e+00 2.310684047527427509e+00 8.088765290342572745e-02 2.017447578145688385e+04
2.828373139857343332e+01 2.292501273075062240e+00 2.296855487749472235e+00 8.147559968987384826e-02 1.992437594244770298e+04
2.836227129040531736e+01 2.313941052515903429e+00 2.321153358006891931e+00 8.229347726726526924e-02 1.995753086540200820e+04
2.844081118182025847e+01 2.308658051062505212e+00 2.312078194777129614e+00 8.294797074746591836e-02 1.976228702530913506e+04
2.851935107282169923e+01 2.293539484906206738e+00 2.299216471156304564e+00 8.323816751535881298e-02 1.973827751934011030e+04
2.859789096341304315e+01 2.322906673155100687e+00 2.328877670435806291e+00 8.442522850693283398e-02 1.967942188595505650e+04
2.867643085359765820e+01 2.303000122387298010e+00 2.307024233419875170e+00 8.469107036732663463e-02 1.941162996027840563e+04
2.875497074337888392e+01 2.287167990248459404e+00 2.294706639760530464e+00 8.527777771870122259e-02 1.931416957118883875e+04
2.883351063276001369e+01 2.299394632796435189e+00 2.299996985294156637e+00 8.599320879111914395e-02 1.936748392664631683e+04
2.891205052174430890e+01 2.292571259586050125e+00 2.295969538807370647e+00 8.695049000958926522e-02 1.918594895318894487e+04
2.899059041033499184e+01 2.292198862540274273e+00 2.297856907836697715e+00 8.797710895639157536e-02 1.916233640508421740e+04
2.906913029853525643e+01 2.300458437271037049e+00 2.303763987055909013e+00 8.862353017095540852e-02 1.910828310713581959e+04
2.914767018634825746e+01 2.295599498757734391e+00 2.306617193266828014e+00 8.949772357447904891e-02 1.895359511959133306e+04
2.922621007377712132e+01 2.298420480169841795e+00 2.308500633191161278e+00 9.013790784067175765e-02 1.895909762518520438e+04
2.930474996082492822e+01 2.303370574287268990e+00 2.311777134352253960e+00 9.058745158797566754e-02 1.889588240033230250e+04
2.938328984749474060e+01 2.313214354180295640e+00 2.322263703906214172e+00 9.135028831232551438e-02 1.881711298607772915e+04
2.946182973378957826e+01 2.316990018076981350e+00 2.327857814977642992e+00 9.286517472967838194e-02 1.874292659884827299e+04
2.954036961971243258e+01 2.316634712930385920e+00 2.323239759419540196e+00 9.377836883978785121e-02 1.864033052018055969e+04
2.961890950526625943e+01 2.313060211516074993e+00 2.319934868336573697e+00 9.431334070915531331e-02 1.873717156256247836e+04
2.969744939045398979e+01 2.334771814056948447e+00 2.344306015798762299e+00 9.575246869226858304e-02 1.865341190283280957e+04
2.977598927527852268e+01 2.337570697561123900e+00 2.341548992745873914e+00 9.601450750617847307e-02 1.858022804560336590e+04
2.985452915974272159e+01 2.327113419256934268e+00 2.334388271791530300e+00 9.690618341626555665e-02 1.855955519225954413e+04
2.993306904384942868e+01 2.343528479580287538e+00 2.348393388895980483e+00 9.742144035410540970e-02 1.847115721989863232e+04
3.001160892760143994e+01 2.335884204042488310e+00 2.349466373868705382e+00 9.870793327193558286e-02 1.837536073088853664e+04
3.009014881100154071e+01 2.349118901173196328e+00 2.360904551868511891e+00 1.000632427159766358e-01 1.858844536392028749e+04
3.016868869405248077e+01 2.332616712394040892e+00 2.340823200078705479e+00 1.011119286685606966e-01 1.841151461991654287e+04
3.024722857675697441e+01 2.367005289031211213e+00 2.376327065755446277e+00 1.015291914928719841e-01 1.846519378970019898e+04
3.032576845911771457e+01 2.345943938620196345e+00 2.358143488042012237e+00 1.029467945038090582e-01 1.836413670930030639e+04
3.040430834113736580e+01 2.359033958643263595e+00 2.372871400379136020e+00 1.041272505965342710e-01 1.846888665871662670e+04
3.048284822281856421e+01 2.357562121481763029e+00 2.367252016109513857e+00 1.048019364083959959e-01 1.819248399295159834e+04
3.056138810416392460e+01 2.385855246619462910e+00 2.394625186921675031e+00 1.060498736586316521e-01 1.820916711375276645e+04
3.063992798517602267e+01 2.371945421724393377e+00 2.376242689072514125e+00 1.065469298013015098e-01 1.836671993214214672e+04
3.071846786585741640e+01 2.385741735576427658e+00 2.396497728370833080e+00 1.082325917671223409e-01 1.827011332484401282e+04
3.079700774621063886e+01 2.364597225831917893e+00 2.370319663938881050e+00 1.085410128373799632e-01 1.813116928170973551e+04
3.087554762623818760e+01 2.405413604563926722e+00 2.412329627019456968e+00 1.102654010236999299e-01 1.815772943266218135e+04
3.095408750594254599e+01 2.409478213988902606e+00 2.410418486797415660e+00 1.116573633686642752e-01 1.807476985759824674e+04
3.103262738532617249e+01 2.392885000002817453e+00 2.402041177395095595e+00 1.123563435117483217e-01 1.815884799287980422e+04
3.111116726439149005e+01 2.435340940754873618e+00 2.450585701921033976e+00 1.139075486107515439e-01 1.830319287999415246e+04
3.118970714314090387e+01 2.443833901482350690e+00 2.454070676863947309e+00 1.148360827773057674e-01 1.807143036319152088e+04
3.126824702157679781e+01 2.444541716292006672e+00 2.454150267568353971e+00 1.166394116397126701e-01 1.827517948015768707e+04
3.134678689970152377e+01 2.442160981631744665e+00 2.449985014955036622e+00 1.171184364846184489e-01 1.812439013385201179e+04
3.142532677751741588e+01 2.466832822635169009e+00 2.484918936596530070e+00 1.183470786972083827e-01 1.820681767762175514e+04
3.150386665502678696e+01 2.464845975207131890e+00 2.478377774669825673e+00 1.194357752198051681e-01 1.840411744791557066e+04
3.158240653223192140e+01 2.471222432102897493e+00 2.490469099812520515e+00 1.202963245398795122e-01 1.844019235750776352e+04
3.166094640913508229e+01 2.491803624127302719e+00 2.516787118861689709e+00 1.237898454522461389e-01 1.834602128776736208e+04
3.173948628573851494e+01 2.458148445867890608e+00 2.479762884173287940e+00 1.227475118040423363e-01 1.847742316256793129e+04
3.181802616204443623e+01 2.466770374281406220e+00 2.483406547872756054e+00 1.257092574033533139e-01 1.818613108121616096e+04
3.189656603805504531e+01 2.487736817146937618e+00 2.524833447691886779e+00 1.241575962117819204e-01 1.836141443540125692e+04
3.197510591377251998e+01 2.540523346408749550e+00 2.560718354142812458e+00 1.273940644961063795e-01 1.816647940881485192e+04
3.205364578919900964e+01 2.529647033825354274e+00 2.555910947691980351e+00 1.284313463378506104e-01 1.818793305278206390e+04
3.213218566433665302e+01 2.545336689242221340e+00 2.569768788049975772e+00 1.305104597853114223e-01 1.833709520833603528e+04
3.221072553918755688e+01 2.517105630121929227e+00 2.548862674275576445e+00 1.338697726226590612e-01 1.832053627576779400e+04
3.228926541375382442e+01 2.545125733830525760e+00 2.565581056121718717e+00 1.310516173506632853e-01 1.886529061403262676e+04
3.236780528803751622e+01 2.554093881048541625e+00 2.566606034915972501e+00 1.352032966183983886e-01 1.837923355255915521e+04
3.244634516204068575e+01 2.551746289420911307e+00 2.584206448797588429e+00 1.332385180518699253e-01 1.801018866249746861e+04
3.252488503576537227e+01 2.551086817619619751e+00 2.569614349808897469e+00 1.380204153439206771e-01 1.861731938049637392e+04
3.260342490921358660e+01 2.567206349680204003e+00 2.599139208424334768e+00 1.392465566514482500e-01 1.866815188199097975e+04
3.268196478238731828e+01 2.590345563280126218e+00 2.604671543431186009e+00 1.420663946318631021e-01 1.848125680746135913e+04
3.276050465528854261e+01 2.645506223160670967e+00 2.672371530825606634e+00 1.446616647509401665e-01 1.864941377822530558e+04
3.283904452791921358e+01 2.606714458433299519e+00 2.628199720764902381e+00 1.433584790769959760e-01 1.826172997817429132e+04
3.291758440028127097e+01 2.555873454080678897e+00 2.579695671945921198e+00 1.441430624039715946e-01 1.854466315653206038e+04
3.299612427237663326e+01 2.553400951262060570e+00 2.607284360950069768e+00 1.458739446522473449e-01 1.907978232744088018e+04
3.307466414420719758e+01 2.652631923628070876e+00 2.663691904836575919e+00 1.482056019450987416e-01 1.902738788827514145e+04
3.315320401577483977e+01 2.615493623321725192e+00 2.643506682282706688e+00 1.508314070823347508e-01 1.913876603255132068e+04
3.323174388708143567e+01 2.589575466072528975e+00 2.593210245518579260e+00 1.556355111286871207e-01 1.923163311454836366e+04
3.331028375812883269e+01 2.614653169515355646e+00 2.661884897088709234e+00 1.612604707588706221e-01 1.889604608177197952e+04
3.338882362891884981e+01 2.631538532738830760e+00 2.680770787807723377e+00 1.594380813416807485e-01 1.909017063732870156e+04
3.346736349945329891e+01 2.750166878188016195e+00 2.813926911212851767e+00 1.540159180943994066e-01 1.928063087991163411e+04
3.354590336973399189e+01 2.686933769832079655e+00 2.750154795900174420e+00 1.606705506007323481e-01 1.939111960328038185e+04
3.362444323976268379e+01 2.700780089506112702e+00 2.752618087588125206e+00 1.662466966245506605e-01 1.920512029038753462e+04
3.370298310954115806e+01 2.708710823534996148e+00 2.752838879565514318e+00 1.697061701319292626e-01 1.921961456038775941e+04
3.378152297907114132e+01 2.663868993300187782e+00 2.731145041053647748e+00 1.764824856389180519e-01 1.987925693771514125e+04
3.386006284835436730e+01 2.743350918135121663e+00 2.837029374765527745e+00 1.729615744639761143e-01 1.938491433358351060e+04
3.393860271739255552e+01 2.689109164834444954e+00 2.772752485036701131e+00 1.753777991373678125e-01 1.832506150072479795e+04
3.401714258618739706e+01 2.746963980477277634e+00 2.880548756936240462e+00 1.709264903159294358e-01 1.945599108410233748e+04
3.409568245474058301e+01 2.836323813708256925e+00 2.915623972364078220e+00 1.677348890358574263e-01 1.984751971674472225e+04
3.417422232305376895e+01 2.640524422095534618e+00 2.703203242355105118e+00 1.836244461383469972e-01 1.925458108551061378e+04
3.425276219112861043e+01 2.742192882810042587e+00 2.816313407961755555e+00 1.818419171510207155e-01 1.962383999504994790e+04
3.433130205896674880e+01 2.735402173905455925e+00 2.760323130689010807e+00 1.904184530729318425e-01 2.311689777897374734e+04
3.440984192656979701e+01 2.756074223659140454e+00 2.878013800907406328e+00 1.907242317190258607e-01 2.066182317983205576e+04
3.448838179393936088e+01 2.866149538825555787e+00 2.878546262576680892e+00 1.981432233995972514e-01 1.901199640370023189e+04
3.456692166107702491e+01 2.713050320835906692e+00 2.706978597267203579e+00 1.903108365166717997e-01 1.619681181577656753e+04
3.464546152798438072e+01 2.861103186106657148e+00 2.868473138906122877e+00 2.076750198271347658e-01 2.044179678558385058e+04
3.472400139466299152e+01 2.929378043858330560e+00 2.682751276689894215e+00 2.201218004997021194e-01 2.232303247159085004e+04
