# 0.9998 0.9998
7.871241428633635184e-02 1.059819745749913684e-03 1.059391679615783594e-03 5.604748673680228678e-10 4.260751535964269578e+02
1.618072713909662341e-01 4.009602673016665099e-03 4.009445599726943824e-03 4.434921996621931319e-09 1.692458010692567768e+03
2.418771330418761079e-01 1.074223847163308446e-02 1.074409083965495795e-02 1.508855035258943109e-08 2.315458237970914979e+03
3.211923215201240578e-01 1.779061181919784629e-02 1.779605292895305307e-02 2.883872540131695376e-08 4.553851080977954553e+03
4.002017901256537113e-01 2.171547405582488488e-02 2.172328186178345763e-02 6.017214165687164155e-08 6.386514329011988593e+03
4.790568272527075955e-01 2.528580103644996815e-02 2.528821605950608634e-02 9.881755875074753898e-08 6.330431679101921873e+03
5.578229290343351687e-01 3.077319943744874844e-02 3.077365315673937993e-02 1.554755034543222206e-07 9.019612356208539495e+03
6.365331115321660738e-01 3.754050219635629571e-02 3.754938817338462909e-02 2.394745044220561286e-07 9.696329801237796346e+03
7.152058371535838788e-01 3.856221172714704298e-02 3.856216278119264235e-02 3.734002873776183297e-07 1.094021267990751403e+04
7.938522421846891941e-01 4.603397462311496074e-02 4.605027951714418810e-02 4.820142151328635796e-07 1.169038825851766342e+04
8.724794443688169698e-01 5.107584979765521227e-02 5.107510417291886984e-02 6.469123568718762487e-07 1.231414980545159233e+04
9.510922062407737299e-01 5.467287068371114167e-02 5.467040559364611668e-02 8.172457718775386281e-07 1.338573713862561999e+04
1.029693835175838679e+00 6.120392322394226786e-02 6.119648754474857344e-02 1.013727846708065897e-06 1.354850574528304242e+04
1.108286699878543891e+00 6.687689185810288817e-02 6.686366426407733266e-02 1.274624262486329224e-06 1.380292197114575538e+04
1.186872541411916560e+00 6.656493672890567703e-02 6.652044599348104492e-02 1.570763812173078347e-06 1.467754037628204242e+04
1.265452668213572940e+00 7.749442526578168011e-02 7.747526781475701230e-02 1.923109337133609862e-06 1.563530679025982863e+04
1.344028082638708543e+00 8.010734869978540507e-02 8.008313854216637939e-02 2.285758308046437051e-06 1.693140968150324625e+04
1.422599565533279709e+00 8.723451330889385458e-02 8.721588153882028904e-02 2.691821728767897035e-06 1.669081483542692149e+04
1.501167734229200246e+00 9.505549886078762389e-02 9.502850818980847214e-02 3.273938378524659611e-06 1.765135853790772308e+04
1.579733083222462531e+00 9.745971985844945062e-02 9.743741453138454744e-02 3.909265056852719368e-06 1.864702222461975543e+04
1.658296013281593151e+00 1.026594528461583500e-01 1.026531771390196135e-01 4.149862162193525461e-06 1.893757147111363884e+04
1.736856852652245875e+00 1.101745975813898798e-01 1.101446736519459124e-01 4.950573252488146401e-06 1.880769819187004032e+04
1.815415872753641580e+00 1.163540629752068400e-01 1.162722907812556022e-01 5.635155418517035388e-06 1.997439296308594567e+04
1.893973299967037560e+00 1.206967449247829116e-01 1.206116653508079589e-01 6.393604531034980445e-06 2.000228755881998586e+04
1.972529324606241641e+00 1.273196115799853090e-01 1.272230498582203606e-01 7.366000882440484124e-06 2.094329955063280431e+04
2.051084107826015579e+00 1.331364815338399177e-01 1.329757912712898893e-01 8.222920313647240711e-06 2.154908191826884286e+04
2.129637787001040561e+00 1.422569853357786018e-01 1.421592813076234807e-01 9.188151162372359122e-06 2.219720076533217434e+04
2.208190479956450680e+00 1.464736074720695003e-01 1.463356215954998152e-01 1.037702543590607450e-05 2.250370276679711242e+04
2.286742288326184092e+00 1.524620143287563345e-01 1.523308495818337938e-01 1.131755903309160980e-05 2.259271034720705939e+04
2.365293300241981811e+00 1.539636393914292911e-01 1.538390079166568336e-01 1.256403085561234650e-05 2.309810457634419436e+04
2.443843592503681883e+00 1.664222133626404032e-01 1.662752654249576301e-01 1.373517342734942785e-05 2.388892052577182403e+04
2.522393232343909553e+00 1.708380913251337785e-01 1.707379069052777643e-01 1.506096353607415621e-05 2.403148161721012002e+04
2.600942278872942381e+00 1.740577521482645496e-01 1.738467447904328556e-01 1.677133883650075709e-05 2.489168032488240715e+04
2.679490784269383141e+00 1.835140077204439335e-01 1.833321094742920432e-01 1.843363439691977682e-05 2.454088341458401555e+04
2.758038794767343038e+00 1.906193656530200953e-01 1.903964154454688695e-01 2.008430809303565136e-05 2.533567283969761047e+04
2.836586351479573942e+00 1.977790243162982908e-01 1.975957851991500258e-01 2.158958784063459441e-05 2.604325291953119086e+04
2.915133491087511963e+00 2.011437121654611748e-01 2.009403187140137992e-01 2.354086966873791126e-05 2.600756751375264867e+04
2.993680246422668834e+00 2.095045370984513489e-01 2.092772219444129778e-01 2.535739544308011087e-05 2.588994949121068203e+04
3.072226646958827967e+00 2.162210796056791284e-01 2.159016001841320420e-01 2.760967907167548093e-05 2.662733569423588415e+04
3.150772719230606977e+00 2.188981761071384369e-01 2.186309126253254964e-01 2.921220151524338656e-05 2.661754842998051026e+04
3.229318487190934395e+00 2.273049264862948560e-01 2.269765024167221534e-01 3.230985761331671907e-05 2.741889296216674120e+04
3.307863972517584905e+00 2.357744961791484739e-01 2.354635139277830858e-01 3.452705131319347762e-05 2.737595528004473454e+04
3.386409194877053608e+00 2.423090877107930696e-01 2.419063653402125647e-01 3.704832326769726700e-05 2.831245658423393616e+04
3.464954172152534095e+00 2.464201813836370270e-01 2.460338703238096336e-01 3.916912255870303800e-05 2.804124576170346336e+04
3.543498920641575456e+00 2.560348311699134349e-01 2.556702575951903533e-01 4.181705882613215340e-05 2.867851255000438687e+04
3.622043455228019404e+00 2.588281808285393670e-01 2.584543309510158315e-01 4.530816006885679726e-05 2.849872589100456389e+04
3.700587789532037597e+00 2.687373027439036721e-01 2.682921352590191266e-01 4.768238883299577146e-05 2.898279234528490997e+04
3.779131936041457696e+00 2.737650938000257828e-01 2.732469532066015283e-01 5.175988558244128568e-05 2.946429293855376091e+04
3.857675906227046259e+00 2.790458376446985911e-01 2.786522378500028707e-01 5.470015392445869070e-05 2.976112878338719383e+04
3.936219710643986680e+00 2.897766245336545476e-01 2.893348489375137111e-01 5.848640136668703998e-05 3.018981598408497666e+04
4.014763359021444877e+00 2.937023858224951378e-01 2.930988180642794538e-01 6.060666054058172009e-05 2.962385597932198652e+04
4.093306860341824560e+00 3.012302422742983432e-01 3.007019239670171706e-01 6.473440316438336861e-05 3.023178665392452240e+04
4.171850222911064776e+00 3.083533447414587569e-01 3.079335232130674394e-01 6.898223966845349752e-05 3.100039706515410944e+04
4.250393454421145911e+00 3.124190412370729808e-01 3.119127988292604292e-01 7.298329744701858332e-05 3.065169531327303775e+04
4.328936562005788247e+00 3.174550147417841139e-01 3.169418065763824344e-01 7.702158536589631904e-05 3.111484421884412586e+04
4.407479552290201497e+00 3.293747850365004726e-01 3.287281145507710556e-01 8.129286734354756311e-05 3.100243757569348236e+04
4.486022431435594982e+00 3.330504115851474212e-01 3.323544357473536826e-01 8.608349936631001711e-05 3.173840500493032596e+04
4.564565205179107465e+00 3.475158019842313761e-01 3.467946041752965614e-01 9.052338828750189673e-05 3.180834196296934169e+04
4.643107878869670024e+00 3.474316568225845336e-01 3.467603316703767313e-01 9.502469475748796682e-05 3.199221415289299694e+04
4.721650457500300213e+00 3.512447401269144232e-01 3.506475249904099090e-01 1.003164259072210102e-04 3.215387125669550369e+04
4.800192945737217443e+00 3.649469145334423015e-01 3.642626884035048418e-01 1.038831103687045131e-04 3.220167444418626110e+04
4.878735347946150824e+00 3.695292385997125395e-01 3.687483799481243718e-01 1.100177847788541118e-04 3.281420933205562324e+04
4.957277668216146793e+00 3.781531229366905666e-01 3.772672556770455543e-01 1.159501466404398620e-04 3.267635030194479259e+04
5.035819910381144737e+00 3.854617260312712679e-01 3.845987694177481764e-01 1.202939101903178722e-04 3.243773580916721403e+04
5.114362078039562221e+00 3.944219701001560052e-01 3.934979572999925401e-01 1.276180444148734686e-04 3.322717381420254969e+04
5.192904174572115394e+00 3.917786204957785512e-01 3.908998155702605448e-01 1.332892766466501993e-04 3.336509742583835759e+04
5.271446203158030919e+00 4.021454630190285928e-01 4.011811139542713622e-01 1.403997172923332319e-04 3.332390420922682824e+04
5.349988166789838573e+00 4.092184890770579342e-01 4.083152127251231112e-01 1.454866868954102167e-04 3.387836645213844167e+04
5.428530068286878674e+00 4.230774754894227607e-01 4.221448588304952398e-01 1.511239502504590994e-04 3.377838466049022099e+04
5.507071910307648643e+00 4.266796124686352276e-01 4.256370427231752074e-01 1.565262140475352423e-04 3.380766811558437621e+04
5.585613695361120179e+00 4.343665009263056875e-01 4.332958176773959447e-01 1.646921763620656592e-04 3.417305482266159379e+04
5.664155425817094525e+00 4.436713733737691623e-01 4.426251460090890877e-01 1.734988045216961006e-04 3.429949036998513475e+04
5.742697103915729961e+00 4.486935963191559518e-01 4.475805652529149525e-01 1.808152975841253063e-04 3.416621002421498270e+04
5.821238731776284148e+00 4.538968874359197714e-01 4.527497936375250998e-01 1.869656456417686824e-04 3.452967644523427589e+04
5.899780311405160127e+00 4.628891256589646730e-01 4.617570317417989956e-01 1.961772150782231780e-04 3.468149823410398676e+04
5.978321844703323507e+00 4.688787734501534410e-01 4.676266809830106896e-01 2.032881493802828651e-04 3.507443812492163124e+04
6.056863333473133437e+00 4.799811272036811349e-01 4.786829505144263863e-01 2.087042265917737319e-04 3.519272469025401369e+04
6.135404779424661115e+00 4.845941847995734464e-01 4.832471078527631470e-01 2.187106661118961356e-04 3.511751520122920192e+04
6.213946184181517118e+00 4.901101643967295529e-01 4.888114279526759032e-01 2.268839430945277544e-04 3.523909870236756979e+04
6.292487549286247983e+00 5.016363417914636580e-01 5.003366859300085734e-01 2.367735037436612773e-04 3.547819560544066189e+04
6.371028876205335756e+00 5.043239459988637652e-01 5.030275932548627926e-01 2.470454043192625224e-04 3.544923771926668996e+04
6.449570166333828070e+00 5.093678045548312161e-01 5.079692664587959205e-01 2.560990842540622524e-04 3.546412545262496860e+04
6.528111420999634262e+00 5.198364329049119936e-01 5.184057833975690421e-01 2.637656627235253695e-04 3.539021048611795413e+04
6.606652641467518627e+00 5.286013507219565755e-01 5.271213406237543753e-01 2.746886107746148407e-04 3.550283959533556481e+04
6.685193828942805006e+00 5.371042385753872495e-01 5.356295932309436125e-01 2.825211884553480482e-04 3.560149486875944422e+04
6.763734984574836240e+00 5.378302994774902812e-01 5.362652634149049913e-01 2.920806859205506731e-04 3.567483811876676191e+04
6.842276109460177835e+00 5.512897787301443975e-01 5.494743359293581264e-01 3.037132155852011639e-04 3.569445097356429324e+04
6.920817204645620890e+00 5.564456704297253697e-01 5.548875927251866180e-01 3.141543834724145495e-04 3.604363693276368576e+04
6.999358271130968312e+00 5.637461881378834638e-01 5.621205600398436752e-01 3.250739052533054181e-04 3.633880236814616364e+04
7.077899309871646949e+00 5.728782989943717041e-01 5.711908166529381381e-01 3.393123429863285543e-04 3.599442259339309385e+04
7.156440321781138536e+00 5.779801484697523195e-01 5.762736080100370195e-01 3.492461805149242940e-04 3.584571611081288574e+04
7.234981307733260536e+00 5.921185008225038349e-01 5.904669245054324778e-01 3.592405978929384290e-04 3.631891579444619128e+04
7.313522268564292439e+00 5.925468563254817633e-01 5.905654255623367099e-01 3.678596689846849797e-04 3.623017338906324585e+04
7.392063205074973276e+00 5.998012354562533011e-01 5.980110004634447973e-01 3.852841527904723919e-04 3.624194392620560393e+04
7.470604118032365015e+00 6.061352685606401502e-01 6.042623375245620432e-01 3.943007307472417861e-04 3.630028306864316255e+04
7.549145008171610272e+00 6.098164496148127389e-01 6.079206782605666159e-01 4.075408077894373008e-04 3.656000773641141132e+04
7.627685876197570103e+00 6.167914201957760412e-01 6.150222151192021869e-01 4.216198103307709929e-04 3.658880157426577352e+04
7.706226722786373884e+00 6.304955407842919302e-01 6.284701546066924216e-01 4.333033466964593102e-04 3.640702261439727590e+04
7.784767548586863484e+00 6.309871272484197657e-01 6.287484405538467103e-01 4.499346664388061373e-04 3.635800515915039432e+04
7.863308354221953955e+00 6.412391265665601248e-01 6.391932609564633383e-01 4.630536572304520815e-04 3.659548300479942554e+04
7.941849140289923170e+00 6.487363538657929807e-01 6.465613291115073213e-01 4.774080989758618153e-04 3.629549251018180075e+04
8.020389907365611748e+00 6.559602538667470562e-01 6.539210009367809606e-01 4.852860420667808603e-04 3.682402899966037512e+04
8.098930656001561701e+00 6.614981380994849891e-01 6.593275600037851181e-01 5.044761396541371174e-04 3.658974084437372221e+04
8.177471386729090241e+00 6.697870062642424793e-01 6.675999801777164899e-01 5.175656825480997409e-04 3.655350342270415422e+04
8.256012100059292536e+00 6.802417223125042378e-01 6.780649657440829259e-01 5.346915803346604344e-04 3.674622480995648220e+04
8.334552796484000936e+00 6.812525522177528270e-01 6.790341042730155818e-01 5.506505222836203996e-04 3.653616162257742690e+04
8.413093476476680266e+00 6.895734105470930908e-01 6.872958196525527086e-01 5.653573296932009641e-04 3.648446472974480275e+04
8.491634140493276917e+00 6.992094499552576892e-01 6.970577101669807041e-01 5.839801642440585689e-04 3.651394937970001774e+04
8.570174788973028868e+00 7.006765070276046448e-01 6.983616910712828751e-01 5.978440302198902200e-04 3.649021857339560665e+04
8.648715422339215309e+00 7.081446713524451875e-01 7.058840698044355211e-01 6.134963487143590879e-04 3.657472477403155790e+04
8.727256040999876063e+00 7.159070863200148738e-01 7.133664888089765732e-01 6.257589789516640032e-04 3.629401933246707631e+04
8.805796645348495488e+00 7.253654314623554367e-01 7.226677423936403999e-01 6.482777609932312670e-04 3.639523252292926918e+04
8.884337235764643737e+00 7.299206575969795496e-01 7.272031073289447756e-01 6.676958492090663989e-04 3.635820538275739818e+04
8.962877812614589601e+00 7.355114917019380805e-01 7.328106909976006555e-01 6.873911712576225366e-04 3.673351358056850586e+04
9.041418376251867173e+00 7.399273652313221872e-01 7.374307302620356497e-01 7.002284953754984390e-04 3.655958342251749855e+04
9.119958927017840722e+00 7.456144485234249553e-01 7.430526198871739707e-01 7.194792147102674427e-04 3.675860035469197464e+04
9.198499465242209183e+00 7.563730628743197126e-01 7.535663954228798422e-01 7.361304666897182164e-04 3.642334030625613377e+04
9.277039991243508865e+00 7.628754733281620792e-01 7.600489416766899042e-01 7.559163010085951425e-04 3.629636686498548079e+04
9.355580505329580632e+00 7.711079731554995043e-01 7.682296674802202574e-01 7.794683396187940911e-04 3.645164143289341882e+04
9.434121007798012215e+00 7.732407286779255928e-01 7.701525625339012970e-01 7.979928296142051051e-04 3.657194365944663878e+04
9.512661498936562765e+00 7.862692071503784019e-01 7.832857952873093499e-01 8.174660411093047450e-04 3.641779591289154632e+04
9.591201979023569635e+00 7.854216455138898212e-01 7.823903121512172376e-01 8.389682006526296516e-04 3.640037763291744341e+04
9.669742448328321416e+00 7.948518220187422711e-01 7.918869330651296945e-01 8.550396123682715800e-04 3.625354494927095220e+04
9.748282907111432749e+00 8.057148735884517299e-01 8.027843701270885868e-01 8.811338100196795678e-04 3.622825102871069976e+04
9.826823355625185386e+00 8.070925462524879412e-01 8.043211959575036207e-01 8.985762454734022358e-04 3.579685469956062298e+04
9.905363794113858589e+00 8.109285354661450729e-01 8.079357606590246155e-01 9.201086764067040787e-04 3.619268412556552357e+04
9.983904222814045326e+00 8.172993089520578236e-01 8.140766843336492142e-01 9.474436563057953703e-04 3.584813077432088903e+04
1.006244464195495070e+01 8.255751528107075909e-01 8.225085770958625586e-01 9.674024407540160941e-04 3.585217020212818898e+04
1.014098505175868148e+01 8.259612534278545359e-01 8.229271813901751775e-01 9.902631165462946576e-04 3.586512045656533883e+04
1.021952545244051613e+01 8.379470958658935542e-01 8.349071382350303772e-01 1.012448102331394871e-03 3.590271833321305166e+04
1.029806584420916415e+01 8.472433108538618418e-01 8.440669758026899672e-01 1.036366612197673351e-03 3.564145114037671738e+04
1.037660622726701654e+01 8.467231368475086617e-01 8.433929215743328767e-01 1.060512198260832447e-03 3.576592044824828190e+04
1.045514660181038380e+01 8.559724580243812664e-01 8.527809901341979471e-01 1.088405051334881413e-03 3.563191877734996524e+04
1.053368696802971982e+01 8.648943662704112745e-01 8.615865246649133669e-01 1.103681646667712020e-03 3.572897289386760531e+04
1.061222732610984210e+01 8.674374735589676089e-01 8.640909367821327791e-01 1.133157671907843254e-03 3.565140922776165098e+04
1.069076767623013779e+01 8.703588432338197345e-01 8.670919017538002427e-01 1.162740749593193287e-03 3.543221906066860538e+04
1.076930801856475739e+01 8.782442154764164011e-01 8.747621514001274745e-01 1.186395100530408244e-03 3.540526972968311020e+04
1.084784835328281005e+01 8.836509199292538197e-01 8.799897213187924949e-01 1.216375683894209067e-03 3.541964866119086946e+04
1.092638868054854306e+01 8.965070670415111742e-01 8.930410981953861294e-01 1.237740707422188297e-03 3.533516173967099166e+04
1.100492900052151413e+01 8.997855557468975585e-01 8.962652629572273044e-01 1.262381350676096371e-03 3.521841406314245978e+04
1.108346931335675833e+01 9.065271799439454936e-01 9.032872365987251184e-01 1.292300505802542994e-03 3.486151833635032381e+04
1.116200961920494805e+01 9.100851405928397364e-01 9.066074578766544212e-01 1.314655317472557868e-03 3.497920036607352813e+04
1.124054991821254212e+01 9.109341319664254755e-01 9.073400722728873768e-01 1.349913293060674580e-03 3.502577062918702723e+04
1.131909021052193687e+01 9.159986297754206808e-01 9.123831444620154052e-01 1.376021935330689261e-03 3.485177069719808787e+04
1.139763049627160285e+01 9.204991729657291399e-01 9.170249465491745466e-01 1.406992331134500167e-03 3.462208592933339969e+04
1.147617077559622167e+01 9.294682790806702011e-01 9.258154262586769656e-01 1.438647431477759918e-03 3.458649905920048332e+04
1.155471104862680853e+01 9.351522817511774832e-01 9.313807666876774416e-01 1.465006844090789269e-03 3.445071909113896982e+04
1.163325131549084368e+01 9.450056165285525278e-01 9.413611969967291548e-01 1.496750899060032185e-03 3.451425875545580493e+04
1.171179157631238787e+01 9.413572739887102747e-01 9.376081902974778837e-01 1.521665544074751351e-03 3.432274606589337054e+04
1.179033183121219608e+01 9.557562423143333152e-01 9.518007690107892493e-01 1.548932336943778260e-03 3.417807477921566897e+04
1.186887208030782759e+01 9.587343872617255514e-01 9.546794273736343150e-01 1.579600801015202532e-03 3.403095068624120904e+04
1.194741232371374728e+01 9.612212956026586763e-01 9.574889418727396961e-01 1.623792750931474108e-03 3.406585081056028139e+04
1.202595256154143222e+01 9.644651476735004447e-01 9.606024191600315287e-01 1.655354123020944283e-03 3.392750441463846801e+04
1.210449279389946753e+01 9.681332544165088816e-01 9.644203462173279728e-01 1.690621750882145098e-03 3.373083038863288675e+04
1.218303302089363527e+01 9.729669656176860304e-01 9.690445325153911327e-01 1.716082814448610834e-03 3.371943999333574175e+04
1.226157324262700676e+01 9.776176903810882557e-01 9.734527469647593634e-01 1.749803495128080325e-03 3.374246413676447992e+04
1.234011345920003322e+01 9.835130354198986513e-01 9.797014318409761335e-01 1.778143383045344616e-03 3.347149255122504110e+04
1.241865367071062565e+01 9.871045855385083279e-01 9.831704877471927340e-01 1.814321271593546296e-03 3.325318899800511281e+04
1.249719387725422415e+01 9.960679659296065580e-01 9.921539411298574418e-01 1.846861597116261373e-03 3.328527291809329472e+04
1.257573407892389383e+01 1.000669274487626437e+00 9.967683292538283002e-01 1.890543363156582451e-03 3.338132317652822530e+04
1.265427427581038877e+01 1.003100826728118733e+00 9.992843236039897770e-01 1.927661807098518662e-03 3.309363784435482376e+04
1.273281446800221772e+01 1.008043826964449385e+00 1.004078747319919085e+00 1.970324706292193428e-03 3.278078945326565736e+04
1.281135465558572584e+01 1.017784302114583150e+00 1.013787747488033686e+00 1.993472569948097003e-03 3.290994522622575460e+04
1.288989483864514796e+01 1.020054788987958094e+00 1.016262296326830850e+00 2.023445145012156381e-03 3.257976875745867437e+04
1.296843501726268322e+01 1.026847838288394543e+00 1.023115019656350322e+00 2.075382867896052082e-03 3.268336708528074814e+04
1.304697519151855190e+01 1.027880782084546141e+00 1.024122233431628448e+00 2.105413560645919436e-03 3.254289097073937592e+04
1.312551536149104692e+01 1.034289305659871205e+00 1.030509466068728397e+00 2.145195127656921406e-03 3.245881411310937256e+04
1.320405552725660492e+01 1.036437248099877806e+00 1.032467908204625084e+00 2.180650567105898389e-03 3.206499656590822633e+04
1.328259568888985243e+01 1.043089651576716737e+00 1.038826383348214977e+00 2.226095690102207567e-03 3.196182513111069056e+04
1.336113584646366270e+01 1.050681058891361541e+00 1.046540175236730708e+00 2.261387558878813139e-03 3.193810190181176586e+04
1.343967600004920548e+01 1.051670751738653431e+00 1.047711338619361943e+00 2.311834749643342651e-03 3.191751695355521224e+04
1.351821614971599317e+01 1.057065486169840529e+00 1.053395475315894725e+00 2.348948746707436343e-03 3.177075925789788744e+04
1.359675629553193588e+01 1.062966482927453882e+00 1.058937349398784589e+00 2.385410316399103232e-03 3.154474493329693723e+04
1.367529643756338231e+01 1.064114231329044147e+00 1.060231639370458501e+00 2.425322370641410080e-03 3.147172254666238950e+04
1.375383657587516595e+01 1.068734193686914358e+00 1.064609276764703072e+00 2.460650335145452179e-03 3.137156334207218970e+04
1.383237671053064766e+01 1.076871233610624090e+00 1.072774701343529591e+00 2.513150274037135017e-03 3.127491716082873609e+04
1.391091684159175834e+01 1.079363248985578672e+00 1.075336954079197049e+00 2.550413976949129306e-03 3.118939071310943837e+04
1.398945696911903269e+01 1.085185853608898965e+00 1.080792789895314021e+00 2.603274597016161374e-03 3.102257042108021778e+04
1.406799709317166069e+01 1.088695509050029653e+00 1.084455531409445284e+00 2.651396210569696970e-03 3.088814783248183085e+04
1.414653721380751428e+01 1.092045952030151534e+00 1.087735122304360091e+00 2.687556138433514451e-03 3.081376348787668758e+04
1.422507733108318817e+01 1.097335046687221816e+00 1.093313179005513280e+00 2.738743151920648884e-03 3.057259255051284708e+04
1.430361744505403543e+01 1.100904604537857434e+00 1.096646637113039446e+00 2.768120483391481139e-03 3.054518684827079051e+04
1.438215755577419586e+01 1.105992342987142996e+00 1.101744863425262455e+00 2.808812386978751068e-03 3.029974367050172805e+04
1.446069766329663686e+01 1.110809363817432116e+00 1.106936448416856011e+00 2.875919747772346432e-03 3.033170492838919745e+04
1.453923776767318010e+01 1.113229929920736216e+00 1.108891445626856820e+00 2.923612112040151808e-03 3.009860935427513323e+04
1.461777786895453346e+01 1.114615145977928323e+00 1.110469096470145134e+00 2.964119998424542563e-03 2.995099479425448953e+04
1.469631796719032302e+01 1.123838491212345581e+00 1.119675309195803381e+00 3.012915225038507918e-03 2.969021265893667805e+04
1.477485806242911437e+01 1.123806617344375258e+00 1.119599592284389988e+00 3.068284396882058149e-03 2.982061405059761091e+04
1.485339815471844993e+01 1.133618741062815127e+00 1.129427517725660302e+00 3.107279551212441693e-03 2.963177903938052623e+04
1.493193824410487203e+01 1.131138419772277359e+00 1.126971856497686053e+00 3.161599553324272865e-03 2.947400494305099346e+04
1.501047833063394421e+01 1.136408073597588775e+00 1.132096818751181289e+00 3.200477535307926641e-03 2.937036427709535928e+04
1.508901841435028857e+01 1.139953382856995212e+00 1.135508995556665512e+00 3.260709488730188354e-03 2.923096394025289192e+04
1.516755849529759992e+01 1.149538835640532719e+00 1.145495058447742354e+00 3.317651103521238477e-03 2.908818607311290907e+04
1.524609857351867070e+01 1.151180373613625463e+00 1.146746825000138470e+00 3.366821547417921633e-03 2.903627398476691451e+04
1.532463864905541762e+01 1.151763807904445880e+00 1.147394618490159113e+00 3.416093514871091762e-03 2.889244977222369926e+04
1.540317872194890292e+01 1.160741477368489871e+00 1.156290425457515925e+00 3.464051120817187093e-03 2.869820651726570941e+04
1.548171879223935399e+01 1.162791781681086434e+00 1.158156807733436766e+00 3.525186035107178914e-03 2.863514261434907530e+04
1.556025885996618996e+01 1.167100032314919655e+00 1.162692303105930414e+00 3.573806184418533947e-03 2.848388665007503369e+04
1.563879892516803238e+01 1.170812130783138505e+00 1.166505803943739039e+00 3.628717772940782179e-03 2.829793874198513004e+04
1.571733898788273187e+01 1.173009033868209094e+00 1.168289120083179533e+00 3.686440899860877248e-03 2.817103216907522801e+04
1.579587904814739119e+01 1.183317994777593141e+00 1.178810973133338047e+00 3.745566977267503553e-03 2.813108271891369805e+04
1.587441910599837769e+01 1.182841610021022616e+00 1.178491534893535642e+00 3.787663583598100542e-03 2.787869754676455705e+04
1.595295916147133575e+01 1.191457100090064891e+00 1.186780190762980469e+00 3.867469209264769257e-03 2.776884953249293903e+04
1.603149921460121874e+01 1.196995299351250042e+00 1.192749720238441835e+00 3.901810366771931316e-03 2.764977048940119494e+04
1.611003926542229436e+01 1.195814962678651172e+00 1.191368719806915832e+00 3.959151566077214780e-03 2.754781027703646396e+04
1.618857931396816596e+01 1.205509320385329319e+00 1.201033473508189120e+00 4.029558539068042733e-03 2.757653636627887317e+04
1.626711936027179561e+01 1.211169939800609718e+00 1.206666409248775773e+00 4.090556260481015630e-03 2.732215930710416069e+04
1.634565940436549525e+01 1.212999147612339179e+00 1.208310508637418623e+00 4.148947204768015096e-03 2.729843038908926610e+04
1.642419944628097639e+01 1.217337089632634761e+00 1.212838540477591653e+00 4.206243458811056990e-03 2.708744533078779568e+04
1.650273948604932883e+01 1.216265843398782742e+00 1.211844583196031611e+00 4.268086214053869176e-03 2.704580490396557798e+04
1.658127952370107394e+01 1.226645525731959063e+00 1.222049571749914021e+00 4.324360453426203017e-03 2.688435036749480059e+04
1.665981955926614333e+01 1.225913785442460213e+00 1.221028795564653491e+00 4.390922685887963840e-03 2.681376194013943314e+04
1.673835959277390728e+01 1.235761229027547925e+00 1.230851296281916252e+00 4.451473700237133097e-03 2.673759462672676091e+04
1.681689962425318896e+01 1.232715598795870005e+00 1.227770050650537570e+00 4.511333959576999640e-03 2.663176887519090451e+04
1.689543965373228218e+01 1.245566089758224582e+00 1.240893422944346458e+00 4.568612496184340684e-03 2.643882999008164916e+04
1.697397968123895495e+01 1.248008360334634581e+00 1.243438484193419624e+00 4.642483252464701254e-03 2.629987366073552039e+04
1.705251970680045304e+01 1.250960186401937291e+00 1.246205257805266697e+00 4.709495932444462962e-03 2.623966335604732740e+04
1.713105973044353902e+01 1.251397708065083103e+00 1.246892016740240416e+00 4.782483409582437978e-03 2.615185615410318132e+04
1.720959975219447102e+01 1.257739119352676571e+00 1.252970867129446830e+00 4.843761527482473746e-03 2.607124082026904944e+04
1.728813977207903463e+01 1.261141220194887502e+00 1.256533275019596330e+00 4.902633043409669079e-03 2.600353116564327138e+04
1.736667979012256424e+01 1.266876608881638111e+00 1.262132432761231993e+00 4.961435495150020095e-03 2.587617723792365359e+04
1.744521980634991110e+01 1.272097695964474751e+00 1.267555738666235499e+00 5.028461432889983970e-03 2.572987519908439208e+04
1.752375982078550365e+01 1.278348252799260232e+00 1.273718569324163941e+00 5.113880480705029069e-03 2.565018231014931371e+04
1.760229983345331917e+01 1.281183550744926070e+00 1.276546431997273912e+00 5.169560550720208279e-03 2.563773786633124109e+04
1.768083984437692635e+01 1.287401432393327161e+00 1.282856782264069295e+00 5.257998462209719122e-03 2.544268393867222767e+04
1.775937985357945692e+01 1.289889859474457223e+00 1.285444410296707529e+00 5.327131430258646994e-03 2.538354709072544574e+04
1.783791986108364824e+01 1.295598876937774424e+00 1.290881311150668287e+00 5.404204150154016083e-03 2.525644780167256613e+04
1.791645986691183268e+01 1.299054516660336223e+00 1.293888408184661776e+00 5.440665245282017698e-03 2.515103138878440222e+04
1.799499987108595889e+01 1.303851617590617851e+00 1.299339970774176178e+00 5.520553019657673151e-03 2.514068591612170712e+04
1.807353987362759185e+01 1.310810301835696690e+00 1.306136229128421089e+00 5.591257331336084088e-03 2.502029187476456718e+04
1.815207987455791638e+01 1.312101321125722864e+00 1.307074754759131485e+00 5.677130807612767310e-03 2.491533628999724533e+04
1.823061987389775851e+01 1.316829974791830837e+00 1.311862150267349536e+00 5.750290683857565109e-03 2.485102610737767463e+04
1.830915987166758541e+01 1.319771228578702660e+00 1.314862253091493516e+00 5.840681132262970886e-03 2.484791513490100988e+04
1.838769986788751964e+01 1.333703613106480557e+00 1.328583825866210821e+00 5.912599980441874542e-03 2.465675368680943939e+04
1.846623986257733563e+01 1.332681656887624966e+00 1.327399879146087258e+00 5.968727912901327509e-03 2.462498140903477542e+04
1.854477985575647381e+01 1.340459434198685074e+00 1.335644351994519363e+00 6.051813814615353108e-03 2.465637747076344749e+04
1.862331984744404423e+01 1.347944726599404230e+00 1.342839473816585416e+00 6.124043182239078016e-03 2.452501252529575140e+04
1.870185983765884075e+01 1.350271609984589283e+00 1.345470826000047859e+00 6.216271802655284895e-03 2.442587450724304290e+04
1.878039982641934458e+01 1.356884937180677264e+00 1.352044332953891370e+00 6.271112605631100519e-03 2.438137749892242573e+04
1.885893981374372075e+01 1.360454497079950587e+00 1.355492010540190861e+00 6.359989885103810477e-03 2.432147575356498055e+04
1.893747979964983941e+01 1.364845700345686197e+00 1.359687332166307216e+00 6.453040885506983876e-03 2.427381142851352342e+04
1.901601978415527228e+01 1.374353484611340548e+00 1.369696143350594753e+00 6.544134006189060611e-03 2.420589568139011681e+04
1.909455976727730331e+01 1.377682176818096904e+00 1.372744645625120663e+00 6.613239636696577328e-03 2.423024340457735161e+04
1.917309974903293579e+01 1.385879800834659337e+00 1.381194419229048842e+00 6.690322519206293693e-03 2.416591037716963183e+04
1.925163972943889235e+01 1.389223486647220396e+00 1.384175586316216622e+00 6.763488596643192977e-03 2.414008794158418459e+04
1.933017970851161849e+01 1.393972245999920201e+00 1.389081679207943010e+00 6.861226500590758733e-03 2.400687853712137075e+04
1.940871968626730748e+01 1.406391640991031977e+00 1.401694545798357838e+00 6.927440147464466839e-03 2.404878241665106907e+04
1.948725966272188259e+01 1.411606390684608359e+00 1.406651039391199731e+00 7.004335341690147952e-03 2.400184646567725576e+04
1.956579963789100773e+01 1.412650399306593307e+00 1.408048013344798344e+00 7.123052728713354792e-03 2.396339099965652349e+04
1.964433961179010524e+01 1.424659963004204499e+00 1.419868184599568206e+00 7.196817442734796191e-03 2.393281021730561042e+04
1.972287958443434519e+01 1.428343996431516549e+00 1.423463379759025038e+00 7.310094298274304181e-03 2.394240280657936091e+04
1.980141955583865965e+01 1.438205220799639639e+00 1.433494046888101670e+00 7.365972506238618010e-03 2.397226191237975945e+04
1.987995952601774619e+01 1.447837720955998497e+00 1.442660002377501360e+00 7.458302292809371355e-03 2.392242013459081136e+04
1.995849949498606790e+01 1.452292067951457710e+00 1.447136487827961782e+00 7.518577075039898153e-03 2.396718653393455315e+04
2.003703946275786052e+01 1.461099047839556242e+00 1.455947733201603977e+00 7.638827011555254960e-03 2.389046606652486662e+04
2.011557942934713950e+01 1.460841791373718390e+00 1.456094688651458302e+00 7.723906493041678666e-03 2.389948849616595908e+04
2.019411939476770712e+01 1.463659738995093385e+00 1.458748332354482535e+00 7.810673197000150315e-03 2.372980449033769037e+04
2.027265935903314542e+01 1.467835749468080486e+00 1.462795064370232767e+00 7.910939118832525929e-03 2.363373649694233609e+04
2.035119932215682326e+01 1.469048594560106613e+00 1.463939485772607130e+00 8.015576153536147289e-03 2.357729794059038250e+04
2.042973928415191054e+01 1.474320156188881903e+00 1.469325225687886594e+00 8.109987856267045908e-03 2.347039249469540300e+04
2.050827924503137467e+01 1.472187224168244102e+00 1.467598466965456261e+00 8.179300582439420070e-03 2.331262100431204817e+04
2.058681920480798766e+01 1.475109587545596401e+00 1.470790215257478106e+00 8.272194578130899131e-03 2.321607736080633549e+04
2.066535916349431901e+01 1.478585108970396078e+00 1.474000909413249349e+00 8.347074973280532023e-03 2.305752185701686540e+04
2.074389912110275347e+01 1.478756987571572257e+00 1.474425616506446435e+00 8.484684808194911318e-03 2.298441001053782384e+04
2.082243907764548752e+01 1.480050255732735298e+00 1.475802289030298642e+00 8.577054315584781152e-03 2.288617042261463939e+04
2.090097903313453642e+01 1.484724476223344025e+00 1.480467012785253722e+00 8.675531937506905655e-03 2.279112999848793334e+04
2.097951898758173783e+01 1.484915950610887325e+00 1.480922025706600254e+00 8.763466151200136750e-03 2.260764393421041314e+04
2.105805894099874109e+01 1.484756691249029981e+00 1.480431871618368644e+00 8.892349013506523070e-03 2.247457118934627943e+04
2.113659889339703568e+01 1.484809806215908523e+00 1.480944396838783650e+00 8.928689568316954331e-03 2.237455602488312798e+04
2.121513884478793344e+01 1.487962002917384119e+00 1.483665776647467682e+00 9.051760142452654548e-03 2.227361924494391860e+04
2.129367879518258277e+01 1.487867118082460971e+00 1.483454936625093756e+00 9.165413897770532253e-03 2.214902768182407817e+04
2.137221874459196869e+01 1.492616404020975285e+00 1.488085594117547927e+00 9.272671937425949057e-03 2.205768964479325223e+04
2.145075869302691274e+01 1.491665084036896793e+00 1.487717917469440376e+00 9.374431073496036423e-03 2.186773627895264144e+04
2.152929864049807307e+01 1.494707629653340586e+00 1.490829120925693196e+00 9.479586000765443179e-03 2.178522586576287358e+04
2.160783858701596571e+01 1.494147767828106765e+00 1.491047236859752712e+00 9.589773984616176139e-03 2.175916711813884467e+04
2.168637853259094683e+01 1.495929198776127400e+00 1.492472310257502821e+00 9.663838216056446287e-03 2.163709451542059105e+04
2.176491847723321982e+01 1.495720697841123270e+00 1.492448303462218018e+00 9.774274793869427991e-03 2.154243768799345708e+04
2.184345842095285306e+01 1.502147425598615582e+00 1.498495511863622731e+00 9.895030273053278744e-03 2.138612325026640247e+04
2.192199836375975508e+01 1.506181016533457706e+00 1.502732875906325649e+00 1.000116801329538514e-02 2.137568305619340390e+04
2.200053830566371005e+01 1.506007045647868248e+00 1.502490452444962710e+00 1.010467461794045500e-02 2.126487816082441350e+04
2.207907824667434582e+01 1.501741840523899585e+00 1.498646350193664212e+00 1.021834277457692522e-02 2.109831764280056086e+04
2.215761818680116590e+01 1.509271619586753488e+00 1.505767067255080249e+00 1.031533076377250807e-02 2.104714559717832526e+04
2.223615812605353526e+01 1.509116389209856468e+00 1.505400595852513401e+00 1.046617925762354830e-02 2.093674089308604380e+04
2.231469806444068738e+01 1.511803594734683731e+00 1.507968346911789492e+00 1.056042886686834464e-02 2.080400537309550418e+04
2.239323800197172432e+01 1.515366880663383320e+00 1.511736935737317156e+00 1.063400587617264678e-02 2.078351564736872751e+04
2.247177793865562023e+01 1.515925686378536863e+00 1.512061333883104153e+00 1.076316997460734920e-02 2.057669564866820656e+04
2.255031787450123204e+01 1.514954255569263220e+00 1.511847482867352932e+00 1.087555643353972125e-02 2.055258688100410291e+04
2.262885780951728165e+01 1.521893209475084996e+00 1.518123924096136612e+00 1.099583581411337115e-02 2.037550997276324051e+04
2.270739774371238440e+01 1.519763689575971632e+00 1.517219588615639214e+00 1.110226573256354286e-02 2.034611303222495917e+04
2.278593767709502771e+01 1.522024075332156778e+00 1.518543102422176494e+00 1.125771042783488621e-02 2.030269056828944667e+04
2.286447760967358178e+01 1.522220354061389669e+00 1.519063231086069887e+00 1.136267389574519698e-02 2.020620094642207914e+04
2.294301754145629957e+01 1.527863596767375265e+00 1.525023163472291055e+00 1.145101161182643032e-02 2.009220207997695979e+04
2.302155747245133455e+01 1.531137557220578094e+00 1.528629950867720577e+00 1.158048081973250647e-02 1.998172877629222421e+04
2.310009740266672296e+01 1.529790914802220181e+00 1.527167537493619554e+00 1.167772248745685762e-02 1.995267655831341472e+04
2.317863733211038380e+01 1.533520429316569844e+00 1.530565541147034470e+00 1.179219539202062961e-02 1.984724007132750194e+04
2.325717726079013303e+01 1.538575654224341616e+00 1.536201424268043292e+00 1.195047462063140477e-02 1.979577198685642361e+04
2.333571718871368716e+01 1.536242555571875501e+00 1.533513158032081769e+00 1.209078494166855935e-02 1.966719317426081761e+04
2.341425711588865965e+01 1.536057177080383251e+00 1.533679908861428354e+00 1.220325235893010909e-02 1.955811720219066046e+04
2.349279704232255384e+01 1.540595307945169523e+00 1.538417295262621609e+00 1.230779921841284978e-02 1.955733214228667566e+04
2.357133696802278067e+01 1.548130828074895327e+00 1.545547283681317108e+00 1.243805799951474070e-02 1.939312981194887107e+04
2.364987689299664453e+01 1.542585556851711726e+00 1.540607511952214015e+00 1.255290894122423895e-02 1.942009885829022824e+04
2.372841681725136453e+01 1.550009255968390454e+00 1.547825790789112643e+00 1.265502629413390104e-02 1.932513205398249556e+04
2.380695674079405322e+01 1.550811104795826179e+00 1.548977866234612089e+00 1.276459523822156238e-02 1.924656080441554514e+04
2.388549666363174140e+01 1.553206964145289914e+00 1.551003164399586742e+00 1.293946265853853847e-02 1.909734700869392327e+04
2.396403658577134976e+01 1.555207642541079016e+00 1.552776958797188467e+00 1.311702983729403499e-02 1.910864654450843227e+04
2.404257650721972439e+01 1.559565639762810596e+00 1.557948946440137927e+00 1.318774571911774003e-02 1.893659153020315352e+04
2.412111642798362254e+01 1.561362279707815270e+00 1.559792006160330313e+00 1.331725423774532055e-02 1.895907995687503717e+04
2.419965634806970556e+01 1.561214495841677818e+00 1.559565023450283583e+00 1.344771447393260447e-02 1.881591591474420420e+04
2.427819626748454596e+01 1.563269479987471566e+00 1.561789322960879245e+00 1.360812371272384497e-02 1.874360634855985700e+04
2.435673618623464520e+01 1.567284285939058330e+00 1.566488217767539215e+00 1.366039096545277991e-02 1.870424585075190407e+04
2.443527610432640529e+01 1.568988182009908527e+00 1.567756214920551283e+00 1.383147627743060680e-02 1.868714139042008173e+04
2.451381602176616425e+01 1.577479825415737169e+00 1.576232926825494651e+00 1.398419286528575743e-02 1.862000609895199887e+04
2.459235593856016067e+01 1.576611598242780854e+00 1.574799360951598226e+00 1.415735740066331218e-02 1.850737186580020716e+04
2.467089585471456203e+01 1.583381234944703175e+00 1.581951582890486208e+00 1.427963644493157776e-02 1.845580897140988600e+04
2.474943577023546126e+01 1.582216377890381720e+00 1.580759927028994261e+00 1.439304498566463045e-02 1.839278278571361079e+04
2.482797568512887310e+01 1.589992526029319508e+00 1.589052402627778804e+00 1.454367713107379383e-02 1.837087874053222185e+04
2.490651559940072346e+01 1.588379912733621557e+00 1.588121672128758766e+00 1.463400735669029805e-02 1.827659372232676469e+04
2.498505551305688144e+01 1.593543382199378300e+00 1.592308140760035240e+00 1.476640565019887719e-02 1.824232732618993032e+04
2.506359542610313440e+01 1.597198997355257610e+00 1.596397132426982335e+00 1.491440143733623568e-02 1.816213868292256666e+04
2.514213533854519511e+01 1.595436315204666888e+00 1.594296025654832416e+00 1.507398335843820533e-02 1.813364042889498887e+04
2.522067525038871239e+01 1.608769567439120918e+00 1.607880069977167592e+00 1.527679853535717468e-02 1.805375544099179751e+04
2.529921516163925688e+01 1.607242932759544329e+00 1.606974905360147643e+00 1.538092506970782994e-02 1.805459160332591273e+04
2.537775507230233529e+01 1.614496013087842297e+00 1.614100668951122364e+00 1.553354959799620183e-02 1.799080326048572169e+04
2.545629498238338684e+01 1.608809112441833999e+00 1.608280647480759606e+00 1.567142348473749350e-02 1.790311760504623453e+04
2.553483489188777966e+01 1.611627441191646026e+00 1.611391133815752719e+00 1.580220385320200982e-02 1.793514720409262372e+04
2.561337480082082152e+01 1.618895145090713861e+00 1.618102456323030180e+00 1.588498893410635049e-02 1.786169127167886472e+04
2.569191470918774911e+01 1.621407158099140489e+00 1.621905587137138616e+00 1.606671614412182036e-02 1.772663760670550982e+04
2.577045461699373874e+01 1.621289137452091245e+00 1.621093904610531045e+00 1.625111452505740087e-02 1.773574436838835754e+04
2.584899452424390631e+01 1.628728103876175171e+00 1.628776944967059270e+00 1.640052896081077224e-02 1.771515448506407847e+04
2.592753443094329668e+01 1.635595559248031350e+00 1.635663739565945018e+00 1.661312502948035855e-02 1.764250705446549546e+04
2.600607433709690852e+01 1.629649743373742687e+00 1.630236487930660338e+00 1.672555201365402006e-02 1.762209850631074733e+04
2.608461424270966944e+01 1.634214206652365942e+00 1.635399436861903144e+00 1.685143980356191770e-02 1.756172602024903972e+04
2.616315414778644310e+01 1.639232698009266631e+00 1.639439345827617078e+00 1.699626543247400104e-02 1.753819997969865290e+04
2.624169405233205055e+01 1.642901265770190466e+00 1.643941144049006819e+00 1.703935875245769088e-02 1.751720147059720330e+04
2.632023395635124174e+01 1.649874039753576049e+00 1.651165723339018676e+00 1.727164502770862226e-02 1.750603539276793526e+04
2.639877385984871694e+01 1.646992448164049661e+00 1.648549003581008643e+00 1.748798464894016011e-02 1.740234094751607336e+04
2.647731376282911953e+01 1.657002088412196095e+00 1.657608575875865409e+00 1.767344851019709770e-02 1.739138138012795389e+04
2.655585366529703606e+01 1.658640150635491972e+00 1.660039142322273342e+00 1.782429727137983810e-02 1.734465181708400269e+04
2.663439356725699980e+01 1.661144514765448665e+00 1.663643319090131634e+00 1.792391320684132150e-02 1.737481428653194598e+04
2.671293346871349428e+01 1.664925262897412273e+00 1.667192786882042865e+00 1.811318501774661360e-02 1.736134118240179305e+04
2.679147336967094617e+01 1.675231824721235441e+00 1.676852132394260453e+00 1.824484179157787739e-02 1.726178636695802925e+04
2.687001327013372531e+01 1.676565726699862147e+00 1.677839666601120383e+00 1.830577494526686513e-02 1.729915568580215768e+04
2.694855317010616602e+01 1.688171099656315732e+00 1.689766216382479147e+00 1.854205718938392936e-02 1.710957829927764033e+04
2.702709306959254221e+01 1.688551305894851584e+00 1.690198416415530147e+00 1.874773126574296941e-02 1.720599402315334737e+04
2.710563296859707094e+01 1.689056590395444424e+00 1.691460549508625899e+00 1.902147703229333658e-02 1.715831279270433515e+04
2.718417286712393377e+01 1.702487550717716180e+00 1.703797714800333152e+00 1.910719545218275695e-02 1.711297821710586140e+04
2.726271276517725894e+01 1.708734157747186400e+00 1.711122902116722910e+00 1.921763162764659333e-02 1.715062570220326597e+04
2.734125266276112498e+01 1.701843684591331396e+00 1.704837979702244821e+00 1.938127634216196132e-02 1.709293441182675451e+04
2.741979255987956776e+01 1.703776099274876943e+00 1.706134318300682073e+00 1.955322430527848404e-02 1.696947870910279380e+04
2.749833245653658054e+01 1.701257425867493511e+00 1.704178584237476368e+00 1.970768744966915065e-02 1.692781429353181738e+04
2.757687235273609616e+01 1.705285735843822037e+00 1.708694503518419561e+00 1.985145218099710479e-02 1.688951887708718277e+04
2.765541224848202262e+01 1.711855621606577227e+00 1.715234157660585179e+00 2.002294593682264756e-02 1.691707857998001418e+04
2.773395214377820395e+01 1.708804714846414274e+00 1.711704263669760140e+00 2.034923357589383738e-02 1.678376502037046521e+04
2.781249203862845576e+01 1.713483184689111205e+00 1.719027996668220704e+00 2.047140759888700298e-02 1.682472504261834911e+04
2.789103193303654038e+01 1.708709122140075420e+00 1.713542873889456475e+00 2.066628160706760614e-02 1.675904170015757700e+04
2.796957182700618816e+01 1.713972229288948324e+00 1.717440129014855321e+00 2.067101779292445513e-02 1.663953114540719253e+04
2.804811172054107615e+01 1.718445054426764873e+00 1.721849273587604756e+00 2.099524276411260729e-02 1.650543591484994249e+04
2.812665161364485655e+01 1.717888765881168567e+00 1.722180444906776797e+00 2.105476030061028542e-02 1.660397357408277458e+04
2.820519150632112115e+01 1.713766130202893700e+00 1.716977309937106844e+00 2.122828440690231397e-02 1.643310662808722918e+04
2.828373139857343332e+01 1.699960036991588819e+00 1.704469970044509619e+00 2.138859889466340758e-02 1.624072156037129571e+04
2.836227129040531736e+01 1.717426146526701780e+00 1.721425628049331191e+00 2.171357887929119615e-02 1.619622921380072512e+04
2.844081118182025847e+01 1.709278420170150081e+00 1.712847382065579183e+00 2.195910630724918003e-02 1.607776213080057641e+04
2.851935107282169923e+01 1.702212896645839857e+00 1.707599305768774389e+00 2.212757915603747946e-02 1.600072050134855272e+04
2.859789096341304315e+01 1.721397092145473318e+00 1.726832982790312387e+00 2.223777784575517100e-02 1.596347796963187466e+04
2.867643085359765820e+01 1.707728645896290587e+00 1.712364240431940132e+00 2.223734715175880103e-02 1.576227923002069838e+04
2.875497074337888392e+01 1.694659758158224783e+00 1.700214720439998439e+00 2.249893273611403705e-02 1.567845666238286685e+04
2.883351063276001369e+01 1.701299909269194943e+00 1.704911662497044844e+00 2.272216859296505645e-02 1.572739615384355784e+04
2.891205052174430890e+01 1.698537141905272163e+00 1.701508687349328142e+00 2.290054748093222486e-02 1.557150000853003439e+04
2.899059041033499184e+01 1.700201629965778949e+00 1.704791194074067429e+00 2.315781730801503430e-02 1.554146133421106606e+04
2.906913029853525643e+01 1.705201514657109785e+00 1.708117498348943775e+00 2.338033270259827490e-02 1.546671227847509545e+04
2.914767018634825746e+01 1.699279905798349644e+00 1.702923145873959987e+00 2.366758178465987877e-02 1.534175444855153000e+04
2.922621007377712132e+01 1.702563735795878275e+00 1.707996187529496002e+00 2.367085840006067157e-02 1.537274597884993273e+04
2.930474996082492822e+01 1.708837917823009978e+00 1.713158738006418158e+00 2.380669908800069762e-02 1.532109308674296153e+04
2.938328984749474060e+01 1.714704824891908785e+00 1.718882443482289801e+00 2.395602482526935223e-02 1.519200276661332828e+04
2.946182973378957826e+01 1.713953497816237403e+00 1.718610812990536418e+00 2.414115668815333682e-02 1.515869831888372210e+04
2.954036961971243258e+01 1.715396231464155985e+00 1.719350404073583860e+00 2.447811002667450025e-02 1.505861195906871035e+04
2.961890950526625943e+01 1.709772046971082426e+00 1.712779362273052941e+00 2.473606319413474905e-02 1.509573290643498694e+04
2.969744939045398979e+01 1.729108064076862794e+00 1.732803113093976277e+00 2.510790205771869579e-02 1.503563281401143104e+04
2.977598927527852268e+01 1.734626276491401553e+00 1.736950897514871750e+00 2.506929872267443446e-02 1.497180686420684651e+04
2.985452915974272159e+01 1.719831456940051684e+00 1.721957529240237372e+00 2.534672647192743808e-02 1.494431619180596317e+04
2.993306904384942868e+01 1.729931208856311908e+00 1.734245281714692055e+00 2.530636882564102352e-02 1.486377744024038839e+04
3.001160892760143994e+01 1.728371808068491333e+00 1.730917654173294462e+00 2.553776228667454379e-02 1.481215542083699256e+04
3.009014881100154071e+01 1.735185757438489018e+00 1.738494806573253504e+00 2.565395328675534187e-02 1.499443071837954994e+04
3.016868869405248077e+01 1.718069522498164137e+00 1.721230749492559831e+00 2.611543724695674848e-02 1.488616000705298211e+04
3.024722857675697441e+01 1.740631204950339628e+00 1.742051736824731467e+00 2.634047953124774716e-02 1.485806345746378247e+04
3.032576845911771457e+01 1.731813287816210911e+00 1.735939411350403860e+00 2.664565272204000301e-02 1.483575159520176203e+04
3.040430834113736580e+01 1.740614238830327398e+00 1.745321117706592373e+00 2.684391168979255796e-02 1.483235394923131753e+04
3.048284822281856421e+01 1.740568443798575116e+00 1.742344289184127426e+00 2.685431734415677160e-02 1.470691127403138671e+04
3.056138810416392460e+01 1.759628046658894496e+00 1.761296365314421131e+00 2.718625169314723214e-02 1.463881434335676022e+04
3.063992798517602267e+01 1.749987367243839520e+00 1.750289117327292976e+00 2.699996254483134558e-02 1.475419588950648904e+04
3.071846786585741640e+01 1.754387095264865470e+00 1.756396583466708350e+00 2.739668572186291368e-02 1.466692384717140521e+04
3.079700774621063886e+01 1.745243564392729541e+00 1.747127233569555349e+00 2.758326275628644741e-02 1.461738721184728274e+04
3.087554762623818760e+01 1.772947802038223886e+00 1.772416543204652806e+00 2.806488726093579397e-02 1.472115953078434359e+04
3.095408750594254599e+01 1.767851036254078467e+00 1.767126748428950567e+00 2.824761944574132044e-02 1.457913734598542396e+04
3.103262738532617249e+01 1.760605583970404009e+00 1.762008079318724940e+00 2.855053259886155062e-02 1.462525866377134480e+04
3.111116726439149005e+01 1.795356200158006121e+00 1.798121895742131882e+00 2.877916276904426973e-02 1.473223395348795566e+04
3.118970714314090387e+01 1.791675198061515539e+00 1.793118433953337920e+00 2.870032849363504321e-02 1.449487804186366702e+04
3.126824702157679781e+01 1.796909793817446088e+00 1.798492072848525414e+00 2.874523221080931348e-02 1.463619933835166194e+04
3.134678689970152377e+01 1.787088171307608553e+00 1.788056255767623171e+00 2.915119676191833473e-02 1.459976888867714115e+04
3.142532677751741588e+01 1.806307102996313141e+00 1.812038879500290633e+00 2.920931304933647651e-02 1.470525116104189874e+04
3.150386665502678696e+01 1.802490163272424173e+00 1.804914806471794808e+00 2.977638844549746616e-02 1.476426489020663757e+04
3.158240653223192140e+01 1.805696902246815894e+00 1.807871735612158526e+00 3.004417223999450090e-02 1.473218771002094581e+04
3.166094640913508229e+01 1.829819439053469221e+00 1.835997097560206681e+00 3.042464611247749223e-02 1.470835423982239990e+04
3.173948628573851494e+01 1.801641740152165605e+00 1.803859819600023062e+00 3.030505942095748986e-02 1.480031236933110267e+04
3.181802616204443623e+01 1.814306029398135456e+00 1.814941697312594915e+00 3.069161348530208624e-02 1.462967918246399859e+04
3.189656603805504531e+01 1.827431053577472264e+00 1.829399439704746166e+00 3.042709694431276410e-02 1.475895729278215003e+04
3.197510591377251998e+01 1.870219381281148952e+00 1.871972871659757676e+00 3.105832731281298054e-02 1.449198417296919251e+04
3.205364578919900964e+01 1.859598119612897671e+00 1.861855203739018361e+00 3.124846438891925801e-02 1.464187178947310167e+04
3.213218566433665302e+01 1.868404716661598464e+00 1.875490065336853363e+00 3.131813687244051903e-02 1.462950802262408433e+04
3.221072553918755688e+01 1.850122804580251801e+00 1.856469437919037846e+00 3.218994918955519341e-02 1.466095962174662418e+04
3.228926541375382442e+01 1.874047026622336132e+00 1.876410713104317729e+00 3.170669455299507389e-02 1.503583021533574174e+04
3.236780528803751622e+01 1.882260329926370490e+00 1.871709346484043746e+00 3.228001785035933269e-02 1.466013450541489692e+04
3.244634516204068575e+01 1.885702884135853408e+00 1.885560809828474182e+00 3.228937040926688901e-02 1.443752566361041863e+04
3.252488503576537227e+01 1.880869458524139004e+00 1.881648601050140091e+00 3.285882211606821340e-02 1.482065129475228969e+04
3.260342490921358660e+01 1.893101270952012083e+00 1.891057451531954481e+00 3.294826327486071599e-02 1.488657750376483455e+04
3.268196478238731828e+01 1.904971143505509446e+00 1.900330667405790486e+00 3.326410165252368517e-02 1.480494463316218571e+04
3.276050465528854261e+01 1.950249264384482206e+00 1.943848151167311356e+00 3.326643894966512666e-02 1.487535811058149557e+04
3.283904452791921358e+01 1.909491640300209347e+00 1.915552507233864388e+00 3.363727140941042554e-02 1.450276280719618990e+04
3.291758440028127097e+01 1.899798747191804527e+00 1.896269194677022041e+00 3.345240338007606645e-02 1.496318848682781208e+04
3.299612427237663326e+01 1.890053992301663488e+00 1.897173633604049225e+00 3.361155457976878341e-02 1.535975562448331038e+04
3.307466414420719758e+01 1.938964490062679014e+00 1.933189154598951021e+00 3.458970817241933254e-02 1.516266660833265996e+04
3.315320401577483977e+01 1.930338265395042718e+00 1.931669108670702739e+00 3.495943920770035185e-02 1.493598996468612495e+04
3.323174388708143567e+01 1.914988202434692033e+00 1.902716973985633775e+00 3.511176569701046635e-02 1.567497504175420363e+04
3.331028375812883269e+01 1.914503319159408079e+00 1.916519939050335131e+00 3.559087494197522850e-02 1.520375737868058059e+04
3.338882362891884981e+01 1.933929412226447209e+00 1.938772498138383371e+00 3.552071192771885655e-02 1.540257341957203971e+04
3.346736349945329891e+01 2.007942836529144515e+00 2.010521677228129800e+00 3.564584778306800067e-02 1.546411836467873945e+04
3.354590336973399189e+01 1.974390167324625578e+00 1.982906139029773307e+00 3.461059799301308137e-02 1.556903321047418103e+04
3.362444323976268379e+01 2.002202904037850395e+00 2.016614118817283696e+00 3.593737776899782327e-02 1.539043109790465314e+04
3.370298310954115806e+01 1.996579439654601718e+00 1.997227540082142427e+00 3.571532420841990602e-02 1.565406333403917415e+04
3.378152297907114132e+01 1.963030090698589802e+00 1.964056756813975513e+00 3.721186547887990470e-02 1.579325749334250213e+04
3.386006284835436730e+01 2.040227488351546548e+00 2.054472220833232665e+00 3.813683647084909617e-02 1.575944752897649596e+04
3.393860271739255552e+01 1.977372742794634597e+00 1.989160079314799434e+00 3.733935221546712258e-02 1.480562769599092280e+04
3.401714258618739706e+01 2.053767886971678003e+00 2.072885233120182580e+00 3.780102071996933877e-02 1.501763480572017579e+04
3.409568245474058301e+01 2.119840572671340517e+00 2.127748760236429781e+00 3.563825885890262168e-02 1.597374459786996886e+04
3.417422232305376895e+01 1.949190459290673472e+00 1.956762942595491550e+00 3.627589512460206722e-02 1.557692478798237426e+04
3.425276219112861043e+01 1.968225257405341599e+00 1.955339847082927518e+00 3.576952433693859901e-02 1.581262241361905399e+04
3.433130205896674880e+01 2.047733111995986732e+00 2.043522052878412154e+00 4.232204954234333738e-02 1.803414828493475943e+04
3.440984192656979701e+01 2.020102259282956947e+00 2.013576699558323302e+00 4.017987419044357494e-02 1.579895785157071441e+04
3.448838179393936088e+01 2.192262064639784125e+00 2.214549930886696494e+00 4.048275693128513403e-02 1.472118844862213336e+04
3.456692166107702491e+01 2.119350803758236257e+00 2.084124261872104089e+00 4.716340071136404521e-02 1.349531559274953906e+04
3.464546152798438072e+01 1.731729614855593180e+00 1.773381284561027282e+00 2.826290215113618637e-02 1.746665973845858025e+04
3.472400139466299152e+01 2.654040223246682650e+00 2.521607844181387836e+00 3.361180774256705694e-02 1.898500257220154162e+04
