# 0.9998 0.9998
7.871241428633635184e-02 1.237886245966495760e-03 1.237508691914105882e-03 2.445617301869069235e-09 4.624821449062878855e+02
1.618072713909662341e-01 4.633605302072920339e-03 4.632318140169906784e-03 1.547914295935861978e-08 1.837848692778548639e+03
2.418771330418761079e-01 1.223593109294243697e-02 1.223298372030449770e-02 4.781799648702301748e-08 2.514851342115726766e+03
3.211923215201240578e-01 1.892034282303838716e-02 1.892379757235246318e-02 8.423948667203400164e-08 4.942937894540507841e+03
4.002017901256537113e-01 2.220358999879598269e-02 2.220718169239718071e-02 1.824733709346620403e-07 6.935545017881564490e+03
4.790568272527075955e-01 2.755511258066089403e-02 2.755457522994349956e-02 3.344556023748943202e-07 6.867346448529136069e+03
5.578229290343351687e-01 3.247630690222056554e-02 3.247620615636634400e-02 5.454618841420350576e-07 9.795656124331871979e+03
6.365331115321660738e-01 3.994202281382925462e-02 3.993596720931814198e-02 8.421513308426302959e-07 1.052337611218117854e+04
7.152058371535838788e-01 3.974756013369550034e-02 3.974278842173264992e-02 1.205413507207886775e-06 1.189198187984139076e+04
7.938522421846891941e-01 4.722345206357256298e-02 4.722666144035449209e-02 1.393265138780581121e-06 1.268640131076846774e+04
8.724794443688169698e-01 5.303157294949265022e-02 5.300812720191400151e-02 1.952308287437634842e-06 1.338147898963283842e+04
9.510922062407737299e-01 5.674627590841005431e-02 5.673110495601895592e-02 2.563352598563678498e-06 1.455259744874251737e+04
1.029693835175838679e+00 6.469715908846535024e-02 6.462487936693588064e-02 3.292348769466053196e-06 1.473614941809664560e+04
1.108286699878543891e+00 7.136550856688383959e-02 7.128498906081270903e-02 4.132021997687414309e-06 1.502062916968982790e+04
1.186872541411916560e+00 7.079891449386198354e-02 7.068601291827354693e-02 5.241113891229689274e-06 1.597148847488334104e+04
1.265452668213572940e+00 8.281714752624225184e-02 8.273083148645467289e-02 6.135450359484635814e-06 1.700373653431137063e+04
1.344028082638708543e+00 8.535655769979846874e-02 8.525683668052889963e-02 7.212139866284275623e-06 1.841601927459044600e+04
1.422599565533279709e+00 9.306727146976923049e-02 9.296827319291596503e-02 8.627807216099366841e-06 1.815374389854431502e+04
1.501167734229200246e+00 1.014057138525321089e-01 1.012802442922435819e-01 1.002525467520077178e-05 1.919714001336746514e+04
1.579733083222462531e+00 1.038277261030423199e-01 1.036634957455673106e-01 1.238625237809403605e-05 2.030772756212978129e+04
1.658296013281593151e+00 1.100513705937425646e-01 1.099127777331291161e-01 1.351774111928079730e-05 2.061697442264578058e+04
1.736856852652245875e+00 1.181816789995796119e-01 1.180314739895487186e-01 1.570856738786098803e-05 2.047557594280684862e+04
1.815415872753641580e+00 1.250372191002774303e-01 1.247657446338066994e-01 1.790117372202246161e-05 2.173066683500353611e+04
1.893973299967037560e+00 1.305872107582129182e-01 1.303200371550059244e-01 1.970835978489523746e-05 2.179630811412679031e+04
1.972529324606241641e+00 1.372557468646193324e-01 1.369915366717660565e-01 2.257232568768983673e-05 2.282579196244020932e+04
2.051084107826015579e+00 1.437017057514656249e-01 1.433262571390174211e-01 2.569935214325575027e-05 2.347695636459719753e+04
2.129637787001040561e+00 1.547727393069270319e-01 1.543996540355109526e-01 2.803510459575438548e-05 2.419023205261722615e+04
2.208190479956450680e+00 1.592750589455861621e-01 1.587977079049604223e-01 3.180333187918493460e-05 2.452462343018538741e+04
2.286742288326184092e+00 1.658139384137261030e-01 1.653824186946756258e-01 3.519841223596833357e-05 2.462183782590636110e+04
2.365293300241981811e+00 1.672584341734653368e-01 1.668403620065933846e-01 3.825972307103524435e-05 2.515663754764155601e+04
2.443843592503681883e+00 1.801698300284482190e-01 1.797120421729690443e-01 4.205286176817886750e-05 2.604216350970376880e+04
2.522393232343909553e+00 1.864954831283365533e-01 1.860197251752591374e-01 4.606686941270123802e-05 2.621176635869017264e+04
2.600942278872942381e+00 1.908925733840683148e-01 1.902679814287235038e-01 5.130964621092314363e-05 2.715495897123883333e+04
2.679490784269383141e+00 2.009124544916936483e-01 2.003403022966192271e-01 5.572931481624782634e-05 2.676847524907360275e+04
2.758038794767343038e+00 2.086949631650805159e-01 2.079897945238726453e-01 5.959151732173036082e-05 2.764177113402759278e+04
2.836586351479573942e+00 2.176262170252698247e-01 2.169748269155647169e-01 6.537357405861664089e-05 2.842815006361857013e+04
2.915133491087511963e+00 2.214975034054641190e-01 2.208155959348040431e-01 7.081492643010109400e-05 2.838618762585240256e+04
2.993680246422668834e+00 2.311064608303622092e-01 2.303628221863903425e-01 7.602884985986123442e-05 2.824961359154332604e+04
3.072226646958827967e+00 2.395285546804826748e-01 2.385847832376792321e-01 8.310518378893381759e-05 2.908859474503300589e+04
3.150772719230606977e+00 2.416066776324206633e-01 2.406807661443215174e-01 8.712999023718241210e-05 2.908365418251425945e+04
3.229318487190934395e+00 2.508225131564328358e-01 2.499233494489630503e-01 9.649800921754802684e-05 2.989135300703752364e+04
3.307863972517584905e+00 2.606144275036008651e-01 2.597115296075092061e-01 1.030572781276881296e-04 2.990173216953252995e+04
3.386409194877053608e+00 2.680862137537883272e-01 2.670227095447903487e-01 1.113949192500225080e-04 3.092061615856331991e+04
3.464954172152534095e+00 2.734178230380842067e-01 2.723908255383014065e-01 1.162101666296055268e-04 3.063042615417802153e+04
3.543498920641575456e+00 2.846533777270849885e-01 2.835792777544676180e-01 1.236083754303119332e-04 3.134564772633302346e+04
3.622043455228019404e+00 2.875760014724607072e-01 2.865468715787833354e-01 1.342103636023058745e-04 3.116266200216885409e+04
3.700587789532037597e+00 2.995957757354352768e-01 2.985131686631619097e-01 1.398712515980092888e-04 3.166687864643752255e+04
3.779131936041457696e+00 3.042437895391858493e-01 3.029942407797370785e-01 1.512661437755086137e-04 3.221574548200182471e+04
3.857675906227046259e+00 3.106321006119233119e-01 3.094092563008954411e-01 1.615339998863184634e-04 3.254587758351423327e+04
3.936219710643986680e+00 3.229532054273628883e-01 3.216207910140213011e-01 1.717552398157506704e-04 3.298881941356312018e+04
4.014763359021444877e+00 3.280767176187390222e-01 3.266410661979442520e-01 1.785735357871290861e-04 3.239775401081955715e+04
4.093306860341824560e+00 3.364594505495847598e-01 3.351186252028175994e-01 1.894231376256372648e-04 3.307605424474277970e+04
4.171850222911064776e+00 3.450564232868831294e-01 3.437071750659843050e-01 2.031230973425218603e-04 3.386456922260153806e+04
4.250393454421145911e+00 3.500747775565951070e-01 3.485651546910614740e-01 2.155770859321550815e-04 3.352705544114127406e+04
4.328936562005788247e+00 3.555759328213827231e-01 3.540399890279440909e-01 2.279041965259667160e-04 3.406420844097084046e+04
4.407479552290201497e+00 3.690959462900006982e-01 3.673980840637272594e-01 2.407019629275077618e-04 3.392539379169316817e+04
4.486022431435594982e+00 3.738573223700937254e-01 3.719732035440410645e-01 2.522340545951390085e-04 3.471653467143490707e+04
4.564565205179107465e+00 3.899351027160901650e-01 3.880576103580889447e-01 2.641298227496574028e-04 3.481597753420982190e+04
4.643107878869670024e+00 3.900963367092517009e-01 3.881913175770285718e-01 2.787772242049357764e-04 3.503500206743858143e+04
4.721650457500300213e+00 3.953687965450058406e-01 3.935230793135601202e-01 2.955725727233932554e-04 3.518594657935532450e+04
4.800192945737217443e+00 4.110277074138197206e-01 4.091855471551326118e-01 3.065160477465123144e-04 3.528111419622878748e+04
4.878735347946150824e+00 4.153057641886090945e-01 4.132650552729604243e-01 3.223764244836042230e-04 3.592613683517948812e+04
4.957277668216146793e+00 4.262579079723889941e-01 4.240949388055728075e-01 3.381377622723469875e-04 3.578375641262486897e+04
5.035819910381144737e+00 4.342771284211380811e-01 4.320149669823328265e-01 3.506648463376587982e-04 3.553749308725234005e+04
5.114362078039562221e+00 4.445887926875468632e-01 4.423212051879311657e-01 3.720621981815326975e-04 3.637964626310401218e+04
5.192904174572115394e+00 4.430368883555226289e-01 4.406697238418963436e-01 3.905982514460286880e-04 3.653335049422145676e+04
5.271446203158030919e+00 4.546086862799156858e-01 4.519706196362296424e-01 4.105146928066432245e-04 3.654203679993583501e+04
5.349988166789838573e+00 4.621395689126195916e-01 4.596003715638406484e-01 4.286509048507686779e-04 3.709570584433747717e+04
5.428530068286878674e+00 4.791187398801231567e-01 4.764675523363768317e-01 4.438378045456213539e-04 3.701138225722213974e+04
5.507071910307648643e+00 4.830613569624943593e-01 4.803249186566407869e-01 4.617403502009337704e-04 3.706157270143428468e+04
5.585613695361120179e+00 4.926330175191069305e-01 4.898026952239218357e-01 4.881882632467354679e-04 3.748852748093214905e+04
5.664155425817094525e+00 5.025871209374395132e-01 4.996665821735902790e-01 5.088834578993127727e-04 3.759943934628590796e+04
5.742697103915729961e+00 5.083405223852243138e-01 5.052599090829494877e-01 5.301697312871834090e-04 3.745886701233602071e+04
5.821238731776284148e+00 5.146998178112928146e-01 5.116209540296554614e-01 5.482422415303847768e-04 3.782475002507575118e+04
5.899780311405160127e+00 5.254651841187407690e-01 5.221450895961846639e-01 5.707920154328592881e-04 3.804988396310473763e+04
5.978321844703323507e+00 5.325611039252050594e-01 5.293669382690090464e-01 6.007888316870749982e-04 3.846509813407163892e+04
6.056863333473133437e+00 5.447098227116509150e-01 5.414312368150974164e-01 6.096156827859283657e-04 3.861373715894651104e+04
6.135404779424661115e+00 5.522625190956644836e-01 5.488663602941334929e-01 6.442678167402967216e-04 3.855076103781758138e+04
6.213946184181517118e+00 5.582419562883998987e-01 5.547274509224993100e-01 6.637085321638517719e-04 3.867811762485785584e+04
6.292487549286247983e+00 5.716376030095102756e-01 5.681535069917846847e-01 6.958761429336927712e-04 3.895439701357262675e+04
6.371028876205335756e+00 5.743928961246583809e-01 5.709417484803870346e-01 7.147624340411364453e-04 3.891895910053861735e+04
6.449570166333828070e+00 5.802758370517143716e-01 5.765480012138476384e-01 7.454252950735754633e-04 3.894488078510986816e+04
6.528111420999634262e+00 5.929108517021993707e-01 5.891376665269560942e-01 7.739443078296836609e-04 3.884156782246066723e+04
6.606652641467518627e+00 6.026162077342631651e-01 5.985611850074987750e-01 8.016180013691544997e-04 3.899244345048472314e+04
6.685193828942805006e+00 6.134785024346101068e-01 6.093847920395339957e-01 8.286776660518767323e-04 3.906829092264865176e+04
6.763734984574836240e+00 6.137864432160357042e-01 6.099360313978172687e-01 8.546169291525151186e-04 3.915490483983969170e+04
6.842276109460177835e+00 6.299831381613330006e-01 6.254698965949114786e-01 8.873688354311842254e-04 3.922335400838566420e+04
6.920817204645620890e+00 6.366605413217477638e-01 6.323163643395741662e-01 9.086211627249579387e-04 3.961487027335987659e+04
6.999358271130968312e+00 6.454385161322462316e-01 6.409808023728397197e-01 9.509451838523587082e-04 3.991072339761193871e+04
7.077899309871646949e+00 6.557665206985902051e-01 6.511173482141965341e-01 9.854713970547271211e-04 3.956949535829917295e+04
7.156440321781138536e+00 6.618780620826466565e-01 6.573776558702275619e-01 1.004943411616291294e-03 3.938830195719104813e+04
7.234981307733260536e+00 6.777286459520982520e-01 6.732395507430088966e-01 1.036141369414710382e-03 3.991510002740099299e+04
7.313522268564292439e+00 6.789634701503126646e-01 6.740473154804671463e-01 1.075332851447725066e-03 3.982343039852053334e+04
7.392063205074973276e+00 6.874929024882121542e-01 6.825352866608815905e-01 1.110308297773402895e-03 3.982228854741933901e+04
7.470604118032365015e+00 6.954754462878330878e-01 6.907419257534541668e-01 1.145462178877396054e-03 3.991281171236492810e+04
7.549145008171610272e+00 6.991279528079648031e-01 6.941566267887409047e-01 1.175440961531203652e-03 4.020975333466286247e+04
7.627685876197570103e+00 7.086667037070573105e-01 7.038222026330730463e-01 1.215507947101233596e-03 4.022777452906368126e+04
7.706226722786373884e+00 7.237941463989294721e-01 7.186458494585261647e-01 1.246055636038235787e-03 4.003707099771125650e+04
7.784767548586863484e+00 7.242797057209741096e-01 7.187369533843189773e-01 1.284972767180110565e-03 3.994955035959310771e+04
7.863308354221953955e+00 7.374835964989120418e-01 7.320322477204193046e-01 1.323010591877020383e-03 4.026826999077255459e+04
7.941849140289923170e+00 7.463345761212117901e-01 7.407183633298460856e-01 1.362298218404828145e-03 3.990829437082789809e+04
8.020389907365611748e+00 7.547906886091592105e-01 7.493086827637815972e-01 1.389265463692710085e-03 4.051386804456741083e+04
8.098930656001561701e+00 7.613772679301483715e-01 7.556743756938264500e-01 1.446186755822122683e-03 4.027512302904836542e+04
8.177471386729090241e+00 7.712617071961065385e-01 7.652914419776379873e-01 1.482562612593109471e-03 4.020973592579138494e+04
8.256012100059292536e+00 7.832517181783864579e-01 7.770800536698391214e-01 1.518862355170114403e-03 4.044961714711770037e+04
8.334552796484000936e+00 7.848182807593830912e-01 7.790070584503955287e-01 1.563446605658396068e-03 4.022052327917789808e+04
8.413093476476680266e+00 7.951576220810716578e-01 7.892953448328637878e-01 1.602756710463351230e-03 4.015828172159298265e+04
8.491634140493276917e+00 8.072530119205453270e-01 8.010702933989961583e-01 1.654273861977383075e-03 4.021184191546157672e+04
8.570174788973028868e+00 8.086628094060662741e-01 8.024668713677055587e-01 1.707801602851038948e-03 4.018638628479799081e+04
8.648715422339215309e+00 8.168854235694864574e-01 8.104713736326638607e-01 1.739679932706206808e-03 4.029120697241938615e+04
8.727256040999876063e+00 8.263287024001068071e-01 8.198238992234658795e-01 1.783543409430713789e-03 3.995279623707223072e+04
8.805796645348495488e+00 8.371807038593327421e-01 8.305315465338819481e-01 1.825722789141799108e-03 4.007408222749113338e+04
8.884337235764643737e+00 8.423823618698721427e-01 8.354060131249030352e-01 1.875333738712179612e-03 4.005897116461037513e+04
8.962877812614589601e+00 8.501725200996007592e-01 8.436148968567092066e-01 1.924509013631200147e-03 4.048299342834175332e+04
9.041418376251867173e+00 8.563186992395223074e-01 8.494644372648124664e-01 1.982449877427253961e-03 4.031568128880477161e+04
9.119958927017840722e+00 8.624938303937103035e-01 8.556303226179446941e-01 2.024683968686276370e-03 4.049918331891822163e+04
9.198499465242209183e+00 8.751218170240330219e-01 8.679138046590876288e-01 2.076134153541335341e-03 4.013762263923671708e+04
9.277039991243508865e+00 8.827428273371116241e-01 8.754079213538543680e-01 2.116975514526864364e-03 3.996631911538168788e+04
9.355580505329580632e+00 8.931721323621533148e-01 8.856735458253769400e-01 2.179022758115155799e-03 4.018028733170258784e+04
9.434121007798012215e+00 8.957773296012911945e-01 8.880168791577204290e-01 2.250044908877040124e-03 4.031261166582716396e+04
9.512661498936562765e+00 9.110150043994328373e-01 9.036039155335169326e-01 2.294218452914482606e-03 4.017180393095042382e+04
9.591201979023569635e+00 9.108313986431566533e-01 9.029501556360495229e-01 2.358853014656317124e-03 4.013065315060290595e+04
9.669742448328321416e+00 9.216854507034648591e-01 9.140152196433156684e-01 2.410667149444502798e-03 3.997183872070848156e+04
9.748282907111432749e+00 9.345832634822549556e-01 9.270614222230787460e-01 2.468167177826343338e-03 3.996303982596996502e+04
9.826823355625185386e+00 9.362772587569158089e-01 9.291547179452631644e-01 2.524931155235054635e-03 3.952210602340564219e+04
9.905363794113858589e+00 9.414728564253996845e-01 9.337226855713972595e-01 2.601546634674684489e-03 3.992788635340004839e+04
9.983904222814045326e+00 9.485422968440292424e-01 9.400392524482534817e-01 2.652963114863730876e-03 3.955478301067164284e+04
1.006244464195495070e+01 9.590061986868116950e-01 9.510949601163823930e-01 2.707618894537099953e-03 3.957360569504110026e+04
1.014098505175868148e+01 9.595913340731354602e-01 9.516257709426356737e-01 2.776912758860199809e-03 3.958047285688893317e+04
1.021952545244051613e+01 9.739606084162770738e-01 9.660298055048234245e-01 2.826918150708488970e-03 3.965510146415617055e+04
1.029806584420916415e+01 9.852858929425500900e-01 9.773598569805554970e-01 2.907408519037795597e-03 3.935530042099150887e+04
1.037660622726701654e+01 9.847499745226311330e-01 9.765724867914387097e-01 2.967219353320537430e-03 3.947348613960116927e+04
1.045514660181038380e+01 9.954228575929835454e-01 9.870531591486817469e-01 3.062824580155679155e-03 3.932870962445040641e+04
1.053368696802971982e+01 1.005538103100372505e+00 9.972892430496991256e-01 3.113424438794047591e-03 3.946066960144617769e+04
1.061222732610984210e+01 1.009775455782011777e+00 1.001474031816060650e+00 3.177256267176249704e-03 3.937854694183931861e+04
1.069076767623013779e+01 1.014144441538935126e+00 1.005701800192454698e+00 3.259129985918243246e-03 3.914520550948290474e+04
1.076930801856475739e+01 1.023755597661000216e+00 1.015231460321303514e+00 3.334255612532702889e-03 3.912436778125466662e+04
1.084784835328281005e+01 1.030400026530305491e+00 1.021639887856283568e+00 3.417580547675028516e-03 3.912833796600429923e+04
1.092638868054854306e+01 1.044126003722472218e+00 1.035264868623811729e+00 3.488012229468019643e-03 3.904549914822421852e+04
1.100492900052151413e+01 1.049537979017050038e+00 1.040830908172749814e+00 3.562599363055823313e-03 3.892308995325055730e+04
1.108346931335675833e+01 1.056868723696475110e+00 1.048194698866022234e+00 3.632522171561799931e-03 3.851437311137177312e+04
1.116200961920494805e+01 1.062381371228492855e+00 1.053299076101941623e+00 3.711382903680523256e-03 3.866498430401473888e+04
1.124054991821254212e+01 1.062649310656052837e+00 1.053548841349962517e+00 3.805389816181037419e-03 3.870465258151964372e+04
1.131909021052193687e+01 1.068529157484095826e+00 1.059549018940913134e+00 3.864629731630121138e-03 3.852667686579113069e+04
1.139763049627160285e+01 1.074752430155710758e+00 1.065475079545004533e+00 3.975566440520304952e-03 3.828475682791578583e+04
1.147617077559622167e+01 1.085635800425253983e+00 1.076401895360721062e+00 4.047454971021524281e-03 3.827005513526307186e+04
1.155471104862680853e+01 1.093453234573489974e+00 1.083748747932299361e+00 4.128026668960105977e-03 3.811605018291468878e+04
1.163325131549084368e+01 1.104828592328704007e+00 1.095143406614973225e+00 4.218478064502623193e-03 3.818812122872010514e+04
1.171179157631238787e+01 1.101075592046445673e+00 1.091631012030571890e+00 4.278579573935538220e-03 3.798060415400349302e+04
1.179033183121219608e+01 1.116786823083083302e+00 1.106840004894135365e+00 4.402360893813754041e-03 3.781117972749082401e+04
1.186887208030782759e+01 1.121545615871092361e+00 1.111311525633207342e+00 4.464358751932171777e-03 3.764974526746253105e+04
1.194741232371374728e+01 1.124829669146903521e+00 1.114917067532552819e+00 4.576784047488838790e-03 3.769738541000939586e+04
1.202595256154143222e+01 1.128444128909378730e+00 1.118804846566343825e+00 4.672019664940816296e-03 3.755059043029101304e+04
1.210449279389946753e+01 1.132573807510161679e+00 1.122774275623294127e+00 4.764519312753742221e-03 3.733702522878546006e+04
1.218303302089363527e+01 1.138568286864296564e+00 1.128405864667243241e+00 4.835697242517226699e-03 3.732755422021267441e+04
1.226157324262700676e+01 1.144508025222318315e+00 1.134215321352845640e+00 4.932512316003007623e-03 3.739131307301486959e+04
1.234011345920003322e+01 1.152489991214940890e+00 1.142572031022587531e+00 5.028134821676914952e-03 3.707537236506904446e+04
1.241865367071062565e+01 1.155811001374964953e+00 1.146044813805705109e+00 5.145955462202203394e-03 3.683547936464705708e+04
1.249719387725422415e+01 1.167211456551988658e+00 1.156993276091144551e+00 5.232202929296432374e-03 3.684156237950830837e+04
1.257573407892389383e+01 1.173589309309210460e+00 1.163442915437300051e+00 5.327790838839763059e-03 3.694748625832114340e+04
1.265427427581038877e+01 1.176990919079671905e+00 1.166529954047220041e+00 5.427038654815074040e-03 3.665918069480570557e+04
1.273281446800221772e+01 1.182233111222531496e+00 1.171838429457898512e+00 5.544874678196268225e-03 3.633585829876005300e+04
1.281135465558572584e+01 1.193770727539531729e+00 1.183319840927096189e+00 5.635844491081926089e-03 3.647598373479308066e+04
1.288989483864514796e+01 1.197456095586702629e+00 1.187726934053611849e+00 5.726227897393352737e-03 3.612148253156309511e+04
1.296843501726268322e+01 1.204896762425504031e+00 1.194968792422127057e+00 5.853914539985637794e-03 3.622203419028453209e+04
1.304697519151855190e+01 1.206813450560077383e+00 1.196894091459948628e+00 5.935946343614143320e-03 3.609116229372996895e+04
1.312551536149104692e+01 1.213730786471086898e+00 1.203707191533641030e+00 6.023347096368090667e-03 3.598424231065162894e+04
1.320405552725660492e+01 1.217645956274699071e+00 1.207212952566196318e+00 6.153127572267107388e-03 3.557072518628195394e+04
1.328259568888985243e+01 1.226190529447537703e+00 1.215230472731750888e+00 6.244729397250137377e-03 3.546151476451816416e+04
1.336113584646366270e+01 1.234712309252440354e+00 1.223826792743728298e+00 6.361452105597502175e-03 3.541986379800148279e+04
1.343967600004920548e+01 1.235933859405764945e+00 1.224888811216334306e+00 6.488831009660344165e-03 3.541859685312212969e+04
1.351821614971599317e+01 1.241930887540788175e+00 1.231441118156018311e+00 6.617699679842613085e-03 3.526197649947150057e+04
1.359675629553193588e+01 1.249406256728434972e+00 1.238736017893069308e+00 6.701156611163810312e-03 3.503439103622718540e+04
1.367529643756338231e+01 1.251076541815002718e+00 1.240483058247626946e+00 6.831489424423045805e-03 3.492953265792218008e+04
1.375383657587516595e+01 1.257824357949382188e+00 1.247062913183681454e+00 6.930562949877666461e-03 3.480624068013141368e+04
1.383237671053064766e+01 1.266956610028315389e+00 1.255635858888269007e+00 7.076670355846518233e-03 3.472528879091722047e+04
1.391091684159175834e+01 1.270421717603294809e+00 1.258618635858529844e+00 7.167646466551456930e-03 3.460863765697742201e+04
1.398945696911903269e+01 1.277437652445800653e+00 1.265791503541837892e+00 7.310402692805279858e-03 3.446107681875719572e+04
1.406799709317166069e+01 1.282252471586598608e+00 1.270940820434293794e+00 7.438527175925050902e-03 3.431521048776534735e+04
1.414653721380751428e+01 1.287302372253187333e+00 1.275925113011218359e+00 7.533831587833723052e-03 3.421739328884475981e+04
1.422507733108318817e+01 1.293360652205159500e+00 1.282068445408012014e+00 7.668424675197451842e-03 3.397673424131378852e+04
1.430361744505403543e+01 1.297467607167154036e+00 1.285897079351663086e+00 7.762319886738269781e-03 3.396364960699350195e+04
1.438215755577419586e+01 1.303444824056998241e+00 1.291923175993354489e+00 7.875194193902656375e-03 3.364774414087800687e+04
1.446069766329663686e+01 1.310040135544964457e+00 1.299083857587394863e+00 8.021007623583039509e-03 3.369507341802487645e+04
1.453923776767318010e+01 1.313427959448708382e+00 1.301405797681431054e+00 8.193216561923779770e-03 3.347368364520408068e+04
1.461777786895453346e+01 1.315352616776035433e+00 1.303688921320290905e+00 8.315243228396237626e-03 3.329076517605051049e+04
1.469631796719032302e+01 1.325776348551832129e+00 1.313892986826592280e+00 8.426701446182177993e-03 3.298968008328327414e+04
1.477485806242911437e+01 1.326503401520040759e+00 1.314776484928672273e+00 8.590801786520165309e-03 3.317043082661093649e+04
1.485339815471844993e+01 1.338566801102238690e+00 1.326885243588643348e+00 8.693498079894725408e-03 3.295775581022889673e+04
1.493193824410487203e+01 1.336266959797771881e+00 1.324743225867446528e+00 8.863866466735936117e-03 3.278900511274972814e+04
1.501047833063394421e+01 1.342236767917490914e+00 1.330352046535206556e+00 8.982717640511651835e-03 3.266918845131984926e+04
1.508901841435028857e+01 1.346635934223495701e+00 1.335199486181735118e+00 9.148777640042961637e-03 3.252497444158269354e+04
1.516755849529759992e+01 1.358359573195635939e+00 1.346791431088002255e+00 9.306935598928702327e-03 3.236607031421890497e+04
1.524609857351867070e+01 1.360311449499308045e+00 1.348181605798081772e+00 9.404624782522165438e-03 3.231251108095875679e+04
1.532463864905541762e+01 1.361559944536499867e+00 1.349608719717906302e+00 9.552531714754839906e-03 3.214948788460532160e+04
1.540317872194890292e+01 1.372656237052028105e+00 1.360283280383417726e+00 9.722203759730761383e-03 3.196825836522936879e+04
1.548171879223935399e+01 1.375557875359501914e+00 1.363216444939443051e+00 9.846282190649044766e-03 3.188132757285670232e+04
1.556025885996618996e+01 1.380902280294304507e+00 1.368905127443856395e+00 9.998547386164371303e-03 3.172749410641763825e+04
1.563879892516803238e+01 1.385701683619459335e+00 1.373299588040185482e+00 1.016511350222310331e-02 3.151677671227375322e+04
1.571733898788273187e+01 1.388279769126604668e+00 1.375604167845623449e+00 1.033727009247062921e-02 3.141939039758772196e+04
1.579587904814739119e+01 1.400956752503765612e+00 1.388485358220845622e+00 1.049559920218829344e-02 3.136368315787136089e+04
1.587441910599837769e+01 1.401005401660220473e+00 1.388868889896273107e+00 1.062045395259201760e-02 3.107484641960745648e+04
1.595295916147133575e+01 1.411075541956423596e+00 1.398830765163245893e+00 1.082396468296719337e-02 3.096002252425232291e+04
1.603149921460121874e+01 1.418617023148061040e+00 1.406476158755314954e+00 1.094759777868716498e-02 3.083942023249166959e+04
1.611003926542229436e+01 1.416291556899529125e+00 1.403916854890025601e+00 1.112973655291212526e-02 3.071357366671352429e+04
1.618857931396816596e+01 1.429252178370008508e+00 1.416526499314100684e+00 1.130658304595183461e-02 3.075584641375061256e+04
1.626711936027179561e+01 1.436034079004782971e+00 1.424149136535489468e+00 1.146184147612827955e-02 3.047949518097990222e+04
1.634565940436549525e+01 1.437899399092813502e+00 1.425041148755958886e+00 1.167123935640372763e-02 3.045668804298311079e+04
1.642419944628097639e+01 1.443833518002276328e+00 1.431321995634151856e+00 1.181024607921214720e-02 3.022236806796824021e+04
1.650273948604932883e+01 1.443864372003876850e+00 1.431673483449311890e+00 1.196123527175525780e-02 3.020762093610646843e+04
1.658127952370107394e+01 1.455543437235705673e+00 1.442956381158192247e+00 1.214752326250849966e-02 3.000227891447256115e+04
1.665981955926614333e+01 1.454503713334768245e+00 1.442006095969128765e+00 1.232869210592340420e-02 2.993526670389287392e+04
1.673835959277390728e+01 1.466525114938762586e+00 1.453655060549856382e+00 1.250319993166571289e-02 2.985690498622709492e+04
1.681689962425318896e+01 1.463757091328778071e+00 1.450625577490769702e+00 1.267766486108194181e-02 2.973842453659453895e+04
1.689543965373228218e+01 1.478654086893493869e+00 1.465919699292270062e+00 1.284820351263107549e-02 2.954424729756090164e+04
1.697397968123895495e+01 1.482964679397082763e+00 1.470283253350046282e+00 1.303637554968174045e-02 2.937011104078541757e+04
1.705251970680045304e+01 1.485988756598428884e+00 1.472962432635613883e+00 1.322831400039801812e-02 2.933589474225635422e+04
1.713105973044353902e+01 1.486509274748243792e+00 1.474416762371069112e+00 1.346042948452439748e-02 2.923224602976983806e+04
1.720959975219447102e+01 1.494456947019381143e+00 1.481583354215560533e+00 1.359821442066858933e-02 2.914485708372209410e+04
1.728813977207903463e+01 1.499189027652421791e+00 1.486439695349575318e+00 1.374258766409789181e-02 2.907632481023525543e+04
1.736667979012256424e+01 1.505458346261830949e+00 1.492443571954627624e+00 1.395048724626292945e-02 2.892575680616384489e+04
1.744521980634991110e+01 1.512436604385241523e+00 1.499664302368175717e+00 1.410794345291726572e-02 2.875759659895113145e+04
1.752375982078550365e+01 1.519312979851109358e+00 1.507414941529900299e+00 1.431404484429039947e-02 2.868002942556524795e+04
1.760229983345331917e+01 1.523251530062650794e+00 1.510833016531421658e+00 1.455633767790218483e-02 2.865913083171502149e+04
1.768083984437692635e+01 1.531129752819548662e+00 1.518932656975026330e+00 1.478689106647413688e-02 2.845195626250807982e+04
1.775937985357945692e+01 1.535815728168160588e+00 1.523285293692193898e+00 1.495649177473505620e-02 2.840652179038476243e+04
1.783791986108364824e+01 1.541607109659528296e+00 1.529155383051916228e+00 1.510949987759647659e-02 2.824215742341087025e+04
1.791645986691183268e+01 1.546103113187262457e+00 1.533337707505995740e+00 1.527427427900319469e-02 2.814579841343675071e+04
1.799499987108595889e+01 1.552819353158466864e+00 1.541131323132151731e+00 1.550294782589226733e-02 2.814220476266436526e+04
1.807353987362759185e+01 1.561246881606988879e+00 1.548898449650873088e+00 1.572814974564433130e-02 2.800365298015340886e+04
1.815207987455791638e+01 1.562674587779468993e+00 1.549695445988902076e+00 1.591896784609203586e-02 2.787776433148055730e+04
1.823061987389775851e+01 1.568678109377037444e+00 1.555585312935327869e+00 1.609580501299999120e-02 2.783038981642293948e+04
1.830915987166758541e+01 1.572510443194579111e+00 1.560017591324035724e+00 1.629990963371065124e-02 2.783708312834566095e+04
1.838769986788751964e+01 1.589860666901945274e+00 1.576266803219981361e+00 1.649088367815015194e-02 2.762049923055962063e+04
1.846623986257733563e+01 1.588934266400026107e+00 1.575519285432413819e+00 1.664827949852231911e-02 2.758213677116244435e+04
1.854477985575647381e+01 1.598192231718597478e+00 1.585308082958489795e+00 1.694212195103449170e-02 2.762948298124383655e+04
1.862331984744404423e+01 1.607496547444848156e+00 1.595067545241861895e+00 1.709193141520647455e-02 2.749652483801127528e+04
1.870185983765884075e+01 1.610543458591267241e+00 1.597312468612135383e+00 1.734139903203069100e-02 2.738256109706351344e+04
1.878039982641934458e+01 1.618383225666307101e+00 1.605771801404801469e+00 1.747030725169698012e-02 2.734876829400118004e+04
1.885893981374372075e+01 1.623739519477561233e+00 1.610972124934842986e+00 1.774499486811209267e-02 2.728365199563257192e+04
1.893747979964983941e+01 1.628845319479582443e+00 1.615878285839566164e+00 1.796525438166230587e-02 2.721503833488639793e+04
1.901601978415527228e+01 1.640599896016108339e+00 1.627755023354938047e+00 1.821329417793293368e-02 2.715293902449769666e+04
1.909455976727730331e+01 1.644368588715374280e+00 1.631355300648410500e+00 1.840592178002812412e-02 2.718616786041338491e+04
1.917309974903293579e+01 1.654762547755170621e+00 1.642102008638419708e+00 1.861491926990588991e-02 2.712104615626642408e+04
1.925163972943889235e+01 1.658710448598206488e+00 1.645410540814768785e+00 1.881978667138024114e-02 2.708444571291766624e+04
1.933017970851161849e+01 1.664859256885107275e+00 1.652270993319342018e+00 1.902687690878524310e-02 2.695822781272649809e+04
1.940871968626730748e+01 1.679470051244036588e+00 1.666658844364862446e+00 1.924422102435470114e-02 2.701099009328572720e+04
1.948725966272188259e+01 1.686677753175680028e+00 1.673496935849306810e+00 1.938653952124176280e-02 2.695206617158719382e+04
1.956579963789100773e+01 1.687798318085773408e+00 1.675657657146137236e+00 1.969964571474568452e-02 2.689953125633856325e+04
1.964433961179010524e+01 1.702958580670356659e+00 1.689670275562854096e+00 1.992946370633637623e-02 2.689176405447151774e+04
1.972287958443434519e+01 1.707119691210615242e+00 1.693968373886129752e+00 2.019475860788766397e-02 2.689390439205364237e+04
1.980141955583865965e+01 1.718590027098250594e+00 1.704763545900171762e+00 2.030621869471329125e-02 2.692485280639346092e+04
1.987995952601774619e+01 1.731626981418421307e+00 1.717435549947069484e+00 2.062323640375219105e-02 2.689788004778164395e+04
1.995849949498606790e+01 1.736063043346629531e+00 1.722716165405214550e+00 2.072535787801735654e-02 2.693458401064587451e+04
2.003703946275786052e+01 1.745500801655958334e+00 1.731522306653186183e+00 2.108876398255765325e-02 2.684876659369702247e+04
2.011557942934713950e+01 1.746023104943047910e+00 1.732962972519762834e+00 2.137084413077136244e-02 2.686477554252933987e+04
2.019411939476770712e+01 1.751130764917585569e+00 1.738044016406493641e+00 2.160164719335153083e-02 2.665996714398508630e+04
2.027265935903314542e+01 1.755303619662256454e+00 1.742087844244552430e+00 2.176326254878322569e-02 2.656250055707249703e+04
2.035119932215682326e+01 1.758045736769447087e+00 1.744565348230402657e+00 2.195472904053525492e-02 2.650821862057734688e+04
2.042973928415191054e+01 1.763295738643785970e+00 1.749708928974051947e+00 2.226610175737795544e-02 2.640549538930316703e+04
2.050827924503137467e+01 1.761644189126700732e+00 1.749310671971040954e+00 2.246182701602712425e-02 2.622677952110567639e+04
2.058681920480798766e+01 1.765983114285990530e+00 1.754183225555247194e+00 2.276185007157806306e-02 2.613408852956008923e+04
2.066535916349431901e+01 1.769110951718955604e+00 1.756724690719838167e+00 2.291077322266256433e-02 2.594424258958312203e+04
2.074389912110275347e+01 1.768990292420861810e+00 1.757587296836931268e+00 2.318387055181159520e-02 2.587543490599953657e+04
2.082243907764548752e+01 1.772057289655858181e+00 1.759606619603319766e+00 2.344538216917650686e-02 2.574930376290475760e+04
2.090097903313453642e+01 1.779066712004284456e+00 1.766970014057011262e+00 2.369138897420876300e-02 2.565781704164800612e+04
2.097951898758173783e+01 1.778588855912120570e+00 1.766878741980353773e+00 2.392239494404969219e-02 2.547509765990723099e+04
2.105805894099874109e+01 1.779350487642734402e+00 1.768234856826544910e+00 2.423870578241881651e-02 2.532836875706778665e+04
2.113659889339703568e+01 1.779085325462344658e+00 1.767954989653722331e+00 2.435124925314482991e-02 2.521467961684314287e+04
2.121513884478793344e+01 1.784076320670591409e+00 1.772443183140681722e+00 2.476802769412039806e-02 2.510151255499952458e+04
2.129367879518258277e+01 1.783422410794669899e+00 1.771669237698624499e+00 2.498429714046015646e-02 2.496399910571270811e+04
2.137221874459196869e+01 1.790328397537767291e+00 1.778568225206108355e+00 2.520335881022633603e-02 2.485863651223442139e+04
2.145075869302691274e+01 1.788571288464074760e+00 1.777125688022915595e+00 2.550582990740856565e-02 2.467019534720574302e+04
2.152929864049807307e+01 1.792914800558780941e+00 1.781902365516061959e+00 2.578662770761228074e-02 2.455870231801343834e+04
2.160783858701596571e+01 1.791636144914411588e+00 1.781574670771889357e+00 2.604580708573043732e-02 2.455937224322204202e+04
2.168637853259094683e+01 1.795290913816130152e+00 1.785039388743891786e+00 2.630006111606575381e-02 2.441989931642475494e+04
2.176491847723321982e+01 1.797168432362109325e+00 1.787083327687403411e+00 2.657680119593927581e-02 2.431025511054401795e+04
2.184345842095285306e+01 1.802316963724252874e+00 1.791582977525454146e+00 2.687309860430013228e-02 2.413570835240274027e+04
2.192199836375975508e+01 1.807065370113773106e+00 1.796777475487430387e+00 2.717521676804460912e-02 2.411327805168978739e+04
2.200053830566371005e+01 1.807794040264292912e+00 1.796928102393870796e+00 2.743201387635211055e-02 2.400273462830296194e+04
2.207907824667434582e+01 1.802774990060095783e+00 1.792244864151403938e+00 2.765390906019316725e-02 2.382702068091349065e+04
2.215761818680116590e+01 1.812094687862067621e+00 1.800867537870326274e+00 2.795209732345647555e-02 2.377853705875370724e+04
2.223615812605353526e+01 1.813280146502729284e+00 1.802991655868332321e+00 2.843141041663610133e-02 2.365843301224598326e+04
2.231469806444068738e+01 1.815011412417118608e+00 1.804458775230674883e+00 2.867948063473083758e-02 2.352047162523085353e+04
2.239323800197172432e+01 1.820312797190891452e+00 1.809337425752264972e+00 2.889515078465122386e-02 2.349515879796916488e+04
2.247177793865562023e+01 1.822006221546924154e+00 1.811812048876690895e+00 2.908108969973990238e-02 2.327427841477332913e+04
2.255031787450123204e+01 1.822087216779759711e+00 1.811575254581349492e+00 2.938801386324208648e-02 2.324012804303583471e+04
2.262885780951728165e+01 1.829755684723106013e+00 1.819306687761067964e+00 2.970668342277529156e-02 2.305464972693981690e+04
2.270739774371238440e+01 1.828410612666867552e+00 1.819950084575820970e+00 3.005295960335459607e-02 2.301422130217749509e+04
2.278593767709502771e+01 1.831177919313322633e+00 1.820932555120178931e+00 3.042270774170137068e-02 2.297610002909939067e+04
2.286447760967358178e+01 1.830690676866530309e+00 1.820631456456061947e+00 3.080175018911112533e-02 2.285448110658126097e+04
2.294301754145629957e+01 1.837472517837625885e+00 1.827790334804387129e+00 3.096174504670062486e-02 2.273778995991760166e+04
2.302155747245133455e+01 1.841457629972354626e+00 1.831503674150277039e+00 3.129727740548662873e-02 2.261548565606794000e+04
2.310009740266672296e+01 1.840864375814061038e+00 1.831022371585111941e+00 3.166213338492497587e-02 2.261259887096197781e+04
2.317863733211038380e+01 1.845429132506840153e+00 1.834728085939818731e+00 3.196156712819429174e-02 2.246210006658731436e+04
2.325717726079013303e+01 1.850795410250677397e+00 1.841718308401044002e+00 3.230006153695598459e-02 2.242402889395807506e+04
2.333571718871368716e+01 1.849255155739219614e+00 1.839005374326320608e+00 3.274869196622952339e-02 2.227074012967761155e+04
2.341425711588865965e+01 1.847872114285681100e+00 1.838064666991045204e+00 3.289649048970103018e-02 2.211175447736087881e+04
2.349279704232255384e+01 1.855297363920750175e+00 1.846758677107416480e+00 3.322982205575451126e-02 2.215173944520823716e+04
2.357133696802278067e+01 1.864583414479741075e+00 1.855300622817725786e+00 3.359157419861872468e-02 2.198894099977406222e+04
2.364987689299664453e+01 1.858162336400389858e+00 1.850039511775104950e+00 3.387737485849583868e-02 2.201735614382271524e+04
2.372841681725136453e+01 1.867298424639600274e+00 1.858439585303841124e+00 3.416856970647246666e-02 2.191869988004569313e+04
2.380695674079405322e+01 1.868412928634919812e+00 1.859513637258223495e+00 3.454521561119575090e-02 2.180927027000447924e+04
2.388549666363174140e+01 1.870929148422036281e+00 1.862530186769866258e+00 3.499747909591705008e-02 2.167955218792989399e+04
2.396403658577134976e+01 1.872637761327603512e+00 1.864203776458947637e+00 3.520261823190522915e-02 2.167320183351999367e+04
2.404257650721972439e+01 1.879403970739045304e+00 1.871663001289646910e+00 3.556948041170126390e-02 2.146594885081903703e+04
2.412111642798362254e+01 1.881166949384660780e+00 1.873521255193477009e+00 3.591452070970964361e-02 2.149394131050316719e+04
2.419965634806970556e+01 1.883141708006063730e+00 1.875658023238088168e+00 3.627151785017232455e-02 2.133970573132939535e+04
2.427819626748454596e+01 1.885082256187412098e+00 1.878856071776129566e+00 3.662340414918267839e-02 2.129090591900394793e+04
2.435673618623464520e+01 1.890428092092570456e+00 1.882826599928538958e+00 3.692702009896350890e-02 2.124044572013229117e+04
2.443527610432640529e+01 1.891834454916988761e+00 1.885388264385764234e+00 3.743958061007091748e-02 2.124177008942415705e+04
2.451381602176616425e+01 1.901490165613474836e+00 1.895500424211886692e+00 3.771060252072375857e-02 2.114533491452701128e+04
2.459235593856016067e+01 1.901885072023311363e+00 1.894761189206075613e+00 3.792012138739642158e-02 2.102915802901743155e+04
2.467089585471456203e+01 1.908849107543330703e+00 1.901530337092375289e+00 3.835838500223230640e-02 2.096991419316214160e+04
2.474943577023546126e+01 1.909206777304668812e+00 1.901540755500794155e+00 3.886219347372164151e-02 2.089370367526056361e+04
2.482797568512887310e+01 1.916626138867183249e+00 1.909792545517386531e+00 3.916851171226124612e-02 2.087250302945615113e+04
2.490651559940072346e+01 1.916228025541563795e+00 1.910918665168898301e+00 3.934290495368188145e-02 2.078527359499922750e+04
2.498505551305688144e+01 1.923794277428216626e+00 1.917045248075252450e+00 3.977853383995764297e-02 2.075589720694893913e+04
2.506359542610313440e+01 1.928463985500195932e+00 1.921881123263926350e+00 4.008122025579437947e-02 2.065333579897943127e+04
2.514213533854519511e+01 1.925589236165464291e+00 1.919807333698002383e+00 4.061923536473067281e-02 2.062944399052960944e+04
2.522067525038871239e+01 1.942808032909822069e+00 1.937445847276315192e+00 4.104118762239985369e-02 2.052336628757360450e+04
2.529921516163925688e+01 1.941471046188140814e+00 1.938222085807040029e+00 4.133717163169175340e-02 2.054652756595955725e+04
2.537775507230233529e+01 1.948685981914769494e+00 1.943926664313153196e+00 4.174807649422983269e-02 2.050101299679223303e+04
2.545629498238338684e+01 1.943406544275021464e+00 1.936773053698719771e+00 4.214014595137472591e-02 2.038120694820089193e+04
2.553483489188777966e+01 1.946066362645757941e+00 1.941234552803878799e+00 4.239290276564398885e-02 2.043742082007251520e+04
2.561337480082082152e+01 1.954140731584627533e+00 1.948703761177034588e+00 4.283594854178409544e-02 2.034660592075662498e+04
2.569191470918774911e+01 1.959560895974385986e+00 1.957752918793398189e+00 4.323355351829919618e-02 2.019204833262597094e+04
2.577045461699373874e+01 1.958471096428642255e+00 1.953642020960441705e+00 4.345686056071885323e-02 2.020810735144893988e+04
2.584899452424390631e+01 1.970249094434215253e+00 1.965806452031391593e+00 4.413443150337825055e-02 2.017584756885392198e+04
2.592753443094329668e+01 1.978228900475951679e+00 1.974605558809831907e+00 4.437345874424269976e-02 2.011150525435539748e+04
2.600607433709690852e+01 1.970531391717408987e+00 1.967022180766932138e+00 4.470438432918777405e-02 2.007915151570038870e+04
2.608461424270966944e+01 1.975776461831961317e+00 1.973645840969445731e+00 4.524112029266798285e-02 2.001724898151515663e+04
2.616315414778644310e+01 1.981244602700182433e+00 1.978453572926252901e+00 4.566895718204520144e-02 1.999784480549755608e+04
2.624169405233205055e+01 1.985827189827848338e+00 1.983945813179183393e+00 4.571464862802895185e-02 1.995486600346442356e+04
2.632023395635124174e+01 1.996197384855094237e+00 1.994132595620354165e+00 4.640518762932959590e-02 1.996705592799188526e+04
2.639877385984871694e+01 1.992124188829207609e+00 1.990829208803552630e+00 4.680779816772025204e-02 1.985716875466632337e+04
2.647731376282911953e+01 2.003980388013388403e+00 2.002513497165834711e+00 4.726926648599382580e-02 1.984463663833230385e+04
2.655585366529703606e+01 2.007041340840711285e+00 2.006491597613483169e+00 4.761329596833932531e-02 1.981261112059018706e+04
2.663439356725699980e+01 2.011379664601693928e+00 2.012069043972245730e+00 4.794995326259812729e-02 1.982531442581909141e+04
2.671293346871349428e+01 2.017929598642914879e+00 2.016720546437742012e+00 4.839719632590220449e-02 1.980754591155157323e+04
2.679147336967094617e+01 2.028262539842985657e+00 2.026362387129419407e+00 4.878910171261593293e-02 1.973044364728493019e+04
2.687001327013372531e+01 2.029761376445787580e+00 2.028088131949584483e+00 4.923106759339645339e-02 1.975158680996872135e+04
2.694855317010616602e+01 2.043867913679346948e+00 2.042860576649458082e+00 4.966097857055429277e-02 1.957380475950394248e+04
2.702709306959254221e+01 2.044690498642243615e+00 2.045012017638529134e+00 4.997367806336420332e-02 1.966483402772935005e+04
2.710563296859707094e+01 2.046449015500153124e+00 2.047304792284539321e+00 5.054771075319345469e-02 1.960311640397081646e+04
2.718417286712393377e+01 2.063060392270023247e+00 2.061967898316567016e+00 5.080406723813393755e-02 1.955765848106348130e+04
2.726271276517725894e+01 2.069507407813122590e+00 2.069201567959004784e+00 5.124765057338277752e-02 1.960322619891196882e+04
2.734125266276112498e+01 2.061614050444426471e+00 2.060250969455873715e+00 5.170165301459150181e-02 1.955966745529658874e+04
2.741979255987956776e+01 2.063817320213463979e+00 2.063445871246073260e+00 5.217235767487089088e-02 1.943218984317875220e+04
2.749833245653658054e+01 2.063094142553274501e+00 2.063171714180616068e+00 5.226369887176442186e-02 1.936362716689210356e+04
2.757687235273609616e+01 2.067706131380773193e+00 2.069454954173756800e+00 5.273882201280500476e-02 1.929655308235731718e+04
2.765541224848202262e+01 2.076533141292957296e+00 2.078500150957184989e+00 5.316211992611321463e-02 1.937495455099939863e+04
2.773395214377820395e+01 2.071360534636238704e+00 2.072375937076495145e+00 5.390363758251256326e-02 1.917477806161350600e+04
2.781249203862845576e+01 2.075209729724925456e+00 2.080271793910370537e+00 5.426066454374388337e-02 1.923633137342880218e+04
2.789103193303654038e+01 2.070679727510930324e+00 2.075630018677628641e+00 5.476487465442519270e-02 1.918438226486335407e+04
2.796957182700618816e+01 2.079486279591678421e+00 2.081572443029421571e+00 5.465172639541378274e-02 1.904439475368783678e+04
2.804811172054107615e+01 2.085339555923232613e+00 2.090237722377651153e+00 5.531617037657000219e-02 1.887990852938594617e+04
2.812665161364485655e+01 2.085621454618098447e+00 2.088158945502478936e+00 5.583480162301929228e-02 1.902870798357719468e+04
2.820519150632112115e+01 2.078508733375327822e+00 2.082426042220387519e+00 5.598111030926435777e-02 1.879931888997641363e+04
2.828373139857343332e+01 2.063598914430326836e+00 2.068855383213141774e+00 5.649894055083948263e-02 1.856630942773385323e+04
2.836227129040531736e+01 2.083977400024362936e+00 2.089248078129671615e+00 5.700764433566365280e-02 1.857003907701043499e+04
2.844081118182025847e+01 2.077188647057617299e+00 2.079696507041252307e+00 5.763558253516674196e-02 1.840154155097979310e+04
2.851935107282169923e+01 2.065607583633925604e+00 2.069382263888897455e+00 5.770790898128550644e-02 1.836688300577153495e+04
2.859789096341304315e+01 2.090968303957142727e+00 2.095192736429822844e+00 5.845375798955857599e-02 1.831271727276061938e+04
2.867643085359765820e+01 2.073353167876424763e+00 2.076848624365967844e+00 5.847851094914855580e-02 1.806508044406418412e+04
2.875497074337888392e+01 2.058233711561908041e+00 2.063102896061308478e+00 5.908098904461203671e-02 1.797275707665304799e+04
2.883351063276001369e+01 2.068352794157947816e+00 2.069990415713236054e+00 5.937335698860856520e-02 1.802897146140829864e+04
2.891205052174430890e+01 2.063304361999174219e+00 2.066998778770174905e+00 6.015602061771826298e-02 1.785360489293143837e+04
2.899059041033499184e+01 2.063131702117777078e+00 2.067292423975008120e+00 6.083329317285712801e-02 1.782715407225793388e+04
2.906913029853525643e+01 2.070597350618966104e+00 2.072298198108655232e+00 6.133389812465630392e-02 1.776024172481817368e+04
2.914767018634825746e+01 2.064977457282510365e+00 2.073311906851013742e+00 6.163957199869313924e-02 1.761955688928375821e+04
2.922621007377712132e+01 2.068027821814580225e+00 2.073211941898560173e+00 6.190829890626519533e-02 1.764238351072989462e+04
2.930474996082492822e+01 2.073756331134448239e+00 2.080944686137584210e+00 6.232203186861854510e-02 1.758006017839147171e+04
2.938328984749474060e+01 2.082060835720234149e+00 2.088712480443386088e+00 6.285873382849642421e-02 1.748116407162891119e+04
2.946182973378957826e+01 2.084061739621581477e+00 2.091601191616993205e+00 6.396566015738390509e-02 1.742040283281129450e+04
2.954036961971243258e+01 2.083700555086240414e+00 2.088691811151208721e+00 6.432536102560285074e-02 1.731841963038850736e+04
2.961890950526625943e+01 2.079721013564229004e+00 2.084248418672467462e+00 6.486035154704554440e-02 1.739117342011121218e+04
2.969744939045398979e+01 2.100396009490253402e+00 2.107815794969163381e+00 6.551350673081110521e-02 1.731835657363762584e+04
2.977598927527852268e+01 2.105031125256129343e+00 2.108152534431749991e+00 6.550630292393334886e-02 1.724806753525136446e+04
2.985452915974272159e+01 2.092452985951400724e+00 2.094493797655030853e+00 6.665262075812608544e-02 1.723377857255755589e+04
2.993306904384942868e+01 2.106301407350317234e+00 2.111633422720128550e+00 6.693311281203220831e-02 1.714077082994982993e+04
3.001160892760143994e+01 2.101341388910449748e+00 2.110243664900108840e+00 6.781358316149942167e-02 1.705335799290192153e+04
3.009014881100154071e+01 2.111798562916718858e+00 2.119935178155377908e+00 6.828512320615524878e-02 1.726938956010907714e+04
3.016868869405248077e+01 2.094603157768377244e+00 2.100178508403173439e+00 6.881561331513541546e-02 1.711982123836908795e+04
3.024722857675697441e+01 2.124438541071834052e+00 2.129013278269995979e+00 6.902134801208358039e-02 1.713749712106716834e+04
3.032576845911771457e+01 2.108729913165884984e+00 2.116415353024310608e+00 6.986059969120224367e-02 1.706833623566140523e+04
3.040430834113736580e+01 2.119630843676874044e+00 2.127624407236345494e+00 7.105238892895367198e-02 1.712803128132935308e+04
3.048284822281856421e+01 2.119069803148250664e+00 2.127376336600381723e+00 7.125255459473107955e-02 1.691007483944477644e+04
3.056138810416392460e+01 2.143722199921290095e+00 2.151084256881502288e+00 7.247541382925760944e-02 1.689984944168926449e+04
3.063992798517602267e+01 2.130909013660341689e+00 2.134698373242189806e+00 7.227865607408665016e-02 1.703573783029122205e+04
3.071846786585741640e+01 2.141759725683598070e+00 2.148005709077759562e+00 7.307567239545759152e-02 1.693698486766159476e+04
3.079700774621063886e+01 2.124900986089173660e+00 2.130552396401780957e+00 7.332233773827905032e-02 1.684095163649924871e+04
3.087554762623818760e+01 2.160619522511503021e+00 2.164830945619093949e+00 7.434706460760846791e-02 1.688513014529669090e+04
3.095408750594254599e+01 2.160752698497204083e+00 2.163738533526725405e+00 7.553274786533532847e-02 1.677774382651856649e+04
3.103262738532617249e+01 2.145983080846939117e+00 2.150215525066590416e+00 7.571074697837655576e-02 1.684706288783426498e+04
3.111116726439149005e+01 2.187408344845947372e+00 2.193982196047431277e+00 7.730229628294633948e-02 1.698092427863753255e+04
3.118970714314090387e+01 2.191274129627137413e+00 2.199425950975876454e+00 7.684229283700876045e-02 1.674302902143831670e+04
3.126824702157679781e+01 2.194106719084186530e+00 2.196840911941412067e+00 7.800641782684231140e-02 1.693287000982031532e+04
3.134678689970152377e+01 2.188579812292119620e+00 2.194846842556945177e+00 7.785105619719402681e-02 1.683064777713771036e+04
3.142532677751741588e+01 2.210870796900378465e+00 2.223738788215896545e+00 7.822575327067010642e-02 1.692167424963153462e+04
3.150386665502678696e+01 2.208818181925487956e+00 2.208073838560430602e+00 7.963197456470381963e-02 1.705636849956114747e+04
3.158240653223192140e+01 2.212166655561653261e+00 2.219368994832395803e+00 8.060564180501944564e-02 1.708458842176220423e+04
3.166094640913508229e+01 2.234198145698924165e+00 2.246239894526223413e+00 8.264813402532805720e-02 1.700242783765422064e+04
3.173948628573851494e+01 2.202215240300427812e+00 2.211484477149234351e+00 8.081346089919297371e-02 1.712439972547493380e+04
3.181802616204443623e+01 2.213578693347946214e+00 2.219467229236855133e+00 8.268340555957470750e-02 1.686706344143054594e+04
3.189656603805504531e+01 2.233432509057660997e+00 2.252214817908043454e+00 8.173835879282935479e-02 1.704043475763948300e+04
3.197510591377251998e+01 2.279658242215181652e+00 2.293508126175231698e+00 8.367361280842769422e-02 1.679646085370135916e+04
3.205364578919900964e+01 2.269538873068646989e+00 2.284027197095469308e+00 8.469277842458887429e-02 1.686526111403866889e+04
3.213218566433665302e+01 2.283000141455115095e+00 2.303339312045949328e+00 8.642716793151361543e-02 1.696967537280497709e+04
3.221072553918755688e+01 2.257650187715351198e+00 2.281630179510241163e+00 8.740889654750891302e-02 1.695142672742193099e+04
3.228926541375382442e+01 2.283960019805077568e+00 2.298603571290188441e+00 8.659254398383546547e-02 1.746138272332083216e+04
3.236780528803751622e+01 2.290805753578875947e+00 2.293239850760308673e+00 8.708352093771251634e-02 1.699908751191480769e+04
3.244634516204068575e+01 2.292078225723692686e+00 2.305460697375595558e+00 8.739400738504568555e-02 1.666630668918334050e+04
3.252488503576537227e+01 2.290867077683585329e+00 2.297148376405100834e+00 8.883241821205618838e-02 1.720653911363649240e+04
3.260342490921358660e+01 2.305993524642536929e+00 2.317161589683558898e+00 9.094680108545014074e-02 1.726646113268330373e+04
3.268196478238731828e+01 2.322033057124092803e+00 2.317671743833959130e+00 9.290993931745661349e-02 1.711466584160490675e+04
3.276050465528854261e+01 2.375791836076083463e+00 2.381338079520503914e+00 9.174186183884326662e-02 1.725067106773376872e+04
3.283904452791921358e+01 2.334774114054566141e+00 2.357564303059330513e+00 9.308806137270891901e-02 1.683837905442227566e+04
3.291758440028127097e+01 2.297405432812529735e+00 2.311076294855729962e+00 9.148716054689394472e-02 1.721269523264864256e+04
3.299612427237663326e+01 2.294527557842219512e+00 2.318676687172193773e+00 9.396974325747523005e-02 1.771508854261415036e+04
3.307466414420719758e+01 2.373878470439688915e+00 2.380872836332065035e+00 9.732054284908039921e-02 1.760356982150973272e+04
3.315320401577483977e+01 2.350965929609199812e+00 2.378328542767982778e+00 9.633562959456246078e-02 1.757941181811319984e+04
3.323174388708143567e+01 2.325415418961005010e+00 2.331347361912965432e+00 1.006018807727902253e-01 1.794043521217751550e+04
3.331028375812883269e+01 2.343697317481770792e+00 2.379886986936806892e+00 1.017598990995454561e-01 1.755276147218036203e+04
3.338882362891884981e+01 2.356780672578834945e+00 2.394397363751119556e+00 9.935672931652515805e-02 1.771981827651975982e+04
3.346736349945329891e+01 2.457396719037986177e+00 2.490426231621815756e+00 1.010832710738998746e-01 1.785668610994423216e+04
3.354590336973399189e+01 2.405990972043434706e+00 2.457146320750722701e+00 9.839677907887039998e-02 1.797088397920482385e+04
3.362444323976268379e+01 2.429917230800093364e+00 2.455104372651394584e+00 1.045703597057798528e-01 1.779227843365196532e+04
3.370298310954115806e+01 2.428545593508297351e+00 2.463604337144051026e+00 1.020259611741785588e-01 1.790135455766137238e+04
3.378152297907114132e+01 2.388837008157778552e+00 2.435502871873778563e+00 1.078565294163360694e-01 1.834339202678623406e+04
3.386006284835436730e+01 2.470417099416098328e+00 2.514556968936932702e+00 1.089958005185428930e-01 1.804085397093200663e+04
3.393860271739255552e+01 2.413027702333769842e+00 2.443616646274941573e+00 1.069023290439534979e-01 1.701815495499332246e+04
3.401714258618739706e+01 2.476018272640679196e+00 2.548391083878054797e+00 1.097361228960868490e-01 1.771852363015563242e+04
3.409568245474058301e+01 2.558648801951354468e+00 2.573702451511996170e+00 1.044619695783734342e-01 1.832493813672044416e+04
3.417422232305376895e+01 2.371798871181348467e+00 2.401367159279197416e+00 1.088288875756900920e-01 1.792830423588726262e+04
3.425276219112861043e+01 2.439763229311736836e+00 2.455077441100936397e+00 1.167316991975456408e-01 1.817635708495308791e+04
3.433130205896674880e+01 2.480632963803947266e+00 2.450583808869799540e+00 1.164815113923526740e-01 2.142307461457145473e+04
3.440984192656979701e+01 2.468857822104804534e+00 2.494732075374836544e+00 1.210971847268074025e-01 1.884508312968817700e+04
3.448838179393936088e+01 2.609955276727002005e+00 2.653232279750282530e+00 1.072505426394557981e-01 1.733923239434998686e+04
3.456692166107702491e+01 2.481445729317375282e+00 2.539273400666887337e+00 1.053144701150365570e-01 1.510884485934044096e+04
3.464546152798438072e+01 2.403029070913970333e+00 2.366515240893921845e+00 8.156910065162029100e-02 1.959926007300820493e+04
3.472400139466299152e+01 2.831460689866668545e+00 2.712323572684333328e+00 1.089950013391471351e-01 2.088292985777638387e+04
