# 0.02853 0.0002562
7.871241428633635184e-02 8.735255935236115044e-03 1.240078940966006603e-06 8.628077999297106490e-03 3.506292088584405064e+03
1.618072713909662341e-01 4.461478820552219199e-02 4.120445631263213379e-06 4.400144852479161151e-02 1.412788552143202833e+04
2.418771330418761079e-01 5.911271533741230960e-02 6.695269299094139026e-06 5.815552579424569657e-02 1.955241407887661990e+04
3.211923215201240578e-01 1.267515610962847150e-01 1.034517239471457403e-05 1.250532950698119983e-01 3.729698844244493375e+04
4.002017901256537113e-01 1.897411043732888658e-01 1.430253808575186355e-05 1.870108683256576088e-01 5.360399181747534021e+04
4.790568272527075955e-01 1.974446129390107219e-01 1.693372402899180580e-05 1.946503755278269909e-01 5.246416342087659723e+04
5.578229290343351687e-01 2.986415850368356883e-01 2.742005265481605594e-05 2.940704597353193117e-01 7.858977970915955666e+04
6.365331115321660738e-01 3.466931588978428569e-01 2.924581750706219983e-05 3.417644625321388796e-01 8.424678089632249612e+04
7.152058371535838788e-01 4.020515224035094426e-01 3.446163498042193585e-05 3.964793756418888981e-01 9.779842269172995293e+04
7.938522421846891941e-01 4.398316911221509806e-01 4.020271843279120969e-05 4.337008996933454652e-01 9.897863876831649395e+04
8.724794443688169698e-01 5.173849106427758082e-01 4.760779964269437929e-05 5.102980968280577123e-01 1.115374630648553284e+05
9.510922062407737299e-01 5.820724421810185012e-01 5.574885968517692334e-05 5.740761628116918258e-01 1.229968159600340878e+05
1.029693835175838679e+00 6.419123123785286378e-01 6.111651409663149224e-05 6.335792860545157446e-01 1.281164924090825371e+05
1.108286699878543891e+00 7.248629877082141126e-01 7.280733991634819784e-05 7.152169239435937076e-01 1.388017354508527205e+05
1.186872541411916560e+00 7.674574408170585782e-01 8.153926779335932574e-05 7.573853638964003210e-01 1.454611966956572141e+05
1.265452668213572940e+00 8.163873242503545402e-01 9.073696863743376483e-05 8.057278374441975144e-01 1.529846549251054530e+05
1.344028082638708543e+00 9.045874025549424102e-01 1.037367348819623960e-04 8.929434792306316648e-01 1.650400649610293331e+05
1.422599565533279709e+00 9.625806883938269332e-01 1.153771483249580864e-04 9.502538646077449691e-01 1.696205312879416742e+05
1.501167734229200246e+00 1.068734650567330302e+00 1.304052641885618919e-04 1.055333396268039570e+00 1.790816761624873616e+05
1.579733083222462531e+00 1.167580867084555996e+00 1.484412872854783897e-04 1.152912209161373491e+00 1.938946417654321122e+05
1.658296013281593151e+00 1.207806676461202988e+00 1.613227361616888841e-04 1.192870155021206635e+00 1.959042064332018199e+05
1.736856852652245875e+00 1.315515254496128383e+00 1.751822780008840768e-04 1.299753502664566351e+00 2.034960963401731278e+05
1.815415872753641580e+00 1.336192191700296794e+00 1.924431566656362614e-04 1.320155754468441467e+00 2.082852566738423193e+05
1.893973299967037560e+00 1.467050385097104614e+00 2.236965361534486857e-04 1.448099275136338182e+00 2.215133317373659811e+05
1.972529324606241641e+00 1.549812683148698911e+00 2.387394262940452220e-04 1.531021671148007135e+00 2.301009427130109689e+05
2.051084107826015579e+00 1.643587843807291948e+00 2.620970005860264883e-04 1.623803726311750850e+00 2.393025095649366849e+05
2.129637787001040561e+00 1.790766946582156960e+00 2.863487550026897247e-04 1.769800873017358667e+00 2.563524595423857390e+05
2.208190479956450680e+00 1.896811734983846254e+00 3.051204296974114206e-04 1.874912405362280543e+00 2.627234404473755276e+05
2.286742288326184092e+00 1.917191629345647241e+00 3.347551814047123805e-04 1.895985701565744641e+00 2.654451963178566657e+05
2.365293300241981811e+00 1.947502044744381822e+00 3.615906657927365478e-04 1.925847222470995490e+00 2.620516841270605510e+05
2.443843592503681883e+00 2.074027274745880778e+00 3.922923780874627364e-04 2.050948169879343030e+00 2.763762368111722171e+05
2.522393232343909553e+00 2.193813769875451403e+00 4.228953032887900333e-04 2.169376609237521514e+00 2.884436760098547093e+05
2.600942278872942381e+00 2.361115946304387148e+00 4.699928233007485620e-04 2.334273776819819179e+00 3.040973629577155225e+05
2.679490784269383141e+00 2.433294748252063044e+00 5.027228560828573157e-04 2.405144583595267616e+00 3.084687544864895754e+05
2.758038794767343038e+00 2.563373164111349300e+00 5.353537736352886661e-04 2.534781495527356210e+00 3.217096483304074500e+05
2.836586351479573942e+00 2.743976912243653032e+00 5.854810110991977333e-04 2.712995645848295556e+00 3.360546648800419061e+05
2.915133491087511963e+00 2.790316289679581896e+00 6.227210368754022710e-04 2.759443180935539974e+00 3.362375833384810248e+05
2.993680246422668834e+00 2.866091464342989781e+00 6.629270841999907338e-04 2.834250307566533067e+00 3.399374669530511601e+05
3.072226646958827967e+00 3.050361074300046660e+00 7.128457785085749168e-04 3.016360432567000149e+00 3.580437783189687179e+05
3.150772719230606977e+00 3.159816222058439816e+00 7.603511869569165669e-04 3.124634480838865080e+00 3.634181754666518536e+05
3.229318487190934395e+00 3.207807305223671079e+00 8.085274920550918412e-04 3.173204079590371762e+00 3.666973153755281237e+05
3.307863972517584905e+00 3.335650617709442489e+00 8.686379509243767963e-04 3.299367257443659440e+00 3.754756261736428714e+05
3.386409194877053608e+00 3.483076455414997330e+00 9.324323426665242446e-04 3.445099222461100563e+00 3.907475592017917079e+05
3.464954172152534095e+00 3.615602806089584842e+00 9.796891131193777476e-04 3.578367301874354922e+00 4.009271157851421158e+05
3.543498920641575456e+00 3.784443816877135269e+00 1.039374875671262742e-03 3.745238500451420371e+00 4.122820061169274850e+05
3.622043455228019404e+00 3.827928395871972089e+00 1.102853673654508471e-03 3.787112362751421824e+00 4.206066117213580292e+05
3.700587789532037597e+00 4.031697752124974166e+00 1.168873614299834052e-03 3.988369133403554034e+00 4.280607734317774884e+05
3.779131936041457696e+00 4.132239574011116190e+00 1.243647782435922762e-03 4.088264160100085753e+00 4.336463343737395480e+05
3.857675906227046259e+00 4.245123039306943902e+00 1.296171943818992620e-03 4.202940564122251921e+00 4.405204321509497822e+05
3.936219710643986680e+00 4.391293556255622121e+00 1.380380564031979170e-03 4.345796795750580088e+00 4.569222894956372329e+05
4.014763359021444877e+00 4.518990793704260156e+00 1.455544118491039268e-03 4.473434914058488587e+00 4.618602136716952664e+05
4.093306860341824560e+00 4.699955881549761294e+00 1.555075094205888046e-03 4.651207205052156013e+00 4.768162970555133652e+05
4.171850222911064776e+00 4.787950452800551204e+00 1.636911275121746574e-03 4.739014453505243196e+00 4.804381153314991388e+05
4.250393454421145911e+00 4.924887729824272142e+00 1.718879958328161598e-03 4.875871586151782289e+00 4.892687898889534990e+05
4.328936562005788247e+00 5.118634288848580738e+00 1.801024981186764243e-03 5.067334489506617246e+00 5.026762970997600933e+05
4.407479552290201497e+00 5.243179009370670940e+00 1.915405321154801553e-03 5.190539312130148630e+00 5.092214636208604206e+05
4.486022431435594982e+00 5.369802785134032419e+00 1.989541825455236335e-03 5.314350855794885753e+00 5.150050291211605654e+05
4.564565205179107465e+00 5.572446231526177129e+00 2.097005532623410530e-03 5.516680197271435659e+00 5.343439228304497665e+05
4.643107878869670024e+00 5.663418014039395487e+00 2.181816840953408089e-03 5.606002731069795075e+00 5.363007393970151898e+05
4.721650457500300213e+00 5.832871321060477676e+00 2.306351625769527229e-03 5.775241083060621783e+00 5.497246956141191768e+05
4.800192945737217443e+00 5.997672460461902944e+00 2.401374290564362891e-03 5.938660587174521943e+00 5.605476271240086062e+05
4.878735347946150824e+00 6.127418363612309626e+00 2.513528134418216691e-03 6.068369730679818552e+00 5.606843851866859477e+05
4.957277668216146793e+00 6.313438349407340944e+00 2.645747241254238751e-03 6.250006660249358248e+00 5.759320913701280951e+05
5.035819910381144737e+00 6.453519777515439593e+00 2.710524134656550847e-03 6.390313253175450292e+00 5.878822640661683399e+05
5.114362078039562221e+00 6.622043360409017865e+00 2.869856990922038924e-03 6.557859513019605124e+00 5.997965922208046541e+05
5.192904174572115394e+00 6.782039464608719648e+00 2.974161024537891589e-03 6.716682935009514743e+00 6.046775890738808084e+05
5.271446203158030919e+00 6.898939770720055265e+00 3.097933803296413959e-03 6.833486912512005240e+00 6.134472026218462270e+05
5.349988166789838573e+00 7.146673963626180459e+00 3.241759434179038949e-03 7.080165111016397006e+00 6.290009431391202379e+05
5.428530068286878674e+00 7.254705075841382467e+00 3.367528831318728974e-03 7.186991403595435202e+00 6.399870404080118751e+05
5.507071910307648643e+00 7.420140278935224210e+00 3.527937061548146007e-03 7.350687499994625007e+00 6.438217745075018611e+05
5.585613695361120179e+00 7.647548689884499318e+00 3.681791037783579447e-03 7.577316923435845730e+00 6.575042826360203326e+05
5.664155425817094525e+00 7.871054000187293731e+00 3.793959767539174539e-03 7.799283630251816035e+00 6.769361117370973807e+05
5.742697103915729961e+00 8.021249277407607181e+00 3.971844088939753548e-03 7.945945379275070053e+00 6.803557430619550869e+05
5.821238731776284148e+00 8.242945147060508404e+00 4.110408498656219906e-03 8.165325049280019343e+00 6.975260311320000328e+05
5.899780311405160127e+00 8.328146730144286636e+00 4.274241905677976863e-03 8.252545776374384801e+00 6.989335325548173860e+05
5.978321844703323507e+00 8.527799940826955805e+00 4.420113078777686451e-03 8.451454202718114317e+00 7.112980050739218714e+05
6.056863333473133437e+00 8.726776414114418401e+00 4.578062287341011158e-03 8.646443628661378611e+00 7.207543465403006412e+05
6.135404779424661115e+00 8.835469851820395348e+00 4.779303411806054905e-03 8.758256275615906361e+00 7.265123382889726199e+05
6.213946184181517118e+00 9.097334711022584841e+00 4.893393800254186923e-03 9.017834525526732037e+00 7.477780182817253517e+05
6.292487549286247983e+00 9.255612230653968098e+00 5.121924169089564320e-03 9.172640875944475525e+00 7.518829419866462704e+05
6.371028876205335756e+00 9.463979360638033356e+00 5.279092352875197798e-03 9.382285788895869061e+00 7.644592538085491396e+05
6.449570166333828070e+00 9.718607635746755236e+00 5.472582078452013256e-03 9.635025786259239666e+00 7.818547437062102836e+05
6.528111420999634262e+00 9.827758462642169235e+00 5.656833800254371450e-03 9.737911835872752775e+00 7.874911798191259149e+05
6.606652641467518627e+00 9.983173970821455967e+00 5.920823722014256947e-03 9.898315067331497019e+00 7.972828185851621674e+05
6.685193828942805006e+00 1.029408119706464397e+01 6.114515088804828996e-03 1.020536087011003978e+01 8.133818896212026011e+05
6.763734984574836240e+00 1.042518829525395851e+01 6.332626752843397051e-03 1.033337058092283911e+01 8.244043140875998652e+05
6.842276109460177835e+00 1.066080065556248258e+01 6.578321068203493022e-03 1.056741383917958110e+01 8.320722780555043137e+05
6.920817204645620890e+00 1.074607040821821080e+01 6.712674217247818764e-03 1.065650775944103401e+01 8.349652829712999519e+05
6.999358271130968312e+00 1.099802766307648483e+01 6.923796250856643041e-03 1.090387589550793734e+01 8.518548249481302919e+05
7.077899309871646949e+00 1.124596269379706648e+01 7.188083014058698275e-03 1.114898576990063184e+01 8.683147128770687850e+05
7.156440321781138536e+00 1.136005624183192708e+01 7.384474185126034540e-03 1.126765458390592300e+01 8.696151564012196613e+05
7.234981307733260536e+00 1.159449651534179893e+01 7.627928800389710204e-03 1.149898958962405793e+01 8.875417999216633616e+05
7.313522268564292439e+00 1.177358377300264891e+01 7.913801523153976558e-03 1.167367684086781843e+01 8.947177789230318740e+05
7.392063205074973276e+00 1.206056695685246183e+01 8.123912001004774883e-03 1.196473946774436925e+01 9.108356235676504439e+05
7.470604118032365015e+00 1.228226291695085415e+01 8.383084738209567108e-03 1.218067726092599123e+01 9.237444936909073731e+05
7.549145008171610272e+00 1.238392149546324106e+01 8.613764043240112328e-03 1.228310027147827732e+01 9.298381681838858640e+05
7.627685876197570103e+00 1.261125112692150729e+01 8.881798467545866382e-03 1.251000656257276056e+01 9.389396648268686840e+05
7.706226722786373884e+00 1.288103870079063284e+01 9.055940632912796995e-03 1.277485767138013983e+01 9.597058404576743487e+05
7.784767548586863484e+00 1.312783847910604784e+01 9.379298868303928213e-03 1.302433888067779044e+01 9.712146529958758038e+05
7.863308354221953955e+00 1.325010956276706331e+01 9.665056044286685424e-03 1.314371272117473310e+01 9.754269326358918333e+05
7.941849140289923170e+00 1.346538336807483915e+01 9.946699219689894567e-03 1.335829118201299082e+01 9.877264046371250879e+05
8.020389907365611748e+00 1.377624548696430118e+01 1.018636236131066977e-02 1.366546049199004642e+01 1.005110892435506335e+06
8.098930656001561701e+00 1.395099604085035416e+01 1.051263961191843677e-02 1.384039348826148164e+01 1.015147620853917673e+06
8.177471386729090241e+00 1.408624066710767053e+01 1.085132093094146218e-02 1.397327033221620418e+01 1.022318249977388303e+06
8.256012100059292536e+00 1.434149224976152759e+01 1.115190788524268208e-02 1.422589288881894909e+01 1.033985835069301073e+06
8.334552796484000936e+00 1.450123799415869108e+01 1.141694400490820410e-02 1.438708591903215606e+01 1.041774949908651761e+06
8.413093476476680266e+00 1.475760395621226628e+01 1.170984466109089780e-02 1.464194161684864426e+01 1.063818814796547173e+06
8.491634140493276917e+00 1.491968763092149786e+01 1.209017975158174253e-02 1.480198674563387051e+01 1.066571404556025518e+06
8.570174788973028868e+00 1.518378463811670009e+01 1.236402357031975152e-02 1.506640765392465475e+01 1.085110467005454702e+06
8.648715422339215309e+00 1.543216022021730893e+01 1.274887950472273698e-02 1.531304850879649315e+01 1.097062625995367533e+06
8.727256040999876063e+00 1.565610113147158700e+01 1.300228736042587617e-02 1.553791669073459403e+01 1.105465235429742839e+06
8.805796645348495488e+00 1.592403096963426634e+01 1.334710754914402407e-02 1.580793700825741510e+01 1.119487377251757775e+06
8.884337235764643737e+00 1.609288796084336326e+01 1.367719624363492904e-02 1.597842827991060588e+01 1.129564297081684694e+06
8.962877812614589601e+00 1.634347119272807447e+01 1.407658319357419849e-02 1.622443587529138398e+01 1.148070587747809244e+06
9.041418376251867173e+00 1.664833595952847745e+01 1.443868435183896272e-02 1.652402865344336291e+01 1.159431609997536754e+06
9.119958927017840722e+00 1.682079448950420897e+01 1.483434589829415312e-02 1.670005484232071069e+01 1.167122466615076410e+06
9.198499465242209183e+00 1.704917265491953415e+01 1.521638503984422755e-02 1.692784240373892501e+01 1.180499722496422706e+06
9.277039991243508865e+00 1.735023367641563041e+01 1.553630835906045539e-02 1.722732764984097287e+01 1.193203971237612423e+06
9.355580505329580632e+00 1.744200689960064921e+01 1.597924040416370470e-02 1.731788576752287412e+01 1.202390781019089045e+06
9.434121007798012215e+00 1.766267779627530388e+01 1.631597287212976921e-02 1.753886160014280549e+01 1.211385585116053699e+06
9.512661498936562765e+00 1.803263948303796838e+01 1.680482913425875025e-02 1.790109832985172034e+01 1.227744163784843637e+06
9.591201979023569635e+00 1.821482183459072246e+01 1.718320591945161555e-02 1.809102582019798078e+01 1.239996401738253422e+06
9.669742448328321416e+00 1.847849239411373290e+01 1.758888911201130639e-02 1.835157089156585997e+01 1.248850397095730295e+06
9.748282907111432749e+00 1.859202459698767740e+01 1.796794150318582056e-02 1.846310481874264298e+01 1.258112301700670039e+06
9.826823355625185386e+00 1.900122336905775100e+01 1.834710189509956152e-02 1.887169668996932970e+01 1.277468443562674336e+06
9.905363794113858589e+00 1.919249588649820382e+01 1.878309690762085954e-02 1.906495726089757525e+01 1.289400151808567112e+06
9.983904222814045326e+00 1.950752094660123959e+01 1.913104173478203524e-02 1.937441939708897820e+01 1.303605287325826939e+06
1.006244464195495070e+01 1.971097476649981672e+01 1.961043148965545269e-02 1.957495619796342723e+01 1.316763238379240269e+06
1.014098505175868148e+01 1.992143442058445757e+01 2.004017333215869084e-02 1.978709290275888932e+01 1.331069120000346797e+06
1.021952545244051613e+01 2.014937421310961696e+01 2.058974733263537263e-02 2.001305035219779427e+01 1.339319309420582140e+06
1.029806584420916415e+01 2.043967896026431674e+01 2.102685373507498859e-02 2.030408496904611226e+01 1.359061501357344678e+06
1.037660622726701654e+01 2.067460243768676520e+01 2.147803895451859402e-02 2.053635530987978086e+01 1.369497103686845163e+06
1.045514660181038380e+01 2.088859388998004363e+01 2.195999845389698391e-02 2.075667572673647499e+01 1.382591888972932938e+06
1.053368696802971982e+01 2.114347879474842529e+01 2.245844758418562293e-02 2.101121769881530810e+01 1.388275063060335582e+06
1.061222732610984210e+01 2.138930633111696622e+01 2.283087788432775628e-02 2.125710794378385771e+01 1.407011091937728925e+06
1.069076767623013779e+01 2.164240664069793496e+01 2.344867999885644552e-02 2.150542107737506825e+01 1.418317460195834283e+06
1.076930801856475739e+01 2.187799728486181294e+01 2.389790361768953653e-02 2.173779012316063231e+01 1.432327864974835422e+06
1.084784835328281005e+01 2.209023187793795628e+01 2.446872201930653384e-02 2.195697300764873816e+01 1.442934020282325801e+06
1.092638868054854306e+01 2.247258091164408356e+01 2.498345869090839999e-02 2.233263837292520648e+01 1.462055852551551303e+06
1.100492900052151413e+01 2.255060941085217863e+01 2.547211206321364427e-02 2.241114716454281819e+01 1.469202762503520353e+06
1.108346931335675833e+01 2.284908110900472877e+01 2.590181615303148444e-02 2.271261538388237611e+01 1.487108829248935217e+06
1.116200961920494805e+01 2.319292245343678260e+01 2.661837606563798031e-02 2.305305839398224066e+01 1.502134189091806067e+06
1.124054991821254212e+01 2.336110684631535150e+01 2.712961959364139364e-02 2.322174176896700715e+01 1.510371225144282682e+06
1.131909021052193687e+01 2.354672562419308690e+01 2.761466120943860403e-02 2.340556762429346449e+01 1.522857250070381910e+06
1.139763049627160285e+01 2.389380422654990355e+01 2.815639199334656756e-02 2.375807763109359882e+01 1.537882864755654009e+06
1.147617077559622167e+01 2.424423240296994209e+01 2.877997612778278660e-02 2.410687659098578095e+01 1.557048302089191740e+06
1.155471104862680853e+01 2.443453331002783102e+01 2.928641364502475655e-02 2.430120391967743032e+01 1.571902468485993799e+06
1.163325131549084368e+01 2.487232998567221287e+01 2.977538214735258801e-02 2.473148041976463674e+01 1.593542662433136255e+06
1.171179157631238787e+01 2.505430982124913086e+01 3.052137274570724049e-02 2.491279342309833211e+01 1.596969350249614334e+06
1.179033183121219608e+01 2.532062811856441442e+01 3.112786607186822027e-02 2.518127547282660927e+01 1.614228114646787755e+06
1.186887208030782759e+01 2.535531583400599231e+01 3.168565769006623928e-02 2.521817334242502895e+01 1.618046096365849487e+06
1.194741232371374728e+01 2.595000832118439504e+01 3.236281444266601859e-02 2.581489262101281312e+01 1.642518676037634956e+06
1.202595256154143222e+01 2.609102688985225527e+01 3.304489595798183743e-02 2.595495480298094648e+01 1.653356071541407146e+06
1.210449279389946753e+01 2.636819810254286267e+01 3.365302526780560716e-02 2.623088692657598031e+01 1.675018639541836223e+06
1.218303302089363527e+01 2.666155439908930092e+01 3.427151065155405185e-02 2.652373002218535447e+01 1.685018176605827641e+06
1.226157324262700676e+01 2.690642958952640384e+01 3.480652190921603578e-02 2.677317854695412436e+01 1.703376546747331508e+06
1.234011345920003322e+01 2.713312306283690845e+01 3.572024923265362112e-02 2.699603975455141835e+01 1.711900571077215485e+06
1.241865367071062565e+01 2.740698307397595457e+01 3.619116468231615286e-02 2.727102025821111653e+01 1.727338317945775576e+06
1.249719387725422415e+01 2.768882665092987949e+01 3.691048024479410411e-02 2.754702265598623967e+01 1.745581065719738603e+06
1.257573407892389383e+01 2.800320048639393988e+01 3.758858712128955448e-02 2.787155331316341389e+01 1.759092224454007577e+06
1.265427427581038877e+01 2.823108145607713837e+01 3.816071541643575871e-02 2.809873922943629054e+01 1.770328594761965331e+06
1.273281446800221772e+01 2.849799957343611467e+01 3.896051504456496395e-02 2.836452169820511671e+01 1.789026749356572749e+06
1.281135465558572584e+01 2.892847567738793657e+01 3.960441951490482893e-02 2.879389209549415085e+01 1.815256695568233030e+06
1.288989483864514796e+01 2.898583253837113105e+01 4.041828440397105676e-02 2.886056235702926287e+01 1.814964583166864002e+06
1.296843501726268322e+01 2.924586478707985648e+01 4.109500297296959925e-02 2.911809099130019618e+01 1.827998815396547550e+06
1.304697519151855190e+01 2.963978150580893001e+01 4.190981971810545798e-02 2.950338100233269856e+01 1.849936697811678052e+06
1.312551536149104692e+01 3.002523332387504951e+01 4.248640708443790492e-02 2.989575826949632287e+01 1.873066148572264705e+06
1.320405552725660492e+01 3.023008191757554286e+01 4.318703397353255979e-02 3.010033599614074973e+01 1.882713065822185017e+06
1.328259568888985243e+01 3.059505680087161394e+01 4.398703362661440797e-02 3.046904142218421185e+01 1.902495643217530334e+06
1.336113584646366270e+01 3.079504920490414577e+01 4.495627697513256138e-02 3.066335626110213397e+01 1.915798443571646465e+06
1.343967600004920548e+01 3.101857192344424874e+01 4.530943824147159321e-02 3.089690369199797004e+01 1.924119240374218440e+06
1.351821614971599317e+01 3.138355419363158916e+01 4.641248051045768208e-02 3.125704439314369409e+01 1.948215388697847025e+06
1.359675629553193588e+01 3.161943696744348387e+01 4.719320824451436747e-02 3.149126991074220783e+01 1.951415006811580854e+06
1.367529643756338231e+01 3.192842794070611490e+01 4.802588279658178555e-02 3.179809377444906815e+01 1.976798677829832770e+06
1.375383657587516595e+01 3.211536072763372829e+01 4.858072128374339715e-02 3.199180457992011384e+01 1.980691146297406405e+06
1.383237671053064766e+01 3.250329116654570072e+01 4.952778855713353690e-02 3.238141577039706220e+01 2.002732309090337949e+06
1.391091684159175834e+01 3.278909608406586074e+01 5.032674120054272254e-02 3.266395540708326450e+01 2.014201700595435221e+06
1.398945696911903269e+01 3.311196716512547766e+01 5.134977600971448591e-02 3.298040219683288399e+01 2.033169299032446695e+06
1.406799709317166069e+01 3.339922556444545876e+01 5.221513037334034324e-02 3.326785260684441425e+01 2.051993340792497387e+06
1.414653721380751428e+01 3.367522173344332970e+01 5.305636808045433722e-02 3.355294034841205786e+01 2.059594630036732182e+06
1.422507733108318817e+01 3.399442166192014980e+01 5.379229337352274543e-02 3.387899903843755567e+01 2.086041832357221982e+06
1.430361744505403543e+01 3.427893559523977274e+01 5.458278109234921543e-02 3.416666283304980567e+01 2.107547640159445815e+06
1.438215755577419586e+01 3.455886098993740774e+01 5.561623774867652248e-02 3.443986344661029619e+01 2.109479681670445949e+06
1.446069766329663686e+01 3.502962735460946675e+01 5.616759781589755751e-02 3.491909545222102196e+01 2.142634533975208178e+06
1.453923776767318010e+01 3.513363241339262544e+01 5.741032260713727076e-02 3.501946365282386608e+01 2.149446296433357522e+06
1.461777786895453346e+01 3.549725723316425530e+01 5.835893023610619346e-02 3.538383707819965451e+01 2.169845252411102876e+06
1.469631796719032302e+01 3.604490716660495764e+01 5.916693546292824124e-02 3.593522983789064540e+01 2.191375470977597870e+06
1.477485806242911437e+01 3.626656166707269335e+01 6.025513709939868401e-02 3.615616734289375245e+01 2.210934119207947515e+06
1.485339815471844993e+01 3.649267398915841198e+01 6.128495759820254407e-02 3.638787307636353319e+01 2.229971938396694604e+06
1.493193824410487203e+01 3.694496731525204325e+01 6.208770262574055815e-02 3.684130292364284287e+01 2.250168674913273659e+06
1.501047833063394421e+01 3.717240846557815814e+01 6.292010509045671551e-02 3.706591112434946211e+01 2.263241881585335359e+06
1.508901841435028857e+01 3.747172948910453982e+01 6.353711308651875667e-02 3.737027514735338940e+01 2.276509634675972629e+06
1.516755849529759992e+01 3.776201078063413519e+01 6.492196584206100241e-02 3.766222749781231727e+01 2.294246208155169617e+06
1.524609857351867070e+01 3.819009116726210351e+01 6.608030180575641399e-02 3.809304132118818131e+01 2.325662761248538736e+06
1.532463864905541762e+01 3.856479049269619708e+01 6.667815664028886591e-02 3.847562738989112319e+01 2.342048944966144394e+06
1.540317872194890292e+01 3.880015135340840260e+01 6.789310044979289527e-02 3.870510177455631862e+01 2.354878955889654346e+06
1.548171879223935399e+01 3.911024032410804097e+01 6.914100963462324612e-02 3.902082446878863919e+01 2.371131013082655612e+06
1.556025885996618996e+01 3.941462788420748353e+01 6.964848989637034693e-02 3.932474239781016934e+01 2.396077739251859952e+06
1.563879892516803238e+01 3.981225528495493649e+01 7.090652310184583640e-02 3.972300838831554159e+01 2.411906777151382528e+06
1.571733898788273187e+01 4.002131968176059473e+01 7.183738237706974172e-02 3.993713067806289985e+01 2.430851439530015457e+06
1.579587904814739119e+01 4.047380778108274768e+01 7.284661431675568122e-02 4.039010107751938250e+01 2.446476900904765818e+06
1.587441910599837769e+01 4.081470366240929337e+01 7.414872085062067242e-02 4.073364209602632258e+01 2.469763962654017378e+06
1.595295916147133575e+01 4.119176131278518227e+01 7.522578294860579606e-02 4.111018715672425117e+01 2.489116992058331612e+06
1.603149921460121874e+01 4.143392163932136896e+01 7.600161887259057614e-02 4.135969670504284323e+01 2.506366190628840122e+06
1.611003926542229436e+01 4.175348942226444393e+01 7.732676088076056997e-02 4.167576692861720744e+01 2.526748868456329685e+06
1.618857931396816596e+01 4.220985295467723830e+01 7.831295964998918890e-02 4.213882499303777251e+01 2.549173571766498033e+06
1.626711936027179561e+01 4.249029343652435387e+01 7.949943321381815198e-02 4.240860298481300106e+01 2.569239931442664936e+06
1.634565940436549525e+01 4.288598144796243616e+01 8.097637701641675900e-02 4.282615385743784486e+01 2.595273003668650519e+06
1.642419944628097639e+01 4.321926092604243053e+01 8.186797190071674890e-02 4.316338502114741971e+01 2.614859920539272949e+06
1.650273948604932883e+01 4.360836759915236627e+01 8.292501284833303510e-02 4.355215331791429634e+01 2.634388428074265365e+06
1.658127952370107394e+01 4.407204403110291224e+01 8.417120894264017161e-02 4.401736326738233629e+01 2.659909630370595958e+06
1.665981955926614333e+01 4.428541172721198649e+01 8.547517520568970184e-02 4.421522848633676261e+01 2.665575053546306212e+06
1.673835959277390728e+01 4.484921651869956349e+01 8.630991885957062237e-02 4.479277526826982125e+01 2.709802200114058331e+06
1.681689962425318896e+01 4.513634016127469550e+01 8.772382579898524435e-02 4.508117974960378405e+01 2.723111796534301713e+06
1.689543965373228218e+01 4.545570810771604187e+01 8.905472110676170006e-02 4.540441774597282887e+01 2.749258180943314917e+06
1.697397968123895495e+01 4.582205100262113717e+01 9.018791114364464734e-02 4.576994393811733630e+01 2.763761624373127706e+06
1.705251970680045304e+01 4.616943822322906499e+01 9.146424151879663234e-02 4.613105430519593853e+01 2.781639810830486007e+06
1.713105973044353902e+01 4.656323750916730830e+01 9.253129998682145529e-02 4.652260874261502011e+01 2.811893250448424835e+06
1.720959975219447102e+01 4.684388141500208746e+01 9.384508664112645171e-02 4.680140196943718678e+01 2.833137062700141221e+06
1.728813977207903463e+01 4.717114392751222596e+01 9.540983929662248675e-02 4.713515440349924290e+01 2.846218407325028908e+06
1.736667979012256424e+01 4.775289034933199872e+01 9.622460824182224592e-02 4.772113117125342541e+01 2.876002704007182736e+06
1.744521980634991110e+01 4.792646047698677592e+01 9.794501317392252659e-02 4.789563376322352894e+01 2.893768950469737872e+06
1.752375982078550365e+01 4.845320813259309034e+01 9.890469884915945031e-02 4.842072138386262736e+01 2.928663915880090557e+06
1.760229983345331917e+01 4.886425169950916114e+01 1.003810408260416981e-01 4.884215501968517259e+01 2.943346560025733896e+06
1.768083984437692635e+01 4.922253184545503757e+01 1.017636252258166535e-01 4.920210802602356637e+01 2.971788881772118621e+06
1.775937985357945692e+01 4.961749507489908950e+01 1.031778981414406965e-01 4.959157725145089302e+01 2.984520513760401867e+06
1.783791986108364824e+01 4.991454326809451914e+01 1.047113898783846447e-01 4.990072199401727460e+01 3.006390936408339534e+06
1.791645986691183268e+01 5.042148402258549567e+01 1.057097418453280258e-01 5.039973010037387269e+01 3.037955248920792248e+06
1.799499987108595889e+01 5.079575350051481308e+01 1.072440887876553728e-01 5.079095821221887519e+01 3.055183689131229650e+06
1.807353987362759185e+01 5.143046488661592974e+01 1.084495487909466482e-01 5.142995084278633300e+01 3.081682961540702265e+06
1.815207987455791638e+01 5.183060957429909621e+01 1.099807875778204685e-01 5.183401816128883866e+01 3.108736897288764827e+06
1.823061987389775851e+01 5.222405340628746018e+01 1.111417960945160072e-01 5.221855119488606078e+01 3.136577130189829506e+06
1.830915987166758541e+01 5.264961950480000041e+01 1.127513349750427496e-01 5.264923322544503748e+01 3.159685227756093722e+06
1.838769986788751964e+01 5.301619980836491663e+01 1.142225107005870460e-01 5.302207669598195849e+01 3.183954346401407849e+06
1.846623986257733563e+01 5.348003429544077392e+01 1.157745781400596613e-01 5.349142493129630083e+01 3.212010993192682043e+06
1.854477985575647381e+01 5.380894405932634328e+01 1.177410150544675876e-01 5.382099632059373562e+01 3.239908059622647706e+06
1.862331984744404423e+01 5.428633073726162195e+01 1.186745035862970116e-01 5.431518752941615702e+01 3.268400570297339000e+06
1.870185983765884075e+01 5.475082915713698384e+01 1.200449556870321483e-01 5.478318179032550717e+01 3.300063380965851713e+06
1.878039982641934458e+01 5.524694858335056580e+01 1.213721380660925941e-01 5.527288508098257580e+01 3.326174293422262184e+06
1.885893981374372075e+01 5.570969774870279423e+01 1.232563826036066901e-01 5.574368157525717038e+01 3.353272264275256079e+06
1.893747979964983941e+01 5.602350383693291036e+01 1.248131643916453454e-01 5.605331014634766262e+01 3.380249576118664350e+06
1.901601978415527228e+01 5.628989196252084781e+01 1.261404298432330373e-01 5.633500747146830889e+01 3.390914981329967268e+06
1.909455976727730331e+01 5.710341125586325717e+01 1.278673956983604476e-01 5.714064994441287837e+01 3.437603918010824826e+06
1.917309974903293579e+01 5.746739493909409191e+01 1.293093346352170159e-01 5.751905960739392043e+01 3.455567142731738277e+06
1.925163972943889235e+01 5.812961060452701645e+01 1.306002542655369525e-01 5.818066965030187987e+01 3.506197325826542918e+06
1.933017970851161849e+01 5.868370708286862225e+01 1.320639884097596362e-01 5.873799831337907307e+01 3.533581434553850908e+06
1.940871968626730748e+01 5.906628620923058293e+01 1.342338051393155707e-01 5.912606637249458430e+01 3.558562336320635397e+06
1.948725966272188259e+01 5.945248327010220635e+01 1.356863904371194973e-01 5.951860671113067269e+01 3.591555912996697240e+06
1.956579963789100773e+01 6.012199355702410486e+01 1.373472133639817017e-01 6.017774108518129594e+01 3.623228900122817606e+06
1.964433961179010524e+01 6.052009229756605890e+01 1.381408035457781236e-01 6.059239257016657376e+01 3.652942791511726566e+06
1.972287958443434519e+01 6.089897934946845481e+01 1.407580438846473270e-01 6.098131840337511989e+01 3.677757832055749372e+06
1.980141955583865965e+01 6.158392204307703111e+01 1.416835838523602953e-01 6.166047578470455903e+01 3.710831715789022855e+06
1.987995952601774619e+01 6.194867920267232364e+01 1.437159670865500449e-01 6.202777363489096984e+01 3.738306163423864637e+06
1.995849949498606790e+01 6.246526409783954392e+01 1.453904020633514926e-01 6.254607199897800029e+01 3.774198168651037384e+06
2.003703946275786052e+01 6.318921199873781092e+01 1.472742638141026073e-01 6.329175025200675009e+01 3.808327514093241654e+06
2.011557942934713950e+01 6.356060983796174924e+01 1.490043212085356839e-01 6.365556413896512566e+01 3.833407757752927020e+06
2.019411939476770712e+01 6.404228670526660494e+01 1.503492963239876912e-01 6.412118115096205884e+01 3.852197475042244885e+06
2.027265935903314542e+01 6.432014511991386030e+01 1.527511477205180934e-01 6.442737487989235490e+01 3.883425748702893034e+06
2.035119932215682326e+01 6.466337610422942817e+01 1.537252221770532279e-01 6.479057416009810311e+01 3.914593090331395157e+06
2.042973928415191054e+01 6.507831677259969183e+01 1.557694363224024214e-01 6.520740655336874170e+01 3.943351771145838778e+06
2.050827924503137467e+01 6.542295869232506789e+01 1.572578163642975868e-01 6.554972768215674250e+01 3.960630391408474650e+06
2.058681920480798766e+01 6.589201591047483930e+01 1.593092784358981773e-01 6.602245089900387143e+01 3.990902835318906233e+06
2.066535916349431901e+01 6.650181931063973195e+01 1.613336999525935844e-01 6.665189202335315599e+01 4.026687608376111835e+06
2.074389912110275347e+01 6.666985654304131970e+01 1.631701685130574342e-01 6.682363818690321011e+01 4.043212379026466981e+06
2.082243907764548752e+01 6.710160695599610392e+01 1.645421364488215965e-01 6.725689228792002439e+01 4.060497217502797488e+06
2.090097903313453642e+01 6.738856995692253804e+01 1.669372638692776800e-01 6.756789940682597262e+01 4.079586972072924487e+06
2.097951898758173783e+01 6.787581372688404713e+01 1.688339624492082025e-01 6.804926981208139125e+01 4.125975560341510922e+06
2.105805894099874109e+01 6.845188800610976898e+01 1.703313225752858817e-01 6.863389323913905571e+01 4.151215257987235207e+06
2.113659889339703568e+01 6.873347199838339350e+01 1.725928116992875294e-01 6.893256638472442432e+01 4.173593648690279573e+06
2.121513884478793344e+01 6.915147130781625151e+01 1.741106235798713375e-01 6.934896115710371589e+01 4.204750240459897555e+06
2.129367879518258277e+01 6.943070853876838555e+01 1.763143671486930852e-01 6.964087419314387262e+01 4.224472080242048949e+06
2.137221874459196869e+01 6.995321183120876185e+01 1.781870029716029757e-01 7.017737031582861107e+01 4.255300520566289313e+06
2.145075869302691274e+01 7.031655527840132436e+01 1.802519929556437028e-01 7.054307990554211472e+01 4.274667272152499296e+06
2.152929864049807307e+01 7.088222491801626290e+01 1.820896827715680066e-01 7.112967644156255176e+01 4.316989280666929670e+06
2.160783858701596571e+01 7.141321419683498561e+01 1.841483404188249406e-01 7.165336711099267575e+01 4.348019417126257904e+06
2.168637853259094683e+01 7.181902677080003627e+01 1.860646309182236169e-01 7.207415810868407391e+01 4.378376563761130907e+06
2.176491847723321982e+01 7.211983245867449455e+01 1.875389846296203478e-01 7.238727153694627248e+01 4.393370879168066196e+06
2.184345842095285306e+01 7.262358885340988479e+01 1.904807412981610049e-01 7.290129353095311160e+01 4.433236558223229833e+06
2.192199836375975508e+01 7.292554902508136649e+01 1.920488765543404419e-01 7.320350729658581201e+01 4.455483852177717723e+06
2.200053830566371005e+01 7.337682223599533415e+01 1.936861609132899120e-01 7.366446175508755800e+01 4.474082209016734734e+06
2.207907824667434582e+01 7.363312299049954390e+01 1.963030400769332218e-01 7.393106484191277161e+01 4.499595342150202021e+06
2.215761818680116590e+01 7.413742853105196673e+01 1.984352565606768981e-01 7.443972919061624793e+01 4.516865827104602940e+06
2.223615812605353526e+01 7.477501454887182319e+01 2.010007700979207501e-01 7.509619165227866233e+01 4.570895473953356035e+06
2.231469806444068738e+01 7.520788006548762894e+01 2.019689092292791810e-01 7.553412117446968921e+01 4.589858337819017470e+06
2.239323800197172432e+01 7.560332830834283868e+01 2.039893509080348555e-01 7.592376304064521264e+01 4.627599377887808718e+06
2.247177793865562023e+01 7.599718107307228365e+01 2.061619852780716966e-01 7.632971493585361600e+01 4.651467380632247776e+06
2.255031787450123204e+01 7.644184533219437583e+01 2.086995857426358625e-01 7.680537629798914168e+01 4.687551632393621840e+06
2.262885780951728165e+01 7.750220789661116783e+01 2.107797570869867354e-01 7.786764470530879123e+01 4.727842326530769467e+06
2.270739774371238440e+01 7.746425266074402316e+01 2.122219734250110346e-01 7.784826252110748612e+01 4.747698216201773845e+06
2.278593767709502771e+01 7.798446654028479941e+01 2.150841691747190643e-01 7.835709794207009793e+01 4.776823481923791580e+06
2.286447760967358178e+01 7.859158617236904831e+01 2.171049183732295107e-01 7.898192432107117611e+01 4.821332103309652768e+06
2.294301754145629957e+01 7.880597871229882401e+01 2.207120486275282456e-01 7.920182790651624316e+01 4.844567810446482152e+06
2.302155747245133455e+01 7.942335820944957447e+01 2.219350124119907897e-01 7.983279548882801180e+01 4.877705636518088169e+06
2.310009740266672296e+01 7.972872667815614989e+01 2.239580286236925177e-01 8.013390801254541884e+01 4.907950040640726686e+06
2.317863733211038380e+01 8.046239933148369516e+01 2.259283258087796398e-01 8.089166353234342921e+01 4.971119026222718880e+06
2.325717726079013303e+01 8.093949692658617323e+01 2.291377139288366671e-01 8.137979801709217043e+01 4.984990347448748536e+06
2.333571718871368716e+01 8.120959191630319651e+01 2.307700078977013569e-01 8.167020449764085299e+01 5.013038298368555494e+06
2.341425711588865965e+01 8.161556429626308784e+01 2.321154592455848265e-01 8.206612137467786283e+01 5.038131349126093090e+06
2.349279704232255384e+01 8.258008454380322405e+01 2.358078490907274949e-01 8.305128405032647265e+01 5.082630876009018160e+06
2.357133696802278067e+01 8.284579694357638857e+01 2.382471752901053619e-01 8.333587170777249753e+01 5.124358576508270577e+06
2.364987689299664453e+01 8.343403052130179276e+01 2.409267255691772691e-01 8.394083454322027649e+01 5.159314983968870714e+06
2.372841681725136453e+01 8.387531060613139289e+01 2.434067184410102502e-01 8.437507718169143800e+01 5.188485090853913687e+06
2.380695674079405322e+01 8.438665042996575494e+01 2.445586520194148461e-01 8.490722078394787786e+01 5.206120771613895893e+06
2.388549666363174140e+01 8.490667335095916712e+01 2.472625805807949495e-01 8.541971229478066618e+01 5.266330735670690425e+06
2.396403658577134976e+01 8.521614695548015561e+01 2.502918737355757095e-01 8.573408019705887284e+01 5.280431332715334371e+06
2.404257650721972439e+01 8.555776903602699690e+01 2.527379340594969603e-01 8.611513966883720173e+01 5.310682008916007355e+06
2.412111642798362254e+01 8.613753319841171674e+01 2.545389886964791182e-01 8.670901387358203749e+01 5.346599222139284946e+06
2.419965634806970556e+01 8.679990024278384908e+01 2.573902392024626784e-01 8.734079049428532926e+01 5.385433099204098806e+06
2.427819626748454596e+01 8.728844123908336883e+01 2.604825410460693824e-01 8.786478485162417940e+01 5.419912367873400450e+06
2.435673618623464520e+01 8.756872532339180282e+01 2.621448819797242424e-01 8.814343267489424250e+01 5.458007432576585561e+06
2.443527610432640529e+01 8.820899045770396185e+01 2.645672074319433409e-01 8.876964279754173504e+01 5.499871292242558673e+06
2.451381602176616425e+01 8.871612416441988103e+01 2.666311392024983129e-01 8.932243790525097893e+01 5.527099372690984048e+06
2.459235593856016067e+01 8.940768156450667448e+01 2.698529538560452967e-01 9.001284584053745164e+01 5.554744336321463808e+06
2.467089585471456203e+01 8.997452008551618974e+01 2.727818265676613674e-01 9.059700325428777035e+01 5.598681955573982559e+06
2.474943577023546126e+01 9.051718563235711201e+01 2.749906697237332054e-01 9.116927077926733602e+01 5.626786626149810851e+06
2.482797568512887310e+01 9.115169159459939863e+01 2.782112620652533175e-01 9.178549433777716615e+01 5.683032368571205996e+06
2.490651559940072346e+01 9.179449368545793675e+01 2.802949864013261072e-01 9.246255413433537740e+01 5.712962288798970170e+06
2.498505551305688144e+01 9.213597970362779677e+01 2.837562524422961308e-01 9.282072767952931258e+01 5.759944635780859739e+06
2.506359542610313440e+01 9.279180905176684746e+01 2.846853881799841224e-01 9.348753989627157068e+01 5.810203800933740102e+06
2.514213533854519511e+01 9.355610635237468387e+01 2.887341851738499665e-01 9.425548778356865398e+01 5.857841992307680659e+06
2.522067525038871239e+01 9.422946256469880666e+01 2.908576293592537443e-01 9.493358925110544533e+01 5.905883357142944820e+06
2.529921516163925688e+01 9.468646791546544250e+01 2.932388757477151775e-01 9.540303504868425932e+01 5.935780686706366017e+06
2.537775507230233529e+01 9.532065272334277495e+01 2.962685365081043076e-01 9.604079439883977898e+01 5.957421183206715621e+06
2.545629498238338684e+01 9.602165036753504523e+01 3.004060325252446151e-01 9.678451923450072059e+01 6.027011144308745861e+06
2.553483489188777966e+01 9.650335340881910895e+01 3.016779635244805080e-01 9.726741737918891317e+01 6.044273863454621285e+06
2.561337480082082152e+01 9.697581187836802030e+01 3.046259517846745535e-01 9.773420057475460965e+01 6.099935876522784121e+06
2.569191470918774911e+01 9.749586018493353379e+01 3.073825575958915590e-01 9.826853122299432641e+01 6.152150746075245552e+06
2.577045461699373874e+01 9.799174606777168606e+01 3.106807472911976564e-01 9.879762122341765007e+01 6.191592019841887057e+06
2.584899452424390631e+01 9.938761468911842201e+01 3.125197882333419219e-01 1.002099126666488615e+02 6.248566934418845922e+06
2.592753443094329668e+01 9.953281373380856678e+01 3.165754738302594684e-01 1.003476063955945534e+02 6.257212279326351359e+06
2.600607433709690852e+01 1.002517518886622128e+02 3.180290476058538762e-01 1.010946941391230496e+02 6.313325358672325499e+06
2.608461424270966944e+01 1.007689220486348916e+02 3.222250472409898259e-01 1.015991729063623836e+02 6.342627378182178363e+06
2.616315414778644310e+01 1.009695806244756682e+02 3.241179805970614280e-01 1.017990192030717651e+02 6.378446226839856245e+06
2.624169405233205055e+01 1.019314898851503983e+02 3.288775385930389206e-01 1.028446012682195629e+02 6.443459719861577265e+06
2.632023395635124174e+01 1.021606757046611875e+02 3.317058935781765916e-01 1.029930989422451972e+02 6.485300021683928557e+06
2.639877385984871694e+01 1.029740588987904033e+02 3.346398235680266842e-01 1.038757356245536130e+02 6.538794969395425171e+06
2.647731376282911953e+01 1.032124010109605052e+02 3.370667377118626296e-01 1.041179543358652211e+02 6.566172947565733455e+06
2.655585366529703606e+01 1.043101110343252742e+02 3.408763764781495564e-01 1.052295062342519572e+02 6.617250321494769305e+06
2.663439356725699980e+01 1.044935526089768842e+02 3.431651788543755299e-01 1.054221698949084214e+02 6.643968605141731910e+06
2.671293346871349428e+01 1.055585291502273435e+02 3.470294452270200614e-01 1.064929947894106874e+02 6.732589612356682308e+06
2.679147336967094617e+01 1.061410859406854144e+02 3.486825814782332777e-01 1.071019451118945938e+02 6.735748409413900226e+06
2.687001327013372531e+01 1.063439620917085335e+02 3.519460898669224957e-01 1.072921903165999282e+02 6.794569676700673066e+06
2.694855317010616602e+01 1.073219885715057131e+02 3.540263764268644087e-01 1.082994445315325720e+02 6.828539494908615947e+06
2.702709306959254221e+01 1.083178025102686064e+02 3.579521497927274365e-01 1.093428849147551745e+02 6.901943448052970693e+06
2.710563296859707094e+01 1.084779770125390570e+02 3.613272613324646221e-01 1.095225613303675374e+02 6.927452738138534129e+06
2.718417286712393377e+01 1.085336675525995389e+02 3.646558796337794894e-01 1.095753754746983191e+02 6.919605298850908875e+06
2.726271276517725894e+01 1.098372075023285817e+02 3.695435874067138360e-01 1.109114742956191293e+02 7.011490790978335775e+06
2.734125266276112498e+01 1.102323582164606677e+02 3.708031807836008054e-01 1.112731962701919741e+02 7.042285741998054087e+06
2.741979255987956776e+01 1.116919726784529843e+02 3.747251102134715461e-01 1.127713374360424581e+02 7.127691089148042724e+06
2.749833245653658054e+01 1.111711279620891730e+02 3.782444957236653638e-01 1.122761437024637274e+02 7.135895745154010132e+06
2.757687235273609616e+01 1.120265663095921411e+02 3.811886640679677529e-01 1.131360709327809388e+02 7.208465661387149245e+06
2.765541224848202262e+01 1.119548151628979440e+02 3.828336987307741079e-01 1.130957818169563183e+02 7.225977998279445805e+06
2.773395214377820395e+01 1.132267455918398724e+02 3.875561348404346629e-01 1.143676231420385250e+02 7.252792540461456403e+06
2.781249203862845576e+01 1.138154168171964358e+02 3.887612955830021533e-01 1.149739383193190463e+02 7.321147496595244855e+06
2.789103193303654038e+01 1.144690833259075475e+02 3.941814515211576886e-01 1.156053623246922228e+02 7.349610316137168556e+06
2.796957182700618816e+01 1.154085259503347203e+02 3.956164783242130945e-01 1.165549112693572340e+02 7.419438142742055468e+06
2.804811172054107615e+01 1.156559170782039985e+02 3.988786407827230596e-01 1.168612259469709898e+02 7.446409202964025550e+06
2.812665161364485655e+01 1.163324852502336739e+02 4.057223131518264969e-01 1.175240088334915214e+02 7.469680688866976649e+06
2.820519150632112115e+01 1.169991008449076872e+02 4.070707332081215934e-01 1.182153900197655645e+02 7.566072299104608595e+06
2.828373139857343332e+01 1.167790412440852919e+02 4.116496469862966356e-01 1.180498988957165949e+02 7.557494353246022016e+06
2.836227129040531736e+01 1.178004517164031739e+02 4.132408662385397280e-01 1.191205789743648324e+02 7.590900696373567916e+06
2.844081118182025847e+01 1.177671667947245453e+02 4.153691483464654888e-01 1.190482826779774967e+02 7.647591145913640969e+06
2.851935107282169923e+01 1.183304923474961043e+02 4.204059467947502404e-01 1.195996798672498898e+02 7.734240883708970621e+06
2.859789096341304315e+01 1.184759032619589050e+02 4.243082295461763076e-01 1.197547595656445480e+02 7.728831920185104012e+06
2.867643085359765820e+01 1.200877263113511049e+02 4.273269372130109600e-01 1.213960733328969610e+02 7.810523726962244138e+06
2.875497074337888392e+01 1.198864595217204965e+02 4.297330281544803343e-01 1.212197423522364801e+02 7.811527463327492587e+06
2.883351063276001369e+01 1.213021161394177625e+02 4.358281005703534827e-01 1.226904320544374087e+02 7.879488763556044549e+06
2.891205052174430890e+01 1.215643035509131096e+02 4.393616428662751594e-01 1.229547754977031673e+02 7.959764453287683427e+06
2.899059041033499184e+01 1.219541467294195201e+02 4.459005745087868955e-01 1.233956374199828474e+02 7.984481577235326171e+06
2.906913029853525643e+01 1.222489263894319720e+02 4.461777936138149880e-01 1.236937101983164524e+02 8.079252077459746972e+06
2.914767018634825746e+01 1.219820128676874020e+02 4.466276848106212061e-01 1.234066904472712878e+02 8.020190598621452227e+06
2.922621007377712132e+01 1.233376673646466202e+02 4.530867103033837107e-01 1.248166367629077911e+02 8.107364916891912930e+06
2.930474996082492822e+01 1.252586275529691164e+02 4.590030720975519229e-01 1.267646387512114501e+02 8.208250319308664650e+06
2.938328984749474060e+01 1.241103573466186845e+02 4.597043701290392526e-01 1.255777320805591444e+02 8.213121428174685687e+06
2.946182973378957826e+01 1.260914097630255526e+02 4.642454120507170656e-01 1.276397885739226865e+02 8.269046295507138595e+06
2.954036961971243258e+01 1.268167594704285790e+02 4.664992221366853209e-01 1.283540676676896339e+02 8.353435804616689682e+06
2.961890950526625943e+01 1.271129146611283716e+02 4.710088370708974681e-01 1.286461700807552404e+02 8.316516748870955780e+06
2.969744939045398979e+01 1.283282598955925664e+02 4.726086371956715326e-01 1.298762452138577146e+02 8.452111673847286031e+06
2.977598927527852268e+01 1.281515586980004571e+02 4.803145161378677974e-01 1.297158742663463613e+02 8.500208455709304661e+06
2.985452915974272159e+01 1.284382215361185047e+02 4.827705290525304282e-01 1.299881127097462468e+02 8.505284533087555319e+06
2.993306904384942868e+01 1.295890494004389382e+02 4.874199941382584833e-01 1.311729946848913642e+02 8.572860481142468750e+06
3.001160892760143994e+01 1.301546215308542287e+02 4.921413573615363579e-01 1.317803961712979515e+02 8.601495130519120023e+06
3.009014881100154071e+01 1.305466851721719195e+02 4.931945526482292008e-01 1.321670308978090134e+02 8.669798288432987407e+06
3.016868869405248077e+01 1.317756584554782933e+02 4.968152193082199797e-01 1.333763764085096000e+02 8.679175874458080158e+06
3.024722857675697441e+01 1.330149105270378698e+02 5.029757333688915644e-01 1.347248800948403868e+02 8.777152880374118686e+06
3.032576845911771457e+01 1.321266413764392951e+02 5.036104061157040679e-01 1.337178095539052265e+02 8.840133867177238688e+06
3.040430834113736580e+01 1.334845068496370857e+02 5.135840985006208115e-01 1.351695051722735172e+02 8.884178638044318184e+06
3.048284822281856421e+01 1.332031167772842650e+02 5.140956695088234607e-01 1.349287415519628155e+02 8.948745711310928687e+06
3.056138810416392460e+01 1.361597807601696957e+02 5.168838810631615210e-01 1.379769775816288870e+02 8.954270234960904345e+06
3.063992798517602267e+01 1.352359439015292253e+02 5.188445496660388789e-01 1.369490998655411147e+02 9.024582890068896115e+06
3.071846786585741640e+01 1.366191406288560302e+02 5.260818540445598712e-01 1.383161601234082241e+02 9.117827354030970484e+06
3.079700774621063886e+01 1.359610201376980569e+02 5.272696864007411222e-01 1.376553681566919636e+02 9.091754539862625301e+06
3.087554762623818760e+01 1.370374906758750058e+02 5.362584207563451111e-01 1.388481787360136934e+02 9.142939368068313226e+06
3.095408750594254599e+01 1.380780942612936428e+02 5.353245298287173659e-01 1.398107360235958083e+02 9.151100801383195445e+06
3.103262738532617249e+01 1.389202263875807830e+02 5.458379876878128867e-01 1.406246329489965206e+02 9.240081699046581984e+06
3.111116726439149005e+01 1.399653483708541444e+02 5.447246043760579637e-01 1.418337198277894515e+02 9.220702770288789645e+06
3.118970714314090387e+01 1.415493460560997505e+02 5.477098827554286453e-01 1.433155171719750456e+02 9.410253204844398424e+06
3.126824702157679781e+01 1.407012643586503486e+02 5.554650655605779530e-01 1.425135298390229650e+02 9.387809231188662350e+06
3.134678689970152377e+01 1.415768314434342017e+02 5.621358517701685598e-01 1.433831048448752767e+02 9.435927578775564209e+06
3.142532677751741588e+01 1.437875811085976636e+02 5.649265185806686684e-01 1.456761618538742198e+02 9.607564809942921624e+06
3.150386665502678696e+01 1.443822367412543883e+02 5.643651886952615326e-01 1.460749217775999398e+02 9.629036822180461138e+06
3.158240653223192140e+01 1.455844965141859575e+02 5.702375249984399375e-01 1.473726114605950386e+02 9.686652243618607521e+06
3.166094640913508229e+01 1.466138117529852138e+02 5.776898208094066733e-01 1.484567454816625229e+02 9.699759176528302953e+06
3.173948628573851494e+01 1.473800921807263364e+02 5.782331909666463821e-01 1.492377410632039698e+02 9.778382292242502794e+06
3.181802616204443623e+01 1.479745681494274550e+02 5.890376786576655421e-01 1.498744310514514382e+02 9.722794847195575014e+06
3.189656603805504531e+01 1.477644405191755652e+02 5.849939069134093561e-01 1.495192611110823293e+02 9.880404416276762262e+06
3.197510591377251998e+01 1.484120337151591968e+02 5.919951443420367054e-01 1.506353356501651888e+02 9.999799339125175029e+06
3.205364578919900964e+01 1.508395866834580090e+02 5.936226460500592106e-01 1.528248866380498328e+02 1.023376407411387563e+07
3.213218566433665302e+01 1.510898614293283231e+02 5.994132197165388254e-01 1.532926344061788484e+02 1.021349123944766447e+07
3.221072553918755688e+01 1.530689780593518776e+02 6.083837444855469956e-01 1.552989137145812037e+02 1.027484035484334640e+07
3.228926541375382442e+01 1.515789571288586330e+02 6.098224027631165001e-01 1.537057637823253629e+02 1.033819377530010417e+07
3.236780528803751622e+01 1.550150900049664813e+02 6.065925903897120275e-01 1.568739260836889287e+02 1.048437387046531029e+07
3.244634516204068575e+01 1.516105146100333627e+02 6.136413014664340304e-01 1.537228622603204542e+02 1.027831230079627410e+07
3.252488503576537227e+01 1.545091091370214542e+02 6.391241757256413969e-01 1.569040302496852917e+02 1.054315198434399627e+07
3.260342490921358660e+01 1.561770282538700769e+02 6.299927547707572240e-01 1.586191518766745503e+02 1.047383975299195759e+07
3.268196478238731828e+01 1.576700913449656696e+02 6.348030583563424312e-01 1.599029473950370743e+02 1.063671801882063039e+07
3.276050465528854261e+01 1.621365796206426069e+02 6.450947494558511019e-01 1.642049792459426953e+02 1.079238915311991796e+07
3.283904452791921358e+01 1.608656863847606076e+02 6.456666409714206800e-01 1.629101247270060071e+02 1.073700052327365614e+07
3.291758440028127097e+01 1.588873343683973474e+02 6.561196973869072302e-01 1.610576733732303296e+02 1.090500722556853481e+07
3.299612427237663326e+01 1.573959559960910894e+02 6.430048199568979550e-01 1.593941046863010342e+02 1.096785523386167176e+07
3.307466414420719758e+01 1.604626949183675890e+02 6.745837692538325658e-01 1.630715474799367541e+02 1.086083008919680305e+07
3.315320401577483977e+01 1.617639978884275251e+02 6.544100341852983060e-01 1.640494235957801550e+02 1.087252218825127557e+07
3.323174388708143567e+01 1.662098732193067576e+02 6.602008785675111957e-01 1.686221507308063963e+02 1.133992457681860216e+07
3.331028375812883269e+01 1.651677854205260871e+02 6.830149729911799694e-01 1.674682784949040695e+02 1.138930231210045144e+07
3.338882362891884981e+01 1.637509950676745234e+02 6.550294629020833037e-01 1.663929260963227250e+02 1.109627345145158656e+07
3.346736349945329891e+01 1.622339038679325824e+02 6.773526661382240910e-01 1.644566897939197077e+02 1.082727711200045608e+07
3.354590336973399189e+01 1.660179130266928951e+02 6.757151330792673383e-01 1.684001727436443900e+02 1.143952460361454263e+07
3.362444323976268379e+01 1.694121835618426815e+02 6.962576905671299388e-01 1.721764463437684185e+02 1.157673842945901677e+07
3.370298310954115806e+01 1.699908849746452688e+02 7.024657484814456065e-01 1.726731274892159149e+02 1.127602733412833698e+07
3.378152297907114132e+01 1.608392766495003627e+02 6.872346720278074139e-01 1.635940105851013016e+02 1.106419343172451854e+07
3.386006284835436730e+01 1.653205862165587803e+02 7.063440573966796032e-01 1.671494083044628667e+02 1.115934348076642305e+07
3.393860271739255552e+01 1.687522994010565753e+02 6.855481023816174524e-01 1.713841488570698743e+02 1.133073791434056684e+07
3.401714258618739706e+01 1.691626944001665720e+02 7.230706400539186340e-01 1.714056075802138537e+02 1.142974295483496599e+07
3.409568245474058301e+01 1.751017143638084121e+02 7.562771922763085186e-01 1.785835491508872224e+02 1.124465948701442219e+07
3.417422232305376895e+01 1.679931776271159549e+02 7.041562582538435366e-01 1.708796312440568101e+02 1.145908050584758632e+07
3.425276219112861043e+01 1.885550633808343832e+02 7.323215943109464554e-01 1.907987183123545378e+02 1.291313856451913714e+07
3.433130205896674880e+01 1.807387685094179801e+02 7.097214803421363349e-01 1.809262390791921007e+02 1.225225877986183763e+07
3.440984192656979701e+01 1.790977469045116379e+02 7.122603043740535211e-01 1.801161742167157911e+02 1.147299994387548231e+07
3.448838179393936088e+01 1.738408759671781638e+02 8.084540451644020020e-01 1.750422548607544400e+02 1.231422783785631508e+07
3.456692166107702491e+01 1.842491623200260733e+02 6.846996260679071300e-01 1.874329709532080983e+02 1.066432482611563988e+07
3.464546152798438072e+01 1.371176655569040008e+02 6.520313021353247862e-01 1.370598649482762141e+02 1.306931873232879676e+07
3.472400139466299152e+01 1.753119213884097007e+02 1.073600379173665686e+00 1.780800153217222714e+02 1.220162528589120321e+07
