# 0.02857 0.0002924
7.871241428633635184e-02 8.852454275611773907e-03 1.412995941203083832e-06 8.737291022252419853e-03 3.438466033973797039e+03
1.618072713909662341e-01 4.544691928636301892e-02 4.851543400573352304e-06 4.477638147304020821e-02 1.385181274948633109e+04
2.418771330418761079e-01 6.005587009899290146e-02 7.657329589141069118e-06 5.902665999811292780e-02 1.916599625070231195e+04
3.211923215201240578e-01 1.289853920797336406e-01 1.204141366131124133e-05 1.271453345834691051e-01 3.657871880989197234e+04
4.002017901256537113e-01 1.931910048334548324e-01 1.619736821531643682e-05 1.902594051088935534e-01 5.255383349759682460e+04
4.790568272527075955e-01 2.010425146087942427e-01 1.981399687042837275e-05 1.979340575194137586e-01 5.142290206868378300e+04
5.578229290343351687e-01 3.038200579574978910e-01 3.180710289550203046e-05 2.988530433501812023e-01 7.698306171790692315e+04
6.365331115321660738e-01 3.532944136749747166e-01 3.281504386792740796e-05 3.480365071109902120e-01 8.249909384301793762e+04
7.152058371535838788e-01 4.096021438218277466e-01 3.848897632210151494e-05 4.036316571524743435e-01 9.577608605074525985e+04
7.938522421846891941e-01 4.485971399909661206e-01 4.510081476892429720e-05 4.419016126643157683e-01 9.696755458615669340e+04
8.724794443688169698e-01 5.271799042265277180e-01 5.371784153218356513e-05 5.195063062020930378e-01 1.091649294577488909e+05
9.510922062407737299e-01 5.931521547884736068e-01 6.236916190229025196e-05 5.845577644628245917e-01 1.203553197505018616e+05
1.029693835175838679e+00 6.538876794671616421e-01 7.016136052979835220e-05 6.446725381490786555e-01 1.253202172380589473e+05
1.108286699878543891e+00 7.380382494413672001e-01 8.156832931324167670e-05 7.276616039112610013e-01 1.355902632366476464e+05
1.186872541411916560e+00 7.813524819806547672e-01 9.118717371286300241e-05 7.703913686304242336e-01 1.421465565743441402e+05
1.265452668213572940e+00 8.319130378115878743e-01 1.039659543449999291e-04 8.199635296210174840e-01 1.494574955666874885e+05
1.344028082638708543e+00 9.218840191729752442e-01 1.158698684158592136e-04 9.094179252999061713e-01 1.613043889723776083e+05
1.422599565533279709e+00 9.794054200802874144e-01 1.327991403910374864e-04 9.657577916051132139e-01 1.655835633989585040e+05
1.501167734229200246e+00 1.088499106497680335e+00 1.482074242725133341e-04 1.073745919468604759e+00 1.747894821424380934e+05
1.579733083222462531e+00 1.189343758616250746e+00 1.691114211587176563e-04 1.173282455791486711e+00 1.893248562766700634e+05
1.658296013281593151e+00 1.230431670492209140e+00 1.816874625844736122e-04 1.213856775983613634e+00 1.911842736000454461e+05
1.736856852652245875e+00 1.340474008405872608e+00 2.051656327611672934e-04 1.322871663444786350e+00 1.984578210273755831e+05
1.815415872753641580e+00 1.360792438765972667e+00 2.193177139516349142e-04 1.343045969966832009e+00 2.031551822370321897e+05
1.893973299967037560e+00 1.495136732775737887e+00 2.513362378347568874e-04 1.474503047584198923e+00 2.160465236373767548e+05
1.972529324606241641e+00 1.578871326957053789e+00 2.678147718841970295e-04 1.558559499312448970e+00 2.243508306125834642e+05
2.051084107826015579e+00 1.673028105266002541e+00 2.933204379421702843e-04 1.652120498494886958e+00 2.332629353440335253e+05
2.129637787001040561e+00 1.824846659087528078e+00 3.254771371389366145e-04 1.802081882743167496e+00 2.498406400420749851e+05
2.208190479956450680e+00 1.930238911156177073e+00 3.443993274763091522e-04 1.906138755195438073e+00 2.558235971907651692e+05
2.286742288326184092e+00 1.950188423606023402e+00 3.733112374392924342e-04 1.926683943899665019e+00 2.583391551085069077e+05
2.365293300241981811e+00 1.982263412594372110e+00 4.047340094267112744e-04 1.958003027728004719e+00 2.552054972974758421e+05
2.443843592503681883e+00 2.111295885584954846e+00 4.460987820621462410e-04 2.085554716878381232e+00 2.690553127613360994e+05
2.522393232343909553e+00 2.233774474982766378e+00 4.719662827621515710e-04 2.206817275563361491e+00 2.809191269984527607e+05
2.600942278872942381e+00 2.403085317793001163e+00 5.243817236372524211e-04 2.373788926676517086e+00 2.960579963121769833e+05
2.679490784269383141e+00 2.474561803106576363e+00 5.542572000470816045e-04 2.444067152283184274e+00 3.000507605782223982e+05
2.758038794767343038e+00 2.607099338366204666e+00 5.965592057273760851e-04 2.575612848101107133e+00 3.127963510065132286e+05
2.836586351479573942e+00 2.791540995222964394e+00 6.527034425494618406e-04 2.757171229024012238e+00 3.266775173972721677e+05
2.915133491087511963e+00 2.837877122699791865e+00 6.842657189050096143e-04 2.804398064421200765e+00 3.266917279505198821e+05
2.993680246422668834e+00 2.917970355322878628e+00 7.205633201681922164e-04 2.884468698676935006e+00 3.303062423062700545e+05
3.072226646958827967e+00 3.103209769350117941e+00 7.873981930249333025e-04 3.065726791179745447e+00 3.478539781435813056e+05
3.150772719230606977e+00 3.214493937694354653e+00 8.406076122692447954e-04 3.176708131310547856e+00 3.530536771986709791e+05
3.229318487190934395e+00 3.259375476053717247e+00 8.950114880253998498e-04 3.221312757479076083e+00 3.559421174512137077e+05
3.307863972517584905e+00 3.390080533893534032e+00 9.604093990439015053e-04 3.351959428891230441e+00 3.644286952972578001e+05
3.386409194877053608e+00 3.542955978725717436e+00 1.022231016694148415e-03 3.502846048601505391e+00 3.791121932815653272e+05
3.464954172152534095e+00 3.673747211683186631e+00 1.076160346481399611e-03 3.633654402612293222e+00 3.888504881173307076e+05
3.543498920641575456e+00 3.846261977317371183e+00 1.143867379651047596e-03 3.803395329825292936e+00 3.997604164575132891e+05
3.622043455228019404e+00 3.891719305419131025e+00 1.231240790364745638e-03 3.848685036869828213e+00 4.080220202086208155e+05
3.700587789532037597e+00 4.097443893714839191e+00 1.289495880879027801e-03 4.051719303401522865e+00 4.150686583306567627e+05
3.779131936041457696e+00 4.201924336470003851e+00 1.367169658555080153e-03 4.155388616865613116e+00 4.203656848704143777e+05
3.857675906227046259e+00 4.311013604500733010e+00 1.422267887718300407e-03 4.264505251555285703e+00 4.266418225490929908e+05
3.936219710643986680e+00 4.456936669234546677e+00 1.525785373093799767e-03 4.408504768642562688e+00 4.428980776963979588e+05
4.014763359021444877e+00 4.589134030782692442e+00 1.616449428578657643e-03 4.540086475445386682e+00 4.473707323347855709e+05
4.093306860341824560e+00 4.768979591976082233e+00 1.710396279978753384e-03 4.717159730963749631e+00 4.618127126970748068e+05
4.171850222911064776e+00 4.864928497674398500e+00 1.786917547286062235e-03 4.811902000864553663e+00 4.652815017590353964e+05
4.250393454421145911e+00 4.999279263350548952e+00 1.891102953971358263e-03 4.946130444977018925e+00 4.731594245165653410e+05
4.328936562005788247e+00 5.197905370619400500e+00 1.971016090511879156e-03 5.142721998590845445e+00 4.865968612791117630e+05
4.407479552290201497e+00 5.319782701733671182e+00 2.089516376358059764e-03 5.263084140462555460e+00 4.928522632394160610e+05
4.486022431435594982e+00 5.449977740354944977e+00 2.176032623003936253e-03 5.391070975918158759e+00 4.981144409272502526e+05
4.564565205179107465e+00 5.655204088558168252e+00 2.294498959476927880e-03 5.596663360124963127e+00 5.166992531135262107e+05
4.643107878869670024e+00 5.747479794533511210e+00 2.423008761029589540e-03 5.686199992352571009e+00 5.187527729571323725e+05
4.721650457500300213e+00 5.915850327116371155e+00 2.528342569412403342e-03 5.852394313574150964e+00 5.315267132269152207e+05
4.800192945737217443e+00 6.082297380559571032e+00 2.644786330656144924e-03 6.018185396180843583e+00 5.415566396146308398e+05
4.878735347946150824e+00 6.214889439176535468e+00 2.722425140737394066e-03 6.151345992025234466e+00 5.422324321663464652e+05
4.957277668216146793e+00 6.404190508008436922e+00 2.884821186641176125e-03 6.338612355398276499e+00 5.565175028390742373e+05
5.035819910381144737e+00 6.543335479294918322e+00 2.983177617510705381e-03 6.474525816917152454e+00 5.677584031875526998e+05
5.114362078039562221e+00 6.717803698989949446e+00 3.149819423239226535e-03 6.648590948691039948e+00 5.793368194477392826e+05
5.192904174572115394e+00 6.874190372336515864e+00 3.273769603392108138e-03 6.803506745542393652e+00 5.836831166766609531e+05
5.271446203158030919e+00 6.996800096322102647e+00 3.404860019592927545e-03 6.927500375723748327e+00 5.921190821205468383e+05
5.349988166789838573e+00 7.249742970604671655e+00 3.551328979944176883e-03 7.176870339874328764e+00 6.071881733099096455e+05
5.428530068286878674e+00 7.358276614400180549e+00 3.730523206366881828e-03 7.284619204471057152e+00 6.174900165632681455e+05
5.507071910307648643e+00 7.519873827651098352e+00 3.850218279292902477e-03 7.445797471568528003e+00 6.212647259211264318e+05
5.585613695361120179e+00 7.749760324313150761e+00 4.014332674851037695e-03 7.673059491435871848e+00 6.339563244679082418e+05
5.664155425817094525e+00 7.979321375190308707e+00 4.193504421064689000e-03 7.899873610903486387e+00 6.528420426826511975e+05
5.742697103915729961e+00 8.130076724187734527e+00 4.349246145687278402e-03 8.048622524358000518e+00 6.558280934469813947e+05
5.821238731776284148e+00 8.351772516585054262e+00 4.536734708986188934e-03 8.268273357964920578e+00 6.718547115383958444e+05
5.899780311405160127e+00 8.444385437500816494e+00 4.686960850507826924e-03 8.360484652315946619e+00 6.734394595872387290e+05
5.978321844703323507e+00 8.644199618509681216e+00 4.867989495994228845e-03 8.559778679869756601e+00 6.848290529508154141e+05
6.056863333473133437e+00 8.840906818761464336e+00 4.989416990727117522e-03 8.753912318601340559e+00 6.937084874417353421e+05
6.135404779424661115e+00 8.955132570450043517e+00 5.250028115118102016e-03 8.869760026165645073e+00 7.000638965107178083e+05
6.213946184181517118e+00 9.226611311503557289e+00 5.433898712734998998e-03 9.137856059107290818e+00 7.206275882922880119e+05
6.292487549286247983e+00 9.374589950598513965e+00 5.567953756109713520e-03 9.285794821645586339e+00 7.238825317017200869e+05
6.371028876205335756e+00 9.588469617534732592e+00 5.828285680076425619e-03 9.498002723524862745e+00 7.361186412251569564e+05
6.449570166333828070e+00 9.839788924848665630e+00 5.986568660303087652e-03 9.746534844497126926e+00 7.523351391880779993e+05
6.528111420999634262e+00 9.941489443798843695e+00 6.227144352494525317e-03 9.842888971759506944e+00 7.573779488437629770e+05
6.606652641467518627e+00 1.010358243209755003e+01 6.476605150535386969e-03 1.000937400604480487e+01 7.670815867282270920e+05
6.685193828942805006e+00 1.043021511952870561e+01 6.702106990507683028e-03 1.033173473525660135e+01 7.819622047488547396e+05
6.763734984574836240e+00 1.054842044687566194e+01 6.941272344642677311e-03 1.045055789662019841e+01 7.921109582937123487e+05
6.842276109460177835e+00 1.079495625860065644e+01 7.183344291922468330e-03 1.069353740413778908e+01 7.992053970963516040e+05
6.920817204645620890e+00 1.087557015781828795e+01 7.348681777141336663e-03 1.077613682370139436e+01 8.021258281722411048e+05
6.999358271130968312e+00 1.112878434875773515e+01 7.559057251740074201e-03 1.102700269144914280e+01 8.184703507472088095e+05
7.077899309871646949e+00 1.138561003228958590e+01 7.920236277318528154e-03 1.127967283526948883e+01 8.343157427390636876e+05
7.156440321781138536e+00 1.149888097235197648e+01 8.096979599167795916e-03 1.139759850229720506e+01 8.355084182357949903e+05
7.234981307733260536e+00 1.173400949201927723e+01 8.365395567843195504e-03 1.163084657853634596e+01 8.522642833141074516e+05
7.313522268564292439e+00 1.190915884050259166e+01 8.646415175030529310e-03 1.180099290964445302e+01 8.585514339586482383e+05
7.392063205074973276e+00 1.220566476162168712e+01 8.890717027658432206e-03 1.209959069786245678e+01 8.746125907831219956e+05
7.470604118032365015e+00 1.241234719727341229e+01 9.202680576291852321e-03 1.230185399383000622e+01 8.858885589967474807e+05
7.549145008171610272e+00 1.252658392374936014e+01 9.389531145585959526e-03 1.241507207947614155e+01 8.916755730479620397e+05
7.627685876197570103e+00 1.273993982405784209e+01 9.734876582077165927e-03 1.262769608452733117e+01 9.000377757700659567e+05
7.706226722786373884e+00 1.303041690887128290e+01 9.973635565394167041e-03 1.291577762245296945e+01 9.208591146285671275e+05
7.784767548586863484e+00 1.327930321245334433e+01 1.027602495313463017e-02 1.316749984009303809e+01 9.316168865906881401e+05
7.863308354221953955e+00 1.338602066821332670e+01 1.058085466673996250e-02 1.327069377291871177e+01 9.341134976238982053e+05
7.941849140289923170e+00 1.361243748720610469e+01 1.088225902402219052e-02 1.349571380981223179e+01 9.466297004390615039e+05
8.020389907365611748e+00 1.391896697886069312e+01 1.118089570464843308e-02 1.379715111757438351e+01 9.635652092081625015e+05
8.098930656001561701e+00 1.409683961649618844e+01 1.150356314205638886e-02 1.397769913539899989e+01 9.721281707134473836e+05
8.177471386729090241e+00 1.422756422706284951e+01 1.184461315596620386e-02 1.410595044597245895e+01 9.790483546365491347e+05
8.256012100059292536e+00 1.448744702242138871e+01 1.221027762460353237e-02 1.436791748598813889e+01 9.901908727960613323e+05
8.334552796484000936e+00 1.465099448687582395e+01 1.252721446157747422e-02 1.452823882721650683e+01 9.967802107607418438e+05
8.413093476476680266e+00 1.491209785502251961e+01 1.282191488843130098e-02 1.478259172032887747e+01 1.018557783156238263e+06
8.491634140493276917e+00 1.507023201962996595e+01 1.321678875881947962e-02 1.494276737790069909e+01 1.020903359996121493e+06
8.570174788973028868e+00 1.534246470912833615e+01 1.351786602696578368e-02 1.521492527406489792e+01 1.038786548405489768e+06
8.648715422339215309e+00 1.558909599447256511e+01 1.396944061571301146e-02 1.545786961518107461e+01 1.050169173650556710e+06
8.727256040999876063e+00 1.579346850686102144e+01 1.426638834537007766e-02 1.566540039250467409e+01 1.056911506700781640e+06
8.805796645348495488e+00 1.607800184815489075e+01 1.464620154049634318e-02 1.595022687436451747e+01 1.070116073973665712e+06
8.884337235764643737e+00 1.625275331464979089e+01 1.503609540569595879e-02 1.612606293954546288e+01 1.080565946260740515e+06
8.962877812614589601e+00 1.650666610896407605e+01 1.541790988560978737e-02 1.637503273777922885e+01 1.096899134933979483e+06
9.041418376251867173e+00 1.680424183030699581e+01 1.581241925669540915e-02 1.666772072785268932e+01 1.107913505085662473e+06
9.119958927017840722e+00 1.697363496523315618e+01 1.618369816344401857e-02 1.684154024640118053e+01 1.115303134498545201e+06
9.198499465242209183e+00 1.720587083707222220e+01 1.660358172779399788e-02 1.707279947709242052e+01 1.127471655098721385e+06
9.277039991243508865e+00 1.749075703303367391e+01 1.702712236783235009e-02 1.735539633799023207e+01 1.138160138463562587e+06
9.355580505329580632e+00 1.760693925949619754e+01 1.753680097308474295e-02 1.747140350986372681e+01 1.148425392133685062e+06
9.434121007798012215e+00 1.782270091412719992e+01 1.783086099167431257e-02 1.768708308382441174e+01 1.156618402738157194e+06
9.512661498936562765e+00 1.819784461217130556e+01 1.833148344421823769e-02 1.805760506910153040e+01 1.172492971428241814e+06
9.591201979023569635e+00 1.837222202271557947e+01 1.878570872545962112e-02 1.823678093864585747e+01 1.183674902119933395e+06
9.669742448328321416e+00 1.864862179801295028e+01 1.922096915774516163e-02 1.850686450066086408e+01 1.191641920620299876e+06
9.748282907111432749e+00 1.876770970932386007e+01 1.960162038331261444e-02 1.862909196608121576e+01 1.200611661974896444e+06
9.826823355625185386e+00 1.916985157559093267e+01 2.014166666266381522e-02 1.902736070743525687e+01 1.219630420642267214e+06
9.905363794113858589e+00 1.935640653770297348e+01 2.049542546365182641e-02 1.921267329149489100e+01 1.230187605714285281e+06
9.983904222814045326e+00 1.966771311650832743e+01 2.088640615625877300e-02 1.952665457208903632e+01 1.242595449904712616e+06
1.006244464195495070e+01 1.986436589085457527e+01 2.145194484518934269e-02 1.971876270244832696e+01 1.255374195850718999e+06
1.014098505175868148e+01 2.007550739304316423e+01 2.191446750290381232e-02 1.993081409447117736e+01 1.268240129597057123e+06
1.021952545244051613e+01 2.031526089055463302e+01 2.243673568739697893e-02 2.016838508612025649e+01 1.276958887774114730e+06
1.029806584420916415e+01 2.058142017094382581e+01 2.289799996905746496e-02 2.043701380545398294e+01 1.294528808264677180e+06
1.037660622726701654e+01 2.084514515587081718e+01 2.350444641250998626e-02 2.069741297719004791e+01 1.304770819190733600e+06
1.045514660181038380e+01 2.104403312319675479e+01 2.399222254936624402e-02 2.090037051907738075e+01 1.316803005925310776e+06
1.053368696802971982e+01 2.131817531798978038e+01 2.451508139284853602e-02 2.117504937468536141e+01 1.320740994868483394e+06
1.061222732610984210e+01 2.155675837284662677e+01 2.509000473766583028e-02 2.141293408076500171e+01 1.340356944078671280e+06
1.069076767623013779e+01 2.180076904776452551e+01 2.563378522282359212e-02 2.165220267769523943e+01 1.350458582320932066e+06
1.076930801856475739e+01 2.206046061246571810e+01 2.621044338611237118e-02 2.190913325379827725e+01 1.364227313056690851e+06
1.084784835328281005e+01 2.223891774124135168e+01 2.672327874882762452e-02 2.209390245338794756e+01 1.373020354179023299e+06
1.092638868054854306e+01 2.263204194771734379e+01 2.729551541223321567e-02 2.248346272134148904e+01 1.391656968980008271e+06
1.100492900052151413e+01 2.270002107729211005e+01 2.784758259113851928e-02 2.254886859122667531e+01 1.397857536864924710e+06
1.108346931335675833e+01 2.301177299479635252e+01 2.840274234563091096e-02 2.286471989451982267e+01 1.414390535232417053e+06
1.116200961920494805e+01 2.335034098474535114e+01 2.909697737800812437e-02 2.320143954286347210e+01 1.428863621437131660e+06
1.124054991821254212e+01 2.351873876660320306e+01 2.960130230474741428e-02 2.337160544550530972e+01 1.435611385947305476e+06
1.131909021052193687e+01 2.370903621238286618e+01 3.024695727392044328e-02 2.355761159988313125e+01 1.448010185818270780e+06
1.139763049627160285e+01 2.406161836903606499e+01 3.091616562649111485e-02 2.391282671448749042e+01 1.461726178967627697e+06
1.147617077559622167e+01 2.440602148703930752e+01 3.143650493145556252e-02 2.425257498585953897e+01 1.480381680897130398e+06
1.155471104862680853e+01 2.459612909766624966e+01 3.212994209215488256e-02 2.445001303222364797e+01 1.493904976067918120e+06
1.163325131549084368e+01 2.504176491742260424e+01 3.251054947931319300e-02 2.488835934442872144e+01 1.513756930569945602e+06
1.171179157631238787e+01 2.522543036445895481e+01 3.325551785003908606e-02 2.507605793291178031e+01 1.515358984927498037e+06
1.179033183121219608e+01 2.545920643723099630e+01 3.385578398390053784e-02 2.531109747270593502e+01 1.530646044427584624e+06
1.186887208030782759e+01 2.551519127410697863e+01 3.455555510454889900e-02 2.535918460702960786e+01 1.537585862027067691e+06
1.194741232371374728e+01 2.610384941190110553e+01 3.533517021912951916e-02 2.595986746000985690e+01 1.558647902011073427e+06
1.202595256154143222e+01 2.624174700884443467e+01 3.599379751857766790e-02 2.609346470076157587e+01 1.570115067431323230e+06
1.210449279389946753e+01 2.655005479008973523e+01 3.689160004396666720e-02 2.640049128953296531e+01 1.589592624076956417e+06
1.218303302089363527e+01 2.683394044279550528e+01 3.726857924737043276e-02 2.668225858253556737e+01 1.599981200824036030e+06
1.226157324262700676e+01 2.706996631356688354e+01 3.791104060707869983e-02 2.692191769188805495e+01 1.615581895032337634e+06
1.234011345920003322e+01 2.726645203560540409e+01 3.878776756168800938e-02 2.711543887597643376e+01 1.622890998818167485e+06
1.241865367071062565e+01 2.758468017627579627e+01 3.940554093030403104e-02 2.743549132038695859e+01 1.638367209860369796e+06
1.249719387725422415e+01 2.784483051713881352e+01 4.016276870621100781e-02 2.768983581030186869e+01 1.655042596022579353e+06
1.257573407892389383e+01 2.814551653842697476e+01 4.084936555316692058e-02 2.800024112054102687e+01 1.669075362494133878e+06
1.265427427581038877e+01 2.835788401801123015e+01 4.171534903637152958e-02 2.820970340711881974e+01 1.676422763687367784e+06
1.273281446800221772e+01 2.864526543326230978e+01 4.215768291030445175e-02 2.850125025209559126e+01 1.694938610234054737e+06
1.281135465558572584e+01 2.905615484787925951e+01 4.326808650894389818e-02 2.890845076661656776e+01 1.718657311550292186e+06
1.288989483864514796e+01 2.911985353178064173e+01 4.392633986883034969e-02 2.897948539164174520e+01 1.718727341449566418e+06
1.296843501726268322e+01 2.939985888119623070e+01 4.481789419129236091e-02 2.925582232151668904e+01 1.729786035797485150e+06
1.304697519151855190e+01 2.976948547137355305e+01 4.551645633058280099e-02 2.962232435559526778e+01 1.750292818250275683e+06
1.312551536149104692e+01 3.017831034779566934e+01 4.622253253431636566e-02 3.004018070656054817e+01 1.772890042457557283e+06
1.320405552725660492e+01 3.034936854702373310e+01 4.717935129856949683e-02 3.020323142026848373e+01 1.781306092388153076e+06
1.328259568888985243e+01 3.071015053417204044e+01 4.776195529253713518e-02 3.056966892976344496e+01 1.797701666967790574e+06
1.336113584646366270e+01 3.091883760485613664e+01 4.860386411137880558e-02 3.077375411251843573e+01 1.811558337633721996e+06
1.343967600004920548e+01 3.118051099705046170e+01 4.941061316544249904e-02 3.104779619995202111e+01 1.820865167788925814e+06
1.351821614971599317e+01 3.153114163644776013e+01 5.051955613898378300e-02 3.138997338863664055e+01 1.842382884241460590e+06
1.359675629553193588e+01 3.175046282821461219e+01 5.140645044932461855e-02 3.161077327860345321e+01 1.845185536864988739e+06
1.367529643756338231e+01 3.209480255118739933e+01 5.220871151643339397e-02 3.195315107299420987e+01 1.870251082350970944e+06
1.375383657587516595e+01 3.225388561253968334e+01 5.298414048534550586e-02 3.211780401789180672e+01 1.872996563918010565e+06
1.383237671053064766e+01 3.264000203366543218e+01 5.368329801313492800e-02 3.250363719601960355e+01 1.892475452915246831e+06
1.391091684159175834e+01 3.293467405956747740e+01 5.497642201764533360e-02 3.280351936961627501e+01 1.903607396763764322e+06
1.398945696911903269e+01 3.325413467784203903e+01 5.583826235535798571e-02 3.311311192280741267e+01 1.921493552245398052e+06
1.406799709317166069e+01 3.352692638877707054e+01 5.679396861837712751e-02 3.339196749506247386e+01 1.939674567910992075e+06
1.414653721380751428e+01 3.381608923841380232e+01 5.770478139477104584e-02 3.367778283198883571e+01 1.949708875626569847e+06
1.422507733108318817e+01 3.412075510186819116e+01 5.833978790117308466e-02 3.399804724462032368e+01 1.970982171457941178e+06
1.430361744505403543e+01 3.438954287150284728e+01 5.941504977714877345e-02 3.426665437862126140e+01 1.990238221620098688e+06
1.438215755577419586e+01 3.468112894172506344e+01 6.052280703401623219e-02 3.455120608902506518e+01 1.993788853241502773e+06
1.446069766329663686e+01 3.513153917643307267e+01 6.117961664319611359e-02 3.501903015623329196e+01 2.023366967862954829e+06
1.453923776767318010e+01 3.525640159199809176e+01 6.253575474737994855e-02 3.513388741986283037e+01 2.032014077556317905e+06
1.461777786895453346e+01 3.562878417827256072e+01 6.342704987371128311e-02 3.550437416420132308e+01 2.050064201357344398e+06
1.469631796719032302e+01 3.618650402027757451e+01 6.427759871095747868e-02 3.606331929616944620e+01 2.070896193241170608e+06
1.477485806242911437e+01 3.635931597547249083e+01 6.522339942726644579e-02 3.624064621129198116e+01 2.087228547004235676e+06
1.485339815471844993e+01 3.656307623816741881e+01 6.671514028139700903e-02 3.644711705752973785e+01 2.103127395161136985e+06
1.493193824410487203e+01 3.704405433353898047e+01 6.738161855475519046e-02 3.693231527180468987e+01 2.124710539375088643e+06
1.501047833063394421e+01 3.730558486934542373e+01 6.857629273922866142e-02 3.719183392727109094e+01 2.137922441771474201e+06
1.508901841435028857e+01 3.753663552896730238e+01 6.930070540456502448e-02 3.742159379171685885e+01 2.149109433040475938e+06
1.516755849529759992e+01 3.785249522936429400e+01 7.078584850461829003e-02 3.773752092036212247e+01 2.166085657638211735e+06
1.524609857351867070e+01 3.832205533841094081e+01 7.174004357361211948e-02 3.821965763740696076e+01 2.195730801862168591e+06
1.532463864905541762e+01 3.867400645212143218e+01 7.279710191592657365e-02 3.857212319917709209e+01 2.210698437757161912e+06
1.540317872194890292e+01 3.887440834525092015e+01 7.400869583476595015e-02 3.876641126152327388e+01 2.221370795262203552e+06
1.548171879223935399e+01 3.918868107853376159e+01 7.499116739416350486e-02 3.907991596531388723e+01 2.239066966042853892e+06
1.556025885996618996e+01 3.952419548123304338e+01 7.625289937812390617e-02 3.942340056681342020e+01 2.262038181204677094e+06
1.563879892516803238e+01 3.985464200381531441e+01 7.693057734986467888e-02 3.975775389349107769e+01 2.274661293587391730e+06
1.571733898788273187e+01 4.009059096067939265e+01 7.816919236107755520e-02 4.000057069414958022e+01 2.292823007356270216e+06
1.579587904814739119e+01 4.054954526696646155e+01 7.954026076265401091e-02 4.046008371171478757e+01 2.306524036114329472e+06
1.587441910599837769e+01 4.091179326838465613e+01 8.085746686363151636e-02 4.082854121271068948e+01 2.329140607231630478e+06
1.595295916147133575e+01 4.127583443137626062e+01 8.183408108010084558e-02 4.119206839200994352e+01 2.347885884177072905e+06
1.603149921460121874e+01 4.152322500441682962e+01 8.306922565179922224e-02 4.143407828371304902e+01 2.362929042309937999e+06
1.611003926542229436e+01 4.182927013191356025e+01 8.405393584298258280e-02 4.174367537519533755e+01 2.381427631574154831e+06
1.618857931396816596e+01 4.227901647482677561e+01 8.554940427811053016e-02 4.219883732668979093e+01 2.403858627542159520e+06
1.626711936027179561e+01 4.256865880329277729e+01 8.684460983968037007e-02 4.248350090836864013e+01 2.422160981440506876e+06
1.634565940436549525e+01 4.295116020658714717e+01 8.789731508487712286e-02 4.288185371804441814e+01 2.446732988101641648e+06
1.642419944628097639e+01 4.326990859918689836e+01 8.908909942059439757e-02 4.321056567472299292e+01 2.462251161271080840e+06
1.650273948604932883e+01 4.368951400350824343e+01 9.037913124032170842e-02 4.361758449966224305e+01 2.479881370466895867e+06
1.658127952370107394e+01 4.413877222498491193e+01 9.148474613790386067e-02 4.406836030022484607e+01 2.504106174256764818e+06
1.665981955926614333e+01 4.435447013337122257e+01 9.258608584775082639e-02 4.427304319814918898e+01 2.512645088395710103e+06
1.673835959277390728e+01 4.491838694371775631e+01 9.418181355397101107e-02 4.486263841589986612e+01 2.550225575687385630e+06
1.681689962425318896e+01 4.520034673866351937e+01 9.533505894489521793e-02 4.514547834811278193e+01 2.563257379632292781e+06
1.689543965373228218e+01 4.551963277049432577e+01 9.668238680998017531e-02 4.546304243898537578e+01 2.587537677267298568e+06
1.697397968123895495e+01 4.583733122303190299e+01 9.800511821700419457e-02 4.577806169011817161e+01 2.599230596133733634e+06
1.705251970680045304e+01 4.617968170938097217e+01 9.948460243395935987e-02 4.613209200782574015e+01 2.616409509073298424e+06
1.713105973044353902e+01 4.659299587236051110e+01 1.006880753907253429e-01 4.655203765340168331e+01 2.645607340361659415e+06
1.720959975219447102e+01 4.688278780782444244e+01 1.024498344740732703e-01 4.683281176530602607e+01 2.666927156219667755e+06
1.728813977207903463e+01 4.723637766293107632e+01 1.037334486994213739e-01 4.719333876216302315e+01 2.680361287320398726e+06
1.736667979012256424e+01 4.782393502846148436e+01 1.048780161757917884e-01 4.779430374661144754e+01 2.710743714990087785e+06
1.744521980634991110e+01 4.801492500263862695e+01 1.064738398947152054e-01 4.797871677231109544e+01 2.727681387317085639e+06
1.752375982078550365e+01 4.850990427601734467e+01 1.078232472423891336e-01 4.846780551683236382e+01 2.756522391786251683e+06
1.760229983345331917e+01 4.894186732803111539e+01 1.086571257639929872e-01 4.891475996932108217e+01 2.770264406711165793e+06
1.768083984437692635e+01 4.927334817999308569e+01 1.102480381916486063e-01 4.924851584154480832e+01 2.795899642525422387e+06
1.775937985357945692e+01 4.967715119928938350e+01 1.122486849395236408e-01 4.965376403416579620e+01 2.811982515723756980e+06
1.783791986108364824e+01 4.999754534895648561e+01 1.136056236052244706e-01 4.998785163408020793e+01 2.831634088181116153e+06
1.791645986691183268e+01 5.049131013139307811e+01 1.148354688785799688e-01 5.046553744343187731e+01 2.861116180825159885e+06
1.799499987108595889e+01 5.082001121385596321e+01 1.167450656296729755e-01 5.081249512364000509e+01 2.876568166238699574e+06
1.807353987362759185e+01 5.145315636451279317e+01 1.178204340271121336e-01 5.145130983871264618e+01 2.900926282181655522e+06
1.815207987455791638e+01 5.182008695087938577e+01 1.197480365960541526e-01 5.182563587038871589e+01 2.924884810078339651e+06
1.823061987389775851e+01 5.224027158127331916e+01 1.210270106643716315e-01 5.223871345076483408e+01 2.954309069408170413e+06
1.830915987166758541e+01 5.271315582302639058e+01 1.228463885235428071e-01 5.272296729103918267e+01 2.976750222110829316e+06
1.838769986788751964e+01 5.302569111540685753e+01 1.243382494170860164e-01 5.303818268702681138e+01 2.995713679979975335e+06
1.846623986257733563e+01 5.347303870000565951e+01 1.256807222049265149e-01 5.348566225998402501e+01 3.019890014156084042e+06
1.854477985575647381e+01 5.381997065127506374e+01 1.277534177362816548e-01 5.383797716128399458e+01 3.048746877314028796e+06
1.862331984744404423e+01 5.430784061069765301e+01 1.288075803626394789e-01 5.432815252413642071e+01 3.070923937899116427e+06
1.870185983765884075e+01 5.475697100530447159e+01 1.301702122845888043e-01 5.478093287998490268e+01 3.102612516821442172e+06
1.878039982641934458e+01 5.521317092603133148e+01 1.322414906572563220e-01 5.523773546441895377e+01 3.127348872510349844e+06
1.885893981374372075e+01 5.570680316697990264e+01 1.339040193653975863e-01 5.573686715746246279e+01 3.152960689963974059e+06
1.893747979964983941e+01 5.605776544027740016e+01 1.354319356752259618e-01 5.609093490237087565e+01 3.181900049029329792e+06
1.901601978415527228e+01 5.627937843327617884e+01 1.375032517627682305e-01 5.632435606077609691e+01 3.190376862643406261e+06
1.909455976727730331e+01 5.712214187754706529e+01 1.387561481635271043e-01 5.715627534695335754e+01 3.233172832341787871e+06
1.917309974903293579e+01 5.745233929831147890e+01 1.404655831878105776e-01 5.750742272270262134e+01 3.250483713670391589e+06
1.925163972943889235e+01 5.812201279170181323e+01 1.420806670443571229e-01 5.816854947896857908e+01 3.298566789815338328e+06
1.933017970851161849e+01 5.868644096613441974e+01 1.437704765807744367e-01 5.873971235387026724e+01 3.325522220645959023e+06
1.940871968626730748e+01 5.900348911036967792e+01 1.457989211968082621e-01 5.906506736171098737e+01 3.348950410630338360e+06
1.948725966272188259e+01 5.939576605317910918e+01 1.472548369873795115e-01 5.946835442061406951e+01 3.379942635866024066e+06
1.956579963789100773e+01 6.013133454737806716e+01 1.494784077858528348e-01 6.019028908397728372e+01 3.407971659778268076e+06
1.964433961179010524e+01 6.049871755355963643e+01 1.506643887206866594e-01 6.057576889278978882e+01 3.436243084260651842e+06
1.972287958443434519e+01 6.089563106291385708e+01 1.530947206909688829e-01 6.096824084822134182e+01 3.459709397657424212e+06
1.980141955583865965e+01 6.159297915969609960e+01 1.543035755333369563e-01 6.167473231900343933e+01 3.494292924815804232e+06
1.987995952601774619e+01 6.188839239018939509e+01 1.558785390750986322e-01 6.197624234699310364e+01 3.515181737445701845e+06
1.995849949498606790e+01 6.240611993672332858e+01 1.584286761306453462e-01 6.248891373573223973e+01 3.547569753348500933e+06
2.003703946275786052e+01 6.312269745989508607e+01 1.601613255032510452e-01 6.322377689235817400e+01 3.579716089671798982e+06
2.011557942934713950e+01 6.355199556022314766e+01 1.620846523412499962e-01 6.364890485418040100e+01 3.603772758307429496e+06
2.019411939476770712e+01 6.401521913095962191e+01 1.638442874194170340e-01 6.410259013182135845e+01 3.626574970500299707e+06
2.027265935903314542e+01 6.431130202281873665e+01 1.656157323892818167e-01 6.443060450314474963e+01 3.654036550424236339e+06
2.035119932215682326e+01 6.459100651790078018e+01 1.675787191985406988e-01 6.472571235381394672e+01 3.680349211382616777e+06
2.042973928415191054e+01 6.500446498629270309e+01 1.692025747865988916e-01 6.515150709810765761e+01 3.707946022791861091e+06
2.050827924503137467e+01 6.535753000070123164e+01 1.714506968199941972e-01 6.549805513513804556e+01 3.722434610947762616e+06
2.058681920480798766e+01 6.576109836758266169e+01 1.735017024713912670e-01 6.590332531345886480e+01 3.752242848565497901e+06
2.066535916349431901e+01 6.638152074217855159e+01 1.756123663023399228e-01 6.654277638297995168e+01 3.785431746854129247e+06
2.074389912110275347e+01 6.660939207099001180e+01 1.773690770151752083e-01 6.677719477241791424e+01 3.805328624679386150e+06
2.082243907764548752e+01 6.698586675582768635e+01 1.790388194646887754e-01 6.715889582115732992e+01 3.818576211366652977e+06
2.090097903313453642e+01 6.733394231772605565e+01 1.816979056514502755e-01 6.753002036425209553e+01 3.841400117234095931e+06
2.097951898758173783e+01 6.774011069391477236e+01 1.832995869537207279e-01 6.794017155123341922e+01 3.880145487990503199e+06
2.105805894099874109e+01 6.833674350270453601e+01 1.852429532791220190e-01 6.853878911443960931e+01 3.905800191038887016e+06
2.113659889339703568e+01 6.860670802404511903e+01 1.872741653731929690e-01 6.881116143007221808e+01 3.926029625055794138e+06
2.121513884478793344e+01 6.903618467496396249e+01 1.893283920660646102e-01 6.925369842880716931e+01 3.957869510109008756e+06
2.129367879518258277e+01 6.939539205923917109e+01 1.912174673257705515e-01 6.962550167730812234e+01 3.975678450954785105e+06
2.137221874459196869e+01 6.986064089981718439e+01 1.935357775607176312e-01 7.010787305856639762e+01 3.999932941665625200e+06
2.145075869302691274e+01 7.024608744723519749e+01 1.958257041552706190e-01 7.049474871881351135e+01 4.023924360766837373e+06
2.152929864049807307e+01 7.071573898914157041e+01 1.984332480372843766e-01 7.098363667029643409e+01 4.059966166521237232e+06
2.160783858701596571e+01 7.129953562882379003e+01 2.000915282669435413e-01 7.155952150112898380e+01 4.088183988235746045e+06
2.168637853259094683e+01 7.174026087751731495e+01 2.023963585614539373e-01 7.201821932704038431e+01 4.116799598207298201e+06
2.176491847723321982e+01 7.198463260658010654e+01 2.042023312380237543e-01 7.228158897770816793e+01 4.133584655621200800e+06
2.184345842095285306e+01 7.247507827312115580e+01 2.064429303328700893e-01 7.277569119181428903e+01 4.173225659735569265e+06
2.192199836375975508e+01 7.280944863960854718e+01 2.084005193852138116e-01 7.312234027008155124e+01 4.199748712744544260e+06
2.200053830566371005e+01 7.318906017394029107e+01 2.111757794050689307e-01 7.350364236585294009e+01 4.213528916963801719e+06
2.207907824667434582e+01 7.348664565887510491e+01 2.134627169511937594e-01 7.380503143550919276e+01 4.236899750398744829e+06
2.215761818680116590e+01 7.392131914860404152e+01 2.156773407825316735e-01 7.425645465474786988e+01 4.253054751469440758e+06
2.223615812605353526e+01 7.462836865781650886e+01 2.180738378681620626e-01 7.499234679176967688e+01 4.305829391722361557e+06
2.231469806444068738e+01 7.505636224671533796e+01 2.202427358268376489e-01 7.540832577483904231e+01 4.324423377269718796e+06
2.239323800197172432e+01 7.547410776301843782e+01 2.225845822914524208e-01 7.582210097790299130e+01 4.362935482993959449e+06
2.247177793865562023e+01 7.587063810077771109e+01 2.243893519282237348e-01 7.622558023155075091e+01 4.386659549994262867e+06
2.255031787450123204e+01 7.623723760682138106e+01 2.264351818267328065e-01 7.663277013177653885e+01 4.422031064010741189e+06
2.262885780951728165e+01 7.724108090763134271e+01 2.293150971000543770e-01 7.764069655565040762e+01 4.456346756699632853e+06
2.270739774371238440e+01 7.736949537546207978e+01 2.313360819835770521e-01 7.778237651222174520e+01 4.478632212438210845e+06
2.278593767709502771e+01 7.773176301712146596e+01 2.339656827408576056e-01 7.813602704116344455e+01 4.505844630084487610e+06
2.286447760967358178e+01 7.830234581233739277e+01 2.363406753977612129e-01 7.872968411035250824e+01 4.541047334276214242e+06
2.294301754145629957e+01 7.857851596292182705e+01 2.398173447183415685e-01 7.902038447124382969e+01 4.567692535247480497e+06
2.302155747245133455e+01 7.910452835324174714e+01 2.413304744203814967e-01 7.955120449501728785e+01 4.589721826575921848e+06
2.310009740266672296e+01 7.952022946337402232e+01 2.436570974070372819e-01 7.996904654666069234e+01 4.621523501243304461e+06
2.317863733211038380e+01 8.021299123380747176e+01 2.460860088764078579e-01 8.068819359770650124e+01 4.680259356142393313e+06
2.325717726079013303e+01 8.068386896952435450e+01 2.484374056509004447e-01 8.116014530563089124e+01 4.690161725509655662e+06
2.333571718871368716e+01 8.083720637284307031e+01 2.512540548097431659e-01 8.132234244343206342e+01 4.710399963928584941e+06
2.341425711588865965e+01 8.130927074851351222e+01 2.528593218141272914e-01 8.180066588946779405e+01 4.742524044903291389e+06
2.349279704232255384e+01 8.212224416212411882e+01 2.554296884779481691e-01 8.263073498164425246e+01 4.781650163408922032e+06
2.357133696802278067e+01 8.252651965476617590e+01 2.591172647490414538e-01 8.304074558451326027e+01 4.812791990548769012e+06
2.364987689299664453e+01 8.308211917857673257e+01 2.616000304105521312e-01 8.362698722286269515e+01 4.847738998636902310e+06
2.372841681725136453e+01 8.349411749843160635e+01 2.640356986587956145e-01 8.403143042533658047e+01 4.882328713342132047e+06
2.380695674079405322e+01 8.400617226785536218e+01 2.662199171647121609e-01 8.455986937864503261e+01 4.891148003966527991e+06
2.388549666363174140e+01 8.448187636717528903e+01 2.697052265701134766e-01 8.504038001105217859e+01 4.944133289264188148e+06
2.396403658577134976e+01 8.489845278609996626e+01 2.726293534085724168e-01 8.547011681206693368e+01 4.971100361209030263e+06
2.404257650721972439e+01 8.512581089407952106e+01 2.749167714244966643e-01 8.572383285862945002e+01 4.995848326476315968e+06
2.412111642798362254e+01 8.578837422657244360e+01 2.767784946143855285e-01 8.638618888288903008e+01 5.025810229306309484e+06
2.419965634806970556e+01 8.654412054482911287e+01 2.804042783661648830e-01 8.713193184230173927e+01 5.068905479525065981e+06
2.427819626748454596e+01 8.694692008274608952e+01 2.821426854618183100e-01 8.756109385025547454e+01 5.108314651348135434e+06
2.435673618623464520e+01 8.730831501870613920e+01 2.846539038006864475e-01 8.794173454024195280e+01 5.144115027428053319e+06
2.443527610432640529e+01 8.777090796002519824e+01 2.882294637010828220e-01 8.841281032990060851e+01 5.175797954637733288e+06
2.451381602176616425e+01 8.827343043481850771e+01 2.905773222388984278e-01 8.893483172857635566e+01 5.197219912638127804e+06
2.459235593856016067e+01 8.895909188815389257e+01 2.945084355935199683e-01 8.964294891404666998e+01 5.231303941514560021e+06
2.467089585471456203e+01 8.955420101177136871e+01 2.961832227351983149e-01 9.022329526136752520e+01 5.270356708821015432e+06
2.474943577023546126e+01 9.002643978599097352e+01 2.997172799204488314e-01 9.072540699224038008e+01 5.294959247969900258e+06
2.482797568512887310e+01 9.061834298987734826e+01 3.027336029528378547e-01 9.132712932503692116e+01 5.352718016763986088e+06
2.490651559940072346e+01 9.123422909518853885e+01 3.048282685898154876e-01 9.196765523872247172e+01 5.371185296466574073e+06
2.498505551305688144e+01 9.165616251582342500e+01 3.089534942674260209e-01 9.239218008142626104e+01 5.415028360503686592e+06
2.506359542610313440e+01 9.229404388092503098e+01 3.102467588417123223e-01 9.307579800741896747e+01 5.473644397262214683e+06
2.514213533854519511e+01 9.292918952424571444e+01 3.130656894198632356e-01 9.366969601990106753e+01 5.509101518261916004e+06
2.522067525038871239e+01 9.357134789063806579e+01 3.153189473500332962e-01 9.433723674065878129e+01 5.546712145380592905e+06
2.529921516163925688e+01 9.403706060035499092e+01 3.194531165427071384e-01 9.482105290812013720e+01 5.571277442323166877e+06
2.537775507230233529e+01 9.470331430253500571e+01 3.229046157490941815e-01 9.550628764550870642e+01 5.605990407538613304e+06
2.545629498238338684e+01 9.549414613839168453e+01 3.265388849047923814e-01 9.630728416477400344e+01 5.665162770932998508e+06
2.553483489188777966e+01 9.580653702920513126e+01 3.293751958715970818e-01 9.661928065939545718e+01 5.677638879204933532e+06
2.561337480082082152e+01 9.621042570386008208e+01 3.327366395356121664e-01 9.702697698341280841e+01 5.724874353306477889e+06
2.569191470918774911e+01 9.685566332953419533e+01 3.357071163103791944e-01 9.770980968171383552e+01 5.782924268382332288e+06
2.577045461699373874e+01 9.749808977820552514e+01 3.378057747296211444e-01 9.839179170361519766e+01 5.822782667565560900e+06
2.584899452424390631e+01 9.854993336129440706e+01 3.414759062619642793e-01 9.946342176161722648e+01 5.851687739481183700e+06
2.592753443094329668e+01 9.881216068296161836e+01 3.444042557383104053e-01 9.970834997605741989e+01 5.877903923619402573e+06
2.600607433709690852e+01 9.949022634508187934e+01 3.468294226571868588e-01 1.004128760050156473e+02 5.908590018472051248e+06
2.608461424270966944e+01 9.993810550589057584e+01 3.505737252662349257e-01 1.008949147730461817e+02 5.938859845050216652e+06
2.616315414778644310e+01 1.002624369212164765e+02 3.548789058975549970e-01 1.011973635194918302e+02 5.969071824853014201e+06
2.624169405233205055e+01 1.010818360422772315e+02 3.591713126639092257e-01 1.020453741474592846e+02 6.023332405952864327e+06
2.632023395635124174e+01 1.015034126719640994e+02 3.612433101048263540e-01 1.024418803162884899e+02 6.065508969616217539e+06
2.639877385984871694e+01 1.021338628013218823e+02 3.636032026723980959e-01 1.031286395146732815e+02 6.117081530190948397e+06
2.647731376282911953e+01 1.026144782519228329e+02 3.661973397150524723e-01 1.035760433024955347e+02 6.148392194204241037e+06
2.655585366529703606e+01 1.035605805012354637e+02 3.694210610651428861e-01 1.045526685138030558e+02 6.199359773354710080e+06
2.663439356725699980e+01 1.038895877441970015e+02 3.742985561816265516e-01 1.049105260623263973e+02 6.225578130033645779e+06
2.671293346871349428e+01 1.047178956352270092e+02 3.761345998877029806e-01 1.057428684240079377e+02 6.281965835290525109e+06
2.679147336967094617e+01 1.053821360149170658e+02 3.797797450921649443e-01 1.064329890187628251e+02 6.291159988662575372e+06
2.687001327013372531e+01 1.055884922393116767e+02 3.830393948521620406e-01 1.066123068436264134e+02 6.357777465568634681e+06
2.694855317010616602e+01 1.064099136533541810e+02 3.865243093255862905e-01 1.074834539158663773e+02 6.388468442544165999e+06
2.702709306959254221e+01 1.072874929182152783e+02 3.893513029338485087e-01 1.084307987190207854e+02 6.459229673255587928e+06
2.710563296859707094e+01 1.075167256427566116e+02 3.939939123907999496e-01 1.086714773066546229e+02 6.453724220372537151e+06
2.718417286712393377e+01 1.076881186526059082e+02 3.982074613279077413e-01 1.088347578237001869e+02 6.469322126376144588e+06
2.726271276517725894e+01 1.089865114763732663e+02 4.026275365696808661e-01 1.101405920018353015e+02 6.560186867249350064e+06
2.734125266276112498e+01 1.091428806970207575e+02 4.031378560267347422e-01 1.102356850900390128e+02 6.600055377874005586e+06
2.741979255987956776e+01 1.106419394973555370e+02 4.075076631811304639e-01 1.118026336464554618e+02 6.678533674793472514e+06
2.749833245653658054e+01 1.104191495631846891e+02 4.134199814671039031e-01 1.116055440678367177e+02 6.673269667534402572e+06
2.757687235273609616e+01 1.110101766612812071e+02 4.150436104418990801e-01 1.122253566516428975e+02 6.732192087261960842e+06
2.765541224848202262e+01 1.111028585181200299e+02 4.170803024195318676e-01 1.122977624408479898e+02 6.756404218313506804e+06
2.773395214377820395e+01 1.123616544349844162e+02 4.216020237211834942e-01 1.136116194733202889e+02 6.782537212909719907e+06
2.781249203862845576e+01 1.128927653692260691e+02 4.274200253511649672e-01 1.141668565894182734e+02 6.846746187609511428e+06
2.789103193303654038e+01 1.134432505412715955e+02 4.304725899129856481e-01 1.146752886067641271e+02 6.878296440041218884e+06
2.796957182700618816e+01 1.143746562720129418e+02 4.317705589721679282e-01 1.156724203877101615e+02 6.954583771359710954e+06
2.804811172054107615e+01 1.145964991434545226e+02 4.373230294027194986e-01 1.159008337189544449e+02 6.968808038108018227e+06
2.812665161364485655e+01 1.150182648870031130e+02 4.404456808198741746e-01 1.163092279505004711e+02 6.973999792447578162e+06
2.820519150632112115e+01 1.159430700927331799e+02 4.431023528677639489e-01 1.172324567388293133e+02 7.058619067107887939e+06
2.828373139857343332e+01 1.156824595286307158e+02 4.497511825887533510e-01 1.170475425320510539e+02 7.057259479284783825e+06
2.836227129040531736e+01 1.167962498816521162e+02 4.505470373540259033e-01 1.182515704577285902e+02 7.105340002120041288e+06
2.844081118182025847e+01 1.169135643204048733e+02 4.518697426335687162e-01 1.183048173351051418e+02 7.148474407441579737e+06
2.851935107282169923e+01 1.174163524044024030e+02 4.585851322512634609e-01 1.188614277649714239e+02 7.236369534922574647e+06
2.859789096341304315e+01 1.172718495381930097e+02 4.608466364463117970e-01 1.186524958219817449e+02 7.185326059483894147e+06
2.867643085359765820e+01 1.189393147497914072e+02 4.670463078315683636e-01 1.203876061255034244e+02 7.302839351792524569e+06
2.875497074337888392e+01 1.188432608014830265e+02 4.718763126623225501e-01 1.203016841302165432e+02 7.293582400533729233e+06
2.883351063276001369e+01 1.203131426838187252e+02 4.749030220577174499e-01 1.218837650760927289e+02 7.339315021588780917e+06
2.891205052174430890e+01 1.205761952180056511e+02 4.799286905062921105e-01 1.221169976912655812e+02 7.408165701202278025e+06
2.899059041033499184e+01 1.212125208333087016e+02 4.846572122712835551e-01 1.227547577288204650e+02 7.450552885955315083e+06
2.906913029853525643e+01 1.210951705233130866e+02 4.873540935837534782e-01 1.226622113415518243e+02 7.518395640914144926e+06
2.914767018634825746e+01 1.212000272114579360e+02 4.904622542188760148e-01 1.228296428503598179e+02 7.490737547029666603e+06
2.922621007377712132e+01 1.229097621813111374e+02 4.934117736494365025e-01 1.245473611120617363e+02 7.585074664921998978e+06
2.930474996082492822e+01 1.245084399380055515e+02 4.999886601152225274e-01 1.261764911563271028e+02 7.668656151464520022e+06
2.938328984749474060e+01 1.233778289123705605e+02 5.020153242175963149e-01 1.249550831122860615e+02 7.649980733120470308e+06
2.946182973378957826e+01 1.249740309193184942e+02 5.095235716308198493e-01 1.267206113391061280e+02 7.697157134330892935e+06
2.954036961971243258e+01 1.259199835728468884e+02 5.098363250066135777e-01 1.275935223122332474e+02 7.775932330205206759e+06
2.961890950526625943e+01 1.262350139473394961e+02 5.150814844075795040e-01 1.278723968662820596e+02 7.775926777986518107e+06
2.969744939045398979e+01 1.269447213916394048e+02 5.189223851431289392e-01 1.286805053966378978e+02 7.858076442741798237e+06
2.977598927527852268e+01 1.262415073487477599e+02 5.261738269838921456e-01 1.279615689620144394e+02 7.868807930471392348e+06
2.985452915974272159e+01 1.277362180951428314e+02 5.240604084209352642e-01 1.294681137997447706e+02 7.954870416201862507e+06
2.993306904384942868e+01 1.284762890399115918e+02 5.340881230993226314e-01 1.302372348695277822e+02 8.008339153415315785e+06
3.001160892760143994e+01 1.289034640315427112e+02 5.366616494688819516e-01 1.307349410931510931e+02 7.985384349976111203e+06
3.009014881100154071e+01 1.292525672411637174e+02 5.420099752464635490e-01 1.310229935324782105e+02 8.062050313383094966e+06
3.016868869405248077e+01 1.301529967235454706e+02 5.403056759557339772e-01 1.318943323598127790e+02 8.073488385928515345e+06
3.024722857675697441e+01 1.315623560299357564e+02 5.509856554023881969e-01 1.334861206059204051e+02 8.144629502491623163e+06
3.032576845911771457e+01 1.309426412251201270e+02 5.504218081406554441e-01 1.327629950925222033e+02 8.223539851007326506e+06
3.040430834113736580e+01 1.327459199461329717e+02 5.558941422627691198e-01 1.346132872019372542e+02 8.243061426695408300e+06
3.048284822281856421e+01 1.325292433661984433e+02 5.632535896382667717e-01 1.344364925818510983e+02 8.341220727572851814e+06
3.056138810416392460e+01 1.354354544706301056e+02 5.656800252429038389e-01 1.374361886839275826e+02 8.413127476883003488e+06
3.063992798517602267e+01 1.349779574247795040e+02 5.658652074409443733e-01 1.369406739621667555e+02 8.440618686315918341e+06
3.071846786585741640e+01 1.359668209133836285e+02 5.749766941496762263e-01 1.378600392028548924e+02 8.465037525909760967e+06
3.079700774621063886e+01 1.350281981816640382e+02 5.757569518589235047e-01 1.369573116406312181e+02 8.413334706802425906e+06
3.087554762623818760e+01 1.356868342899794584e+02 5.894169381523876039e-01 1.376795105278063716e+02 8.484879388306422159e+06
3.095408750594254599e+01 1.368672315606296479e+02 5.896799882954720795e-01 1.388309790450235823e+02 8.471106678734969348e+06
3.103262738532617249e+01 1.376743994175649846e+02 5.931126871705043602e-01 1.397297102556251787e+02 8.633180553725782782e+06
3.111116726439149005e+01 1.387535008361909092e+02 5.985879390413171297e-01 1.408547450852311727e+02 8.618074448214111850e+06
3.118970714314090387e+01 1.412451377204510266e+02 5.991833687810464992e-01 1.432148450803545927e+02 8.732673041241833940e+06
3.126824702157679781e+01 1.400230343625331670e+02 6.045831296935151311e-01 1.421848025839538252e+02 8.720953315571697429e+06
3.134678689970152377e+01 1.402935630528855029e+02 6.113110996609307790e-01 1.424124949473948902e+02 8.704642654298337176e+06
3.142532677751741588e+01 1.420171015443176259e+02 6.171705715194392150e-01 1.441371000297177147e+02 8.849402605827394873e+06
3.150386665502678696e+01 1.439751510193688944e+02 6.198584255576833346e-01 1.459131511915857118e+02 8.939484692049361765e+06
3.158240653223192140e+01 1.447166620367833616e+02 6.267926891735586814e-01 1.466863865941395773e+02 8.907587846848342568e+06
3.166094640913508229e+01 1.453485460539169196e+02 6.333758375173709210e-01 1.475650067829708121e+02 9.006174272377416492e+06
3.173948628573851494e+01 1.462202318283290481e+02 6.317147242930917228e-01 1.482317045729916742e+02 9.107439472920548171e+06
3.181802616204443623e+01 1.467640276275051292e+02 6.368300458536670927e-01 1.489967328575629040e+02 9.038161301012158394e+06
3.189656603805504531e+01 1.473961905138650934e+02 6.498279836121142461e-01 1.493606281025277838e+02 9.189783422050287947e+06
3.197510591377251998e+01 1.466146306793164626e+02 6.499105636682975806e-01 1.490574053980055282e+02 9.256256996868208051e+06
3.205364578919900964e+01 1.501792157127257781e+02 6.484660074982976363e-01 1.525533740925217501e+02 9.524399432304691523e+06
3.213218566433665302e+01 1.499985010396919165e+02 6.583440165429299551e-01 1.523659469344818547e+02 9.425761427101623267e+06
3.221072553918755688e+01 1.509822119760488022e+02 6.783506805383754390e-01 1.533020883868688600e+02 9.473059719945177436e+06
3.228926541375382442e+01 1.503785178705329031e+02 6.557294926682688541e-01 1.526755739315379401e+02 9.616488506694367155e+06
3.236780528803751622e+01 1.537176598833954699e+02 6.658136514062868994e-01 1.560483059131373693e+02 9.798018257820963860e+06
3.244634516204068575e+01 1.510680642529320039e+02 6.753637654659898626e-01 1.534761111197050809e+02 9.642139820262320340e+06
3.252488503576537227e+01 1.541616438773560560e+02 6.959515075580369192e-01 1.567666417980689459e+02 9.792979821738377213e+06
3.260342490921358660e+01 1.540807669745328781e+02 6.964523367587567293e-01 1.566949645038963581e+02 9.738043684371642768e+06
3.268196478238731828e+01 1.566170895750132104e+02 6.850175991031947076e-01 1.589131603306743443e+02 9.971493037826394662e+06
3.276050465528854261e+01 1.610919325073989512e+02 7.070535107326777480e-01 1.634037415339271888e+02 1.003461174819724634e+07
3.283904452791921358e+01 1.600504475061816265e+02 6.930151484019941854e-01 1.623556571978411682e+02 9.968062673776613548e+06
3.291758440028127097e+01 1.576256759531027853e+02 7.061670798784606129e-01 1.600973516480485443e+02 1.021440062572193891e+07
3.299612427237663326e+01 1.576762999637342659e+02 7.070776089589831948e-01 1.600320695623288429e+02 1.022411009692581557e+07
3.307466414420719758e+01 1.598312657224924465e+02 7.252404817909744450e-01 1.623373242992641678e+02 1.024492068312740326e+07
3.315320401577483977e+01 1.602885353611281118e+02 7.188281625292083366e-01 1.626716148731379121e+02 1.024890526981502771e+07
3.323174388708143567e+01 1.660471052317774365e+02 7.201269390789243330e-01 1.686951210958422678e+02 1.053721554200576618e+07
3.331028375812883269e+01 1.655714560047541681e+02 7.392477394990811801e-01 1.685870430140125507e+02 1.073116718240223452e+07
3.338882362891884981e+01 1.665718003800683675e+02 7.114228542168484770e-01 1.693804711234942602e+02 1.057455322390969656e+07
3.346736349945329891e+01 1.629443325743424680e+02 7.361129779176560639e-01 1.652097557430499819e+02 1.042350199283433892e+07
3.354590336973399189e+01 1.680238632692999659e+02 7.310808039807656922e-01 1.709302760845846478e+02 1.120402856970001943e+07
3.362444323976268379e+01 1.689004437569571451e+02 7.730879137020275627e-01 1.720315454714692578e+02 1.109029729526893422e+07
3.370298310954115806e+01 1.692091753707313160e+02 7.337346712293435491e-01 1.718198477710740235e+02 1.062319420529714227e+07
3.378152297907114132e+01 1.566753740491339499e+02 7.294060637888331033e-01 1.598022042553104143e+02 1.055139429402271658e+07
3.386006284835436730e+01 1.668879385809911469e+02 7.536491670636449314e-01 1.692717428210505375e+02 1.071417970834735595e+07
3.393860271739255552e+01 1.675567583742618467e+02 7.117578901898149457e-01 1.707885402020258994e+02 1.089259762644837610e+07
3.401714258618739706e+01 1.701241903751092650e+02 8.183181531772530937e-01 1.730557557063535228e+02 1.101997181442101859e+07
3.409568245474058301e+01 1.774142220824509764e+02 7.590705801434707301e-01 1.808432675545162454e+02 1.066194058879419416e+07
3.417422232305376895e+01 1.713985077374128423e+02 7.679718112216055159e-01 1.739248355655890919e+02 1.117689701204605587e+07
3.425276219112861043e+01 1.883359720065679994e+02 7.858817462001614906e-01 1.915028457181042256e+02 1.200047054857208394e+07
3.433130205896674880e+01 1.858903755029785998e+02 7.492617105893389917e-01 1.874845297911193143e+02 1.157166437692262605e+07
3.440984192656979701e+01 1.746975793496616518e+02 7.591029690837434174e-01 1.767535982008269286e+02 1.073976659076709673e+07
3.448838179393936088e+01 1.666593999181640697e+02 7.531060066546794163e-01 1.685936701851920816e+02 1.199458311704796925e+07
3.456692166107702491e+01 1.774836140321867219e+02 8.140301985738473967e-01 1.834479214038801729e+02 1.178841296530028805e+07
3.464546152798438072e+01 1.369557045919738130e+02 8.720431712947236402e-01 1.367087255794293696e+02 1.163687724149326608e+07
3.472400139466299152e+01 1.545839040623709479e+02 1.032146983487271186e+00 1.587019982845118307e+02 9.624182175919311121e+06
