# 0.02907 0.0003772
7.871241428633635184e-02 9.123176809557048336e-03 1.389776202548279856e-06 9.017785657046896441e-03 3.277201094346925402e+03
1.618072713909662341e-01 4.751696344858480359e-02 5.705364885732126187e-06 4.678749060705875845e-02 1.319593045213816367e+04
2.418771330418761079e-01 6.281303464933678249e-02 9.665328032909586820e-06 6.161697300477629591e-02 1.824822221367659586e+04
3.211923215201240578e-01 1.356213989258436281e-01 1.527337097899522531e-05 1.334799595941466299e-01 3.487032580789169879e+04
4.002017901256537113e-01 2.030519717728775930e-01 2.070385757088892648e-05 1.997513763641697859e-01 5.005955855707883165e+04
4.790568272527075955e-01 2.120755677505695713e-01 2.872101859389087703e-05 2.082648591886645806e-01 4.895640838134387013e+04
5.578229290343351687e-01 3.197755606256265648e-01 4.263629725436103503e-05 3.139444512301186596e-01 7.318022428031700838e+04
6.365331115321660738e-01 3.721446066112457096e-01 4.879401214677516358e-05 3.656184988169453587e-01 7.836326253741755500e+04
7.152058371535838788e-01 4.308418162205082669e-01 5.723528293755180904e-05 4.232754832719300420e-01 9.098491475982211705e+04
7.938522421846891941e-01 4.741338832572349893e-01 6.614244282952042627e-05 4.660129132296278454e-01 9.221479083327281114e+04
8.724794443688169698e-01 5.563444391955889579e-01 7.873467770560336879e-05 5.467809290109044706e-01 1.035638912439318956e+05
9.510922062407737299e-01 6.255616177753630103e-01 8.796509946320778674e-05 6.149530877545419383e-01 1.141022676112562913e+05
1.029693835175838679e+00 6.894566149419049106e-01 1.018604130294747343e-04 6.779166199899234746e-01 1.187257700789554219e+05
1.108286699878543891e+00 7.778406117119330831e-01 1.204499600339082037e-04 7.647218231396476495e-01 1.280512492001375649e+05
1.186872541411916560e+00 8.232633580641907090e-01 1.324996985766615848e-04 8.097971565044791431e-01 1.343530619272247131e+05
1.265452668213572940e+00 8.752851283156189988e-01 1.526361332711412408e-04 8.601597635655776619e-01 1.411737525976786274e+05
1.344028082638708543e+00 9.727131874165192427e-01 1.669227569151536408e-04 9.568755162089107591e-01 1.525204141696376901e+05
1.422599565533279709e+00 1.030007454825581314e+00 1.915681900320409720e-04 1.013252279835910485e+00 1.561241606072806753e+05
1.501167734229200246e+00 1.146911912873234352e+00 2.143801193570085608e-04 1.128427466951399394e+00 1.647360172228101583e+05
1.579733083222462531e+00 1.252936354667505414e+00 2.398190921834100504e-04 1.232773522930064480e+00 1.786205660703990725e+05
1.658296013281593151e+00 1.292315330985972732e+00 2.645651075634563774e-04 1.271948977078181553e+00 1.801592480741280015e+05
1.736856852652245875e+00 1.411211245253845670e+00 2.842228121173485662e-04 1.389638542554392897e+00 1.866646358075208263e+05
1.815415872753641580e+00 1.430420784634187648e+00 3.079974884421430811e-04 1.408280294914389552e+00 1.910878236144694092e+05
1.893973299967037560e+00 1.570525050954488355e+00 3.521383423011027682e-04 1.545557774232388271e+00 2.032371083434855100e+05
1.972529324606241641e+00 1.659960542498848834e+00 3.782351444004525731e-04 1.634315074553009950e+00 2.109671376632118772e+05
2.051084107826015579e+00 1.756774887507478677e+00 4.108973827184002315e-04 1.730589398139428248e+00 2.191456997451270872e+05
2.129637787001040561e+00 1.922349138527525536e+00 4.621444576551108014e-04 1.892794123592689948e+00 2.346113495598011359e+05
2.208190479956450680e+00 2.023464148393633533e+00 4.847460125394498220e-04 1.993865882198502248e+00 2.396663464053432108e+05
2.286742288326184092e+00 2.042802840839067713e+00 5.144333109100348179e-04 2.013381704483548695e+00 2.418308618777595111e+05
2.365293300241981811e+00 2.082418014685690988e+00 5.642406825189075258e-04 2.051983075359946618e+00 2.392414061572320643e+05
2.443843592503681883e+00 2.212931587080583018e+00 6.090974285019218381e-04 2.181762086942354628e+00 2.520161805855345156e+05
2.522393232343909553e+00 2.345965067973669438e+00 6.497936578614307672e-04 2.312077125462405736e+00 2.632680750958257704e+05
2.600942278872942381e+00 2.522655757131083032e+00 7.216686769675906710e-04 2.485665924086755130e+00 2.772645805128749926e+05
2.679490784269383141e+00 2.594346068462504817e+00 7.715900569531377933e-04 2.556497926425061795e+00 2.804027563185010804e+05
2.758038794767343038e+00 2.728650941319541889e+00 8.110804513915962407e-04 2.690158670231809435e+00 2.920342328917510458e+05
2.836586351479573942e+00 2.922425408518539047e+00 8.828814518459610029e-04 2.881397380832012800e+00 3.049363642393486807e+05
2.915133491087511963e+00 2.966058501859694996e+00 9.374855099811922046e-04 2.924965297398411934e+00 3.043751866995317396e+05
2.993680246422668834e+00 3.057320635485765159e+00 9.991429066994331545e-04 3.015328818130351696e+00 3.077971517576842452e+05
3.072226646958827967e+00 3.251106134531280389e+00 1.055142046202327570e-03 3.205856421400116396e+00 3.243130195972352521e+05
3.150772719230606977e+00 3.363984237582125836e+00 1.141794071516040931e-03 3.317177676983158019e+00 3.290891816543281311e+05
3.229318487190934395e+00 3.410785863166467813e+00 1.226530486728355518e-03 3.364500542865906052e+00 3.311473287912649685e+05
3.307863972517584905e+00 3.541704446865597156e+00 1.286012270158715933e-03 3.494452437644647524e+00 3.389497625300462241e+05
3.386409194877053608e+00 3.703509100847971247e+00 1.371163334440496026e-03 3.654110770312702261e+00 3.521418281967206858e+05
3.464954172152534095e+00 3.835505124077645434e+00 1.458276108595999701e-03 3.783459173996251312e+00 3.610661198707428994e+05
3.543498920641575456e+00 4.017526194818985097e+00 1.544713448985659708e-03 3.963948691687573245e+00 3.707744035727831651e+05
3.622043455228019404e+00 4.069276178653298714e+00 1.635086359228797755e-03 4.016151228186448208e+00 3.787393908131773351e+05
3.700587789532037597e+00 4.279692729561950237e+00 1.728417423239300048e-03 4.222265497198609552e+00 3.852782201055227197e+05
3.779131936041457696e+00 4.392653475289781895e+00 1.827968109945651452e-03 4.335966561301294320e+00 3.896498077585716383e+05
3.857675906227046259e+00 4.496148478368465540e+00 1.914805262477347258e-03 4.436583539597987347e+00 3.950573052881295444e+05
3.936219710643986680e+00 4.651597296028841200e+00 2.030057010778273715e-03 4.591365755338131294e+00 4.104059301492210361e+05
4.014763359021444877e+00 4.793563449482323158e+00 2.160665583175376894e-03 4.731619381350570031e+00 4.138761426723822369e+05
4.093306860341824560e+00 4.968374350372745774e+00 2.279409532670736982e-03 4.902673877906618571e+00 4.273190435357852257e+05
4.171850222911064776e+00 5.073773266315472874e+00 2.360956370056787722e-03 5.006565507317224828e+00 4.302037103702548193e+05
4.250393454421145911e+00 5.204809191295365345e+00 2.487333547438488196e-03 5.138927274747790541e+00 4.364084366428843350e+05
4.328936562005788247e+00 5.416114752774591423e+00 2.638424666852621624e-03 5.347006584799751217e+00 4.492736344007771113e+05
4.407479552290201497e+00 5.543148542211041807e+00 2.752117421577338248e-03 5.471157665828826566e+00 4.548690888649530825e+05
4.486022431435594982e+00 5.678013230645203357e+00 2.879752142229310974e-03 5.605399591845723783e+00 4.591591600815887796e+05
4.564565205179107465e+00 5.884609935648113854e+00 3.015417984398499618e-03 5.810903676928258932e+00 4.758954317774010706e+05
4.643107878869670024e+00 5.978919773438501117e+00 3.177194390515903841e-03 5.903290543187879713e+00 4.779937759262809413e+05
4.721650457500300213e+00 6.156620457083768372e+00 3.343638589035603185e-03 6.077557178189326059e+00 4.895200079577206052e+05
4.800192945737217443e+00 6.324724720986225179e+00 3.449939298198991932e-03 6.246139321300194780e+00 4.979984217829198460e+05
4.878735347946150824e+00 6.474966604685149285e+00 3.616439636201048378e-03 6.394350118163068863e+00 4.992460695290730218e+05
4.957277668216146793e+00 6.658353775742562597e+00 3.777967184622524864e-03 6.578381700498045603e+00 5.115300882024926250e+05
5.035819910381144737e+00 6.807643383488168887e+00 3.951497747107813110e-03 6.723508554988902652e+00 5.213464664724249742e+05
5.114362078039562221e+00 6.987628619990179146e+00 4.096629275187703423e-03 6.903070883839173888e+00 5.318616011755989166e+05
5.192904174572115394e+00 7.142847886783440181e+00 4.306030766896171320e-03 7.055546715798019619e+00 5.352579767137726303e+05
5.271446203158030919e+00 7.273306996466324392e+00 4.466017193408605181e-03 7.186882990497954538e+00 5.435861937411266845e+05
5.349988166789838573e+00 7.533718600997814541e+00 4.687132099197155802e-03 7.441909101451604336e+00 5.572491691116011934e+05
5.428530068286878674e+00 7.648118322344949149e+00 4.898758057639689481e-03 7.556242215596572720e+00 5.662286032537586289e+05
5.507071910307648643e+00 7.816656623553686067e+00 5.065798083325859062e-03 7.723571618445762788e+00 5.701935198880961398e+05
5.585613695361120179e+00 8.052095155156738571e+00 5.226686280063481439e-03 7.959512378513294628e+00 5.809188489658186445e+05
5.664155425817094525e+00 8.281580664261323221e+00 5.458181023900218060e-03 8.182049920033863444e+00 5.978356281868549995e+05
5.742697103915729961e+00 8.429189130223161186e+00 5.651006883715339706e-03 8.330245975998556318e+00 5.996858909312461037e+05
5.821238731776284148e+00 8.657804779791323568e+00 5.871590034276221066e-03 8.555793200490430905e+00 6.139890951718582073e+05
5.899780311405160127e+00 8.765936642830354231e+00 6.093553553304990184e-03 8.664106312172052071e+00 6.155207040513157845e+05
5.978321844703323507e+00 8.954230992296924541e+00 6.293017120073200223e-03 8.848867272489245650e+00 6.253949579533530632e+05
6.056863333473133437e+00 9.147582046667761091e+00 6.570313902640797545e-03 9.037551900690024453e+00 6.322282471652608365e+05
6.135404779424661115e+00 9.294991480993603616e+00 6.862674071137470078e-03 9.184836347909010712e+00 6.398278195667132968e+05
6.213946184181517118e+00 9.565913466422612643e+00 7.041959368781831874e-03 9.458913587297514525e+00 6.567849746447362704e+05
6.292487549286247983e+00 9.705356263992186427e+00 7.304059910017094565e-03 9.596049790149676184e+00 6.593287091900923988e+05
6.371028876205335756e+00 9.928829618841934490e+00 7.571295965734938654e-03 9.814940644073566034e+00 6.707356699691745453e+05
6.449570166333828070e+00 1.017588329772181055e+01 7.909507825822153365e-03 1.005815179654166869e+01 6.848091042621911038e+05
6.528111420999634262e+00 1.028605596216618068e+01 8.104560044756481743e-03 1.016750115466420112e+01 6.891369150263112970e+05
6.606652641467518627e+00 1.046022401979069016e+01 8.367108405607875249e-03 1.034236358270906564e+01 6.990272274938507471e+05
6.685193828942805006e+00 1.080943315632745616e+01 8.606550749988948687e-03 1.068992985553099118e+01 7.109804340565445600e+05
6.763734984574836240e+00 1.088651535943355064e+01 8.914378879407056436e-03 1.076566676282260993e+01 7.186776317023447482e+05
6.842276109460177835e+00 1.115305048937279864e+01 9.239539026975421634e-03 1.102919194640590739e+01 7.247459974842745578e+05
6.920817204645620890e+00 1.123499690808783669e+01 9.562881715978011760e-03 1.111071990688390088e+01 7.270831444583219709e+05
6.999358271130968312e+00 1.150396082291310229e+01 9.814501117088231252e-03 1.137431243153995375e+01 7.425614384796937229e+05
7.077899309871646949e+00 1.175865734754190761e+01 1.017633686656796779e-02 1.163050746472657870e+01 7.571121404212523485e+05
7.156440321781138536e+00 1.187581341464067641e+01 1.049531524430405600e-02 1.174568236127280585e+01 7.566470540559571236e+05
7.234981307733260536e+00 1.212100632506385800e+01 1.080137979968343043e-02 1.198843257334196721e+01 7.723469234929104568e+05
7.313522268564292439e+00 1.228995780747761302e+01 1.112085909645049546e-02 1.215698687225743413e+01 7.768743137866583420e+05
7.392063205074973276e+00 1.259527477315095290e+01 1.140324276188905278e-02 1.246119541661935060e+01 7.912708725735528860e+05
7.470604118032365015e+00 1.279631431169642752e+01 1.182280144440987606e-02 1.265666753116009602e+01 8.000746846041199751e+05
7.549145008171610272e+00 1.291673399088302077e+01 1.207610615305580032e-02 1.278099600980935691e+01 8.049557037706600968e+05
7.627685876197570103e+00 1.312460574231011634e+01 1.248274883980447780e-02 1.298610335151010631e+01 8.125046296742123086e+05
7.706226722786373884e+00 1.343226696130455089e+01 1.286192037513807229e-02 1.328684840631877684e+01 8.312472892898886930e+05
7.784767548586863484e+00 1.371569454849523062e+01 1.326890983702037376e-02 1.357026136732623556e+01 8.410761884650065331e+05
7.863308354221953955e+00 1.377753724930031076e+01 1.365850779384335245e-02 1.363306796528799048e+01 8.414875368213425390e+05
7.941849140289923170e+00 1.400803599138797040e+01 1.394137064443394872e-02 1.386389791817933492e+01 8.530150101187945111e+05
8.020389907365611748e+00 1.435582260785009900e+01 1.442246259582448051e-02 1.420701395186213567e+01 8.689479099155652802e+05
8.098930656001561701e+00 1.450573227169895141e+01 1.490721997085464080e-02 1.435262506270272453e+01 8.751310296204667538e+05
8.177471386729090241e+00 1.463114440493598067e+01 1.514688686012580221e-02 1.448126263396904356e+01 8.804908092464734800e+05
8.256012100059292536e+00 1.492990331018984485e+01 1.563063740140187979e-02 1.477671234541763390e+01 8.912071881157454336e+05
8.334552796484000936e+00 1.508331338335619876e+01 1.604930910570542824e-02 1.493168948122712969e+01 8.967133663354996825e+05
8.413093476476680266e+00 1.534866762897368808e+01 1.644049284221444154e-02 1.519532484613164414e+01 9.155516460982090794e+05
8.491634140493276917e+00 1.550313415444597354e+01 1.683214834744818644e-02 1.534703174143320759e+01 9.178600343018177664e+05
8.570174788973028868e+00 1.579675628293652956e+01 1.751732549801150382e-02 1.563648227475800390e+01 9.327590957188006723e+05
8.648715422339215309e+00 1.605361136700907565e+01 1.783741913329904907e-02 1.589632093101902832e+01 9.436306865920176497e+05
8.727256040999876063e+00 1.623519853433635873e+01 1.828272384680052973e-02 1.607564842234991076e+01 9.478211836027388927e+05
8.805796645348495488e+00 1.653520575892819977e+01 1.862148310638308407e-02 1.637502570341265340e+01 9.594207470934154699e+05
8.884337235764643737e+00 1.671186864210082490e+01 1.908533295195220802e-02 1.655170538281213055e+01 9.695930445829532109e+05
8.962877812614589601e+00 1.696378719885439423e+01 1.963999912674042198e-02 1.679730531358675094e+01 9.815380821624271339e+05
9.041418376251867173e+00 1.726710150316630177e+01 2.015163262160067983e-02 1.710127557713847324e+01 9.923212830909838667e+05
9.119958927017840722e+00 1.743399329672992337e+01 2.049102753103589775e-02 1.726556274214595632e+01 9.978886108237357112e+05
9.198499465242209183e+00 1.768858416388508914e+01 2.116032252350094969e-02 1.752438390028417459e+01 1.009644761260884115e+06
9.277039991243508865e+00 1.794760329210644656e+01 2.181499392774131907e-02 1.777706063507145373e+01 1.016077048700888990e+06
9.355580505329580632e+00 1.811674707945322993e+01 2.228582388905005554e-02 1.795022173665243770e+01 1.029418640075615956e+06
9.434121007798012215e+00 1.830437241484701971e+01 2.283405147179930900e-02 1.813330167003250892e+01 1.033279680272869533e+06
9.512661498936562765e+00 1.867475269029126039e+01 2.329328536190903090e-02 1.850204552394554369e+01 1.047689863768159412e+06
9.591201979023569635e+00 1.885374772177441116e+01 2.395443823189358570e-02 1.868188802592041853e+01 1.057441290909159929e+06
9.669742448328321416e+00 1.914737102592357942e+01 2.439959238663716445e-02 1.897798401865836837e+01 1.064253186215624912e+06
9.748282907111432749e+00 1.929084385193078077e+01 2.495720024328500902e-02 1.911539466350155436e+01 1.071794426606761990e+06
9.826823355625185386e+00 1.965971006527122711e+01 2.562346464281069908e-02 1.948428111740268776e+01 1.087888203263199190e+06
9.905363794113858589e+00 1.985235780464451594e+01 2.613796502778889877e-02 1.967121531893285891e+01 1.096250060194388730e+06
9.983904222814045326e+00 2.017035113135264979e+01 2.668293902127632025e-02 1.999161344688550912e+01 1.108014090238522971e+06
1.006244464195495070e+01 2.035490900096446154e+01 2.726427279723769859e-02 2.017734115853661692e+01 1.118268770907291444e+06
1.014098505175868148e+01 2.055207989318460449e+01 2.786423443374501374e-02 2.037359568914569508e+01 1.129628080016911263e+06
1.021952545244051613e+01 2.084319022577853175e+01 2.854810626575932098e-02 2.066571789937633952e+01 1.137721210159817943e+06
1.029806584420916415e+01 2.107653653744756994e+01 2.916960295276280549e-02 2.089575743025028132e+01 1.149786018476424273e+06
1.037660622726701654e+01 2.137314323419953155e+01 2.990067390236890096e-02 2.119093149963168088e+01 1.159616038878274849e+06
1.045514660181038380e+01 2.154397044845037712e+01 3.049863263472425007e-02 2.136299316778469048e+01 1.169774195327565772e+06
1.053368696802971982e+01 2.183479039266959632e+01 3.106711219780074890e-02 2.165766687096358112e+01 1.171611550866374047e+06
1.061222732610984210e+01 2.210660613427836552e+01 3.182267210745365338e-02 2.191893474738313685e+01 1.193283165091904346e+06
1.069076767623013779e+01 2.235749383134983148e+01 3.222452986465577929e-02 2.217294363521293121e+01 1.201066275193059584e+06
1.076930801856475739e+01 2.259633031088655741e+01 3.312588348940238847e-02 2.241322929407936115e+01 1.212146040212739725e+06
1.084784835328281005e+01 2.277421821687463321e+01 3.389585918783702412e-02 2.258957287420246018e+01 1.218689019226790871e+06
1.092638868054854306e+01 2.318806493093222443e+01 3.451268620517447538e-02 2.299293861538155426e+01 1.234679619776831008e+06
1.100492900052151413e+01 2.323852529985906301e+01 3.517053517724177264e-02 2.304958086938724193e+01 1.240014685863560764e+06
1.108346931335675833e+01 2.355595675175778680e+01 3.612372806230189359e-02 2.336470035659769451e+01 1.255457891900313320e+06
1.116200961920494805e+01 2.387811789747548374e+01 3.687429097331641065e-02 2.368704659769649012e+01 1.265836619832278928e+06
1.124054991821254212e+01 2.405623039129318741e+01 3.756999119390787983e-02 2.386274862330126112e+01 1.272639744375085691e+06
1.131909021052193687e+01 2.429552980606694845e+01 3.844620337917352415e-02 2.410713724598855379e+01 1.284229975161097478e+06
1.139763049627160285e+01 2.462939024644402508e+01 3.895995519610616353e-02 2.443302747428110777e+01 1.293825414089910919e+06
1.147617077559622167e+01 2.492185581025877283e+01 3.961160630486641049e-02 2.472675172795772980e+01 1.311045509305687388e+06
1.155471104862680853e+01 2.516430241131143219e+01 4.024449651682862616e-02 2.498383866874677395e+01 1.322397031169770751e+06
1.163325131549084368e+01 2.557958202839047956e+01 4.112500150628181639e-02 2.538689132823122208e+01 1.336434622421053704e+06
1.171179157631238787e+01 2.572659159273652207e+01 4.187773225096170365e-02 2.553491548302501357e+01 1.337654007954794681e+06
1.179033183121219608e+01 2.594423509336185063e+01 4.292875955126551624e-02 2.575624066662039624e+01 1.350473796990677016e+06
1.186887208030782759e+01 2.607952996959163983e+01 4.362359881370110604e-02 2.588794061421243242e+01 1.358434688204437029e+06
1.194741232371374728e+01 2.663701738183048562e+01 4.454307281663383300e-02 2.644932578162273273e+01 1.375971980696527986e+06
1.202595256154143222e+01 2.677264300404923958e+01 4.524270811404478704e-02 2.658520174262577029e+01 1.385572472717624390e+06
1.210449279389946753e+01 2.711713281193653557e+01 4.645371247552819438e-02 2.692731926429463130e+01 1.401681045076722046e+06
1.218303302089363527e+01 2.736832759110128066e+01 4.710688341950085289e-02 2.717743802797436103e+01 1.409677362116867909e+06
1.226157324262700676e+01 2.762158372897393122e+01 4.819284628309811191e-02 2.743595393733294330e+01 1.422562473861261038e+06
1.234011345920003322e+01 2.776200605710315727e+01 4.909045526949273874e-02 2.756632846778839152e+01 1.427687611493791454e+06
1.241865367071062565e+01 2.809970405051264919e+01 4.983413742425888554e-02 2.791305513596201848e+01 1.440498947160531301e+06
1.249719387725422415e+01 2.837619209560464739e+01 5.069324024812406349e-02 2.819056761038459058e+01 1.454483187598754885e+06
1.257573407892389383e+01 2.867584857798352616e+01 5.154999184644892818e-02 2.848872027725140299e+01 1.468377960745014483e+06
1.265427427581038877e+01 2.886993210008678190e+01 5.257721915008367608e-02 2.867834973386054642e+01 1.471801008135145996e+06
1.273281446800221772e+01 2.918809023482074139e+01 5.372583701278552809e-02 2.900522841048364242e+01 1.487858454202047549e+06
1.281135465558572584e+01 2.955413717978827393e+01 5.444293065935245507e-02 2.937141500279711437e+01 1.506699203702258179e+06
1.288989483864514796e+01 2.970078746203778408e+01 5.518736980535016157e-02 2.951880574447888250e+01 1.508381464862809982e+06
1.296843501726268322e+01 2.997552621172620491e+01 5.638774885871410125e-02 2.979639513723185473e+01 1.517778457759186858e+06
1.304697519151855190e+01 3.030661810629112196e+01 5.757579786473440014e-02 3.012022670881992426e+01 1.534450336730899289e+06
1.312551536149104692e+01 3.073218082849628985e+01 5.818158331089618579e-02 3.055210787709868470e+01 1.552093688149218913e+06
1.320405552725660492e+01 3.089158300316864469e+01 5.962877603769719398e-02 3.070545491459014542e+01 1.562297633977020858e+06
1.328259568888985243e+01 3.119352458999316369e+01 6.028422921323376565e-02 3.101555545677307180e+01 1.573558623752597021e+06
1.336113584646366270e+01 3.143488084260289739e+01 6.157852070624859203e-02 3.124802356592840624e+01 1.585483809588341275e+06
1.343967600004920548e+01 3.174523439733016517e+01 6.243090499607978350e-02 3.156396913965533102e+01 1.593400757727225544e+06
1.351821614971599317e+01 3.209646518417581262e+01 6.366863938593693428e-02 3.192204997830420155e+01 1.610349701557748020e+06
1.359675629553193588e+01 3.229805374648817917e+01 6.474199673655743614e-02 3.212140754865919945e+01 1.614873723585046362e+06
1.367529643756338231e+01 3.266820276902367226e+01 6.575067891465968817e-02 3.249420373302508125e+01 1.633266726766180946e+06
1.375383657587516595e+01 3.286707983949653311e+01 6.676367201728193590e-02 3.269641705156585232e+01 1.642399771336456295e+06
1.383237671053064766e+01 3.318122390165233782e+01 6.777662961514797912e-02 3.301346267059883388e+01 1.654026003808876965e+06
1.391091684159175834e+01 3.347514012773842040e+01 6.901260856253084441e-02 3.330287015302422304e+01 1.662329741547014099e+06
1.398945696911903269e+01 3.379661225698156812e+01 7.014360059009712434e-02 3.362417186639589062e+01 1.679250559391558636e+06
1.406799709317166069e+01 3.411298538578881789e+01 7.157987634020759882e-02 3.394821191461025478e+01 1.696907647279438796e+06
1.414653721380751428e+01 3.441626301382411413e+01 7.229061690940027929e-02 3.425044236119463648e+01 1.706161975836550351e+06
1.422507733108318817e+01 3.471278655854946749e+01 7.389038802359165770e-02 3.455210497853855145e+01 1.722174049710848834e+06
1.430361744505403543e+01 3.490551562777250183e+01 7.455401253083193680e-02 3.474975019156307354e+01 1.735023224053797079e+06
1.438215755577419586e+01 3.519421387857994432e+01 7.620071366132549762e-02 3.503756411573130691e+01 1.740119990273765754e+06
1.446069766329663686e+01 3.563821133463741120e+01 7.704511045126528901e-02 3.549294782479822885e+01 1.765032195920291822e+06
1.453923776767318010e+01 3.580042430012419175e+01 7.837074308344740836e-02 3.564275734778216531e+01 1.769744763076401781e+06
1.461777786895453346e+01 3.618616066282490351e+01 7.985867835927487612e-02 3.603169463535752470e+01 1.786602554582602577e+06
1.469631796719032302e+01 3.676781396585329276e+01 8.105180419995285102e-02 3.661464203229032677e+01 1.807089702745191287e+06
1.477485806242911437e+01 3.681680766015326611e+01 8.200169791877096048e-02 3.666957495642128606e+01 1.812660320443131728e+06
1.485339815471844993e+01 3.705293466531646374e+01 8.369008391765057897e-02 3.690234129716879607e+01 1.828256334830506705e+06
1.493193824410487203e+01 3.753084744773411785e+01 8.429521439675023708e-02 3.738723273139499526e+01 1.847961227079071105e+06
1.501047833063394421e+01 3.785467365613780544e+01 8.605243348666657965e-02 3.771118621446628794e+01 1.862159109031774336e+06
1.508901841435028857e+01 3.800314504834519624e+01 8.697776755308478380e-02 3.786159529335104423e+01 1.868774111405256437e+06
1.516755849529759992e+01 3.842011071166402303e+01 8.901905776237287182e-02 3.827914668873730619e+01 1.884760144690277055e+06
1.524609857351867070e+01 3.878722843905766382e+01 8.974076653350271382e-02 3.865208237510927347e+01 1.906136403383809375e+06
1.532463864905541762e+01 3.919284486017188129e+01 9.130445015265761799e-02 3.906627841874419005e+01 1.921467159978353651e+06
1.540317872194890292e+01 3.942222360784655422e+01 9.289011401191087092e-02 3.928851764726822893e+01 1.931988288894451689e+06
1.548171879223935399e+01 3.974893657982027406e+01 9.406191968473967546e-02 3.960672283839653574e+01 1.945357275559560629e+06
1.556025885996618996e+01 4.004726487150117720e+01 9.552629956831866498e-02 3.991935057034135070e+01 1.964591152943008114e+06
1.563879892516803238e+01 4.040508447733861175e+01 9.668642095340036768e-02 4.027685199488664836e+01 1.973889188170686364e+06
1.571733898788273187e+01 4.062332406877610680e+01 9.840278385391100502e-02 4.050265284507510444e+01 1.989275002980660880e+06
1.579587904814739119e+01 4.103010820389900459e+01 9.956981024073957576e-02 4.091681866320219285e+01 1.998329073151038028e+06
1.587441910599837769e+01 4.148822040549997325e+01 1.011745449157103877e-01 4.137951756271475290e+01 2.020194954805528279e+06
1.595295916147133575e+01 4.183148148970321500e+01 1.023713608821398141e-01 4.172762333441454530e+01 2.035688919588912977e+06
1.603149921460121874e+01 4.202635692378149201e+01 1.041327362721693600e-01 4.191308439298484956e+01 2.047016977903343970e+06
1.611003926542229436e+01 4.232108540414158426e+01 1.056776270593598188e-01 4.221531334224264498e+01 2.062553008887140779e+06
1.618857931396816596e+01 4.284263117252573494e+01 1.070384699701476677e-01 4.274477129863985425e+01 2.082883431104943389e+06
1.626711936027179561e+01 4.307256452186941686e+01 1.086378572905618289e-01 4.296248421042473353e+01 2.096576379634955898e+06
1.634565940436549525e+01 4.343492600177558671e+01 1.104362839477767283e-01 4.334129356796989185e+01 2.115375155557831749e+06
1.642419944628097639e+01 4.381167103643081617e+01 1.115469832550281121e-01 4.371624497848225133e+01 2.130726752352394629e+06
1.650273948604932883e+01 4.418464048263849975e+01 1.134317875928658875e-01 4.409807127653118641e+01 2.144971500561371446e+06
1.658127952370107394e+01 4.458013680349809960e+01 1.144733404380880865e-01 4.449332146558685963e+01 2.163121185249293689e+06
1.665981955926614333e+01 4.486434483515898819e+01 1.161823069004721404e-01 4.477178198038189549e+01 2.171793433975265827e+06
1.673835959277390728e+01 4.535850719851253388e+01 1.178985922238944689e-01 4.528140847903866018e+01 2.197538564361333381e+06
1.681689962425318896e+01 4.567601305643599119e+01 1.194871038634343768e-01 4.560238419111822594e+01 2.212373989950365387e+06
1.689543965373228218e+01 4.597247595998837966e+01 1.210950920572169548e-01 4.589801774669076195e+01 2.231918848279219121e+06
1.697397968123895495e+01 4.626713080449001581e+01 1.227803916136136347e-01 4.619596225929007716e+01 2.240094991557835136e+06
1.705251970680045304e+01 4.658798863752200248e+01 1.244006517842695114e-01 4.653589082457062887e+01 2.252285222426921595e+06
1.713105973044353902e+01 4.701379916039557827e+01 1.261970315769736228e-01 4.695982583993050241e+01 2.277164844595712144e+06
1.720959975219447102e+01 4.732181930893252542e+01 1.278225038460044094e-01 4.725399787022742260e+01 2.296907183065110352e+06
1.728813977207903463e+01 4.769645416066724408e+01 1.298676997368838626e-01 4.763714732912664829e+01 2.312433854579968378e+06
1.736667979012256424e+01 4.828931267599683252e+01 1.316827248405184614e-01 4.824064602161559634e+01 2.335333184229626786e+06
1.744521980634991110e+01 4.849082535831552576e+01 1.332246255284332548e-01 4.844443919694585787e+01 2.350877166010879446e+06
1.752375982078550365e+01 4.893227636456691698e+01 1.347999004460983252e-01 4.888640747767150430e+01 2.372537381977549288e+06
1.760229983345331917e+01 4.933830165082793684e+01 1.363601638874749333e-01 4.930636484660961116e+01 2.386899888160228264e+06
1.768083984437692635e+01 4.970811564242195857e+01 1.386445672800998841e-01 4.968397341005069023e+01 2.403846764659842476e+06
1.775937985357945692e+01 5.010215355907185852e+01 1.401261843361787107e-01 5.007340960732927471e+01 2.422017160364604555e+06
1.783791986108364824e+01 5.048780012286074736e+01 1.422804378315236096e-01 5.046710526082487291e+01 2.438866179181070533e+06
1.791645986691183268e+01 5.088958124580248210e+01 1.440896105480787837e-01 5.086512133543817527e+01 2.467392932073012926e+06
1.799499987108595889e+01 5.122420023254808541e+01 1.457716836983086739e-01 5.120873727797528119e+01 2.472540757457225583e+06
1.807353987362759185e+01 5.178959985694392287e+01 1.475772041145516911e-01 5.177387514252171030e+01 2.493557553090574685e+06
1.815207987455791638e+01 5.210702115447286076e+01 1.493139936548167068e-01 5.210428062872282595e+01 2.511958903703293297e+06
1.823061987389775851e+01 5.251391964922198952e+01 1.514956195888594315e-01 5.251726432665321909e+01 2.539010902177781332e+06
1.830915987166758541e+01 5.303412312454322830e+01 1.532128398923263135e-01 5.304283488832351878e+01 2.556129269279915374e+06
1.838769986788751964e+01 5.334459981796094041e+01 1.552310514803445229e-01 5.335312127267615523e+01 2.571792052088864148e+06
1.846623986257733563e+01 5.374744141394441499e+01 1.565363521865066332e-01 5.376250652107225392e+01 2.591549607799143530e+06
1.854477985575647381e+01 5.422138711636767994e+01 1.593740784289303936e-01 5.425146420345778608e+01 2.619861495103130583e+06
1.862331984744404423e+01 5.474399996416050840e+01 1.612254454930207026e-01 5.476866150292759983e+01 2.638318652286075987e+06
1.870185983765884075e+01 5.510778824950739363e+01 1.627858332786977502e-01 5.514533709732123157e+01 2.659883559608028736e+06
1.878039982641934458e+01 5.555429683628311466e+01 1.651565772753230410e-01 5.558605266707733250e+01 2.686665991790631786e+06
1.885893981374372075e+01 5.602713326875042554e+01 1.670842211334246374e-01 5.607220482979481346e+01 2.707302322292873636e+06
1.893747979964983941e+01 5.640757806573125777e+01 1.694102606808266520e-01 5.644780803732528796e+01 2.726406780059129931e+06
1.901601978415527228e+01 5.657684609183139912e+01 1.716541443204566419e-01 5.662897639335339761e+01 2.732684254232922569e+06
1.909455976727730331e+01 5.734245909201967351e+01 1.732391343375552784e-01 5.739918783108113587e+01 2.771691482327392790e+06
1.917309974903293579e+01 5.783596461730419236e+01 1.759985073748758788e-01 5.788891296306999124e+01 2.791984248110593762e+06
1.925163972943889235e+01 5.845807804495802884e+01 1.774240637072771465e-01 5.853254325286341953e+01 2.825915772830126341e+06
1.933017970851161849e+01 5.906328064043660220e+01 1.794437070584659621e-01 5.913927498602624411e+01 2.853957517649353016e+06
1.940871968626730748e+01 5.920658193414294601e+01 1.816487235107357157e-01 5.929342788346881576e+01 2.865989991886584554e+06
1.948725966272188259e+01 5.963322826445684655e+01 1.840190941536042624e-01 5.973090547097998382e+01 2.892901744232515339e+06
1.956579963789100773e+01 6.037990872318917468e+01 1.869167459528038588e-01 6.046917894784832725e+01 2.915123094573068898e+06
1.964433961179010524e+01 6.080283631069054451e+01 1.880740802914635246e-01 6.088335686338308506e+01 2.940540298493834678e+06
1.972287958443434519e+01 6.117881806370305497e+01 1.905353351880669233e-01 6.127893210528135626e+01 2.956349335463320371e+06
1.980141955583865965e+01 6.177597688224192751e+01 1.931989169873470913e-01 6.187352347994534085e+01 2.990220711725889239e+06
1.987995952601774619e+01 6.210007163812333886e+01 1.953821613135804935e-01 6.220505951581930759e+01 3.006401852765922900e+06
1.995849949498606790e+01 6.262921927874905492e+01 1.979935519464121330e-01 6.273745680673294345e+01 3.029105997191810049e+06
2.003703946275786052e+01 6.337072535319340005e+01 1.993337181376537703e-01 6.349698380691825861e+01 3.061793177177058533e+06
2.011557942934713950e+01 6.378074266954308769e+01 2.026249309410969313e-01 6.390865289083779288e+01 3.081332875401600730e+06
2.019411939476770712e+01 6.430444105512917474e+01 2.042292010626144128e-01 6.443439703847384692e+01 3.100132806480537634e+06
2.027265935903314542e+01 6.462881735779899373e+01 2.071645910590322881e-01 6.476056519131635980e+01 3.126621889994767029e+06
2.035119932215682326e+01 6.479051060692219721e+01 2.094827555308818035e-01 6.495915800989963884e+01 3.144496360613822937e+06
2.042973928415191054e+01 6.530609334862982962e+01 2.113932075207451411e-01 6.548542706355519272e+01 3.167078928120355122e+06
2.050827924503137467e+01 6.572165841380859774e+01 2.139251058855838605e-01 6.589411014214448414e+01 3.181136853393577505e+06
2.058681920480798766e+01 6.602040738238014228e+01 2.170133890668773935e-01 6.620767098808013884e+01 3.206958746782608796e+06
2.066535916349431901e+01 6.653103343361320299e+01 2.189722707264292745e-01 6.674029862781523548e+01 3.235325114010187332e+06
2.074389912110275347e+01 6.697933900389521966e+01 2.220349044524394244e-01 6.718481550185909157e+01 3.250155429543719627e+06
2.082243907764548752e+01 6.723630453515161776e+01 2.239256849043455289e-01 6.745267049934456338e+01 3.265475032241797540e+06
2.090097903313453642e+01 6.761203288208736240e+01 2.262919826009255897e-01 6.785089169810902376e+01 3.284466276486301329e+06
2.097951898758173783e+01 6.803201092749777956e+01 2.290550518463454199e-01 6.826019431334046317e+01 3.311224418013367336e+06
2.105805894099874109e+01 6.848594390674334420e+01 2.307805625467789223e-01 6.874147286204998863e+01 3.332334613515838049e+06
2.113659889339703568e+01 6.882353529026742933e+01 2.338895512775210628e-01 6.908918990348685440e+01 3.351490973592413589e+06
2.121513884478793344e+01 6.938456484648031619e+01 2.362778474674853968e-01 6.966422632285075167e+01 3.383529050677925814e+06
2.129367879518258277e+01 6.969297501055329747e+01 2.392806264502831681e-01 6.997407514204483903e+01 3.394408152296934742e+06
2.137221874459196869e+01 7.022782270326396770e+01 2.419467358807682600e-01 7.051765150786815184e+01 3.418978692451378796e+06
2.145075869302691274e+01 7.063059801012049377e+01 2.443054850821142210e-01 7.094300625194954080e+01 3.442683260035453830e+06
2.152929864049807307e+01 7.100820884400674515e+01 2.464578606160458818e-01 7.133292388046235999e+01 3.466748670002631377e+06
2.160783858701596571e+01 7.141623141381408857e+01 2.500331516124089659e-01 7.175386125316826735e+01 3.487396761527568568e+06
2.168637853259094683e+01 7.194962353533583155e+01 2.528519433682824835e-01 7.229626854820821791e+01 3.510791985398157965e+06
2.176491847723321982e+01 7.204590185330806662e+01 2.539476166506863808e-01 7.239102953984586009e+01 3.524407682004989125e+06
2.184345842095285306e+01 7.284397755364749116e+01 2.572492477476953643e-01 7.319759401893665540e+01 3.565429017211201135e+06
2.192199836375975508e+01 7.315881698362797181e+01 2.604249081994458037e-01 7.353132036487227197e+01 3.585987710170723032e+06
2.200053830566371005e+01 7.330567416936844438e+01 2.623819958808488728e-01 7.369187216861496381e+01 3.592155611434247345e+06
2.207907824667434582e+01 7.374401299173938185e+01 2.657541986229640107e-01 7.414681045087539246e+01 3.617734229144089855e+06
2.215761818680116590e+01 7.422158410885485580e+01 2.682279530797708200e-01 7.465302077416239968e+01 3.638454885497711599e+06
2.223615812605353526e+01 7.483735876469302184e+01 2.709148227929368269e-01 7.527584819160557572e+01 3.676447064007779583e+06
2.231469806444068738e+01 7.519472198552088571e+01 2.741221195168062619e-01 7.563829739541759523e+01 3.696912434415302239e+06
2.239323800197172432e+01 7.561118379929484945e+01 2.771705170512436256e-01 7.606013881037584667e+01 3.723254878261039499e+06
2.247177793865562023e+01 7.612219104020311988e+01 2.801035040272749077e-01 7.658026407065925412e+01 3.753704483486537822e+06
2.255031787450123204e+01 7.641646530673985183e+01 2.828869374209700971e-01 7.691628454166163920e+01 3.769436137811498716e+06
2.262885780951728165e+01 7.723225877314928312e+01 2.858326773831970646e-01 7.772537205132958604e+01 3.801172836108089425e+06
2.270739774371238440e+01 7.748964500936070010e+01 2.891308624443912900e-01 7.798452524921870577e+01 3.819152428880596999e+06
2.278593767709502771e+01 7.775867386219952948e+01 2.909507282733180822e-01 7.827066700389183040e+01 3.841892252635477576e+06
2.286447760967358178e+01 7.825398775898536030e+01 2.957035108692926961e-01 7.876604489120586550e+01 3.868886056699236389e+06
2.294301754145629957e+01 7.847811689848985850e+01 2.977449023182393018e-01 7.903716814594977791e+01 3.889638860636196099e+06
2.302155747245133455e+01 7.912487708947962517e+01 3.007652209691998313e-01 7.967562459320066637e+01 3.920207657527541742e+06
2.310009740266672296e+01 7.954512527204023797e+01 3.025800930847881709e-01 8.011956415786639241e+01 3.941741081823255401e+06
2.317863733211038380e+01 8.027812954739985685e+01 3.069645121619417050e-01 8.086645480555401377e+01 3.983172577355963178e+06
2.325717726079013303e+01 8.059419407761599530e+01 3.090375959061610334e-01 8.118565304065522525e+01 3.997180787198032718e+06
2.333571718871368716e+01 8.079431181202801326e+01 3.131523636851259451e-01 8.140165468118493663e+01 4.004582624855793547e+06
2.341425711588865965e+01 8.134428350955016640e+01 3.162971363411732906e-01 8.198532575156964697e+01 4.033013561642601620e+06
2.349279704232255384e+01 8.187163330125770244e+01 3.190760936919728730e-01 8.250791409772712370e+01 4.068551887063398026e+06
2.357133696802278067e+01 8.249487668661954842e+01 3.222415724270294435e-01 8.313357369328087998e+01 4.097336158949231263e+06
2.364987689299664453e+01 8.301417332499718782e+01 3.249975717830298483e-01 8.371367883865929116e+01 4.119330783682628535e+06
2.372841681725136453e+01 8.343750164639295974e+01 3.295537585693130156e-01 8.412587172791859302e+01 4.152947473610099871e+06
2.380695674079405322e+01 8.385694583771227428e+01 3.322714800891850562e-01 8.455505963616576537e+01 4.163053145970514975e+06
2.388549666363174140e+01 8.425516256591645003e+01 3.340374739966449624e-01 8.496541271436160514e+01 4.202281677423197776e+06
2.396403658577134976e+01 8.502001877433231414e+01 3.386178612433627388e-01 8.575427701647636525e+01 4.242266053344457410e+06
2.404257650721972439e+01 8.516376566788119362e+01 3.418269256800176570e-01 8.590315335571909827e+01 4.251879536744735204e+06
2.412111642798362254e+01 8.570961838607912853e+01 3.440684196806180761e-01 8.644428355856473445e+01 4.271551539241178893e+06
2.419965634806970556e+01 8.650387128044519613e+01 3.501709889054994140e-01 8.728117166805675708e+01 4.309689662990159355e+06
2.427819626748454596e+01 8.678944751868745300e+01 3.530288807628949033e-01 8.754836118259964906e+01 4.348192428657601587e+06
2.435673618623464520e+01 8.750357314398327446e+01 3.559311927184758417e-01 8.831159616264439194e+01 4.382591367329381406e+06
2.443527610432640529e+01 8.787710554076117830e+01 3.607677252935669876e-01 8.867298772656472750e+01 4.393113898086583242e+06
2.451381602176616425e+01 8.817691038059153641e+01 3.630470217777290176e-01 8.899397189730915159e+01 4.424410522327497602e+06
2.459235593856016067e+01 8.890783128556040538e+01 3.657225693693407775e-01 8.974208305277673503e+01 4.454002293040567078e+06
2.467089585471456203e+01 8.941249227126715482e+01 3.685587705690460680e-01 9.024122324764751113e+01 4.479244994854156859e+06
2.474943577023546126e+01 8.993594079289172782e+01 3.738001651278421433e-01 9.079597521730350707e+01 4.512054075512601063e+06
2.482797568512887310e+01 9.052502489871946523e+01 3.751428864892830672e-01 9.139614425729125458e+01 4.543471819765431806e+06
2.490651559940072346e+01 9.106788564178054912e+01 3.802435013799556063e-01 9.198895614263003040e+01 4.576337029462191276e+06
2.498505551305688144e+01 9.158661788248828373e+01 3.838827121372070383e-01 9.246638728827319653e+01 4.613159727550495416e+06
2.506359542610313440e+01 9.217281465153361353e+01 3.870294091758831323e-01 9.313974900515249544e+01 4.652231443499284796e+06
2.514213533854519511e+01 9.279442273895713811e+01 3.912699055358092037e-01 9.375661664534067086e+01 4.669091453889295459e+06
2.522067525038871239e+01 9.340412196067784123e+01 3.944079916890050330e-01 9.438739982463216904e+01 4.706434018364830874e+06
2.529921516163925688e+01 9.380188517854944052e+01 3.973386628330875525e-01 9.478500905593494963e+01 4.735739138045633212e+06
2.537775507230233529e+01 9.446696281187443844e+01 4.015369654546793732e-01 9.546502487017322380e+01 4.766467910738080740e+06
2.545629498238338684e+01 9.503914889273291067e+01 4.057242568256622661e-01 9.605530097508561482e+01 4.800885773962085135e+06
2.553483489188777966e+01 9.558020890911592460e+01 4.100192790975670798e-01 9.660804586567944341e+01 4.815686964652510360e+06
2.561337480082082152e+01 9.603496312735555307e+01 4.138284506497696968e-01 9.711000065357346500e+01 4.858547512057451531e+06
2.569191470918774911e+01 9.679981703081902822e+01 4.163106453636308824e-01 9.788713835327348534e+01 4.907108744034253992e+06
2.577045461699373874e+01 9.729108458559628048e+01 4.188653976878827234e-01 9.837043740268829595e+01 4.937305932624500245e+06
2.584899452424390631e+01 9.789487235818748445e+01 4.242508590687169012e-01 9.904138621892624883e+01 4.957648850916072726e+06
2.592753443094329668e+01 9.839554478074637700e+01 4.277855188942534803e-01 9.949955810429901248e+01 4.983128212349866517e+06
2.600607433709690852e+01 9.907984165044418035e+01 4.311790965216431570e-01 1.002337843502776735e+02 5.016724270725485869e+06
2.608461424270966944e+01 9.970945868104543308e+01 4.371795706670001391e-01 1.008642861841485256e+02 5.046311543173993938e+06
2.616315414778644310e+01 1.001185198710925732e+02 4.398849970800545739e-01 1.013347154064216795e+02 5.072319269079824910e+06
2.624169405233205055e+01 1.006976907803327776e+02 4.436712553186231700e-01 1.018942757666068957e+02 5.113664418809427880e+06
2.632023395635124174e+01 1.014759894104607696e+02 4.497983400872752613e-01 1.026907156367587248e+02 5.146019386793161742e+06
2.639877385984871694e+01 1.015864141009502930e+02 4.507109843574731434e-01 1.028444694729678304e+02 5.168762402357746847e+06
2.647731376282911953e+01 1.023814932079648514e+02 4.554456775305942839e-01 1.036119402584206881e+02 5.232842025400136597e+06
2.655585366529703606e+01 1.031055841890791811e+02 4.595052138381133799e-01 1.043472634063989659e+02 5.248086156750751659e+06
2.663439356725699980e+01 1.037010027204118217e+02 4.646793877070764522e-01 1.049766589883770393e+02 5.273959505009087734e+06
2.671293346871349428e+01 1.044812089814133884e+02 4.696782780194051488e-01 1.058081681256741859e+02 5.332182921868350357e+06
2.679147336967094617e+01 1.049070570603231545e+02 4.716255376083175466e-01 1.062143988769019671e+02 5.329058548867827281e+06
2.687001327013372531e+01 1.056034848773655455e+02 4.782745341343613843e-01 1.069132939063819805e+02 5.409430606132204644e+06
2.694855317010616602e+01 1.064485058797744301e+02 4.816342303414229975e-01 1.078125714039217087e+02 5.439105149252664298e+06
2.702709306959254221e+01 1.067174382493245446e+02 4.851440275662206592e-01 1.080957355778297142e+02 5.485221840693215840e+06
2.710563296859707094e+01 1.072489324587079977e+02 4.882638693415311537e-01 1.085871061726645905e+02 5.468777616660222411e+06
2.718417286712393377e+01 1.078934339303389294e+02 4.921267331909409681e-01 1.092962989146707571e+02 5.511291465623230673e+06
2.726271276517725894e+01 1.086966233240711119e+02 4.985306816133220909e-01 1.101157689340402754e+02 5.542946005659151822e+06
2.734125266276112498e+01 1.086889199703958298e+02 5.006852361164719767e-01 1.101189791747128481e+02 5.589529435162799433e+06
2.741979255987956776e+01 1.101769722754445695e+02 5.056439420276187535e-01 1.116655011004090312e+02 5.659251175743951462e+06
2.749833245653658054e+01 1.103081194636146734e+02 5.121817782529615171e-01 1.117800370953576845e+02 5.662588770752990618e+06
2.757687235273609616e+01 1.105621556865145578e+02 5.146964217026123167e-01 1.120299861315048275e+02 5.700856487948521972e+06
2.765541224848202262e+01 1.113741476449371959e+02 5.213791349180260104e-01 1.129117900235863488e+02 5.746835519831550308e+06
2.773395214377820395e+01 1.116471281901426664e+02 5.235076876626010289e-01 1.131910589010456647e+02 5.748196856636675075e+06
2.781249203862845576e+01 1.128719118891557258e+02 5.303525049628694532e-01 1.144142402971962582e+02 5.806545921166096814e+06
2.789103193303654038e+01 1.131320658223955604e+02 5.342858011290908538e-01 1.147187869173585852e+02 5.831177832539719529e+06
2.796957182700618816e+01 1.141693195969840673e+02 5.383460919430369529e-01 1.157650013994613403e+02 5.881538723859294318e+06
2.804811172054107615e+01 1.139652675767212031e+02 5.413908216459297762e-01 1.155577146436318401e+02 5.900565469315929338e+06
2.812665161364485655e+01 1.148682879525794220e+02 5.463691346754728784e-01 1.165099959572362280e+02 5.937895239869578741e+06
2.820519150632112115e+01 1.147812369504661518e+02 5.504557962531126947e-01 1.164159090834286019e+02 5.944311989400723949e+06
2.828373139857343332e+01 1.148872537356883612e+02 5.572099276023708692e-01 1.166197905359635456e+02 5.984517680796757340e+06
2.836227129040531736e+01 1.169108195200072657e+02 5.606925861714695536e-01 1.185962765825616145e+02 6.022166566230940633e+06
2.844081118182025847e+01 1.167764383088846500e+02 5.641813141293972045e-01 1.185392510691990537e+02 6.069167707273041829e+06
2.851935107282169923e+01 1.168289550643658714e+02 5.680435120871178967e-01 1.186089570515199654e+02 6.103148112794814631e+06
2.859789096341304315e+01 1.171998630508880268e+02 5.737416715292622538e-01 1.189799762488546406e+02 6.124444175726079382e+06
2.867643085359765820e+01 1.185235105282419568e+02 5.780460168970089629e-01 1.202689679319998390e+02 6.190086326974661089e+06
2.875497074337888392e+01 1.186028915525787539e+02 5.847696411376158698e-01 1.204078144782725559e+02 6.184898933486746624e+06
2.883351063276001369e+01 1.195081222806826986e+02 5.915596254595022474e-01 1.213834943270421576e+02 6.193035044944847934e+06
2.891205052174430890e+01 1.207116560795466711e+02 5.957320295820474065e-01 1.226148895713395603e+02 6.252856628685806878e+06
2.899059041033499184e+01 1.210813010767683835e+02 5.975789523243416612e-01 1.229734415647465653e+02 6.309090701464869082e+06
2.906913029853525643e+01 1.215145667277828494e+02 6.021839930286643217e-01 1.235196853245804363e+02 6.335240670391894877e+06
2.914767018634825746e+01 1.215910966458525451e+02 6.073718324810734037e-01 1.236241379548192185e+02 6.352805593288342468e+06
2.922621007377712132e+01 1.223841527816515651e+02 6.150829724526227782e-01 1.243732953647360659e+02 6.385648517868222669e+06
2.930474996082492822e+01 1.242504057022660362e+02 6.181380892163330643e-01 1.262619359758208617e+02 6.481016655240777880e+06
2.938328984749474060e+01 1.227008950403117922e+02 6.244247021893235550e-01 1.246924866269133076e+02 6.435769888669539243e+06
2.946182973378957826e+01 1.243186891066343804e+02 6.306585031252813778e-01 1.265063523727464485e+02 6.472239319160268642e+06
2.954036961971243258e+01 1.257702072447193444e+02 6.320866829816015331e-01 1.279177545460900518e+02 6.557138400217640214e+06
2.961890950526625943e+01 1.257098668703179811e+02 6.410397471262285762e-01 1.277443556343891800e+02 6.541408038386811502e+06
2.969744939045398979e+01 1.262142633388966573e+02 6.416979791278838441e-01 1.284049574241572031e+02 6.617805334372264333e+06
2.977598927527852268e+01 1.253227873194290822e+02 6.513787350461337500e-01 1.274649221807892729e+02 6.623310139613923617e+06
2.985452915974272159e+01 1.276298301925235705e+02 6.520396417993048477e-01 1.298438423009741030e+02 6.708329311805641279e+06
2.993306904384942868e+01 1.280039966978807229e+02 6.590930756572367377e-01 1.301662735983215953e+02 6.719950525128122419e+06
3.001160892760143994e+01 1.281735891492939743e+02 6.621907956658764638e-01 1.304146263265025993e+02 6.756896033895891160e+06
3.009014881100154071e+01 1.290459323520501869e+02 6.682645588499473988e-01 1.312395408989614225e+02 6.795328998167643324e+06
3.016868869405248077e+01 1.298668414831061853e+02 6.823659358422370369e-01 1.321967402578768827e+02 6.818254422806710005e+06
3.024722857675697441e+01 1.307245731891720482e+02 6.795640280990652426e-01 1.330987764372833624e+02 6.863869173168770969e+06
3.032576845911771457e+01 1.313152874454050050e+02 6.877886757305069487e-01 1.336072194073937567e+02 6.897634306273369119e+06
3.040430834113736580e+01 1.324988902604781913e+02 6.849310611090131395e-01 1.348543690924441592e+02 6.941080799637452699e+06
3.048284822281856421e+01 1.336526011415222115e+02 6.924647483450512286e-01 1.361304296110302516e+02 7.037117763795937411e+06
3.056138810416392460e+01 1.358632079087915088e+02 7.052164174491351023e-01 1.382181706654002653e+02 7.160355420605761930e+06
3.063992798517602267e+01 1.349737325259508793e+02 6.984872091007534589e-01 1.375139974523910382e+02 7.107803212564150803e+06
3.071846786585741640e+01 1.357582916488166234e+02 7.041055261684049382e-01 1.382786821901252381e+02 7.118501815718045458e+06
3.079700774621063886e+01 1.345753962756188855e+02 7.210803010608707320e-01 1.370541623965214626e+02 7.080222247257409617e+06
3.087554762623818760e+01 1.362734697120454257e+02 7.160581431968602306e-01 1.385648604054025554e+02 7.208854265830772929e+06
3.095408750594254599e+01 1.381194519191486734e+02 7.337830958347096866e-01 1.406163980006313636e+02 7.259671779415950179e+06
3.103262738532617249e+01 1.383206785379815074e+02 7.337569086164862364e-01 1.408695599956342335e+02 7.372159145940962248e+06
3.111116726439149005e+01 1.391238652330394530e+02 7.402381595708935613e-01 1.415200634734295022e+02 7.457598501018320210e+06
3.118970714314090387e+01 1.416708650403418517e+02 7.404703189559489473e-01 1.443989242268075657e+02 7.435401252784699202e+06
3.126824702157679781e+01 1.410960205089702129e+02 7.530535144362223710e-01 1.437326281305797124e+02 7.393997963010530919e+06
3.134678689970152377e+01 1.394105399842217992e+02 7.540570065131542155e-01 1.419951312020321836e+02 7.481833766944094561e+06
3.142532677751741588e+01 1.412201815367477593e+02 7.615178548913932310e-01 1.438283264434245154e+02 7.548877017042821273e+06
3.150386665502678696e+01 1.436619310084270751e+02 7.624392019530119580e-01 1.462490395091381856e+02 7.574587662868164480e+06
3.158240653223192140e+01 1.426493094125862058e+02 7.564319028693791136e-01 1.451813866630711516e+02 7.521118215345097706e+06
3.166094640913508229e+01 1.454857100224032536e+02 7.681920819563932135e-01 1.482499860136773577e+02 7.753898359265115112e+06
3.173948628573851494e+01 1.452446849615574820e+02 7.766670282342283960e-01 1.479697934608398668e+02 7.753962364949055016e+06
3.181802616204443623e+01 1.455368810987247912e+02 7.996842660615050002e-01 1.481778204972527533e+02 7.724701487049181946e+06
3.189656603805504531e+01 1.477393284167750380e+02 7.924712510661762188e-01 1.504006775692443796e+02 7.756048634615813382e+06
3.197510591377251998e+01 1.471003923859943825e+02 7.993472417641387384e-01 1.498581906282739737e+02 7.916783795986413956e+06
3.205364578919900964e+01 1.498437782105294787e+02 8.033645542597761535e-01 1.528548848776280522e+02 7.983525364300517365e+06
3.213218566433665302e+01 1.496537098802263017e+02 8.047703552225238255e-01 1.526384106076737339e+02 7.916391581566013396e+06
3.221072553918755688e+01 1.490130199716420236e+02 8.189454816619713418e-01 1.516459128422513629e+02 7.973708848051976413e+06
3.228926541375382442e+01 1.514759026464127771e+02 8.217330377986890033e-01 1.545148938220235095e+02 8.168296131093584932e+06
3.236780528803751622e+01 1.524364121854613074e+02 8.122081804045676590e-01 1.552304204341347997e+02 8.157202857561705634e+06
3.244634516204068575e+01 1.498934269766195371e+02 8.269231478680622027e-01 1.525711019981532104e+02 8.135793582134955563e+06
3.252488503576537227e+01 1.545131457041868543e+02 8.248669446565937147e-01 1.578430935986753809e+02 8.245005535809375346e+06
3.260342490921358660e+01 1.527870892315997651e+02 8.397917403729234787e-01 1.557208706062097860e+02 8.203774038798682392e+06
3.268196478238731828e+01 1.556648999238339570e+02 8.478229313796025179e-01 1.588254056201811011e+02 8.537446594773150980e+06
3.276050465528854261e+01 1.577700686820691089e+02 8.703508713635077498e-01 1.609081572864774330e+02 8.518458719786513597e+06
3.283904452791921358e+01 1.597809038655394716e+02 8.647088922100434338e-01 1.632083606349380034e+02 8.538930173320975155e+06
3.291758440028127097e+01 1.571486848672032863e+02 8.613716969410696311e-01 1.601219625418801229e+02 8.849392669563967735e+06
3.299612427237663326e+01 1.615583898297720395e+02 8.719003559086597743e-01 1.645276986089826039e+02 8.656317670217236504e+06
3.307466414420719758e+01 1.605447087981397090e+02 8.974187505831945355e-01 1.636240582156972607e+02 8.715485139316618443e+06
3.315320401577483977e+01 1.623984318363470436e+02 8.955040051793589084e-01 1.653563060376213230e+02 8.841398188292708248e+06
3.323174388708143567e+01 1.664025745045028657e+02 8.763203245955023535e-01 1.696104936108746415e+02 8.870341318957991898e+06
3.331028375812883269e+01 1.693981980022466018e+02 8.938283976565390976e-01 1.732050900639653719e+02 8.982691128493471071e+06
3.338882362891884981e+01 1.720725843458012037e+02 9.484743307781577926e-01 1.761490113365488241e+02 9.052751108517281711e+06
3.346736349945329891e+01 1.658643836692044999e+02 9.180394783261138780e-01 1.698278200012265131e+02 9.138568999031132087e+06
3.354590336973399189e+01 1.688639259521985139e+02 9.135776197019673805e-01 1.720495066007013634e+02 9.270596062051204965e+06
3.362444323976268379e+01 1.698547134114314758e+02 9.477246519436024474e-01 1.732399093623378405e+02 9.168927689803231508e+06
3.370298310954115806e+01 1.706042915543282845e+02 9.457548132631811155e-01 1.737886750956343462e+02 8.987457141752054915e+06
3.378152297907114132e+01 1.652315833092606852e+02 9.307788077839808105e-01 1.686298413928754769e+02 8.886210675732623786e+06
3.386006284835436730e+01 1.718785146908731178e+02 9.418677992741917304e-01 1.753466372222620464e+02 9.463642272468971089e+06
3.393860271739255552e+01 1.815862665428624325e+02 9.307195502354919103e-01 1.852276193788111129e+02 9.725399086765581742e+06
3.401714258618739706e+01 1.802438172974739530e+02 9.628759589502806637e-01 1.848561982542345277e+02 9.922063403491077945e+06
3.409568245474058301e+01 1.778898007816966924e+02 9.690378864555350136e-01 1.826711330202866748e+02 8.794495768267538399e+06
3.417422232305376895e+01 1.720984202209334626e+02 9.760541998528262653e-01 1.754027840655730870e+02 9.600993264046130702e+06
3.425276219112861043e+01 1.887263035703396952e+02 1.018093153156322428e+00 1.932454195206561280e+02 1.055868415931872837e+07
3.433130205896674880e+01 1.763529460039676167e+02 1.018072526301264658e+00 1.788173453880167187e+02 9.760287494284775108e+06
3.440984192656979701e+01 1.765524470324122319e+02 1.053262703210897655e+00 1.805526908576013057e+02 9.386200528091279790e+06
3.448838179393936088e+01 1.731504309393149299e+02 9.858580930790928898e-01 1.777300268822018836e+02 9.206195697958778590e+06
3.456692166107702491e+01 1.898644840694898051e+02 1.046795466997118007e+00 1.940458866431500553e+02 1.008576226865859330e+07
3.464546152798438072e+01 1.558953950632835301e+02 1.139037378047525806e+00 1.596622887617796209e+02 1.066054364295186102e+07
3.472400139466299152e+01 1.766678844583916543e+02 1.509290057084482939e+00 1.851924443901716586e+02 6.678658587267544121e+06
