# 0.02874 0.0003407
7.871241428633635184e-02 9.015239052987088220e-03 1.577833858603493776e-06 8.891654233866841395e-03 3.329968698602253880e+03
1.618072713909662341e-01 4.659911315391512127e-02 5.847754972600104923e-06 4.585221132622625123e-02 1.341046158434046447e+04
2.418771330418761079e-01 6.151217842533245050e-02 8.977277309566821916e-06 6.036266965498698206e-02 1.854828296982710162e+04
3.211923215201240578e-01 1.326172566823566323e-01 1.453346868939029678e-05 1.305034335636086062e-01 3.542906520485373039e+04
4.002017901256537113e-01 1.985143610559864658e-01 1.963486214234710556e-05 1.952336299302938061e-01 5.087581352629757748e+04
4.790568272527075955e-01 2.070212662118297853e-01 2.616646932617805904e-05 2.033509941314916858e-01 4.976269441665702470e+04
5.578229290343351687e-01 3.121077353733974213e-01 3.873708130276224391e-05 3.065046067372539929e-01 7.442064016623739735e+04
6.365331115321660738e-01 3.631949617911686690e-01 4.151946487110282096e-05 3.571228069873878530e-01 7.971433286979970580e+04
7.152058371535838788e-01 4.210391482348125880e-01 4.959455589388940522e-05 4.139894790105801414e-01 9.254800576298862870e+04
7.938522421846891941e-01 4.623464897236150839e-01 5.307485407512429722e-05 4.549988690912054046e-01 9.376642658525139268e+04
8.724794443688169698e-01 5.423178713775572701e-01 6.612086218857521119e-05 5.336769567782222445e-01 1.053946410972211452e+05
9.510922062407737299e-01 6.105712970361169001e-01 7.621412779015038176e-05 6.006172257848068075e-01 1.161390324031837517e+05
1.029693835175838679e+00 6.726922008391152952e-01 8.892220289338198633e-05 6.620494595793224857e-01 1.208781136071492219e+05
1.108286699878543891e+00 7.593308461449036484e-01 9.914251813102115433e-05 7.475826491828569953e-01 1.305119799963617406e+05
1.186872541411916560e+00 8.032057192537147561e-01 1.124929231978453797e-04 7.907613848623367137e-01 1.368992218760936521e+05
1.265452668213572940e+00 8.543034821348833852e-01 1.276585279583074197e-04 8.404609042229755911e-01 1.438647172948976804e+05
1.344028082638708543e+00 9.488104291062718909e-01 1.430252270205713619e-04 9.342792002646703731e-01 1.553857443215432286e+05
1.422599565533279709e+00 1.005600292191195066e+00 1.632673837861004819e-04 9.899619313820753330e-01 1.591965613059760362e+05
1.501167734229200246e+00 1.119038675488887691e+00 1.817980789728792037e-04 1.102293339159196695e+00 1.680203950392699335e+05
1.579733083222462531e+00 1.222458303248926681e+00 2.000044604802058237e-04 1.204030401864645272e+00 1.820994633168439032e+05
1.658296013281593151e+00 1.263329975739700073e+00 2.221032286241196065e-04 1.244612397298251683e+00 1.837405277033411257e+05
1.736856852652245875e+00 1.376725850174960408e+00 2.434048396230208383e-04 1.356815223336652609e+00 1.904918498464593140e+05
1.815415872753641580e+00 1.396040902786483073e+00 2.624784122950682202e-04 1.375835237658756371e+00 1.949986071256971045e+05
1.893973299967037560e+00 1.533886995436783529e+00 3.012226569653748661e-04 1.510734332854869244e+00 2.073991435798041639e+05
1.972529324606241641e+00 1.621817873074862248e+00 3.189027352548125228e-04 1.598479299349789828e+00 2.153233202882276382e+05
2.051084107826015579e+00 1.716219713698253546e+00 3.499916460232799188e-04 1.691962962959233874e+00 2.237341980788465298e+05
2.129637787001040561e+00 1.876028668092923457e+00 3.939002349283242778e-04 1.849122737710539921e+00 2.395853751276900002e+05
2.208190479956450680e+00 1.978256211795196728e+00 4.209437363865148741e-04 1.951003401610156063e+00 2.449239744729033555e+05
2.286742288326184092e+00 1.997359582929524757e+00 4.512578748371266161e-04 1.969898782753209288e+00 2.472036741316111293e+05
2.365293300241981811e+00 2.034183610165052780e+00 4.898777513730863615e-04 2.006256465391700772e+00 2.444350735778626404e+05
2.443843592503681883e+00 2.161681269454994947e+00 5.304050664165351012e-04 2.133054582060385673e+00 2.574957675208790170e+05
2.522393232343909553e+00 2.291680803796927623e+00 5.661891748642557077e-04 2.261132140414437774e+00 2.690112993873268715e+05
2.600942278872942381e+00 2.465062077659179618e+00 6.284976540649280831e-04 2.430933856422454298e+00 2.833802476680175751e+05
2.679490784269383141e+00 2.535394759463988734e+00 6.647380785107388215e-04 2.500578255479647183e+00 2.868136984781478532e+05
2.758038794767343038e+00 2.668947559239501999e+00 7.074295484417814431e-04 2.633541403682206905e+00 2.987761778834583238e+05
2.836586351479573942e+00 2.857816209960451825e+00 7.712407932201294138e-04 2.819517996752125111e+00 3.119836304035716457e+05
2.915133491087511963e+00 2.903128695015354754e+00 8.142637765968461496e-04 2.864976616903263551e+00 3.115905337326921290e+05
2.993680246422668834e+00 2.989700298678294121e+00 8.692239922958256088e-04 2.951651245986581351e+00 3.150859427140769549e+05
3.072226646958827967e+00 3.179998711666632616e+00 9.244119780898617982e-04 3.138699809668366481e+00 3.319012129531409591e+05
3.150772719230606977e+00 3.290591350723470754e+00 9.971225104416338650e-04 3.247158516385218796e+00 3.368425398122237530e+05
3.229318487190934395e+00 3.335604689317180682e+00 1.047440537047558077e-03 3.293758914181105446e+00 3.391709669189001434e+05
3.307863972517584905e+00 3.467754052133429354e+00 1.126397008386414511e-03 3.423935749346384227e+00 3.471939987196173170e+05
3.386409194877053608e+00 3.624798371987887347e+00 1.202042739160533516e-03 3.579143187186201391e+00 3.608528808592415298e+05
3.464954172152534095e+00 3.754360951352155862e+00 1.267949425098749807e-03 3.706625811896309575e+00 3.700206470267628902e+05
3.543498920641575456e+00 3.933160058953547367e+00 1.342276237980128328e-03 3.883564325968174025e+00 3.801163489588249358e+05
3.622043455228019404e+00 3.984057237251688033e+00 1.432825525413244580e-03 3.935095895814256561e+00 3.882131050609613885e+05
3.700587789532037597e+00 4.191716344970186192e+00 1.519228328864711359e-03 4.139510852500133176e+00 3.948684318751130486e+05
3.779131936041457696e+00 4.299943368367099339e+00 1.609395463143775511e-03 4.247652412034034874e+00 3.995184274676694768e+05
3.857675906227046259e+00 4.404361401361650330e+00 1.671740742789789213e-03 4.350001252874640123e+00 4.052696537265513907e+05
3.936219710643986680e+00 4.556175502753393225e+00 1.778863892275012659e-03 4.501448898140729682e+00 4.208567832243974553e+05
4.014763359021444877e+00 4.694657465816511888e+00 1.890371233412641494e-03 4.638576623887342265e+00 4.246682097299063462e+05
4.093306860341824560e+00 4.867011385277569602e+00 1.994309960620789610e-03 4.808319410754058332e+00 4.384153590782426763e+05
4.171850222911064776e+00 4.968951298918768522e+00 2.063590412962192783e-03 4.906803427409339946e+00 4.415373488942890544e+05
4.250393454421145911e+00 5.099423115615228319e+00 2.201885673178167937e-03 5.038131609459761684e+00 4.482420584828880965e+05
4.328936562005788247e+00 5.306992768699572594e+00 2.317147768411082897e-03 5.244280927394915359e+00 4.613071396478095558e+05
4.407479552290201497e+00 5.429657653877264067e+00 2.401378537249276770e-03 5.364706718755936521e+00 4.670480706615654053e+05
4.486022431435594982e+00 5.563787622200737637e+00 2.530317614457157274e-03 5.499121913630324876e+00 4.716845664845990832e+05
4.564565205179107465e+00 5.770471736344339853e+00 2.663983460300057161e-03 5.702729649092751707e+00 4.889927490396542125e+05
4.643107878869670024e+00 5.861655651013927049e+00 2.788477002351480265e-03 5.792725224595433708e+00 4.910404441294509452e+05
4.721650457500300213e+00 6.033515457725332709e+00 2.933171051519294081e-03 5.961779210858700218e+00 5.030240913333168137e+05
4.800192945737217443e+00 6.202172925278548909e+00 3.053507224696931643e-03 6.130360881333620782e+00 5.120187447992490488e+05
4.878735347946150824e+00 6.344148412684453398e+00 3.182703252780788323e-03 6.271498076149249812e+00 5.130499570656240103e+05
4.957277668216146793e+00 6.526548671244691846e+00 3.332770282741422813e-03 6.453860226885468343e+00 5.259931091251653852e+05
5.035819910381144737e+00 6.674571698981213608e+00 3.476013069477923000e-03 6.596269937868626698e+00 5.361753303234451450e+05
5.114362078039562221e+00 6.845703432879279404e+00 3.663486019508342077e-03 6.769022054991954640e+00 5.471445615949080093e+05
5.192904174572115394e+00 7.005873539620774970e+00 3.827935669653044579e-03 6.923869673396973567e+00 5.508465616953010904e+05
5.271446203158030919e+00 7.133183680716654429e+00 3.969265395921441064e-03 7.053558445057724668e+00 5.591886786280359374e+05
5.349988166789838573e+00 7.388275885085128003e+00 4.145400711380194808e-03 7.303975603327022448e+00 5.733029884283720748e+05
5.428530068286878674e+00 7.502207986428219399e+00 4.321786648386707376e-03 7.418571774709801225e+00 5.825195663069286384e+05
5.507071910307648643e+00 7.666806492553961405e+00 4.467713412345263729e-03 7.581564657326604895e+00 5.866417901978853624e+05
5.585613695361120179e+00 7.899330917165276134e+00 4.641793461773066794e-03 7.812404968277875561e+00 5.980756323442263529e+05
5.664155425817094525e+00 8.120045693255484309e+00 4.868427553551214239e-03 8.028561983889455078e+00 6.154902188329286873e+05
5.742697103915729961e+00 8.269562900951909157e+00 4.991594726251809798e-03 8.177792342235790102e+00 6.176483495377158979e+05
5.821238731776284148e+00 8.494227311864795738e+00 5.219676585070839349e-03 8.398317732761395149e+00 6.323929865970980609e+05
5.899780311405160127e+00 8.598860807882974910e+00 5.393530497064835151e-03 8.503067122758778851e+00 6.340809732901537791e+05
5.978321844703323507e+00 8.790000459592356208e+00 5.650709351497949957e-03 8.694201875697141091e+00 6.443528387671080418e+05
6.056863333473133437e+00 8.986439850560044462e+00 5.849826030284990472e-03 8.886482028664840271e+00 6.518053878893635701e+05
6.135404779424661115e+00 9.118000660231889043e+00 6.104611530418108112e-03 9.017556517216359424e+00 6.590902078329045326e+05
6.213946184181517118e+00 9.385704144062991361e+00 6.272064124569022570e-03 9.286317201108056807e+00 6.776174565410302021e+05
6.292487549286247983e+00 9.527174455161889099e+00 6.485876433595202072e-03 9.428483692177891839e+00 6.799742736621031072e+05
6.371028876205335756e+00 9.749945942097548723e+00 6.695342358255825140e-03 9.645089938897811521e+00 6.916747934947669273e+05
6.449570166333828070e+00 9.997001086543297887e+00 7.007967490377220963e-03 9.888687748446590930e+00 7.062465437639334705e+05
6.528111420999634262e+00 1.010134006098032700e+01 7.206855028135786961e-03 9.991618424047034708e+00 7.109187911026692018e+05
6.606652641467518627e+00 1.027053384523723700e+01 7.482021543305116332e-03 1.016084337582904773e+01 7.208712668934862595e+05
6.685193828942805006e+00 1.060743860546759265e+01 7.740819887016301033e-03 1.049627343896976406e+01 7.335997001551822759e+05
6.763734984574836240e+00 1.069693565233455779e+01 7.968403652029394657e-03 1.058519511950104253e+01 7.419660966311540687e+05
6.842276109460177835e+00 1.095581089396263152e+01 8.210895281202166759e-03 1.084396806953800230e+01 7.484335585707529681e+05
6.920817204645620890e+00 1.103800395217600006e+01 8.476544575915199997e-03 1.092402818991834401e+01 7.511469328560539288e+05
6.999358271130968312e+00 1.129935714065790009e+01 8.749356362162835979e-03 1.118133957932430889e+01 7.666205584205518244e+05
7.077899309871646949e+00 1.154916963370006400e+01 9.090889922377370230e-03 1.143055813386009945e+01 7.815979911430676002e+05
7.156440321781138536e+00 1.167320770461114243e+01 9.378194539468276761e-03 1.155585502078781701e+01 7.818077080740138190e+05
7.234981307733260536e+00 1.190680778859308830e+01 9.672620093888211271e-03 1.178850854695583550e+01 7.977128786788674770e+05
7.313522268564292439e+00 1.208343530500460261e+01 9.963801470062431248e-03 1.196204076924423099e+01 8.029317424835008569e+05
7.392063205074973276e+00 1.237964295874834342e+01 1.020962483590801689e-02 1.225725294573836344e+01 8.179006421895669773e+05
7.470604118032365015e+00 1.258323346280977084e+01 1.057677989240298627e-02 1.245418110640425446e+01 8.274776525464506121e+05
7.549145008171610272e+00 1.269637785698472499e+01 1.081221202072287987e-02 1.257181544047628918e+01 8.324893091939911246e+05
7.627685876197570103e+00 1.290450664072739784e+01 1.116098238579854400e-02 1.277540032157935279e+01 8.401074857726149494e+05
7.706226722786373884e+00 1.320981514336283347e+01 1.153834021831553688e-02 1.307740909534750706e+01 8.596526056125197792e+05
7.784767548586863484e+00 1.347762578370106112e+01 1.184451824975351480e-02 1.334324439830818854e+01 8.700164639079984045e+05
7.863308354221953955e+00 1.355726800913991248e+01 1.221129126011565903e-02 1.342845038905806199e+01 8.708014474877252942e+05
7.941849140289923170e+00 1.377601653409774762e+01 1.248317191881190627e-02 1.364531814553873978e+01 8.827502671119294828e+05
8.020389907365611748e+00 1.410878736831086755e+01 1.291842378392982389e-02 1.397155101953833523e+01 8.990323266077460721e+05
8.098930656001561701e+00 1.427023997241421327e+01 1.328574087753817308e-02 1.412983942589467290e+01 9.059542250242942246e+05
8.177471386729090241e+00 1.439909709352732392e+01 1.363910935592618778e-02 1.426070387067079537e+01 9.118625476700541331e+05
8.256012100059292536e+00 1.467940709298128077e+01 1.404906224945747135e-02 1.454079525930569083e+01 9.225212477132326458e+05
8.334552796484000936e+00 1.483825596288971482e+01 1.435243962849647344e-02 1.469727362409255100e+01 9.285794792513063876e+05
8.413093476476680266e+00 1.510089375006745094e+01 1.480159831383065852e-02 1.495595206937928801e+01 9.481424387571687112e+05
8.491634140493276917e+00 1.525170368291670897e+01 1.521129948711947427e-02 1.510651589297507158e+01 9.503152267172996653e+05
8.570174788973028868e+00 1.554136301829906763e+01 1.563995435693870881e-02 1.539118251451408881e+01 9.664023817161571933e+05
8.648715422339215309e+00 1.579304873996670899e+01 1.604639443285512182e-02 1.564505150925928412e+01 9.772752187405535951e+05
8.727256040999876063e+00 1.598180099542895150e+01 1.647054905207651077e-02 1.583492174451087919e+01 9.821612227936481358e+05
8.805796645348495488e+00 1.627392154819127512e+01 1.676805763248178163e-02 1.612746225993861060e+01 9.941496964398418786e+05
8.884337235764643737e+00 1.645028083590326418e+01 1.723595464092668797e-02 1.630323814261353377e+01 1.004569849795247312e+06
8.962877812614589601e+00 1.669584240105972484e+01 1.766099244503106791e-02 1.654798855802294710e+01 1.018382537125606090e+06
9.041418376251867173e+00 1.699867064193076160e+01 1.825004793881529128e-02 1.684569506630761282e+01 1.028530148985347478e+06
9.119958927017840722e+00 1.715888906022209781e+01 1.838311445672203767e-02 1.700762669267352223e+01 1.034931505674861139e+06
9.198499465242209183e+00 1.740137486764556130e+01 1.906204994758321780e-02 1.724850945160241977e+01 1.046725935714719002e+06
9.277039991243508865e+00 1.768040015067064630e+01 1.958337216720815871e-02 1.752395258422853530e+01 1.054493663296915125e+06
9.355580505329580632e+00 1.782310027344789916e+01 1.999463271497772462e-02 1.766848879920566517e+01 1.067064997017591493e+06
9.434121007798012215e+00 1.802484264381149259e+01 2.048289120022752513e-02 1.786916275936969711e+01 1.072009700315334136e+06
9.512661498936562765e+00 1.838780470405669121e+01 2.097842713408148638e-02 1.823472402342119025e+01 1.087323200308612315e+06
9.591201979023569635e+00 1.856804499764707828e+01 2.165505126296137992e-02 1.841045654239050222e+01 1.097547584884456359e+06
9.669742448328321416e+00 1.886138833131410308e+01 2.202870787388316876e-02 1.870564549185428049e+01 1.104634499238002812e+06
9.748282907111432749e+00 1.898778861324238321e+01 2.251526887553877837e-02 1.882907712353004825e+01 1.112700132570640882e+06
9.826823355625185386e+00 1.936814896384569096e+01 2.309958729131272523e-02 1.920582258247585727e+01 1.129577917282454204e+06
9.905363794113858589e+00 1.955649395176332561e+01 2.350329905868323715e-02 1.939454930040532687e+01 1.138211777896474348e+06
9.983904222814045326e+00 1.986800018683142355e+01 2.392636781308952326e-02 1.970718181582465789e+01 1.149919318601719337e+06
1.006244464195495070e+01 2.006181088846993532e+01 2.460918700353142974e-02 1.989713281291671976e+01 1.161453351842369884e+06
1.014098505175868148e+01 2.025668025125027327e+01 2.520192324354020991e-02 2.009104122025944150e+01 1.172969260433613556e+06
1.021952545244051613e+01 2.053345114119432324e+01 2.574753838315375215e-02 2.037112377874649383e+01 1.181714564702268224e+06
1.029806584420916415e+01 2.076322283728710971e+01 2.631687018947428264e-02 2.059677442743828379e+01 1.195159424292373238e+06
1.037660622726701654e+01 2.105421513332013816e+01 2.685973167653948890e-02 2.088607014480052015e+01 1.205010681057741866e+06
1.045514660181038380e+01 2.124231512886507645e+01 2.752443114271636154e-02 2.107330635179235756e+01 1.216150585367319640e+06
1.053368696802971982e+01 2.152423963328000056e+01 2.822452086759644208e-02 2.135542140550304779e+01 1.218308643434879370e+06
1.061222732610984210e+01 2.177978963990248218e+01 2.869063570560368565e-02 2.160880688420764173e+01 1.239197179952938110e+06
1.069076767623013779e+01 2.202306794590289840e+01 2.934836990205063820e-02 2.185401209629531749e+01 1.248041150448765606e+06
1.076930801856475739e+01 2.227884027492390828e+01 2.987111598596830370e-02 2.210866794916266542e+01 1.260147846198939485e+06
1.084784835328281005e+01 2.244712663909987427e+01 3.062770992115334059e-02 2.228075692446316580e+01 1.267177840778755024e+06
1.092638868054854306e+01 2.285416399762608819e+01 3.124344363208547692e-02 2.267662553742200160e+01 1.284082052597158821e+06
1.100492900052151413e+01 2.291056237519553207e+01 3.170934678769142534e-02 2.273920944058212967e+01 1.289653558679441223e+06
1.108346931335675833e+01 2.321602911829386429e+01 3.248270684013091630e-02 2.304514469005170696e+01 1.305266056958682602e+06
1.116200961920494805e+01 2.354232870243952647e+01 3.323463231141395718e-02 2.337097624595298484e+01 1.317574940682070795e+06
1.124054991821254212e+01 2.371959511517621166e+01 3.395196774805849665e-02 2.354559086979323013e+01 1.323777316450281069e+06
1.131909021052193687e+01 2.394354407125488748e+01 3.450524478769328302e-02 2.376662297707504479e+01 1.335556320909242146e+06
1.139763049627160285e+01 2.427711408330175757e+01 3.523059702850159236e-02 2.409899461057398895e+01 1.346687448043947574e+06
1.147617077559622167e+01 2.459165937374286770e+01 3.591783040399543908e-02 2.441360190736592273e+01 1.364770639624861768e+06
1.155471104862680853e+01 2.479480500908144691e+01 3.661625797706077184e-02 2.462878089000597370e+01 1.375772218612753088e+06
1.163325131549084368e+01 2.524865562485332049e+01 3.718309092355515100e-02 2.507619290133318302e+01 1.393213870008584345e+06
1.171179157631238787e+01 2.538498215177899198e+01 3.792845834734528271e-02 2.521272483675040732e+01 1.393398373809969518e+06
1.179033183121219608e+01 2.560976622259494917e+01 3.875799333246349176e-02 2.543656246956408751e+01 1.407236761181853013e+06
1.186887208030782759e+01 2.571821155112877832e+01 3.953886273395167128e-02 2.554027944582916021e+01 1.414516811698268866e+06
1.194741232371374728e+01 2.628344440256009662e+01 4.037949267155349631e-02 2.611089996861827345e+01 1.433277049534947146e+06
1.202595256154143222e+01 2.642852748498320281e+01 4.106870632567592716e-02 2.625947491131640987e+01 1.444317529390847078e+06
1.210449279389946753e+01 2.675095393605046823e+01 4.195630479948400660e-02 2.657734720783867033e+01 1.460773439232548233e+06
1.218303302089363527e+01 2.700755809454953749e+01 4.244759819573019899e-02 2.683679221272764437e+01 1.469037423884564778e+06
1.226157324262700676e+01 2.724500136686522467e+01 4.349516698548365479e-02 2.708002696081753058e+01 1.483279394436226459e+06
1.234011345920003322e+01 2.741074911194553465e+01 4.440954544393909548e-02 2.723474187125543367e+01 1.489247927070555277e+06
1.241865367071062565e+01 2.773010351038884025e+01 4.509036131843110334e-02 2.755944522539090613e+01 1.503100752110444941e+06
1.249719387725422415e+01 2.800769228484035267e+01 4.596794049387218500e-02 2.783539001971940152e+01 1.517483531017567730e+06
1.257573407892389383e+01 2.831247521361790831e+01 4.640105703227143802e-02 2.815183238534296351e+01 1.530992405030122492e+06
1.265427427581038877e+01 2.851517699046179644e+01 4.766907456963550421e-02 2.834616271210020955e+01 1.536446606421548873e+06
1.273281446800221772e+01 2.881434880006540311e+01 4.858250325616002285e-02 2.864730166993216898e+01 1.552874267521592788e+06
1.281135465558572584e+01 2.919971991730366057e+01 4.929061267369887894e-02 2.903164344571086986e+01 1.573138477428976446e+06
1.288989483864514796e+01 2.930489725427380066e+01 5.003900526159778955e-02 2.914023814143194713e+01 1.573550058187161805e+06
1.296843501726268322e+01 2.957882263301435444e+01 5.104694943513824607e-02 2.941525487136560457e+01 1.583693303991544759e+06
1.304697519151855190e+01 2.992199048373231207e+01 5.218377812549700873e-02 2.975244485661373872e+01 1.602523465576438932e+06
1.312551536149104692e+01 3.033267552969702763e+01 5.266294510684359914e-02 3.017011390301968277e+01 1.620898120321115013e+06
1.320405552725660492e+01 3.048913731307755981e+01 5.396568323461135852e-02 3.032231755248567495e+01 1.630174318421829259e+06
1.328259568888985243e+01 3.080322534387756050e+01 5.478150016077574375e-02 3.064041133856878929e+01 1.642920241763009690e+06
1.336113584646366270e+01 3.105406048496646321e+01 5.566482659350933948e-02 3.088229650583623709e+01 1.655784234025712591e+06
1.343967600004920548e+01 3.135681642495351795e+01 5.650582875411790107e-02 3.119578686116964050e+01 1.664410913382829865e+06
1.351821614971599317e+01 3.169791963947902502e+01 5.758910252371213234e-02 3.153507678291046190e+01 1.682911713676751358e+06
1.359675629553193588e+01 3.189782914907370071e+01 5.869768644145750142e-02 3.173597162631898172e+01 1.686524491802313831e+06
1.367529643756338231e+01 3.226872703150850441e+01 5.964639587044495012e-02 3.211065858917847038e+01 1.707363140683817910e+06
1.375383657587516595e+01 3.243937975999305934e+01 6.053898590534911167e-02 3.228818114632264979e+01 1.714354447385381442e+06
1.383237671053064766e+01 3.279641900655378350e+01 6.161224218993608531e-02 3.264194261336302816e+01 1.729117291938899085e+06
1.391091684159175834e+01 3.306283876665882815e+01 6.261797395422635804e-02 3.291127653701479261e+01 1.737950649502797751e+06
1.398945696911903269e+01 3.338791445506769406e+01 6.358232592766073499e-02 3.322893339153043257e+01 1.755204878765919479e+06
1.406799709317166069e+01 3.368128652300536174e+01 6.498659818965570045e-02 3.352920667346940320e+01 1.774002422714964021e+06
1.414653721380751428e+01 3.398331643364600296e+01 6.563065236504141142e-02 3.383106690353215384e+01 1.781826082939144690e+06
1.422507733108318817e+01 3.429486802000315038e+01 6.704763611043837446e-02 3.415047567204624812e+01 1.799217750871665077e+06
1.430361744505403543e+01 3.450028392397498322e+01 6.762305572560257938e-02 3.436177875652277436e+01 1.815535573962316383e+06
1.438215755577419586e+01 3.478964255341006151e+01 6.918223337838948217e-02 3.464557125229952561e+01 1.819811658679939574e+06
1.446069766329663686e+01 3.523538434117953244e+01 7.011281251374806844e-02 3.510389209982619718e+01 1.846511140922625083e+06
1.453923776767318010e+01 3.539190280435413882e+01 7.115264902588473717e-02 3.525236867134832153e+01 1.851730095149233704e+06
1.461777786895453346e+01 3.575874332294037572e+01 7.256369029797775372e-02 3.561628116791321474e+01 1.869493393139227992e+06
1.469631796719032302e+01 3.631848891727510420e+01 7.353690061752228557e-02 3.618835201786208700e+01 1.889773615665055346e+06
1.477485806242911437e+01 3.641946128059535681e+01 7.453948648404780386e-02 3.628245572189033652e+01 1.898181372674026992e+06
1.485339815471844993e+01 3.662594287791546321e+01 7.595388351187480624e-02 3.649602579125114232e+01 1.913758648145423271e+06
1.493193824410487203e+01 3.713158779775741891e+01 7.684039205308479392e-02 3.700048432712853241e+01 1.934485021441557910e+06
1.501047833063394421e+01 3.743516949234758329e+01 7.818499544288610992e-02 3.730697306502234767e+01 1.948582549445466371e+06
1.508901841435028857e+01 3.758620429693091580e+01 7.916201183426106736e-02 3.745628489016476692e+01 1.956996815718310419e+06
1.516755849529759992e+01 3.797633159638900224e+01 8.082699390877227941e-02 3.784937451069356484e+01 1.972369303111119196e+06
1.524609857351867070e+01 3.839493210878712404e+01 8.151069500859868533e-02 3.826482793011420114e+01 1.996817164360254770e+06
1.532463864905541762e+01 3.874998636694817122e+01 8.297009473123444223e-02 3.863173053083021102e+01 2.012322062065925449e+06
1.540317872194890292e+01 3.897248020133718427e+01 8.437286453990421042e-02 3.884713226736943170e+01 2.022939938752841903e+06
1.548171879223935399e+01 3.929558866512596893e+01 8.553756314265890948e-02 3.916317656289534455e+01 2.037180052874559304e+06
1.556025885996618996e+01 3.961882978356788954e+01 8.659387045607981614e-02 3.950225063739743803e+01 2.057890156266049482e+06
1.563879892516803238e+01 3.995078602112221944e+01 8.797916360365448663e-02 3.983449637499050056e+01 2.068230419265137753e+06
1.571733898788273187e+01 4.017948223052439261e+01 8.941633666815390624e-02 4.007319064699681377e+01 2.085373353739112383e+06
1.579587904814739119e+01 4.060060689213099039e+01 9.054803159398959467e-02 4.049451225216528627e+01 2.094915882338564610e+06
1.587441910599837769e+01 4.101935627714978949e+01 9.190328797795209448e-02 4.091517933948488661e+01 2.117005269747290295e+06
1.595295916147133575e+01 4.136817310628810418e+01 9.318677305447088666e-02 4.127062089149512758e+01 2.133458350458619185e+06
1.603149921460121874e+01 4.158295713480723066e+01 9.450714840321927657e-02 4.147562969465707283e+01 2.146461924117103219e+06
1.611003926542229436e+01 4.187649528640925922e+01 9.575731374661193562e-02 4.177396869113346156e+01 2.162410893213213887e+06
1.618857931396816596e+01 4.233410950342813805e+01 9.732193321287316290e-02 4.223491371140222128e+01 2.184448185513845179e+06
1.626711936027179561e+01 4.261173200252155624e+01 9.874363611886864678e-02 4.252008775244406280e+01 2.199752825011014473e+06
1.634565940436549525e+01 4.297443135664405389e+01 1.001678947616934379e-01 4.289177937779446381e+01 2.220363967048242688e+06
1.642419944628097639e+01 4.333099610466331342e+01 1.012470780163829132e-01 4.324366138861502407e+01 2.234039497923534829e+06
1.650273948604932883e+01 4.373870385422367946e+01 1.030734486139519707e-01 4.366264918617704183e+01 2.250364114906850737e+06
1.658127952370107394e+01 4.415204784712689445e+01 1.039246298819977016e-01 4.406950858374374036e+01 2.269980021741448902e+06
1.665981955926614333e+01 4.438765956857918837e+01 1.057986300687982634e-01 4.430763184494917795e+01 2.278688198586422950e+06
1.673835959277390728e+01 4.492233033078139925e+01 1.070860931742894095e-01 4.485955607192958183e+01 2.309185215772337746e+06
1.681689962425318896e+01 4.521878479197928158e+01 1.084269676188217429e-01 4.515644209042217483e+01 2.323381443668117747e+06
1.689543965373228218e+01 4.552849088193479332e+01 1.103608827169450801e-01 4.545487657080309418e+01 2.342805291757579893e+06
1.697397968123895495e+01 4.580902260240719670e+01 1.111817747278898982e-01 4.575069785039414683e+01 2.352906994259153027e+06
1.705251970680045304e+01 4.611246448892035943e+01 1.129499508486980081e-01 4.606207690904118124e+01 2.367706161557699554e+06
1.713105973044353902e+01 4.654901575511055967e+01 1.148044261659243170e-01 4.649838949527604370e+01 2.391969646932574455e+06
1.720959975219447102e+01 4.684229832546647287e+01 1.163269902709798964e-01 4.678773831852063836e+01 2.412425951699272729e+06
1.728813977207903463e+01 4.722103848166295137e+01 1.179558321622719980e-01 4.716713375294201427e+01 2.427559308978743386e+06
1.736667979012256424e+01 4.780585722652477187e+01 1.192313630070663821e-01 4.776012448871794192e+01 2.454639848244913388e+06
1.744521980634991110e+01 4.799287385916257875e+01 1.207058181785522905e-01 4.795253031407550992e+01 2.469612905293461401e+06
1.752375982078550365e+01 4.845180398195400784e+01 1.228727265849524769e-01 4.841141098897559658e+01 2.493262914498029742e+06
1.760229983345331917e+01 4.888130888233045113e+01 1.237692007417826728e-01 4.885051360879101878e+01 2.507663846238922793e+06
1.768083984437692635e+01 4.922797324423848409e+01 1.254095010840176050e-01 4.920087659967845184e+01 2.528963067116344813e+06
1.775937985357945692e+01 4.962627250891431174e+01 1.272596870629669197e-01 4.959841395811859144e+01 2.545208403929454274e+06
1.783791986108364824e+01 5.000781101367721249e+01 1.290880756931859774e-01 4.999518567120654211e+01 2.565120488865948748e+06
1.791645986691183268e+01 5.042540844044911807e+01 1.311200966756013719e-01 5.039683282560543631e+01 2.592788764403727371e+06
1.799499987108595889e+01 5.077244620950138909e+01 1.326965060654790862e-01 5.076253139529786296e+01 2.602217386455329601e+06
1.807353987362759185e+01 5.137771185634372273e+01 1.341170661937297615e-01 5.136599526869083121e+01 2.622675696397970431e+06
1.815207987455791638e+01 5.165584356112100295e+01 1.355006350914718660e-01 5.165825511467572539e+01 2.644162768417537212e+06
1.823061987389775851e+01 5.206764315146701705e+01 1.375333567821900860e-01 5.206617134261342983e+01 2.671714097690323368e+06
1.830915987166758541e+01 5.261524707105704124e+01 1.394509111346524943e-01 5.262372778973611531e+01 2.692031174592646305e+06
1.838769986788751964e+01 5.288971214925950903e+01 1.411226355822831069e-01 5.289999361290821867e+01 2.706717428759439848e+06
1.846623986257733563e+01 5.329765046640719817e+01 1.427339559207536912e-01 5.330945296430893166e+01 2.726614010820980649e+06
1.854477985575647381e+01 5.376531275447841551e+01 1.450518148717748201e-01 5.377604683816058895e+01 2.756515098622250836e+06
1.862331984744404423e+01 5.424367995106265283e+01 1.465922764192332806e-01 5.426474435467201118e+01 2.776120746817046311e+06
1.870185983765884075e+01 5.463706941581260423e+01 1.483460795437679947e-01 5.466304933784680742e+01 2.801539960399903357e+06
1.878039982641934458e+01 5.507528961183317762e+01 1.501031100497964843e-01 5.510639424995274993e+01 2.828164803991345689e+06
1.885893981374372075e+01 5.557039869841445068e+01 1.516983982562705446e-01 5.560633871274324491e+01 2.848926578468693886e+06
1.893747979964983941e+01 5.588959867772847190e+01 1.542403053486617881e-01 5.591892632440454491e+01 2.871668109838449862e+06
1.901601978415527228e+01 5.612442930031511423e+01 1.561624825195492838e-01 5.617062074567237318e+01 2.877899824708260596e+06
1.909455976727730331e+01 5.688886801708477492e+01 1.574811675186561233e-01 5.693924593149931468e+01 2.917789449089952745e+06
1.917309974903293579e+01 5.730614119158111919e+01 1.598185771398537569e-01 5.735495305536667132e+01 2.938954946308505721e+06
1.925163972943889235e+01 5.796556840192351245e+01 1.613570666524416219e-01 5.803103834702793051e+01 2.976989122499133926e+06
1.933017970851161849e+01 5.855577687800709441e+01 1.639697017419498304e-01 5.862785249744758431e+01 3.006509301235879771e+06
1.940871968626730748e+01 5.875933582098021901e+01 1.656919767477161853e-01 5.883246443203697140e+01 3.020297664486312773e+06
1.948725966272188259e+01 5.914847769316809689e+01 1.675285897250443912e-01 5.922637683379124240e+01 3.049448644954516552e+06
1.956579963789100773e+01 5.993420829079175860e+01 1.698785997372247447e-01 6.000471461657165406e+01 3.074502835862205364e+06
1.964433961179010524e+01 6.032777855618141416e+01 1.715622590671432857e-01 6.040345336184498848e+01 3.101527226596215274e+06
1.972287958443434519e+01 6.073279797448004302e+01 1.739109342934961333e-01 6.082240834544983699e+01 3.120738756805777550e+06
1.980141955583865965e+01 6.134636890954460142e+01 1.752172163484228551e-01 6.143069592463989181e+01 3.155221207755035721e+06
1.987995952601774619e+01 6.163170307512272927e+01 1.772798698448585231e-01 6.173626513211280553e+01 3.169265234752022196e+06
1.995849949498606790e+01 6.213865328010137290e+01 1.799446289749802863e-01 6.224190754352617461e+01 3.195635900074642152e+06
2.003703946275786052e+01 6.289532782128438981e+01 1.816412058933209728e-01 6.300815210811210676e+01 3.229588682776914444e+06
2.011557942934713950e+01 6.327061392349096280e+01 1.841215808830427569e-01 6.339063669283763858e+01 3.249431724874049891e+06
2.019411939476770712e+01 6.383022508564965136e+01 1.862637345586923288e-01 6.394315539905770862e+01 3.271910011120339390e+06
2.027265935903314542e+01 6.413972103588854168e+01 1.885777823657102670e-01 6.425684431376438965e+01 3.297100310078849085e+06
2.035119932215682326e+01 6.430263619125805974e+01 1.901610388348190517e-01 6.444620106475464638e+01 3.316936946434955578e+06
2.042973928415191054e+01 6.480321501970884412e+01 1.923406918975034130e-01 6.496803809049039558e+01 3.342128666170260403e+06
2.050827924503137467e+01 6.518955939511053543e+01 1.948281844049802869e-01 6.534749643053454804e+01 3.357186935801303014e+06
2.058681920480798766e+01 6.552767916570940088e+01 1.977067417762063406e-01 6.570102766346474255e+01 3.384677471115285065e+06
2.066535916349431901e+01 6.605159624436760168e+01 1.995488039868613950e-01 6.623759853493565686e+01 3.413336837283249479e+06
2.074389912110275347e+01 6.646002249656754657e+01 2.016410498536625462e-01 6.664139941762249464e+01 3.432478587000308093e+06
2.082243907764548752e+01 6.670810363450456748e+01 2.033150295447178069e-01 6.690319979525278882e+01 3.445881615341196302e+06
2.090097903313453642e+01 6.708595147365650746e+01 2.063889643863034695e-01 6.730946161681954720e+01 3.466069035324667115e+06
2.097951898758173783e+01 6.752309210247159399e+01 2.088847770340432064e-01 6.773819320185738491e+01 3.496776999388454948e+06
2.105805894099874109e+01 6.800539283244735600e+01 2.111550821392843003e-01 6.823225103005178482e+01 3.520170303608378395e+06
2.113659889339703568e+01 6.834646594217657878e+01 2.131252377912956353e-01 6.859488740817069186e+01 3.539896105148158502e+06
2.121513884478793344e+01 6.884933736019212347e+01 2.155578442299710407e-01 6.910722924830139391e+01 3.572889151316291653e+06
2.129367879518258277e+01 6.919073831579102318e+01 2.175384053623944935e-01 6.946123397303941260e+01 3.586120110350179486e+06
2.137221874459196869e+01 6.964353940951292543e+01 2.201875366833991043e-01 6.991774028678025843e+01 3.608229599001885392e+06
2.145075869302691274e+01 7.005462583925492481e+01 2.222887182151454533e-01 7.034395250880183426e+01 3.632886448004631326e+06
2.152929864049807307e+01 7.046245420171034368e+01 2.250262043236243847e-01 7.077868291421792435e+01 3.661901873154220637e+06
2.160783858701596571e+01 7.089387938058247585e+01 2.280315715768758411e-01 7.120558363156588655e+01 3.684054042694825213e+06
2.168637853259094683e+01 7.147776348106319233e+01 2.300693859724679269e-01 7.180827059758357223e+01 3.710168474266938400e+06
2.176491847723321982e+01 7.154512583941249204e+01 2.317859964177819698e-01 7.187049136159728846e+01 3.723479990166739095e+06
2.184345842095285306e+01 7.228543369980673106e+01 2.343199648016107139e-01 7.262746253897668680e+01 3.767298629407534376e+06
2.192199836375975508e+01 7.256228386570479927e+01 2.375923771748717772e-01 7.291704731028150377e+01 3.788241173295861110e+06
2.200053830566371005e+01 7.278820346034505917e+01 2.398130200896891606e-01 7.315178466525070178e+01 3.797612077922047582e+06
2.207907824667434582e+01 7.316737624947782592e+01 2.426902461445711034e-01 7.354856975694578125e+01 3.825391649300813209e+06
2.215761818680116590e+01 7.361131510943872058e+01 2.443319533351772377e-01 7.400114085364599248e+01 3.840185446249408182e+06
2.223615812605353526e+01 7.430665483042724873e+01 2.467925223605266782e-01 7.470867916535713960e+01 3.889526782178835012e+06
2.231469806444068738e+01 7.467880186605319182e+01 2.503404019906628752e-01 7.509048314220498810e+01 3.904798625497967936e+06
2.239323800197172432e+01 7.509054296796864492e+01 2.532903648396784835e-01 7.550361876237052172e+01 3.937160501162860077e+06
2.247177793865562023e+01 7.553029331738105157e+01 2.550129281944655268e-01 7.595313033984125184e+01 3.969119360484334640e+06
2.255031787450123204e+01 7.589716057590433707e+01 2.571883237953448975e-01 7.635683742719214706e+01 3.989321678054712713e+06
2.262885780951728165e+01 7.673376667752697244e+01 2.610305732290609249e-01 7.720792494002081696e+01 4.018914261651248671e+06
2.270739774371238440e+01 7.695896902081008761e+01 2.638029497804478263e-01 7.742319255256545318e+01 4.042178004080421291e+06
2.278593767709502771e+01 7.726861990500523802e+01 2.663187277424140520e-01 7.773556775341938874e+01 4.065691847946327645e+06
2.286447760967358178e+01 7.778640260819653918e+01 2.689720040646040866e-01 7.827433124549560262e+01 4.097148243428998161e+06
2.294301754145629957e+01 7.801234980004549868e+01 2.717376096294935595e-01 7.853040089435559423e+01 4.116729573989376426e+06
2.302155747245133455e+01 7.858065908052178372e+01 2.746048175743606157e-01 7.910540855181017150e+01 4.145495219081887044e+06
2.310009740266672296e+01 7.906492567301509666e+01 2.770139841160831895e-01 7.959025884004159934e+01 4.170875665051573887e+06
2.317863733211038380e+01 7.972635220396969657e+01 2.796917607380693949e-01 8.026229429624872580e+01 4.219495349966418929e+06
2.325717726079013303e+01 8.007045867508466586e+01 2.828706335857346099e-01 8.063009524887200996e+01 4.229918261796223931e+06
2.333571718871368716e+01 8.024759834633894684e+01 2.853581375022529176e-01 8.082036435862590906e+01 4.238533689763885923e+06
2.341425711588865965e+01 8.079127533459561050e+01 2.879598874153542765e-01 8.136448675122693430e+01 4.272567786212085746e+06
2.349279704232255384e+01 8.139680766261645317e+01 2.913073017248289376e-01 8.199753066317219918e+01 4.306213254779852927e+06
2.357133696802278067e+01 8.202567399931095338e+01 2.939553353288302806e-01 8.261316589612312100e+01 4.335924530462924391e+06
2.364987689299664453e+01 8.256127819214717078e+01 2.969485706573116723e-01 8.321735519620845878e+01 4.364292051773251966e+06
2.372841681725136453e+01 8.294540147579976974e+01 3.007475042639700114e-01 8.357116744218740223e+01 4.396458893799500540e+06
2.380695674079405322e+01 8.338517265076367835e+01 3.037601642235721600e-01 8.401841546796140392e+01 4.409632849473151378e+06
2.388549666363174140e+01 8.379680122619225813e+01 3.058072720297369540e-01 8.443692560764488064e+01 4.451691125206225552e+06
2.396403658577134976e+01 8.443848068242125748e+01 3.092352346154272902e-01 8.509349589305197981e+01 4.490256034298069775e+06
2.404257650721972439e+01 8.460045603537018621e+01 3.129961127303575452e-01 8.526726149152320033e+01 4.504874566685750149e+06
2.412111642798362254e+01 8.521597659176167383e+01 3.149724799831812305e-01 8.588004708933104325e+01 4.526185125663311221e+06
2.419965634806970556e+01 8.598197095054565864e+01 3.186723804976987484e-01 8.668303203643105803e+01 4.568695966225892305e+06
2.427819626748454596e+01 8.629997488017463070e+01 3.219338245948935029e-01 8.699985753853701453e+01 4.608989156782786362e+06
2.435673618623464520e+01 8.690356296841750350e+01 3.245844465619708297e-01 8.764438098042096215e+01 4.640747099861148745e+06
2.443527610432640529e+01 8.733766104646340978e+01 3.284233192885786523e-01 8.805862892274234355e+01 4.659417728193064220e+06
2.451381602176616425e+01 8.769541156447374419e+01 3.306471987592832229e-01 8.844520617331544088e+01 4.691443711662757210e+06
2.459235593856016067e+01 8.839636795373904476e+01 3.346960647140913014e-01 8.917114942722926685e+01 4.721817043145877309e+06
2.467089585471456203e+01 8.891302785021179034e+01 3.363095385227914957e-01 8.968626497173707435e+01 4.747576677727431059e+06
2.474943577023546126e+01 8.940346485718990266e+01 3.409094873036080386e-01 9.021761291998856791e+01 4.780069107339768670e+06
2.482797568512887310e+01 8.996101915753868639e+01 3.434463165242847005e-01 9.079492160467485462e+01 4.820900697688515298e+06
2.490651559940072346e+01 9.057370368433680596e+01 3.466717120153264275e-01 9.141098236597304094e+01 4.849765813854414038e+06
2.498505551305688144e+01 9.097427310647131549e+01 3.493684569996693967e-01 9.178969116102695125e+01 4.887872877458427101e+06
2.506359542610313440e+01 9.158386608135296569e+01 3.516812762884202748e-01 9.247521218472860483e+01 4.935033174564608373e+06
2.514213533854519511e+01 9.231113410206991432e+01 3.578449704367944184e-01 9.317973129215690165e+01 4.958564433488775045e+06
2.522067525038871239e+01 9.280098892914715236e+01 3.590205770567702070e-01 9.368808114668480869e+01 4.988892781801604666e+06
2.529921516163925688e+01 9.327539634340368480e+01 3.627658867343084292e-01 9.418496459032381551e+01 5.023493102749235928e+06
2.537775507230233529e+01 9.392462216777911976e+01 3.666507134092124587e-01 9.486793233912396772e+01 5.056148440848339349e+06
2.545629498238338684e+01 9.454683873742646938e+01 3.701427639994023799e-01 9.547041898725143483e+01 5.098811202180854045e+06
2.553483489188777966e+01 9.499253889865653377e+01 3.742710794395597285e-01 9.593217475623519874e+01 5.106301627014149912e+06
2.561337480082082152e+01 9.536021601258289593e+01 3.773688701853522010e-01 9.633682172704811819e+01 5.158222868878776208e+06
2.569191470918774911e+01 9.624292024237631438e+01 3.793247558055788393e-01 9.723449642361435963e+01 5.214126295644857921e+06
2.577045461699373874e+01 9.680539489054604019e+01 3.825988999900021836e-01 9.780615995431213605e+01 5.247767595333465375e+06
2.584899452424390631e+01 9.749046332914977597e+01 3.890706334498792995e-01 9.856679157584817119e+01 5.265716012104109861e+06
2.592753443094329668e+01 9.787774350069183527e+01 3.915228723063596816e-01 9.890148422590047517e+01 5.288618687666284852e+06
2.600607433709690852e+01 9.864785241476154454e+01 3.951001801765831045e-01 9.971038822470194418e+01 5.327117876558251679e+06
2.608461424270966944e+01 9.911604013476879516e+01 3.991107223024604744e-01 1.002000677289029227e+02 5.357212059567880817e+06
2.616315414778644310e+01 9.956191004472647421e+01 4.024884216006965332e-01 1.006964610582328277e+02 5.383672479483229108e+06
2.624169405233205055e+01 1.001670558822236217e+02 4.061421910755447784e-01 1.012868714455329950e+02 5.429865563090901822e+06
2.632023395635124174e+01 1.008147592108704060e+02 4.084962167218846862e-01 1.018996456023514980e+02 5.460959525819754228e+06
2.639877385984871694e+01 1.010728516774159544e+02 4.114844650429099193e-01 1.022230716541974687e+02 5.493351558559348807e+06
2.647731376282911953e+01 1.016557230900516515e+02 4.160183857209422964e-01 1.028005698924738027e+02 5.554777768860728480e+06
2.655585366529703606e+01 1.025649259042799173e+02 4.208205611014166347e-01 1.037034350878411431e+02 5.581017447583612986e+06
2.663439356725699980e+01 1.030402138645826255e+02 4.252137753240812224e-01 1.042191541752385575e+02 5.598585089541476220e+06
2.671293346871349428e+01 1.037739662365744522e+02 4.294065946980676896e-01 1.049784019259182486e+02 5.653664521236211061e+06
2.679147336967094617e+01 1.042897853028232760e+02 4.325027489712555684e-01 1.054788044226336581e+02 5.649980446682129987e+06
2.687001327013372531e+01 1.048396462343480806e+02 4.367609998153414441e-01 1.060373604976273043e+02 5.735395141393350437e+06
2.694855317010616602e+01 1.057580649919448632e+02 4.395426417053596158e-01 1.069985612943698783e+02 5.762273260900898837e+06
2.702709306959254221e+01 1.061432908156250647e+02 4.439081009600734928e-01 1.074495137892908474e+02 5.817634588430078700e+06
2.710563296859707094e+01 1.065775739694436197e+02 4.471035885378850105e-01 1.078265982981866102e+02 5.801091749090751633e+06
2.718417286712393377e+01 1.070241821568567957e+02 4.492762628242006895e-01 1.083180805758631777e+02 5.840397127885064110e+06
2.726271276517725894e+01 1.079661372407638567e+02 4.548300041335960331e-01 1.092603815553379718e+02 5.897133405428354628e+06
2.734125266276112498e+01 1.078937138130117290e+02 4.582425765952146124e-01 1.091795254092307061e+02 5.929636951657532714e+06
2.741979255987956776e+01 1.095503087544569922e+02 4.595897738317583081e-01 1.109131857092544635e+02 6.013523699337963946e+06
2.749833245653658054e+01 1.095358161329262146e+02 4.664372787710202028e-01 1.108879456674633275e+02 6.007604261526509188e+06
2.757687235273609616e+01 1.099043819108579356e+02 4.706715498866139158e-01 1.112774200688788966e+02 6.058804707222415134e+06
2.765541224848202262e+01 1.104128644391972642e+02 4.759815195459804471e-01 1.118041630040593191e+02 6.093761170528849587e+06
2.773395214377820395e+01 1.111056684806160320e+02 4.780288493709978215e-01 1.125162808650070332e+02 6.104304086076946929e+06
2.781249203862845576e+01 1.121631071850670054e+02 4.854310624691746123e-01 1.136095990068468922e+02 6.156037391567136161e+06
2.789103193303654038e+01 1.124392513557225328e+02 4.892706931835090756e-01 1.139163716578209176e+02 6.190884814996052533e+06
2.796957182700618816e+01 1.134465875390726097e+02 4.921757491054435385e-01 1.149208680330302030e+02 6.242323017978927121e+06
2.804811172054107615e+01 1.134867299067603881e+02 4.949385439084070248e-01 1.150158509903713195e+02 6.262471635853779502e+06
2.812665161364485655e+01 1.140102891087504275e+02 5.008072039865958391e-01 1.155150935897736133e+02 6.287832381475754082e+06
2.820519150632112115e+01 1.143622877341033046e+02 5.031753605604060153e-01 1.158574060921039006e+02 6.315043552507155575e+06
2.828373139857343332e+01 1.142690839808919776e+02 5.070151342220735602e-01 1.158373999683559674e+02 6.329029353807487525e+06
2.836227129040531736e+01 1.160037175955739599e+02 5.148172840887331736e-01 1.175967772936059390e+02 6.358491863846310414e+06
2.844081118182025847e+01 1.158780039186998891e+02 5.148639446506809714e-01 1.174894727240355081e+02 6.420198144754319452e+06
2.851935107282169923e+01 1.163656022153633955e+02 5.208860036685639683e-01 1.180166503417100188e+02 6.484266068459349684e+06
2.859789096341304315e+01 1.161452988792717633e+02 5.243434113728250301e-01 1.177729484403336500e+02 6.473127166115062311e+06
2.867643085359765820e+01 1.178495456291159655e+02 5.305219524410177412e-01 1.194806097569594243e+02 6.559301129995476454e+06
2.875497074337888392e+01 1.178190943062242582e+02 5.350042686766344202e-01 1.195150963143408376e+02 6.559990170424990356e+06
2.883351063276001369e+01 1.190622526216032497e+02 5.399571213373173251e-01 1.208064084909592566e+02 6.562407803988927044e+06
2.891205052174430890e+01 1.199441743640864360e+02 5.429394975027256320e-01 1.216519673133286972e+02 6.641166856411332265e+06
2.899059041033499184e+01 1.203877043572504277e+02 5.525951518840122034e-01 1.221164689383195281e+02 6.696069158752832562e+06
2.906913029853525643e+01 1.205708871804433926e+02 5.513657357241611434e-01 1.223937788217618419e+02 6.735818216030252166e+06
2.914767018634825746e+01 1.205662689653413935e+02 5.573430926434611576e-01 1.224143010170227512e+02 6.737121475443881005e+06
2.922621007377712132e+01 1.218485354702607708e+02 5.621850600909700235e-01 1.237078713063494746e+02 6.776583359074139968e+06
2.930474996082492822e+01 1.235713370895375220e+02 5.666649633910672001e-01 1.254656460743211284e+02 6.870418193738539703e+06
2.938328984749474060e+01 1.220083547035641089e+02 5.709527687598834333e-01 1.238026628845572077e+02 6.836855504221699201e+06
2.946182973378957826e+01 1.238594517341974637e+02 5.793626822217248229e-01 1.258634139857757646e+02 6.875768226343831979e+06
2.954036961971243258e+01 1.252524007331221014e+02 5.774492211665822605e-01 1.272395173880034775e+02 6.962209638968972489e+06
2.961890950526625943e+01 1.254085605311849747e+02 5.849514741045613864e-01 1.272741912773930011e+02 6.959222236537646502e+06
2.969744939045398979e+01 1.257273936218140022e+02 5.867471318498413968e-01 1.277006530348272690e+02 7.022509017947905697e+06
2.977598927527852268e+01 1.247838666051480487e+02 5.996666012199490803e-01 1.267920849295614403e+02 7.028340798297111876e+06
2.985452915974272159e+01 1.271455597026942570e+02 5.970963762926978502e-01 1.291517213600866114e+02 7.123251956368656829e+06
2.993306904384942868e+01 1.272705964355938164e+02 6.058777169912731297e-01 1.292173825722230731e+02 7.131496152385316789e+06
3.001160892760143994e+01 1.279154935472012369e+02 6.102989913924753429e-01 1.299579542793340750e+02 7.155534810822542757e+06
3.009014881100154071e+01 1.283048190486559861e+02 6.123807719437237562e-01 1.304387765262551966e+02 7.197789327470773831e+06
3.016868869405248077e+01 1.292799583105885119e+02 6.166627839043367088e-01 1.314289082118014278e+02 7.221163236651084386e+06
3.024722857675697441e+01 1.302847316954584187e+02 6.269528197914155943e-01 1.324750624118075848e+02 7.267832113716920838e+06
3.032576845911771457e+01 1.308564336575993536e+02 6.297628922536470109e-01 1.328626941885578958e+02 7.331152540675231256e+06
3.040430834113736580e+01 1.319315428153289247e+02 6.346582121936867882e-01 1.341552162159364912e+02 7.366797732331252657e+06
3.048284822281856421e+01 1.322401223991737993e+02 6.330926132803501583e-01 1.345133671608453767e+02 7.450631194249312393e+06
3.056138810416392460e+01 1.351287553887228796e+02 6.446638063890272052e-01 1.372974332457867206e+02 7.566400152539027855e+06
3.063992798517602267e+01 1.342502757946364511e+02 6.389981942144717930e-01 1.365584392380541203e+02 7.537255737358962186e+06
3.071846786585741640e+01 1.349941698346363239e+02 6.483853247062694170e-01 1.373459350756475317e+02 7.556371304833052680e+06
3.079700774621063886e+01 1.340703888028228903e+02 6.576362708987190109e-01 1.363928972928748635e+02 7.482987192237587646e+06
3.087554762623818760e+01 1.354814277994646829e+02 6.621814657163340723e-01 1.376841200752160148e+02 7.654241181171093136e+06
3.095408750594254599e+01 1.369392636993835879e+02 6.734019289042673106e-01 1.392170278667044272e+02 7.655879497373611666e+06
3.103262738532617249e+01 1.373125916519667555e+02 6.748757694214241321e-01 1.396639822519592542e+02 7.791781624609907158e+06
3.111116726439149005e+01 1.380775185922722983e+02 6.804961804306574047e-01 1.403273573761835848e+02 7.836324600868159905e+06
3.118970714314090387e+01 1.410042512384305837e+02 6.820049614603389543e-01 1.433837720182301325e+02 7.836606221441840753e+06
3.126824702157679781e+01 1.399073592030678412e+02 6.870258252273816479e-01 1.423915893947703069e+02 7.795125558392211795e+06
3.134678689970152377e+01 1.390098197547765153e+02 6.899471830386524340e-01 1.414415064391511123e+02 7.857603089207981713e+06
3.142532677751741588e+01 1.404447870794127198e+02 7.041405365940458516e-01 1.428362328882398344e+02 7.968165832852995954e+06
3.150386665502678696e+01 1.426596511033882848e+02 7.028013770867005405e-01 1.451050116255587454e+02 7.997594297107715160e+06
3.158240653223192140e+01 1.425625563297132601e+02 7.065492556522354750e-01 1.448729736484592081e+02 7.933671568428179249e+06
3.166094640913508229e+01 1.451477319624595452e+02 7.040138470800452186e-01 1.476968622967775957e+02 8.134628469737421721e+06
3.173948628573851494e+01 1.451913433558932525e+02 7.176037142690462334e-01 1.476323567511972499e+02 8.196556315519153140e+06
3.181802616204443623e+01 1.449819074247699007e+02 7.228242609982949984e-01 1.474662108664758762e+02 8.116698275057246909e+06
3.189656603805504531e+01 1.474835056806089426e+02 7.279833497908613227e-01 1.498299577282773782e+02 8.241660603959372267e+06
3.197510591377251998e+01 1.458233576488870256e+02 7.451522883622642146e-01 1.484576094863040225e+02 8.337537989475961775e+06
3.205364578919900964e+01 1.495236870135989307e+02 7.406569994189698969e-01 1.522513635146471529e+02 8.428937343858525157e+06
3.213218566433665302e+01 1.492664718962217023e+02 7.449851836992434917e-01 1.520706085656927087e+02 8.366726483697764575e+06
3.221072553918755688e+01 1.491350428869878613e+02 7.442047129869523436e-01 1.514198055543801615e+02 8.433182400611847639e+06
3.228926541375382442e+01 1.499046715009282025e+02 7.588040762681104168e-01 1.526074492797966684e+02 8.558619115959886461e+06
3.236780528803751622e+01 1.530652610698235776e+02 7.522443553177501352e-01 1.556931585175999544e+02 8.662247907760147005e+06
3.244634516204068575e+01 1.509230462189675279e+02 7.728974719072143618e-01 1.534167278286262217e+02 8.620174290918234736e+06
3.252488503576537227e+01 1.546033239846781555e+02 7.721307754740925899e-01 1.576447373034565658e+02 8.694671198369495571e+06
3.260342490921358660e+01 1.528487289082066809e+02 7.747474788651906863e-01 1.554645190515858530e+02 8.606741097306635231e+06
3.268196478238731828e+01 1.554668192109564870e+02 7.781951960578737948e-01 1.582765294138278023e+02 8.915442930457808077e+06
3.276050465528854261e+01 1.590939762807716136e+02 7.851187586652427219e-01 1.619242554607040461e+02 8.951382420997174457e+06
3.283904452791921358e+01 1.589997015945959902e+02 7.932974291565060287e-01 1.618710093768897025e+02 8.951154892588308081e+06
3.291758440028127097e+01 1.565621972314327195e+02 7.966467111631668763e-01 1.593013825873449036e+02 9.236596780089756474e+06
3.299612427237663326e+01 1.596673094449980397e+02 8.027546229189731486e-01 1.622437672380744971e+02 9.187498396167192608e+06
3.307466414420719758e+01 1.608691273404882338e+02 8.078302710170739420e-01 1.638042480871990563e+02 9.128080510770518333e+06
3.315320401577483977e+01 1.623140088144068613e+02 8.159957372752427718e-01 1.652362848282912466e+02 9.355808253708090633e+06
3.323174388708143567e+01 1.668845496713686032e+02 8.230219044458446653e-01 1.699867207460017653e+02 9.356546903150163591e+06
3.331028375812883269e+01 1.691600963783118914e+02 8.130200604197760361e-01 1.726231167015208143e+02 9.588649959545353428e+06
3.338882362891884981e+01 1.702604377860396596e+02 8.201930205110591343e-01 1.737755056108576639e+02 9.615476672195874155e+06
3.346736349945329891e+01 1.659993071644302631e+02 8.413788899779864883e-01 1.694837554463457252e+02 9.640834438839657232e+06
3.354590336973399189e+01 1.679256645086177286e+02 8.322107651995472866e-01 1.709361310268481304e+02 9.871644636996718124e+06
3.362444323976268379e+01 1.708211473087094419e+02 8.360168892221743198e-01 1.744529400711061840e+02 9.887605768870342523e+06
3.370298310954115806e+01 1.712461181458373574e+02 8.558805096578820937e-01 1.743847543714121571e+02 9.711703973495846614e+06
3.378152297907114132e+01 1.619232409604558995e+02 8.481649690381432016e-01 1.654744661386079656e+02 9.452386359756773338e+06
3.386006284835436730e+01 1.730295639499676952e+02 8.652391309078105719e-01 1.763606810310344031e+02 1.008351890736890398e+07
3.393860271739255552e+01 1.788772082061678930e+02 8.101439370961429631e-01 1.822814724407780886e+02 1.035883403435719945e+07
3.401714258618739706e+01 1.754449565353754679e+02 8.906396571188082145e-01 1.790957754948111074e+02 1.014593250957033597e+07
3.409568245474058301e+01 1.745605329666051091e+02 8.841156079779420862e-01 1.787058077320351401e+02 9.465940307632837445e+06
3.417422232305376895e+01 1.713646412996681931e+02 9.268515506025528650e-01 1.746820747204388056e+02 1.031840703672418371e+07
3.425276219112861043e+01 1.887842613155874005e+02 9.112585842054258256e-01 1.926423269865431678e+02 1.139434365546035208e+07
3.433130205896674880e+01 1.823797662206992243e+02 8.965523517295245215e-01 1.857652490461199761e+02 1.055380315335589088e+07
3.440984192656979701e+01 1.821345981127519451e+02 9.616961477967816974e-01 1.838812776947451084e+02 1.012873668053099886e+07
3.448838179393936088e+01 1.704183534953176604e+02 9.298017968293826874e-01 1.729526590003567605e+02 9.946418484521327540e+06
3.456692166107702491e+01 1.858174705768794581e+02 9.244268494796549218e-01 1.910170810321601778e+02 1.044815950960326381e+07
3.464546152798438072e+01 1.567076271292853278e+02 8.828254636434441638e-01 1.616355752165909223e+02 1.188036798315816931e+07
3.472400139466299152e+01 1.660973310676506287e+02 1.074583914977649268e+00 1.708265591803555878e+02 7.972276616914722137e+06
