# 0.02969 0.000463
7.871241428633635184e-02 8.876291795019562031e-03 2.481444347394178756e-06 9.067983339952841865e-03 3.225436000481220617e+03
1.618072713909662341e-01 4.771018110131791667e-02 6.358378759069565653e-06 4.764831522067897174e-02 1.298549037964549825e+04
2.418771330418761079e-01 6.368400574483032428e-02 1.386494813296531233e-05 6.304964596283375855e-02 1.795401643334044638e+04
3.211923215201240578e-01 1.377949609244652207e-01 3.133979421061019338e-05 1.368991467970421538e-01 3.432282729325120454e+04
4.002017901256537113e-01 2.065837127515830485e-01 4.662852745480251278e-05 2.046510564738856230e-01 4.925832627737562143e+04
4.790568272527075955e-01 2.169181762270284419e-01 7.633855065462629395e-05 2.136588187268773087e-01 4.816719871359039826e+04
5.578229290343351687e-01 3.270787394296763018e-01 1.117354610272808859e-04 3.217636332373443597e-01 7.196270579085109057e+04
6.365331115321660738e-01 3.814159867913838875e-01 1.354879508288923452e-04 3.752952283752772900e-01 7.704077377553333645e+04
7.152058371535838788e-01 4.423326105614431292e-01 1.703483931281689779e-04 4.348607638278380594e-01 8.945671754151950881e+04
7.938522421846891941e-01 4.876588726291703479e-01 2.152246736297627814e-04 4.792006037532169915e-01 9.069478655226275441e+04
8.724794443688169698e-01 5.728026939169191811e-01 2.403082767363074574e-04 5.622964780226306081e-01 1.017727046723781386e+05
9.510922062407737299e-01 6.436792289280858226e-01 2.677750868573150044e-04 6.320377225163499313e-01 1.121163883678866114e+05
1.029693835175838679e+00 7.096338633843564114e-01 3.168355106694555729e-04 6.964064816896691212e-01 1.166223709346660326e+05
1.108286699878543891e+00 8.007679282297689438e-01 3.537856338031687090e-04 7.853826079932106907e-01 1.256501822194316919e+05
1.186872541411916560e+00 8.481138038523456935e-01 3.872419976694342365e-04 8.325041800270828185e-01 1.318734862804945151e+05
1.265452668213572940e+00 9.022987000187857598e-01 4.352801464574463969e-04 8.847506692101254622e-01 1.385500343266783166e+05
1.344028082638708543e+00 1.002822873509741530e+00 4.693601531285445045e-04 9.842949026113154698e-01 1.497242397084064723e+05
1.422599565533279709e+00 1.060545664902809104e+00 5.129629446095486205e-04 1.041302304444881699e+00 1.531252756176824041e+05
1.501167734229200246e+00 1.182935167927734676e+00 5.687026115188208554e-04 1.161086810384163170e+00 1.615383773807823600e+05
1.579733083222462531e+00 1.292423266672188653e+00 6.430211394795816611e-04 1.268271453866658183e+00 1.752145318646685046e+05
1.658296013281593151e+00 1.330580553293982948e+00 6.772571059491944157e-04 1.307725706725110015e+00 1.766598671537994524e+05
1.736856852652245875e+00 1.453162423731092057e+00 7.331184335524796669e-04 1.428150823522788881e+00 1.829342636041938094e+05
1.815415872753641580e+00 1.474404198956057677e+00 7.845428661254983055e-04 1.448413970971229814e+00 1.872882708157635643e+05
1.893973299967037560e+00 1.617957907770723347e+00 8.810530266219865391e-04 1.588750408528286862e+00 1.991710688018539222e+05
1.972529324606241641e+00 1.708676688677546407e+00 9.174547638122896231e-04 1.679655616664393447e+00 2.067291599799203977e+05
2.051084107826015579e+00 1.809029785471170992e+00 9.969573401269243764e-04 1.778360878411801904e+00 2.146660461703107576e+05
2.129637787001040561e+00 1.979776308181985023e+00 1.075735931695775407e-03 1.946388045552785107e+00 2.297635444728102011e+05
2.208190479956450680e+00 2.081427977800882179e+00 1.161973280413372599e-03 2.046377045330276978e+00 2.345708274405320408e+05
2.286742288326184092e+00 2.100638440552529573e+00 1.220975524550378622e-03 2.065783500412099905e+00 2.365960394606317568e+05
2.365293300241981811e+00 2.142640263521892408e+00 1.308256325869899253e-03 2.106566132947039538e+00 2.341611083470633312e+05
2.443843592503681883e+00 2.276303186717543170e+00 1.368419279644154463e-03 2.240258342704308792e+00 2.466557121895458549e+05
2.522393232343909553e+00 2.414469555992852623e+00 1.409260954219147344e-03 2.376263704055048720e+00 2.577072058622896147e+05
2.600942278872942381e+00 2.594262766342613880e+00 1.555119097295691458e-03 2.551258105204197602e+00 2.713095350779503933e+05
2.679490784269383141e+00 2.669740102901378087e+00 1.664944439411056168e-03 2.624374922051098125e+00 2.741811896166547085e+05
2.758038794767343038e+00 2.804857749901141339e+00 1.763204728591472080e-03 2.759233431914878576e+00 2.855238664857514086e+05
2.836586351479573942e+00 3.003646164094369908e+00 1.805149951072235106e-03 2.955856921866107268e+00 2.981123329230169184e+05
2.915133491087511963e+00 3.044825421153063427e+00 1.898806888874246838e-03 2.997566683990085856e+00 2.974278386205147253e+05
2.993680246422668834e+00 3.143598009692247341e+00 2.072204214943764843e-03 3.094216472544401242e+00 3.007516649188279989e+05
3.072226646958827967e+00 3.341318503930570394e+00 2.152438760931719985e-03 3.288496928186551482e+00 3.169533652747214073e+05
3.150772719230606977e+00 3.456654264518299158e+00 2.255279428909572580e-03 3.400690950392869283e+00 3.215369002075552708e+05
3.229318487190934395e+00 3.502775976192473717e+00 2.370489880642446482e-03 3.449620883349248324e+00 3.234203074345919304e+05
3.307863972517584905e+00 3.633172278618762352e+00 2.471458591610584902e-03 3.577712030630263662e+00 3.309536402534523513e+05
3.386409194877053608e+00 3.802904519570588171e+00 2.583460982635803118e-03 3.744919059979777032e+00 3.436492968361447565e+05
3.464954172152534095e+00 3.938246047811736705e+00 2.760071365713855258e-03 3.877689618558636475e+00 3.523750077592821326e+05
3.543498920641575456e+00 4.123358677519431303e+00 2.889173282328057722e-03 4.061645979839868303e+00 3.617924745063050650e+05
3.622043455228019404e+00 4.178208881879824865e+00 3.033867603217851958e-03 4.116450965501011972e+00 3.696051451414133189e+05
3.700587789532037597e+00 4.392513789541154345e+00 3.196866933978629709e-03 4.325547811721594194e+00 3.759299783455885481e+05
3.779131936041457696e+00 4.507260570979740422e+00 3.364762998842450899e-03 4.439050297745452234e+00 3.800339870024885749e+05
3.857675906227046259e+00 4.611525928687793652e+00 3.461300795199001318e-03 4.542513366135430886e+00 3.852232307225809782e+05
3.936219710643986680e+00 4.772326317013985353e+00 3.667746407558621774e-03 4.700950335035789962e+00 4.002716028677613940e+05
4.014763359021444877e+00 4.922665835652063393e+00 3.790706834570342978e-03 4.849439127857838372e+00 4.034939052271076362e+05
4.093306860341824560e+00 5.097279794508452255e+00 4.040455348038387261e-03 5.020658262631223501e+00 4.165808237670134404e+05
4.171850222911064776e+00 5.204711458218832298e+00 4.173954618210538869e-03 5.125421232457891385e+00 4.193074931034474866e+05
4.250393454421145911e+00 5.335950841686284640e+00 4.345278942504473066e-03 5.257063702544922279e+00 4.250228498196069850e+05
4.328936562005788247e+00 5.553676715798653518e+00 4.574449321749165034e-03 5.471662530477010122e+00 4.376392604603579966e+05
4.407479552290201497e+00 5.685166364724324239e+00 4.685276740237836676e-03 5.600649471993175865e+00 4.431699561312799342e+05
4.486022431435594982e+00 5.822650416322650457e+00 4.893462590332002364e-03 5.738113033227037363e+00 4.470846917333504534e+05
4.564565205179107465e+00 6.034326704330899460e+00 5.063528033871271539e-03 5.946982785449545617e+00 4.632028971494777943e+05
4.643107878869670024e+00 6.130705748263235222e+00 5.305477467945091813e-03 6.042030679377585756e+00 4.654353281152563286e+05
4.721650457500300213e+00 6.311319966108172252e+00 5.526901574047475216e-03 6.216503811124926671e+00 4.765970634722535615e+05
4.800192945737217443e+00 6.480848603711627298e+00 5.670870410295715536e-03 6.389209689812794579e+00 4.845401216569493408e+05
4.878735347946150824e+00 6.634839278400598062e+00 5.874720891755430725e-03 6.540194974677222994e+00 4.857747635609779391e+05
4.957277668216146793e+00 6.823755108750733989e+00 6.147596710784297702e-03 6.729495630855443444e+00 4.977069121830256772e+05
5.035819910381144737e+00 6.972894860110642412e+00 6.312867831802651715e-03 6.875759290012644520e+00 5.071269867927553132e+05
5.114362078039562221e+00 7.160327788266957150e+00 6.560504841844476062e-03 7.061769199381779494e+00 5.173716826912426041e+05
5.192904174572115394e+00 7.316825636398748500e+00 6.841643038312276645e-03 7.212970433534717785e+00 5.205106286462854478e+05
5.271446203158030919e+00 7.446827154607578159e+00 7.073149518871160377e-03 7.344775394370596899e+00 5.287527153569746297e+05
5.349988166789838573e+00 7.715582840564036538e+00 7.322908521048278677e-03 7.604801997960302984e+00 5.418296709666054230e+05
5.428530068286878674e+00 7.833038405835613283e+00 7.582567876656422061e-03 7.724174450210782084e+00 5.503454640472223982e+05
5.507071910307648643e+00 8.001525110765179249e+00 7.823823935701136947e-03 7.894118309564333913e+00 5.543306965877834009e+05
5.585613695361120179e+00 8.247517982424652061e+00 8.116603083387902498e-03 8.137567864062942746e+00 5.646460725038737291e+05
5.664155425817094525e+00 8.475807751755093378e+00 8.396713917192592802e-03 8.359415848731694965e+00 5.808718312249396695e+05
5.742697103915729961e+00 8.628260828303172758e+00 8.663054556619522936e-03 8.509464773402056537e+00 5.825479312807929236e+05
5.821238731776284148e+00 8.860484250340094903e+00 8.985972700948186703e-03 8.740769214419614741e+00 5.963486016110306373e+05
5.899780311405160127e+00 8.969947479031862514e+00 9.169071688653898655e-03 8.850001962267665334e+00 5.975834096857592231e+05
5.978321844703323507e+00 9.162317546606633556e+00 9.426696581947040937e-03 9.039363440645351133e+00 6.072247528543224325e+05
6.056863333473133437e+00 9.356044801447270132e+00 9.895816657667059688e-03 9.225965126392756233e+00 6.134918206115117064e+05
6.135404779424661115e+00 9.512984621563580490e+00 1.020466239547650374e-02 9.385768528093448637e+00 6.215127867328951834e+05
6.213946184181517118e+00 9.785959402124182915e+00 1.038918660449415950e-02 9.660173601365098506e+00 6.375724575440152548e+05
6.292487549286247983e+00 9.928460461147457394e+00 1.079889188544087310e-02 9.800671818806392821e+00 6.398762797387761530e+05
6.371028876205335756e+00 1.015351141455214723e+01 1.112361378364037229e-02 1.001948833046672327e+01 6.508006156305419281e+05
6.449570166333828070e+00 1.040224235439912093e+01 1.147442202725829086e-02 1.026587866578701203e+01 6.644316116532887099e+05
6.528111420999634262e+00 1.051556080694369122e+01 1.183344359711843014e-02 1.037951932769719221e+01 6.684290947233991465e+05
6.606652641467518627e+00 1.069948280887377656e+01 1.215750203681808909e-02 1.056206023498475766e+01 6.782528098830084782e+05
6.685193828942805006e+00 1.105681415195695294e+01 1.262319240611768645e-02 1.091743863109361001e+01 6.894170825199820101e+05
6.763734984574836240e+00 1.112701775769535395e+01 1.296663001071678145e-02 1.098461067168012484e+01 6.968712515602424974e+05
6.842276109460177835e+00 1.139925780584102633e+01 1.342970115454154671e-02 1.125040486914458882e+01 7.022637066846548114e+05
6.920817204645620890e+00 1.147905127253624791e+01 1.375831162959112799e-02 1.133035854648544927e+01 7.044634883758290671e+05
6.999358271130968312e+00 1.175564887328644481e+01 1.405942287880379039e-02 1.160182475591361850e+01 7.199988993088295683e+05
7.077899309871646949e+00 1.201984895022092026e+01 1.445157634746262534e-02 1.186886784098189551e+01 7.337824669838851551e+05
7.156440321781138536e+00 1.213112227863223858e+01 1.482205329134301912e-02 1.198098242519097845e+01 7.330602909682256868e+05
7.234981307733260536e+00 1.238734762997310490e+01 1.531830301183312315e-02 1.223415624218637454e+01 7.482721774753337959e+05
7.313522268564292439e+00 1.254759317899803683e+01 1.565240325243650449e-02 1.239196074974392836e+01 7.520242324260787573e+05
7.392063205074973276e+00 1.286054299705072701e+01 1.603891369012851176e-02 1.270804023090173018e+01 7.662468524591452442e+05
7.470604118032365015e+00 1.306429986235925789e+01 1.653109026526223060e-02 1.290084382943453178e+01 7.745517791973678395e+05
7.549145008171610272e+00 1.318808978143955457e+01 1.708715330482771244e-02 1.302578261094953938e+01 7.789266004526750185e+05
7.627685876197570103e+00 1.340638219495863481e+01 1.747942581930533520e-02 1.324364046415586316e+01 7.868102869300106540e+05
7.706226722786373884e+00 1.371643674866401952e+01 1.786861460107816088e-02 1.354811500247768308e+01 8.047819374523187289e+05
7.784767548586863484e+00 1.400546465937119223e+01 1.843003106820820247e-02 1.383335448883702412e+01 8.138015183981189039e+05
7.863308354221953955e+00 1.406491321162416952e+01 1.892527389797166865e-02 1.389409971445566860e+01 8.138348989879663568e+05
7.941849140289923170e+00 1.430126050956616091e+01 1.930614715163694872e-02 1.412919149049416312e+01 8.252100251796838129e+05
8.020389907365611748e+00 1.465966172025451186e+01 1.982361281826025556e-02 1.448562235606636506e+01 8.404796466177810216e+05
8.098930656001561701e+00 1.480108013535329725e+01 2.038073069141496663e-02 1.462752694338812454e+01 8.464616240028339671e+05
8.177471386729090241e+00 1.492349392621904158e+01 2.091835224135477414e-02 1.474268736242891364e+01 8.508918306833384559e+05
8.256012100059292536e+00 1.523361181958255273e+01 2.124098587142936312e-02 1.505490714452647794e+01 8.614835258019149769e+05
8.334552796484000936e+00 1.539149822734304607e+01 2.199658146674385653e-02 1.521162847898389181e+01 8.663284422708965139e+05
8.413093476476680266e+00 1.565951570158632400e+01 2.234378150995849563e-02 1.547618816981017353e+01 8.846226654223137302e+05
8.491634140493276917e+00 1.581481400510464042e+01 2.285704141840068371e-02 1.563488683539578616e+01 8.869076624929038808e+05
8.570174788973028868e+00 1.611568982698178587e+01 2.356677982365535523e-02 1.592516748973403473e+01 9.007340486239674501e+05
8.648715422339215309e+00 1.638829404764797104e+01 2.407851018694146319e-02 1.620204604668272808e+01 9.118060011371766450e+05
8.727256040999876063e+00 1.656379321814279848e+01 2.471167282833782938e-02 1.637625300990390897e+01 9.157275697901962558e+05
8.805796645348495488e+00 1.686173857122538422e+01 2.524002218538629397e-02 1.667520573248015481e+01 9.266385253887324361e+05
8.884337235764643737e+00 1.704266654202428910e+01 2.575163329242666915e-02 1.685739123751010737e+01 9.366073864953640150e+05
8.962877812614589601e+00 1.730194813911767682e+01 2.632507981095294838e-02 1.710353759930519146e+01 9.469651745393467136e+05
9.041418376251867173e+00 1.761443647338677465e+01 2.703771308654017227e-02 1.742076872168811263e+01 9.579820540609080344e+05
9.119958927017840722e+00 1.776051257199739553e+01 2.759251402103903017e-02 1.756139546487239045e+01 9.630249121576789767e+05
9.198499465242209183e+00 1.803795182815743203e+01 2.829717984473588063e-02 1.783879435406161562e+01 9.747323323715791339e+05
9.277039991243508865e+00 1.828829842869612321e+01 2.881091807378518763e-02 1.809133667896189479e+01 9.803463375383305829e+05
9.355580505329580632e+00 1.847738393512728550e+01 2.943575558277924942e-02 1.828171041714955791e+01 9.940702768221178558e+05
9.434121007798012215e+00 1.865796796982870376e+01 3.025571946399860379e-02 1.845873899974046495e+01 9.967491185264326632e+05
9.512661498936562765e+00 1.902903826510229024e+01 3.064806717960377389e-02 1.882795048566632090e+01 1.010344528904797626e+06
9.591201979023569635e+00 1.921118390034821388e+01 3.159760705011040172e-02 1.901595569492709714e+01 1.019878197499513626e+06
9.669742448328321416e+00 1.950806784173394703e+01 3.210357536639906612e-02 1.930781586873246525e+01 1.026745269951160648e+06
9.748282907111432749e+00 1.966105377568946011e+01 3.283629099975036991e-02 1.945455521466432458e+01 1.033712173847691971e+06
9.826823355625185386e+00 2.002040694915817554e+01 3.363874653540484955e-02 1.981015513704316788e+01 1.048919792513397755e+06
9.905363794113858589e+00 2.021969173624190930e+01 3.442848429471369320e-02 2.001191772587407769e+01 1.057044520434255246e+06
9.983904222814045326e+00 2.055044709069503028e+01 3.488434724000887693e-02 2.034448034137416883e+01 1.068227426427712664e+06
1.006244464195495070e+01 2.073454740082523173e+01 3.554503895289861520e-02 2.053025238188071810e+01 1.076957451843307354e+06
1.014098505175868148e+01 2.091503401188224842e+01 3.627086673188782001e-02 2.070379426237109044e+01 1.088168667180421762e+06
1.021952545244051613e+01 2.122782811421508242e+01 3.723234543736256980e-02 2.102273314486314959e+01 1.095993710086235078e+06
1.029806584420916415e+01 2.145924186573802572e+01 3.799461403452111113e-02 2.124781370161320027e+01 1.107040793133992469e+06
1.037660622726701654e+01 2.176301573653697474e+01 3.869410092474170199e-02 2.155304712208909024e+01 1.116229616147572175e+06
1.045514660181038380e+01 2.192532377492772611e+01 3.965238101456050601e-02 2.171801439998982275e+01 1.126083096879166085e+06
1.053368696802971982e+01 2.221597117280753153e+01 4.012663855259994417e-02 2.200897594012831249e+01 1.127475401290370617e+06
1.061222732610984210e+01 2.251694548282937447e+01 4.111427059751204816e-02 2.230031441804726811e+01 1.149579124017586233e+06
1.069076767623013779e+01 2.276140602518393763e+01 4.168783677922540537e-02 2.254846364455219998e+01 1.156527164754926693e+06
1.076930801856475739e+01 2.299605694108464249e+01 4.289186745493053787e-02 2.278601013420952981e+01 1.167197991522152908e+06
1.084784835328281005e+01 2.317877843185971898e+01 4.361779684896891635e-02 2.296431903541451902e+01 1.172691314408181235e+06
1.092638868054854306e+01 2.359853959530088474e+01 4.444967023844335202e-02 2.336985653278135544e+01 1.188123890005750116e+06
1.100492900052151413e+01 2.364306926771844886e+01 4.516728078088953074e-02 2.342252318860342797e+01 1.193445929473624565e+06
1.108346931335675833e+01 2.397197401723068566e+01 4.624547135340441317e-02 2.375013904833383549e+01 1.207739774777875748e+06
1.116200961920494805e+01 2.428394109854731298e+01 4.717978151146368787e-02 2.406310857510007040e+01 1.216900182875692146e+06
1.124054991821254212e+01 2.446546157331103188e+01 4.802213723281745228e-02 2.424098409711313451e+01 1.224234103285160381e+06
1.131909021052193687e+01 2.472234086336047554e+01 4.883707431338284166e-02 2.450078051601611051e+01 1.235379846515586134e+06
1.139763049627160285e+01 2.504367164716738614e+01 4.961905735379208704e-02 2.482299022115241272e+01 1.243169143309877953e+06
1.147617077559622167e+01 2.534741572171733637e+01 5.077720588646020966e-02 2.512299416201854285e+01 1.260379109609075822e+06
1.155471104862680853e+01 2.559810025159291769e+01 5.148941859270133453e-02 2.538492834555661659e+01 1.271473313144511776e+06
1.163325131549084368e+01 2.600522402446146941e+01 5.238515112797723083e-02 2.578140292484154017e+01 1.283642967812260846e+06
1.171179157631238787e+01 2.616839585742775398e+01 5.326539126609487057e-02 2.594440341486604495e+01 1.285828192074376857e+06
1.179033183121219608e+01 2.636760764648417776e+01 5.436354758653845487e-02 2.615136050310974625e+01 1.297535961224962026e+06
1.186887208030782759e+01 2.651693370136657890e+01 5.539301009982033203e-02 2.629702662643597577e+01 1.305597022679338232e+06
1.194741232371374728e+01 2.708831627892748628e+01 5.621567529628085369e-02 2.687306373567230011e+01 1.321643646169587038e+06
1.202595256154143222e+01 2.720337703740231561e+01 5.713157829650583608e-02 2.698912063079720625e+01 1.329771581878123106e+06
1.210449279389946753e+01 2.757671817888135735e+01 5.880888508062043912e-02 2.736193808315493570e+01 1.345128130315167829e+06
1.218303302089363527e+01 2.782453038100178944e+01 5.952902586516247568e-02 2.759677564920880499e+01 1.353179281170507660e+06
1.226157324262700676e+01 2.805060603630159832e+01 6.059057756264130817e-02 2.783838461300481981e+01 1.364241051006199094e+06
1.234011345920003322e+01 2.821748650866134867e+01 6.172012461185968218e-02 2.798821782290411520e+01 1.369353122050549835e+06
1.241865367071062565e+01 2.853995353962448434e+01 6.260934765942753610e-02 2.832027316205016731e+01 1.381692800210019341e+06
1.249719387725422415e+01 2.882575378453422132e+01 6.368267250908095367e-02 2.860645435086608401e+01 1.394748654194947798e+06
1.257573407892389383e+01 2.914117941314186666e+01 6.478913811435599301e-02 2.891971884667866277e+01 1.408852842970120953e+06
1.265427427581038877e+01 2.928529461434144565e+01 6.601625922651051248e-02 2.907245068248259656e+01 1.409845332281035138e+06
1.273281446800221772e+01 2.965097191885807604e+01 6.674451354122500069e-02 2.943337766026456492e+01 1.426231330420349725e+06
1.281135465558572584e+01 2.999830291506032509e+01 6.788196678222489788e-02 2.978361246880351487e+01 1.444037950712865684e+06
1.288989483864514796e+01 3.016867991387175252e+01 6.908084929356782256e-02 2.996205336053180091e+01 1.445462477638664655e+06
1.296843501726268322e+01 3.044993261952620500e+01 7.040533084322675439e-02 3.024270200873478842e+01 1.455309590207878733e+06
1.304697519151855190e+01 3.074419000775782962e+01 7.165001069335222295e-02 3.053251672492437407e+01 1.469806379615439102e+06
1.312551536149104692e+01 3.119519115666298958e+01 7.277384176596896070e-02 3.098597462069497510e+01 1.487146369917271892e+06
1.320405552725660492e+01 3.136881735867731535e+01 7.400022380981369219e-02 3.115555611721783080e+01 1.497842513098946074e+06
1.328259568888985243e+01 3.166004389266415231e+01 7.513265027323351442e-02 3.145814661704381976e+01 1.507799263888576068e+06
1.336113584646366270e+01 3.189760526957054054e+01 7.636128681084235204e-02 3.168335316955228009e+01 1.518905871757476125e+06
1.343967600004920548e+01 3.223024027122481527e+01 7.750555244123027987e-02 3.201624218953836731e+01 1.526873813487766311e+06
1.351821614971599317e+01 3.256180066203383916e+01 7.900802556832722812e-02 3.235379158287074119e+01 1.542477292632483412e+06
1.359675629553193588e+01 3.276019808007637124e+01 8.043029527032133363e-02 3.256080891098890362e+01 1.546363729856451973e+06
1.367529643756338231e+01 3.315499016731065041e+01 8.157797716449460834e-02 3.295166194913428370e+01 1.564035273076890502e+06
1.375383657587516595e+01 3.338215342563396604e+01 8.273824829856599172e-02 3.318909312150793767e+01 1.573358611792035168e+06
1.383237671053064766e+01 3.365317132561493452e+01 8.411259595583839288e-02 3.345549833106912274e+01 1.583357903247577604e+06
1.391091684159175834e+01 3.393867531380707447e+01 8.514746990776921043e-02 3.374389892460239793e+01 1.590766544526227051e+06
1.398945696911903269e+01 3.429395780145365791e+01 8.704299383428609760e-02 3.409468418422050462e+01 1.608626346236455487e+06
1.406799709317166069e+01 3.463557262918598667e+01 8.810385599325756822e-02 3.444330441210954064e+01 1.624291077888797503e+06
1.414653721380751428e+01 3.491007582397394771e+01 8.911081497177696098e-02 3.471794086318409711e+01 1.634696419307573233e+06
1.422507733108318817e+01 3.518860285548166900e+01 9.118129041404533786e-02 3.501373880513492054e+01 1.648843392132498557e+06
1.430361744505403543e+01 3.538692156487064011e+01 9.172312670572975446e-02 3.520850527450956235e+01 1.660198611642559990e+06
1.438215755577419586e+01 3.567384162066564812e+01 9.376998167176950338e-02 3.548811860450749833e+01 1.665672358779359143e+06
1.446069766329663686e+01 3.611019335239388539e+01 9.488036764021916258e-02 3.593473382856853959e+01 1.689798982939861948e+06
1.453923776767318010e+01 3.631351666256025368e+01 9.655029367849876643e-02 3.612465592163188433e+01 1.693314838710267330e+06
1.461777786895453346e+01 3.671011355143880905e+01 9.800340281225117245e-02 3.652826153473251480e+01 1.710460531906223623e+06
1.469631796719032302e+01 3.729540893809458879e+01 9.973253197458172015e-02 3.711181833437176181e+01 1.729450388376008952e+06
1.477485806242911437e+01 3.730244588858608523e+01 1.006430362421134733e-01 3.712218615880970418e+01 1.733370870410562959e+06
1.485339815471844993e+01 3.752709342496817868e+01 1.024087207739221850e-01 3.735875957279304060e+01 1.747249483924544882e+06
1.493193824410487203e+01 3.802584251681833649e+01 1.033662344874093503e-01 3.786207683507256405e+01 1.768026766180733219e+06
1.501047833063394421e+01 3.834069222577572589e+01 1.054692299569260638e-01 3.816796008649989602e+01 1.781155323346769903e+06
1.508901841435028857e+01 3.848361217323751760e+01 1.065782944683805744e-01 3.831640269548455535e+01 1.785671311249778373e+06
1.516755849529759992e+01 3.896108563189465457e+01 1.087737553216829994e-01 3.879379116077146250e+01 1.802335165189088555e+06
1.524609857351867070e+01 3.927563614402367875e+01 1.100815804147722426e-01 3.910565293647515972e+01 1.821560995269541629e+06
1.532463864905541762e+01 3.970214965791505080e+01 1.116016689251896760e-01 3.954633921107667049e+01 1.837231714399496559e+06
1.540317872194890292e+01 3.996083315505433120e+01 1.136745309394546627e-01 3.980631441481708777e+01 1.846337141377500724e+06
1.548171879223935399e+01 4.026704965968688299e+01 1.144267302023421612e-01 4.010836659780464686e+01 1.859361081286478555e+06
1.556025885996618996e+01 4.054926951407310298e+01 1.164896205374202076e-01 4.039667178214592980e+01 1.877591526109190891e+06
1.563879892516803238e+01 4.089690564101246650e+01 1.179525540471004774e-01 4.075025513671386790e+01 1.884137224805387203e+06
1.571733898788273187e+01 4.118481399364460316e+01 1.197893336153730837e-01 4.104589890541073771e+01 1.900077388017401565e+06
1.579587904814739119e+01 4.152372987794798576e+01 1.210902505566742171e-01 4.138908499128922358e+01 1.908376158956364263e+06
1.587441910599837769e+01 4.200439281208541331e+01 1.233113120656109535e-01 4.187143131627218651e+01 1.928238109589084983e+06
1.595295916147133575e+01 4.233713783062895430e+01 1.247483712109921233e-01 4.221157451870840305e+01 1.943596119131025393e+06
1.603149921460121874e+01 4.254662580864308552e+01 1.267107017875652997e-01 4.241319575506248896e+01 1.954669865291701164e+06
1.611003926542229436e+01 4.284463778089447317e+01 1.281333786611463521e-01 4.271245776206323796e+01 1.969248245837105671e+06
1.618857931396816596e+01 4.335656107179402596e+01 1.301082370226346041e-01 4.323810871152619484e+01 1.988299221045855898e+06
1.626711936027179561e+01 4.357996623332742558e+01 1.319825418775064096e-01 4.345358380537550147e+01 1.999116972097487887e+06
1.634565940436549525e+01 4.393587440763147356e+01 1.337222387235022236e-01 4.382280529596526009e+01 2.018222931139622116e+06
1.642419944628097639e+01 4.433234865879349940e+01 1.355084952327735015e-01 4.422374509749779037e+01 2.033435103329105070e+06
1.650273948604932883e+01 4.466921762613875302e+01 1.374520706515713897e-01 4.456147882931419701e+01 2.045563170742215589e+06
1.658127952370107394e+01 4.508318004296857850e+01 1.386443971102984118e-01 4.497764440190686486e+01 2.063295655623424100e+06
1.665981955926614333e+01 4.540556240401596000e+01 1.404084668657581414e-01 4.530350159691302991e+01 2.073209849812719040e+06
1.673835959277390728e+01 4.586401658112901458e+01 1.430669462518553148e-01 4.576074295201888020e+01 2.094032055859143147e+06
1.681689962425318896e+01 4.621165656688263113e+01 1.445321117404598510e-01 4.612669661219813833e+01 2.109829643627885729e+06
1.689543965373228218e+01 4.647882276444563132e+01 1.465792088388348513e-01 4.638644619409146941e+01 2.128495292857415043e+06
1.697397968123895495e+01 4.676445049439708157e+01 1.484893024463727618e-01 4.667791930763031871e+01 2.135876403323733248e+06
1.705251970680045304e+01 4.712430551896753883e+01 1.508836426569048483e-01 4.705525959605740383e+01 2.148052894755479414e+06
1.713105973044353902e+01 4.751531961716214880e+01 1.522288788629815315e-01 4.744318183886313278e+01 2.170107467543234117e+06
1.720959975219447102e+01 4.786446259728578667e+01 1.539968592626028976e-01 4.778126982738740480e+01 2.190065868274665438e+06
1.728813977207903463e+01 4.821819613630839285e+01 1.567259419131012133e-01 4.814545827527364708e+01 2.204937061625727918e+06
1.736667979012256424e+01 4.880764618398718113e+01 1.587709016444634191e-01 4.874803440165400303e+01 2.224426140600876417e+06
1.744521980634991110e+01 4.905330000327786877e+01 1.601934225655137489e-01 4.899612193442752073e+01 2.242281760725938249e+06
1.752375982078550365e+01 4.947536846497560958e+01 1.625433195665431374e-01 4.942035022681179157e+01 2.260930937989930622e+06
1.760229983345331917e+01 4.984498089168315715e+01 1.648603301111515040e-01 4.980466646110599527e+01 2.275419741410417948e+06
1.768083984437692635e+01 5.019227415080904109e+01 1.667644912157686121e-01 5.016231403749829809e+01 2.289428896378520411e+06
1.775937985357945692e+01 5.062901799198658637e+01 1.683743292512575873e-01 5.059600848359102088e+01 2.308072456113112625e+06
1.783791986108364824e+01 5.097942153837855983e+01 1.714488853106490296e-01 5.095024579108408602e+01 2.323270842724562157e+06
1.791645986691183268e+01 5.139017369643449484e+01 1.726448594804604608e-01 5.135213177087767633e+01 2.350807569219205994e+06
1.799499987108595889e+01 5.173867804429789174e+01 1.755106907437108121e-01 5.172030878747697358e+01 2.355833454743190203e+06
1.807353987362759185e+01 5.229919845301554915e+01 1.775150813826339435e-01 5.228898425761929758e+01 2.375747303741572425e+06
1.815207987455791638e+01 5.258875239569339755e+01 1.801495474149927833e-01 5.257579251645654494e+01 2.390412629657533485e+06
1.823061987389775851e+01 5.302443856194694405e+01 1.824328221882889067e-01 5.302790917816802363e+01 2.417158717263628729e+06
1.830915987166758541e+01 5.354455772916509915e+01 1.837421812872711280e-01 5.354108820376976041e+01 2.433402745267862920e+06
1.838769986788751964e+01 5.385862769589531496e+01 1.863851714179026176e-01 5.386418153149097776e+01 2.448760872314879671e+06
1.846623986257733563e+01 5.424364313509190083e+01 1.888126350348740268e-01 5.425520308708690465e+01 2.466972232052499428e+06
1.854477985575647381e+01 5.475827519004059951e+01 1.910559004636750713e-01 5.477542147116393778e+01 2.494292445968331303e+06
1.862331984744404423e+01 5.527754847654104964e+01 1.937050612818464468e-01 5.530138605528734530e+01 2.512425698808156420e+06
1.870185983765884075e+01 5.565122023797088957e+01 1.952339972297964799e-01 5.567782234463725644e+01 2.530981707512716763e+06
1.878039982641934458e+01 5.607056116173259852e+01 1.977685372816916365e-01 5.610029308180897800e+01 2.556922766008815262e+06
1.885893981374372075e+01 5.658303525119273303e+01 2.004608353543370081e-01 5.661654835887875237e+01 2.577491714990052860e+06
1.893747979964983941e+01 5.696513607576011395e+01 2.028025193047719998e-01 5.699927260728502176e+01 2.595035907230887096e+06
1.901601978415527228e+01 5.709506822018968109e+01 2.052894898805437407e-01 5.714367776857616121e+01 2.599734113563671242e+06
1.909455976727730331e+01 5.787426116320340697e+01 2.073700902954872249e-01 5.793183092583166882e+01 2.638578596544384491e+06
1.917309974903293579e+01 5.838680580518194319e+01 2.106036158804523162e-01 5.843681683331794119e+01 2.655950856013476849e+06
1.925163972943889235e+01 5.900411646686306710e+01 2.126397230945259453e-01 5.908003858092121874e+01 2.685937975919840857e+06
1.933017970851161849e+01 5.957497228899629249e+01 2.150115402974493994e-01 5.966014612222746649e+01 2.712337282360211015e+06
1.940871968626730748e+01 5.973843813136100778e+01 2.174809453096545053e-01 5.982628319038670384e+01 2.724929512310710270e+06
1.948725966272188259e+01 6.016459970674171132e+01 2.206997444799527197e-01 6.026644490116025565e+01 2.749450200268428307e+06
1.956579963789100773e+01 6.089378164972478658e+01 2.233682889942962546e-01 6.098536555718614949e+01 2.769634294854538981e+06
1.964433961179010524e+01 6.131667926628838927e+01 2.246685069962022496e-01 6.139589089655724763e+01 2.794179707065629773e+06
1.972287958443434519e+01 6.171107438659434052e+01 2.277771123156873689e-01 6.181724410871814968e+01 2.805982547465840820e+06
1.980141955583865965e+01 6.227541388280759804e+01 2.309627678471041501e-01 6.239053051069927136e+01 2.838487669189675711e+06
1.987995952601774619e+01 6.265111195774334618e+01 2.334689825886902825e-01 6.276617061668216735e+01 2.859306399699489586e+06
1.995849949498606790e+01 6.316366490557027191e+01 2.357192486432330703e-01 6.327740114111721681e+01 2.877374713203326333e+06
2.003703946275786052e+01 6.390011903854215092e+01 2.381026804948960518e-01 6.403657985825475407e+01 2.908183164271695539e+06
2.011557942934713950e+01 6.433967023255416962e+01 2.416902101773511224e-01 6.447653389391058454e+01 2.927835584536782932e+06
2.019411939476770712e+01 6.483653181628322670e+01 2.443710327381340419e-01 6.496932000460650158e+01 2.943390935547143687e+06
2.027265935903314542e+01 6.513450224584897796e+01 2.465989528354255167e-01 6.527583848001361844e+01 2.970728773008370772e+06
2.035119932215682326e+01 6.532604630058069972e+01 2.499350025078820314e-01 6.550491858781948906e+01 2.986610250439856201e+06
2.042973928415191054e+01 6.583660014231989521e+01 2.522997321270250004e-01 6.602973224543971753e+01 3.009243683815532830e+06
2.050827924503137467e+01 6.628217910760497489e+01 2.551531776955970887e-01 6.647255019858235414e+01 3.018047413979458157e+06
2.058681920480798766e+01 6.654168857979543361e+01 2.574685801078366310e-01 6.674715566178021220e+01 3.042123656790983863e+06
2.066535916349431901e+01 6.704157839622564552e+01 2.613333990623304404e-01 6.726611671161775519e+01 3.071560474443770014e+06
2.074389912110275347e+01 6.751729431977017271e+01 2.641150086416864107e-01 6.774149578997011645e+01 3.083241066243910231e+06
2.082243907764548752e+01 6.777162625313276578e+01 2.663558711739811291e-01 6.800702726461570080e+01 3.098578516204784159e+06
2.090097903313453642e+01 6.815607434765173878e+01 2.690078370522799855e-01 6.840427074174486677e+01 3.115280139752143528e+06
2.097951898758173783e+01 6.856988135194836786e+01 2.725749206455436724e-01 6.882438499600898751e+01 3.141246853378028609e+06
2.105805894099874109e+01 6.901211373808537530e+01 2.752237629504066252e-01 6.931782032366069757e+01 3.159803024410795420e+06
2.113659889339703568e+01 6.935585070267819674e+01 2.781212386935142389e-01 6.965693153441065988e+01 3.177972207706538960e+06
2.121513884478793344e+01 6.995813332654789463e+01 2.807542351868693165e-01 7.026313349152415810e+01 3.208966202810713556e+06
2.129367879518258277e+01 7.024809925608586525e+01 2.839618790227110834e-01 7.055856724773040867e+01 3.217927587595642079e+06
2.137221874459196869e+01 7.085182946864989617e+01 2.866622314994023979e-01 7.116979380193637894e+01 3.242608919258439913e+06
2.145075869302691274e+01 7.121795793577352640e+01 2.899406273877007667e-01 7.155405661650269167e+01 3.265303696829033550e+06
2.152929864049807307e+01 7.153066110841417924e+01 2.926466978942788844e-01 7.188479924579853275e+01 3.283457718044694979e+06
2.160783858701596571e+01 7.199633503677328861e+01 2.959537488267134364e-01 7.235881442794153884e+01 3.306529964083408006e+06
2.168637853259094683e+01 7.241347019655380279e+01 2.994198406429533499e-01 7.279965783304537297e+01 3.322394207717400510e+06
2.176491847723321982e+01 7.258488388500144595e+01 3.023425405412565881e-01 7.296339146244601181e+01 3.340796817487799097e+06
2.184345842095285306e+01 7.336889339806413091e+01 3.056911812654615757e-01 7.376848686495560514e+01 3.377674373685176950e+06
2.192199836375975508e+01 7.370187288402438242e+01 3.085031969168255395e-01 7.411053097599069872e+01 3.397060597974304110e+06
2.200053830566371005e+01 7.386629725839256366e+01 3.116587829006092214e-01 7.428474060191497585e+01 3.400795421392848715e+06
2.207907824667434582e+01 7.428372695373555246e+01 3.146547855216355605e-01 7.472184682818648582e+01 3.425136858958502766e+06
2.215761818680116590e+01 7.482268200490335630e+01 3.173955760863797493e-01 7.529807892615353637e+01 3.447536836134560872e+06
2.223615812605353526e+01 7.532836458211978936e+01 3.219326334253726496e-01 7.581259748820285438e+01 3.477606496439960320e+06
2.231469806444068738e+01 7.572482736838357198e+01 3.248305245390488150e-01 7.621092213391469272e+01 3.501887116791207809e+06
2.239323800197172432e+01 7.608927427116221054e+01 3.286538359651007268e-01 7.658063980552331884e+01 3.523975712706756778e+06
2.247177793865562023e+01 7.673303103717454121e+01 3.302852061065758571e-01 7.723881909596856588e+01 3.553206680817807559e+06
2.255031787450123204e+01 7.695738665727851924e+01 3.344563850921954962e-01 7.751029597955286476e+01 3.567439197780724149e+06
2.262885780951728165e+01 7.769826308637757961e+01 3.395251113925537578e-01 7.823478205943489172e+01 3.595587870079694781e+06
2.270739774371238440e+01 7.802163441260323395e+01 3.418045826335793791e-01 7.857489469549369687e+01 3.612099628944801632e+06
2.278593767709502771e+01 7.818100207270120450e+01 3.445114085587155928e-01 7.875852687040222122e+01 3.632636703494574409e+06
2.286447760967358178e+01 7.873817538494360235e+01 3.493833503601210255e-01 7.931648789599272220e+01 3.656369204203448258e+06
2.294301754145629957e+01 7.899276989076179234e+01 3.522307486877876426e-01 7.964038260318289986e+01 3.679850213083467912e+06
2.302155747245133455e+01 7.964527408681171039e+01 3.547903759112038258e-01 8.026465960460762972e+01 3.707303414165438619e+06
2.310009740266672296e+01 8.008270403340206656e+01 3.580871506318159536e-01 8.072270854077876834e+01 3.727640777526970021e+06
2.317863733211038380e+01 8.082928983323704131e+01 3.631585709467705092e-01 8.149271857742306224e+01 3.765348444881720003e+06
2.325717726079013303e+01 8.115735888810075949e+01 3.651188815174602476e-01 8.182628116836006882e+01 3.781916960790744983e+06
2.333571718871368716e+01 8.137281661616536610e+01 3.702757307716680879e-01 8.204382225647063365e+01 3.791196191916844342e+06
2.341425711588865965e+01 8.186046666141231753e+01 3.736599205467766582e-01 8.255796030007908826e+01 3.815150253764686175e+06
2.349279704232255384e+01 8.242002159713723586e+01 3.774565082820586226e-01 8.314525854706360519e+01 3.848018455466305371e+06
2.357133696802278067e+01 8.306087220369123258e+01 3.796736344801038276e-01 8.377519595057121649e+01 3.877391849112102762e+06
2.364987689299664453e+01 8.346981782482168910e+01 3.844000839830669647e-01 8.422827659292772751e+01 3.896380533761023544e+06
2.372841681725136453e+01 8.392203630938246306e+01 3.879003987261323005e-01 8.467902762219033264e+01 3.929939693232922815e+06
2.380695674079405322e+01 8.437260604164141853e+01 3.923207184281978788e-01 8.515945234878191172e+01 3.938684267512416467e+06
2.388549666363174140e+01 8.473487365649425840e+01 3.947203936148147574e-01 8.551071744013293596e+01 3.971778122453505639e+06
2.396403658577134976e+01 8.553678494085845330e+01 3.992229254361748803e-01 8.636624169855915056e+01 4.016772653004552703e+06
2.404257650721972439e+01 8.569119323414795986e+01 4.032142202837677991e-01 8.652141683260137484e+01 4.021022363686676137e+06
2.412111642798362254e+01 8.623500298272310260e+01 4.062339151423526862e-01 8.705662299454209574e+01 4.040639309336421080e+06
2.419965634806970556e+01 8.704724830787455403e+01 4.121177687829550296e-01 8.790840179288005629e+01 4.070783243356405757e+06
2.427819626748454596e+01 8.727223140386067257e+01 4.151765155398787766e-01 8.812583532749869164e+01 4.110203241488258354e+06
2.435673618623464520e+01 8.794710939166157004e+01 4.202570541568425577e-01 8.884847844536443517e+01 4.141720049642854370e+06
2.443527610432640529e+01 8.839979217865894157e+01 4.232720243219041945e-01 8.928575847975014312e+01 4.147329294615322724e+06
2.451381602176616425e+01 8.868687017872299805e+01 4.267128419754014357e-01 8.960581645190002575e+01 4.182229968762518372e+06
2.459235593856016067e+01 8.943359559909312395e+01 4.311759325577966817e-01 9.033840605549499969e+01 4.207121398612963967e+06
2.467089585471456203e+01 8.986231407259094794e+01 4.334183893671755272e-01 9.080252189085534553e+01 4.229790139886477962e+06
2.474943577023546126e+01 9.044245630421190185e+01 4.388666825721403986e-01 9.141499837142033869e+01 4.264858209440851584e+06
2.482797568512887310e+01 9.101965823358888485e+01 4.429607020607643775e-01 9.199308587038436258e+01 4.292167970262335613e+06
2.490651559940072346e+01 9.143749819535210577e+01 4.468789721185785213e-01 9.245824531138714519e+01 4.319083437396651134e+06
2.498505551305688144e+01 9.211071617984579518e+01 4.511144989255987392e-01 9.309111973328739964e+01 4.358044351278286427e+06
2.506359542610313440e+01 9.266625083317862277e+01 4.558096161105387178e-01 9.372728965571909043e+01 4.390979159492017701e+06
2.514213533854519511e+01 9.324654582633169753e+01 4.596673796964790282e-01 9.433200109035890080e+01 4.406071401914632879e+06
2.522067525038871239e+01 9.396027386023433792e+01 4.647687305761694088e-01 9.507295311098138768e+01 4.446045530540982261e+06
2.529921516163925688e+01 9.420645102951870342e+01 4.687107632642679156e-01 9.529608351509914144e+01 4.468230923992175609e+06
2.537775507230233529e+01 9.491074902921245382e+01 4.730774268637218394e-01 9.604650749021602962e+01 4.500608925232218578e+06
2.545629498238338684e+01 9.547733759624182426e+01 4.779008491064448139e-01 9.662703098560686499e+01 4.530729619049194269e+06
2.553483489188777966e+01 9.608972807761733748e+01 4.823195593180533147e-01 9.723874403560665769e+01 4.547627992193901911e+06
2.561337480082082152e+01 9.656785179017758480e+01 4.865895282968222268e-01 9.774910539225618322e+01 4.582061775710581802e+06
2.569191470918774911e+01 9.735530012494903929e+01 4.904371152165851733e-01 9.857536259301377868e+01 4.629605652077596635e+06
2.577045461699373874e+01 9.762050770803803346e+01 4.941016446039868115e-01 9.880600329216754574e+01 4.652933804290161468e+06
2.584899452424390631e+01 9.836015876609438635e+01 4.995252157273917248e-01 9.961606251594260186e+01 4.677787461684399284e+06
2.592753443094329668e+01 9.884290161840897326e+01 5.037229901111802688e-01 1.000736645225711499e+02 4.695440896478465758e+06
2.600607433709690852e+01 9.947168809156042357e+01 5.074291361240853560e-01 1.007566623566751076e+02 4.730718378161150031e+06
2.608461424270966944e+01 1.001194288628070268e+02 5.133770390205255607e-01 1.014116047020931859e+02 4.757472510748966597e+06
2.616315414778644310e+01 1.005658207067822758e+02 5.172537691303439322e-01 1.018992530444022435e+02 4.788854607929760590e+06
2.624169405233205055e+01 1.010688336193686041e+02 5.210752262370882404e-01 1.024080360261205414e+02 4.822806547254759818e+06
2.632023395635124174e+01 1.019328325585850621e+02 5.257760374391189373e-01 1.032848057971376647e+02 4.861497385319437832e+06
2.639877385984871694e+01 1.020612537902052424e+02 5.303671264158134058e-01 1.034449758401118658e+02 4.875946245018502697e+06
2.647731376282911953e+01 1.028470301247588452e+02 5.338731600566509750e-01 1.042431587636892374e+02 4.934999557601556182e+06
2.655585366529703606e+01 1.033677014359760165e+02 5.412851194683060418e-01 1.047705028434344854e+02 4.948581894134698436e+06
2.663439356725699980e+01 1.040418726239933420e+02 5.453887018262998376e-01 1.054456203120329860e+02 4.971126321307511069e+06
2.671293346871349428e+01 1.050768817080307969e+02 5.510082190415039882e-01 1.065812960154453748e+02 5.033237293945024721e+06
2.679147336967094617e+01 1.054253669363132389e+02 5.539400841573445256e-01 1.069182013273565133e+02 5.034047025028570555e+06
2.687001327013372531e+01 1.060915785882339009e+02 5.615298411119564737e-01 1.075577421901958104e+02 5.104524082579029724e+06
2.694855317010616602e+01 1.069245848773737748e+02 5.640121489741910521e-01 1.084391154010131118e+02 5.137118883963034488e+06
2.702709306959254221e+01 1.073058667983961953e+02 5.696563371918897944e-01 1.088641918275054934e+02 5.183277101855905727e+06
2.710563296859707094e+01 1.078483225520524229e+02 5.721404109999852494e-01 1.093825123118536311e+02 5.168551307278227992e+06
2.718417286712393377e+01 1.085366248661879496e+02 5.798705720542957076e-01 1.101467526630198535e+02 5.205995777407639660e+06
2.726271276517725894e+01 1.090968164122820667e+02 5.861558583360185759e-01 1.106968274831161949e+02 5.233311125456385314e+06
2.734125266276112498e+01 1.093897684893829307e+02 5.894435995200493217e-01 1.110153218885250510e+02 5.272508457982871681e+06
2.741979255987956776e+01 1.107357287204592495e+02 5.953432594721843607e-01 1.124245295179845101e+02 5.338298895594215952e+06
2.749833245653658054e+01 1.109879205628508316e+02 5.979830738599751783e-01 1.126249530998731245e+02 5.348248000144965947e+06
2.757687235273609616e+01 1.113715190923455083e+02 6.060971656219452663e-01 1.130073078926319710e+02 5.386891946983466856e+06
2.765541224848202262e+01 1.121869648185059134e+02 6.115491662245996496e-01 1.139387693498803031e+02 5.436729930898224935e+06
2.773395214377820395e+01 1.120521658408503214e+02 6.125520072710192165e-01 1.138035492817363519e+02 5.416817628679123707e+06
2.781249203862845576e+01 1.133153262216832928e+02 6.214900942943798468e-01 1.151120845448301537e+02 5.477611170699322596e+06
2.789103193303654038e+01 1.135546452226907093e+02 6.276708053240174223e-01 1.153564525452282368e+02 5.495988432389520109e+06
2.796957182700618816e+01 1.147182825452680959e+02 6.315985725351996871e-01 1.165527936920909440e+02 5.545496551705279388e+06
2.804811172054107615e+01 1.141864803472421528e+02 6.358550601666335123e-01 1.159986389583737036e+02 5.549231765270547941e+06
2.812665161364485655e+01 1.154966129075068295e+02 6.400129493876135500e-01 1.173546009274844835e+02 5.598710570540154353e+06
2.820519150632112115e+01 1.151511255170558883e+02 6.454225455341161544e-01 1.170013200116557641e+02 5.600577268081628717e+06
2.828373139857343332e+01 1.155677922861366511e+02 6.499488507151306438e-01 1.175405456745064043e+02 5.640871238570797257e+06
2.836227129040531736e+01 1.176692294085950863e+02 6.580187535172313806e-01 1.196569498478133937e+02 5.685239497784194537e+06
2.844081118182025847e+01 1.173207702276482536e+02 6.616375900261903809e-01 1.193588452930926991e+02 5.717651279541378841e+06
2.851935107282169923e+01 1.173549736512197512e+02 6.647554211020577641e-01 1.194104540460178043e+02 5.736701438159694895e+06
2.859789096341304315e+01 1.176050545692994120e+02 6.718789572036222291e-01 1.196773665257826451e+02 5.767206852112376131e+06
2.867643085359765820e+01 1.188026383101196046e+02 6.783720880502275286e-01 1.208145092506779577e+02 5.814722749903432094e+06
2.875497074337888392e+01 1.190465490500393599e+02 6.858530158539066779e-01 1.211583810464222637e+02 5.836049956901601516e+06
2.883351063276001369e+01 1.199466755443408346e+02 6.901690531921246263e-01 1.220915941401451335e+02 5.834702555014913902e+06
2.891205052174430890e+01 1.210535385503510213e+02 6.964544360526258027e-01 1.232331843463744292e+02 5.886119729052615352e+06
2.899059041033499184e+01 1.215104175709448526e+02 7.000564922944236823e-01 1.236752664446301821e+02 5.930503901516809128e+06
2.906913029853525643e+01 1.220267433986745687e+02 7.088886698640387563e-01 1.242495835271645319e+02 5.973795202545508742e+06
2.914767018634825746e+01 1.220648012736988193e+02 7.126446747805004200e-01 1.243816486196298996e+02 5.995681645473111421e+06
2.922621007377712132e+01 1.230097699786819447e+02 7.175592700846037397e-01 1.252772436909381497e+02 6.009484458778825589e+06
2.930474996082492822e+01 1.246836420922471262e+02 7.267802719621196950e-01 1.269987984125252609e+02 6.098057119921075180e+06
2.938328984749474060e+01 1.235242674608593916e+02 7.298156736146443890e-01 1.258460288528216182e+02 6.069739933121100999e+06
2.946182973378957826e+01 1.245938690168409977e+02 7.351358331227404452e-01 1.269733271217655499e+02 6.082077344730654731e+06
2.954036961971243258e+01 1.259168482612976447e+02 7.381729696384105033e-01 1.283181198291723035e+02 6.168853603631254286e+06
2.961890950526625943e+01 1.255963866601234002e+02 7.453969772666750870e-01 1.279127348193976417e+02 6.127943979716042057e+06
2.969744939045398979e+01 1.261325354686888005e+02 7.524100053868425508e-01 1.286355853349321023e+02 6.202244407040284015e+06
2.977598927527852268e+01 1.254397623143607916e+02 7.597282232652544653e-01 1.279192738299959444e+02 6.201618740506331436e+06
2.985452915974272159e+01 1.279124393192961548e+02 7.695294309361546681e-01 1.303877415110103755e+02 6.298837313315440901e+06
2.993306904384942868e+01 1.284081007154633483e+02 7.712140727373781868e-01 1.309200826200946892e+02 6.285146646339730360e+06
3.001160892760143994e+01 1.285399856981348137e+02 7.740217386845891223e-01 1.310653416592744236e+02 6.363328159225836396e+06
3.009014881100154071e+01 1.292910667034358596e+02 7.830725193491495650e-01 1.318112871533226382e+02 6.391135221533008851e+06
3.016868869405248077e+01 1.300897408968404250e+02 7.914970739914519715e-01 1.327745921268422364e+02 6.408354300006742589e+06
3.024722857675697441e+01 1.306820707767161309e+02 7.889218481426388818e-01 1.333418140104098768e+02 6.434910400135469623e+06
3.032576845911771457e+01 1.312310196564079092e+02 8.024299358692015272e-01 1.338627329390439797e+02 6.475295933010804467e+06
3.040430834113736580e+01 1.324825280194787922e+02 8.072671848826040719e-01 1.351399290361955252e+02 6.506559187974531204e+06
3.048284822281856421e+01 1.341968521539904202e+02 8.182132168115734405e-01 1.369583688154152981e+02 6.569901310978575610e+06
3.056138810416392460e+01 1.357470308646180683e+02 8.135976338914923112e-01 1.384851836237326097e+02 6.688516512303202413e+06
3.063992798517602267e+01 1.350246923703095945e+02 8.293933238930347729e-01 1.378784634246935923e+02 6.650379498980018310e+06
3.071846786585741640e+01 1.362094213099597084e+02 8.219745554631948670e-01 1.389640984874125991e+02 6.711379236356480047e+06
3.079700774621063886e+01 1.349594684859310689e+02 8.474884492114317380e-01 1.378133659793895163e+02 6.689962931306174956e+06
3.087554762623818760e+01 1.371297691213372900e+02 8.362681439028131214e-01 1.397427690409001855e+02 6.761328907246481627e+06
3.095408750594254599e+01 1.387007629809239972e+02 8.432645883437233092e-01 1.414708715859863730e+02 6.826980271681093611e+06
3.103262738532617249e+01 1.387768384058450408e+02 8.675565576824136871e-01 1.416845361685881528e+02 6.933401292623502202e+06
3.111116726439149005e+01 1.395118520611517567e+02 8.656782579027317848e-01 1.423432839971319481e+02 6.980769567827242427e+06
3.118970714314090387e+01 1.417434726997612131e+02 8.647021840027254713e-01 1.447799519792385183e+02 6.960770745740254410e+06
3.126824702157679781e+01 1.413701505289334648e+02 8.697461324908405400e-01 1.443070814191210332e+02 6.956981969338622876e+06
3.134678689970152377e+01 1.407086165989204289e+02 8.726562853169147482e-01 1.436170444175416776e+02 7.079883853097795509e+06
3.142532677751741588e+01 1.418047686764952005e+02 8.949034441268550744e-01 1.446492506324183864e+02 7.097619055194568820e+06
3.150386665502678696e+01 1.443491611231322622e+02 9.035508436556946021e-01 1.473394700695419886e+02 7.139852936628203839e+06
3.158240653223192140e+01 1.431000676173850934e+02 8.979088268234410863e-01 1.460798049935739016e+02 7.078029751330984756e+06
3.166094640913508229e+01 1.457330531937815579e+02 9.042538476309029960e-01 1.487206859234788396e+02 7.283412763051507995e+06
3.173948628573851494e+01 1.450818043461976572e+02 9.112054528309175838e-01 1.480128745627069122e+02 7.245116307519626804e+06
3.181802616204443623e+01 1.458324190136351888e+02 9.313630165622565071e-01 1.488562531438830661e+02 7.257764766556542367e+06
3.189656603805504531e+01 1.477802878701279212e+02 9.319300184795681341e-01 1.508536431255581078e+02 7.307587119403464720e+06
3.197510591377251998e+01 1.477858793003735514e+02 9.348706629595664452e-01 1.507080315928666323e+02 7.454757925507959910e+06
3.205364578919900964e+01 1.500138594368502822e+02 9.465968553559146459e-01 1.535633753887212265e+02 7.483515480576903559e+06
3.213218566433665302e+01 1.500698260314780441e+02 9.587067250274250441e-01 1.532503474512990920e+02 7.461197206473326311e+06
3.221072553918755688e+01 1.496517068733394069e+02 9.597708871700126876e-01 1.527352221217213071e+02 7.463997208365347236e+06
3.228926541375382442e+01 1.515849825354744382e+02 9.597778828679306429e-01 1.546946129134122430e+02 7.663734363587698899e+06
3.236780528803751622e+01 1.512905605507775704e+02 9.738673333287368727e-01 1.545260036462150310e+02 7.604353782197717577e+06
3.244634516204068575e+01 1.501487081240267969e+02 9.567444507067414117e-01 1.533859710385930555e+02 7.647240956965867430e+06
3.252488503576537227e+01 1.539554789261593442e+02 9.739242303651651778e-01 1.575959581386040327e+02 7.722451815935776569e+06
3.260342490921358660e+01 1.534197614908446496e+02 1.005178779355258012e+00 1.571657035514630536e+02 7.729406829234381206e+06
3.268196478238731828e+01 1.566229331128711806e+02 9.895583178213853692e-01 1.598669232034889092e+02 8.036585166425166652e+06
3.276050465528854261e+01 1.572466141650480438e+02 1.002063659582768773e+00 1.609186624272419124e+02 8.033276757183178328e+06
3.283904452791921358e+01 1.605579414771979714e+02 1.001735172671180507e+00 1.641971019509368830e+02 8.044995370896287262e+06
3.291758440028127097e+01 1.578937835438992181e+02 1.023210601153327515e+00 1.613618657767947866e+02 8.309759785470905714e+06
3.299612427237663326e+01 1.629679625852609490e+02 1.030648325108316499e+00 1.662795181475037509e+02 8.168350666610063985e+06
3.307466414420719758e+01 1.608709846021376677e+02 1.046009843293835395e+00 1.646200311117919739e+02 8.227770655643261038e+06
3.315320401577483977e+01 1.634543809772746954e+02 1.037638959479912248e+00 1.669383474414441650e+02 8.269877748592944816e+06
3.323174388708143567e+01 1.667349971774493724e+02 1.042571649198334782e+00 1.701845956093302732e+02 8.180894136781482026e+06
3.331028375812883269e+01 1.693740218954954742e+02 1.053088755134456100e+00 1.731756153715728317e+02 8.465353310084931552e+06
3.338882362891884981e+01 1.731830226354170748e+02 1.101044154895526095e+00 1.774680827015706370e+02 8.511468823555015028e+06
3.346736349945329891e+01 1.663047656455994172e+02 1.097548359321402378e+00 1.706674341140473246e+02 8.653013057104211301e+06
3.354590336973399189e+01 1.710367886326020255e+02 1.108151631307905838e+00 1.750987847423969015e+02 8.689953052798314020e+06
3.362444323976268379e+01 1.689304141812633588e+02 1.070799467475452182e+00 1.725471877535075294e+02 8.541539034605672583e+06
3.370298310954115806e+01 1.727281235160497488e+02 1.077203293922601279e+00 1.761225863743683533e+02 8.455874850461332127e+06
3.378152297907114132e+01 1.685008465951970038e+02 1.120028600575565081e+00 1.725243020526322653e+02 8.527376222689503804e+06
3.386006284835436730e+01 1.722075993787892401e+02 1.115114156825239844e+00 1.757613741470674142e+02 9.004993017460584641e+06
3.393860271739255552e+01 1.838604632652780424e+02 1.091462318278358712e+00 1.881681950005837791e+02 9.160531927337331697e+06
3.401714258618739706e+01 1.857058513713320451e+02 1.115260870544740657e+00 1.906194594039365313e+02 9.395315862728066742e+06
3.409568245474058301e+01 1.770769159614500836e+02 1.116653827575178726e+00 1.822763349260401924e+02 8.350250112147134729e+06
3.417422232305376895e+01 1.775745925144856017e+02 1.156859406120122946e+00 1.817489437272142538e+02 9.275998874374579638e+06
3.425276219112861043e+01 1.883604115723231871e+02 1.201937679946061266e+00 1.938126805818555738e+02 9.787479125224908814e+06
3.433130205896674880e+01 1.748028680265039156e+02 1.196045561824982562e+00 1.784938031169922681e+02 8.651984005375452340e+06
3.440984192656979701e+01 1.794972681636114658e+02 1.202006060327105219e+00 1.842355671062211400e+02 9.109623112778982148e+06
3.448838179393936088e+01 1.771801489279536099e+02 1.036075652531597058e+00 1.803685893141259839e+02 8.817351513713687658e+06
3.456692166107702491e+01 1.972068866619488006e+02 1.274403170535734375e+00 1.990894273753512209e+02 1.035056574489106052e+07
3.464546152798438072e+01 1.542663146845961819e+02 1.383803595814687037e+00 1.586973306333432845e+02 1.022063967251048051e+07
3.472400139466299152e+01 1.671878076022050266e+02 1.762227218189273747e+00 1.794016999119462810e+02 5.170364394661704078e+06
