# 0.03867 0.006628
7.871241428633635184e-02 7.632377734140782105e-03 1.356752373491284386e-02 9.373716006529796488e-03 3.124763207728598900e+03
1.618072713909662341e-01 2.954399962944597238e-02 1.969768930276674657e-02 5.126386813569491774e-02 1.257642880842908926e+04
2.418771330418761079e-01 5.126284410659937008e-02 2.187969343698506139e-02 6.812297313451221026e-02 1.738237305216194363e+04
3.211923215201240578e-01 1.142233583776222500e-01 4.037133722962093357e-02 1.491803407145483595e-01 3.325676866935300495e+04
4.002017901256537113e-01 1.704131099151052764e-01 4.573601538835835034e-02 2.232034109215507156e-01 4.770257836851225147e+04
4.790568272527075955e-01 2.284408244870069771e-01 5.631634341284356277e-02 2.327562574346555280e-01 4.663210766055807471e+04
5.578229290343351687e-01 3.376783818054635011e-01 7.132303589797567289e-02 3.508881329568417362e-01 6.960096388863398170e+04
6.365331115321660738e-01 4.101273495270227332e-01 7.821644401284258419e-02 4.080153112508385083e-01 7.448151800193174859e+04
7.152058371535838788e-01 4.994380732161922132e-01 1.004909548621819582e-01 4.741929833113458503e-01 8.648666236823491636e+04
7.938522421846891941e-01 5.851566997541224335e-01 1.113082204257602043e-01 5.235806347424301066e-01 8.773609865049109794e+04
8.724794443688169698e-01 7.046900951996506457e-01 1.134927476881702202e-01 6.127595728285383236e-01 9.829709517685227911e+04
9.510922062407737299e-01 7.901762495848486667e-01 1.310276874466060892e-01 6.879894225793771190e-01 1.082684549047444452e+05
1.029693835175838679e+00 8.777763189683948086e-01 1.301231363692886278e-01 7.584415895897255178e-01 1.125423949880650616e+05
1.108286699878543891e+00 1.010473800941899869e+00 1.486520970709580280e-01 8.541531593095330610e-01 1.210001653982889256e+05
1.186872541411916560e+00 1.077452463838722840e+00 1.513029541478876361e-01 9.052140339006212733e-01 1.270760134798090003e+05
1.265452668213572940e+00 1.178557437766996063e+00 1.616092926528168716e-01 9.642417425674814080e-01 1.334849640077291697e+05
1.344028082638708543e+00 1.275622505253455774e+00 1.642911441272963680e-01 1.074307779865793622e+00 1.443180105432542041e+05
1.422599565533279709e+00 1.357186956292122826e+00 1.705261175935343099e-01 1.137121858776825700e+00 1.473317443649409397e+05
1.501167734229200246e+00 1.534592949148124275e+00 1.757372253674969187e-01 1.267350869146384396e+00 1.553807290362015192e+05
1.579733083222462531e+00 1.672318759285095213e+00 1.893844248345823433e-01 1.386174366609508102e+00 1.686288331602182880e+05
1.658296013281593151e+00 1.665475027834680377e+00 1.764153610117578652e-01 1.424581189176193252e+00 1.699111760258120194e+05
1.736856852652245875e+00 1.825641678512889277e+00 1.930625432767716920e-01 1.561934525574437238e+00 1.757526569341762224e+05
1.815415872753641580e+00 1.871703731313920871e+00 1.970940370109469930e-01 1.581345242818649410e+00 1.799448134864332096e+05
1.893973299967037560e+00 2.039797835235184209e+00 2.058456399310708562e-01 1.733037450210960451e+00 1.913535369452415325e+05
1.972529324606241641e+00 2.118944829047894274e+00 2.039803338921226117e-01 1.838916747968022847e+00 1.985571956704581389e+05
2.051084107826015579e+00 2.249433335395687905e+00 2.140975600704256576e-01 1.940675303647912076e+00 2.060447629811330116e+05
2.129637787001040561e+00 2.454850390052857101e+00 2.205004747343980442e-01 2.132313654497856703e+00 2.203841201556510641e+05
2.208190479956450680e+00 2.561086555553189648e+00 2.270023409287940108e-01 2.230423199313590565e+00 2.247951104001149070e+05
2.286742288326184092e+00 2.586555212952820426e+00 2.308556010181763152e-01 2.249897326650735607e+00 2.266051785494906653e+05
2.365293300241981811e+00 2.634669869167777456e+00 2.344406838330387322e-01 2.294738575708163530e+00 2.244201360710789450e+05
2.443843592503681883e+00 2.783253559325097992e+00 2.308219955824298564e-01 2.439699204009295297e+00 2.363542546832694788e+05
2.522393232343909553e+00 2.931768492284159588e+00 2.299443991617985961e-01 2.594002661984884828e+00 2.469479959529494517e+05
2.600942278872942381e+00 3.137324832554682086e+00 2.421889903446369507e-01 2.784424424333578507e+00 2.599173149284190149e+05
2.679490784269383141e+00 3.258514629021191933e+00 2.468918152865761106e-01 2.865262990549724442e+00 2.622499221637426526e+05
2.758038794767343038e+00 3.370404895725855887e+00 2.507136395925356198e-01 3.010747840643584805e+00 2.730384060416871798e+05
2.836586351479573942e+00 3.610810832050685537e+00 2.562873192269397582e-01 3.218175724860750098e+00 2.849291434224672266e+05
2.915133491087511963e+00 3.606495258515109992e+00 2.508701346430202705e-01 3.256476283943227301e+00 2.840221209801586810e+05
2.993680246422668834e+00 3.757062807001465998e+00 2.626501538860984142e-01 3.371225815558446470e+00 2.872929584303714219e+05
3.072226646958827967e+00 4.003774528840255975e+00 2.710604226590944132e-01 3.586323947453121885e+00 3.027509175626607030e+05
3.150772719230606977e+00 4.129968493854192957e+00 2.771905862513938112e-01 3.707812402830226617e+00 3.069780253256994765e+05
3.229318487190934395e+00 4.163199121574987061e+00 2.750638192991232689e-01 3.749872106884419409e+00 3.084556801343834959e+05
3.307863972517584905e+00 4.298707600256257422e+00 2.812753725165424434e-01 3.888281999879539264e+00 3.156053561904253438e+05
3.386409194877053608e+00 4.508835148329071174e+00 2.877767277433315174e-01 4.068984371808976874e+00 3.274686309553294559e+05
3.464954172152534095e+00 4.646130501780388222e+00 2.902269021268162885e-01 4.215540718914885687e+00 3.357427373133068322e+05
3.543498920641575456e+00 4.859476537071808266e+00 2.951425383638376365e-01 4.407908628536323370e+00 3.446231283911648206e+05
3.622043455228019404e+00 4.950251053910932342e+00 3.035413372987343372e-01 4.472230068408932446e+00 3.521107033743512584e+05
3.700587789532037597e+00 5.174104209284208444e+00 3.010759951938420942e-01 4.695435528275393011e+00 3.581816738935303874e+05
3.779131936041457696e+00 5.291075454003509648e+00 3.083532676582112497e-01 4.819970512009067676e+00 3.617464190181652084e+05
3.857675906227046259e+00 5.431313247809343103e+00 3.114056556890166805e-01 4.939093991655095550e+00 3.665883439741750481e+05
3.936219710643986680e+00 5.610474727241732573e+00 3.136741714337005216e-01 5.099928486460800769e+00 3.808965880052064895e+05
4.014763359021444877e+00 5.781402297515968236e+00 3.136548151997978207e-01 5.274285810480216163e+00 3.836286104752204847e+05
4.093306860341824560e+00 5.949247596477193589e+00 3.196610551365995367e-01 5.451947868720131041e+00 3.960536345979318139e+05
4.171850222911064776e+00 6.081127513206810775e+00 3.261249330716432526e-01 5.565945707534571518e+00 3.984673690300665330e+05
4.250393454421145911e+00 6.225622798780431566e+00 3.287410686535095494e-01 5.700744123640730798e+00 4.031971019173088134e+05
4.328936562005788247e+00 6.485669020856678735e+00 3.306464933479413282e-01 5.929324167440601201e+00 4.156015474717383040e+05
4.407479552290201497e+00 6.604295433079493627e+00 3.316312781704765511e-01 6.072839737865170839e+00 4.209499980923914700e+05
4.486022431435594982e+00 6.781721911798340052e+00 3.371965333309993040e-01 6.227703956722636214e+00 4.242563721907243016e+05
4.564565205179107465e+00 7.013510761802674409e+00 3.420362726887174465e-01 6.444916863544991159e+00 4.390073046878984896e+05
4.643107878869670024e+00 7.111187843152134924e+00 3.489400559873169216e-01 6.543687955826766434e+00 4.416288785653900704e+05
4.721650457500300213e+00 7.321302861276229201e+00 3.531810436878553561e-01 6.735019729688194623e+00 4.517325949997331481e+05
4.800192945737217443e+00 7.477035741968832916e+00 3.523821314499991364e-01 6.917937206372123171e+00 4.590769948091440019e+05
4.878735347946150824e+00 7.655511372391613278e+00 3.525707017728005321e-01 7.076826651688702619e+00 4.600819623317322694e+05
4.957277668216146793e+00 7.878134557201963872e+00 3.625948561901959910e-01 7.288471493361395659e+00 4.715007444548721542e+05
5.035819910381144737e+00 8.053146493870674050e+00 3.690236797722215023e-01 7.442169377944475528e+00 4.800613698084249627e+05
5.114362078039562221e+00 8.265784586767862763e+00 3.720631646522214453e-01 7.641013495562777535e+00 4.899719236111040227e+05
5.192904174572115394e+00 8.440455766318294195e+00 3.722939978839592268e-01 7.814697277310544088e+00 4.926683268488229951e+05
5.271446203158030919e+00 8.566732586008699357e+00 3.768845661252140933e-01 7.947047617855133694e+00 5.003104823043709621e+05
5.349988166789838573e+00 8.882808998072706075e+00 3.837212403274096184e-01 8.233072166766994826e+00 5.127271478360001347e+05
5.428530068286878674e+00 9.003218139652611640e+00 3.851612184305382991e-01 8.357363028401035621e+00 5.201399612224397715e+05
5.507071910307648643e+00 9.175978095691501579e+00 3.883321516886570346e-01 8.540882242712035222e+00 5.242233287804325810e+05
5.585613695361120179e+00 9.474007095347417362e+00 3.873366013140112640e-01 8.811545480103285755e+00 5.337082346671108389e+05
5.664155425817094525e+00 9.713248788964071068e+00 3.952106277448351190e-01 9.046318263771434331e+00 5.489227366728797788e+05
5.742697103915729961e+00 9.860666968133344312e+00 3.948177994059217655e-01 9.194391624564637766e+00 5.497901772090593586e+05
5.821238731776284148e+00 1.012404285480495680e+01 4.022719814039465991e-01 9.438144758080653673e+00 5.627312070461490657e+05
5.899780311405160127e+00 1.023691156447232586e+01 4.031905356044589439e-01 9.563372304689144343e+00 5.637670256518250098e+05
5.978321844703323507e+00 1.043746136381485812e+01 4.008980038294494008e-01 9.763640970751945147e+00 5.723821385514782742e+05
6.056863333473133437e+00 1.068248299051052363e+01 4.097499438488347301e-01 9.961803266043000704e+00 5.782456957562941825e+05
6.135404779424661115e+00 1.084397083470186374e+01 4.178891497220262874e-01 1.014936505335553463e+01 5.866511613363577053e+05
6.213946184181517118e+00 1.111291099725607090e+01 4.155116552174257794e-01 1.043009063286645244e+01 6.008074226458558114e+05
6.292487549286247983e+00 1.132195234190563937e+01 4.227878581016210613e-01 1.057904815005457877e+01 6.029725355189134134e+05
6.371028876205335756e+00 1.152856072437904444e+01 4.222895246239967149e-01 1.080499982280592874e+01 6.135532019274033373e+05
6.449570166333828070e+00 1.181207066279193718e+01 4.231631788712069131e-01 1.107042338467969067e+01 6.262006603948414559e+05
6.528111420999634262e+00 1.192278088158121463e+01 4.274737867224281396e-01 1.118471502489094149e+01 6.292989340078774840e+05
6.606652641467518627e+00 1.215775142862639591e+01 4.326201722189565446e-01 1.140123535232972252e+01 6.386824918702634750e+05
6.685193828942805006e+00 1.254523908528471310e+01 4.387851400549233616e-01 1.176677376685776544e+01 6.487717118343471084e+05
6.763734984574836240e+00 1.260303748102330523e+01 4.385007959332202221e-01 1.183690965162673514e+01 6.556450676648628432e+05
6.842276109460177835e+00 1.288105411802895262e+01 4.438405158333686984e-01 1.213181820070950145e+01 6.600701540011002216e+05
6.920817204645620890e+00 1.295489901492175910e+01 4.499837696392625652e-01 1.219905021510500376e+01 6.613659977498305961e+05
6.999358271130968312e+00 1.330265725952210154e+01 4.518419509082709506e-01 1.250864201657155483e+01 6.769030354486305732e+05
7.077899309871646949e+00 1.357564143794449940e+01 4.520819959436785385e-01 1.278255458870240169e+01 6.891123425770038739e+05
7.156440321781138536e+00 1.369123140051060084e+01 4.546968121480243763e-01 1.290330457222601268e+01 6.885648158034186345e+05
7.234981307733260536e+00 1.398175049974718220e+01 4.616236063537388912e-01 1.318320868145326052e+01 7.027256382404877804e+05
7.313522268564292439e+00 1.413611587627048216e+01 4.616140905504875214e-01 1.333561794202307560e+01 7.051208419192602159e+05
7.392063205074973276e+00 1.449541739479799674e+01 4.667494372057637286e-01 1.368876401478891580e+01 7.191641339867443312e+05
7.470604118032365015e+00 1.470897553575581362e+01 4.723686164081105088e-01 1.388359777227520553e+01 7.267039369669749867e+05
7.549145008171610272e+00 1.484329458753098230e+01 4.770057459287652124e-01 1.401843159742260703e+01 7.298415451687849127e+05
7.627685876197570103e+00 1.508357795266882206e+01 4.793939023971761082e-01 1.424625957059544135e+01 7.369141763306397479e+05
7.706226722786373884e+00 1.542048298478158763e+01 4.793546146292008148e-01 1.457124790335427100e+01 7.539723865148280747e+05
7.784767548586863484e+00 1.572762193545218423e+01 4.844179776993225439e-01 1.488044934759344073e+01 7.623396174911757698e+05
7.863308354221953955e+00 1.579125495937686807e+01 4.883983706386615387e-01 1.493977297982449848e+01 7.618947784081174759e+05
7.941849140289923170e+00 1.603325733779950113e+01 4.860405232724995805e-01 1.520510349671067551e+01 7.722464501301411074e+05
8.020389907365611748e+00 1.643950054426904117e+01 4.926962426777323767e-01 1.556691276936530599e+01 7.869510803697581869e+05
8.098930656001561701e+00 1.654112245260319369e+01 4.944264806332061002e-01 1.571321577528173918e+01 7.921200716348929564e+05
8.177471386729090241e+00 1.669385319847804539e+01 4.973355611254986486e-01 1.585526610523959334e+01 7.959968957031477476e+05
8.256012100059292536e+00 1.703192724329489138e+01 5.020917014146007995e-01 1.618157728269759943e+01 8.062921910404944792e+05
8.334552796484000936e+00 1.722506491064905987e+01 5.000023844681739105e-01 1.634128565296869340e+01 8.095365355081447633e+05
8.413093476476680266e+00 1.749957105412513059e+01 5.072747421931709244e-01 1.662404804825313320e+01 8.262176515011057490e+05
8.491634140493276917e+00 1.766634697920086339e+01 5.084430451026421549e-01 1.678588511601975242e+01 8.284200869524250738e+05
8.570174788973028868e+00 1.801218579390107521e+01 5.122876442113779571e-01 1.711405772826704563e+01 8.409850864162036451e+05
8.648715422339215309e+00 1.831096857620878282e+01 5.186478196345183367e-01 1.740685026517090606e+01 8.520036597598914523e+05
8.727256040999876063e+00 1.851199734351417803e+01 5.243424508320445598e-01 1.758095859735984945e+01 8.548904952317713760e+05
8.805796645348495488e+00 1.877471171350942214e+01 5.224352982968434311e-01 1.788974552889822789e+01 8.653915470648679184e+05
8.884337235764643737e+00 1.899739482609084718e+01 5.311804050006732059e-01 1.810113229512953481e+01 8.748087409484904492e+05
8.962877812614589601e+00 1.926413547377991620e+01 5.359686507972190039e-01 1.834750683319268205e+01 8.816347782720102696e+05
9.041418376251867173e+00 1.964191467252421219e+01 5.368434868073005406e-01 1.871081656498683188e+01 8.935240081555688521e+05
9.119958927017840722e+00 1.975475906744792454e+01 5.402578815302393478e-01 1.883753521470493197e+01 8.968943095904565416e+05
9.198499465242209183e+00 2.007440417754646234e+01 5.424263661778850887e-01 1.913726356405853579e+01 9.088336855178072583e+05
9.277039991243508865e+00 2.031815117297161777e+01 5.438417458824142958e-01 1.939833476165923898e+01 9.129213206543492852e+05
9.355580505329580632e+00 2.057188910245552549e+01 5.486587749747895426e-01 1.963632196700706700e+01 9.264273009066806408e+05
9.434121007798012215e+00 2.070373338764436610e+01 5.519210598334103324e-01 1.979658186387136709e+01 9.279161036093661096e+05
9.512661498936562765e+00 2.112954126848070757e+01 5.540139020769905276e-01 2.019686509968114052e+01 9.401993906100584427e+05
9.591201979023569635e+00 2.129194879663629436e+01 5.584544595942517731e-01 2.037001442690698383e+01 9.488735079197433079e+05
9.669742448328321416e+00 2.162871753710424727e+01 5.594060041098822822e-01 2.070790200472254128e+01 9.560955196486474015e+05
9.748282907111432749e+00 2.181227165421411129e+01 5.620894617780496372e-01 2.085300491457709526e+01 9.624639023488991661e+05
9.826823355625185386e+00 2.217027494381648012e+01 5.659170621034279591e-01 2.121825203585195752e+01 9.754427574119364144e+05
9.905363794113858589e+00 2.240979491779911470e+01 5.745049221546437712e-01 2.144305025478082882e+01 9.832129748832604382e+05
9.983904222814045326e+00 2.273992516249099083e+01 5.795221719359390233e-01 2.179091179888035867e+01 9.931496027608702425e+05
1.006244464195495070e+01 2.294248551185910401e+01 5.795829281472525407e-01 2.198643411494806799e+01 1.000595670644669095e+06
1.014098505175868148e+01 2.311746932432362556e+01 5.798683233491139788e-01 2.214170207976644988e+01 1.011364131594587117e+06
1.021952545244051613e+01 2.346766302242080471e+01 5.830393072798452092e-01 2.251250567922975065e+01 1.017835634446026408e+06
1.029806584420916415e+01 2.373697050957507670e+01 5.863429339297532294e-01 2.276286347562095713e+01 1.028209984930185950e+06
1.037660622726701654e+01 2.400979287265144535e+01 5.869053057797717354e-01 2.306942474026598688e+01 1.035142937268336187e+06
1.045514660181038380e+01 2.421463341164643168e+01 5.934142034486035167e-01 2.324913332486305606e+01 1.045261224977132282e+06
1.053368696802971982e+01 2.447061556346477218e+01 5.935673567676764684e-01 2.352758297037101443e+01 1.046023918728919234e+06
1.061222732610984210e+01 2.486441508816558610e+01 5.996747522266777652e-01 2.389154543967372391e+01 1.067640948894288158e+06
1.069076767623013779e+01 2.511799986448278332e+01 6.038864155454238825e-01 2.412824040581736185e+01 1.072588556409715442e+06
1.076930801856475739e+01 2.532259805020162347e+01 6.053041905558789182e-01 2.436325408495525835e+01 1.083154791003656108e+06
1.084784835328281005e+01 2.551636806492685494e+01 6.059011489932083494e-01 2.457067485028656151e+01 1.087220027906144271e+06
1.092638868054854306e+01 2.597000846170526245e+01 6.087933747662863659e-01 2.502253804869422282e+01 1.100643690180942416e+06
1.100492900052151413e+01 2.600534294576682726e+01 6.112761877665328081e-01 2.502759875006101709e+01 1.106062745134073775e+06
1.108346931335675833e+01 2.637996948122151153e+01 6.162797803108450712e-01 2.538048830473865891e+01 1.118013235501738498e+06
1.116200961920494805e+01 2.668316789345959705e+01 6.169065003515963319e-01 2.572507448305880118e+01 1.125928375937364995e+06
1.124054991821254212e+01 2.690824931033182921e+01 6.227884157673497789e-01 2.590760494098232769e+01 1.133822569636668079e+06
1.131909021052193687e+01 2.716468308047640434e+01 6.243657142222979184e-01 2.620128706258281071e+01 1.144366126268059714e+06
1.139763049627160285e+01 2.749521602177898316e+01 6.266275924959291421e-01 2.651999098215842920e+01 1.151071543431652943e+06
1.147617077559622167e+01 2.781675535494040830e+01 6.304350750010448978e-01 2.683569073989569276e+01 1.167203243345857598e+06
1.155471104862680853e+01 2.810973196400800234e+01 6.329591967733841917e-01 2.713933055429493990e+01 1.177149915143277962e+06
1.163325131549084368e+01 2.848190404228617822e+01 6.350178311782888052e-01 2.752756541999310969e+01 1.186188209371471079e+06
1.171179157631238787e+01 2.866395056858562285e+01 6.396201556412484113e-01 2.769795740482073754e+01 1.189981421308289748e+06
1.179033183121219608e+01 2.889386732773667887e+01 6.461275526965621907e-01 2.792759652948384996e+01 1.201206591017348459e+06
1.186887208030782759e+01 2.903498685723637962e+01 6.447611704779487862e-01 2.807711007409118409e+01 1.207377374204376480e+06
1.194741232371374728e+01 2.962477507515391650e+01 6.482175958854731190e-01 2.865739068433000369e+01 1.221151102797789499e+06
1.202595256154143222e+01 2.973772858538166730e+01 6.558833779871834357e-01 2.878938301078413886e+01 1.227707374672794482e+06
1.210449279389946753e+01 3.023206523104811438e+01 6.588720280683897368e-01 2.922649601490989824e+01 1.242132984701188514e+06
1.218303302089363527e+01 3.039310357068297819e+01 6.588837263202613759e-01 2.941661525485110218e+01 1.249901034575020894e+06
1.226157324262700676e+01 3.067205697453061219e+01 6.622475108490581963e-01 2.972176187173823081e+01 1.259236195867467206e+06
1.234011345920003322e+01 3.083481700450746388e+01 6.646460455212540586e-01 2.986048481995490889e+01 1.263989100462327944e+06
1.241865367071062565e+01 3.115797465440239122e+01 6.684007360701661460e-01 3.019684180975209742e+01 1.272933830325855874e+06
1.249719387725422415e+01 3.146121197883369902e+01 6.691347630483609477e-01 3.049528513404122876e+01 1.285863481893206015e+06
1.257573407892389383e+01 3.183697505287547003e+01 6.771696524531952699e-01 3.085964895781358308e+01 1.298952311171326088e+06
1.265427427581038877e+01 3.192441088569993468e+01 6.750044378444063353e-01 3.098814800822857762e+01 1.299178322651439346e+06
1.273281446800221772e+01 3.233762891926237870e+01 6.800091226701487912e-01 3.141125054830492758e+01 1.313899655470013618e+06
1.281135465558572584e+01 3.268410693106500986e+01 6.828537244651974314e-01 3.173382780387441926e+01 1.330341032403916586e+06
1.288989483864514796e+01 3.288632954554034882e+01 6.891867477706877798e-01 3.194915457976092910e+01 1.330639116172455018e+06
1.296843501726268322e+01 3.315652666306714735e+01 6.928729317658918196e-01 3.223532290917432164e+01 1.341313929222706705e+06
1.304697519151855190e+01 3.342998541199188622e+01 6.953336073950595608e-01 3.251428816396416721e+01 1.352640446030868450e+06
1.312551536149104692e+01 3.398453966054463393e+01 6.977469944911152133e-01 3.300870323825629526e+01 1.369066134313198505e+06
1.320405552725660492e+01 3.415221506398881246e+01 6.984489521833611159e-01 3.320237870531921942e+01 1.378152010729727102e+06
1.328259568888985243e+01 3.444225212797520186e+01 7.040660563799427951e-01 3.352097114637545872e+01 1.387039362658028258e+06
1.336113584646366270e+01 3.467239043296454781e+01 7.065722340401092705e-01 3.375610358064738392e+01 1.396174810977754183e+06
1.343967600004920548e+01 3.498423345946982721e+01 7.107005804162379592e-01 3.407550236175735137e+01 1.403964359828029992e+06
1.351821614971599317e+01 3.533714409587656036e+01 7.153969712589468566e-01 3.441236254520073601e+01 1.416797510526300408e+06
1.359675629553193588e+01 3.554317946837344522e+01 7.172926237967045537e-01 3.463182962792463115e+01 1.422246986220766092e+06
1.367529643756338231e+01 3.596749372059596084e+01 7.223858709734291006e-01 3.504783958209283412e+01 1.438588372463264735e+06
1.375383657587516595e+01 3.622770746503752548e+01 7.260311441015262490e-01 3.531153475154783905e+01 1.445451829278142657e+06
1.383237671053064766e+01 3.649228152750195164e+01 7.258989201633355703e-01 3.560357621683345286e+01 1.455245469266426517e+06
1.391091684159175834e+01 3.678960297538485946e+01 7.331282191570087647e-01 3.590536729888420808e+01 1.461996602591160219e+06
1.398945696911903269e+01 3.718152159830045633e+01 7.357184682330039083e-01 3.627976319218331724e+01 1.479605687824327033e+06
1.406799709317166069e+01 3.753925011542110468e+01 7.396778166865913828e-01 3.664215089376734369e+01 1.491831617861485342e+06
1.414653721380751428e+01 3.783130353256995448e+01 7.444428147607428103e-01 3.692359284746618897e+01 1.503114786906866590e+06
1.422507733108318817e+01 3.803567281938929057e+01 7.460659423173028326e-01 3.719943018469010809e+01 1.514148373391618254e+06
1.430361744505403543e+01 3.833751066148107611e+01 7.470151495486208049e-01 3.748108205230754919e+01 1.524828173027044628e+06
1.438215755577419586e+01 3.861319575729628895e+01 7.531376302406386225e-01 3.774026971564436650e+01 1.530238499565325910e+06
1.446069766329663686e+01 3.905259041128928743e+01 7.547753234357426066e-01 3.819816400091506381e+01 1.551946736739175161e+06
1.453923776767318010e+01 3.927107101227073827e+01 7.606491125880825432e-01 3.841707941753269040e+01 1.554615583059548633e+06
1.461777786895453346e+01 3.972215482260503450e+01 7.644097029439419488e-01 3.888262142500956031e+01 1.571412116417513462e+06
1.469631796719032302e+01 4.032548546442988169e+01 7.692131156899170152e-01 3.945378438677190047e+01 1.588788487815712811e+06
1.477485806242911437e+01 4.026391897316179325e+01 7.713222675321435018e-01 3.938238193674023080e+01 1.588020210667997133e+06
1.485339815471844993e+01 4.051516569795401068e+01 7.769296672125967085e-01 3.969486396344335333e+01 1.602377307894029655e+06
1.493193824410487203e+01 4.101069942222584785e+01 7.786451604492056200e-01 4.020466774475103477e+01 1.620811147413089406e+06
1.501047833063394421e+01 4.140372311409469575e+01 7.874569913439731783e-01 4.056785121225500745e+01 1.634510181987902150e+06
1.508901841435028857e+01 4.148048822886498499e+01 7.867700058686785125e-01 4.066363115503022385e+01 1.636699430171343498e+06
1.516755849529759992e+01 4.200651874980326994e+01 7.911125642222970322e-01 4.118644148789226733e+01 1.651870126377806766e+06
1.524609857351867070e+01 4.231592960026620887e+01 7.963928259026319401e-01 4.151128331888409662e+01 1.667151999431958888e+06
1.532463864905541762e+01 4.273025031470028523e+01 7.957646962380218181e-01 4.194572937495880183e+01 1.681328188810782973e+06
1.540317872194890292e+01 4.304142961755555064e+01 8.023343482814631056e-01 4.226646873806003413e+01 1.688664598099215189e+06
1.548171879223935399e+01 4.334504408451822854e+01 8.088892759518941933e-01 4.256110362984727402e+01 1.701401290986801730e+06
1.556025885996618996e+01 4.362196284266804724e+01 8.131316863428136310e-01 4.287821319993442870e+01 1.717849045552917058e+06
1.563879892516803238e+01 4.394989107834623354e+01 8.140312234734746744e-01 4.319662315961531363e+01 1.721208389187167166e+06
1.571733898788273187e+01 4.430266309125308766e+01 8.202182922047680513e-01 4.352492439083264486e+01 1.736719253599970369e+06
1.579587904814739119e+01 4.463924122697242325e+01 8.267775933150122158e-01 4.386950354290173237e+01 1.742758699570291676e+06
1.587441910599837769e+01 4.516214059104759571e+01 8.280899067843672245e-01 4.439773768601872916e+01 1.761903720136533258e+06
1.595295916147133575e+01 4.544904832739822353e+01 8.332189295663318118e-01 4.471011671321221570e+01 1.776626923489750130e+06
1.603149921460121874e+01 4.567886084105038691e+01 8.385403734899818939e-01 4.496116454458424272e+01 1.785302102481964510e+06
1.611003926542229436e+01 4.600870210128778837e+01 8.425103802414045662e-01 4.528475972745501821e+01 1.798242083616580814e+06
1.618857931396816596e+01 4.652563621264609139e+01 8.479228449478124485e-01 4.584411849020461460e+01 1.818116116324645933e+06
1.626711936027179561e+01 4.678210681856557329e+01 8.521005315979552908e-01 4.608181582526781028e+01 1.824465933837782359e+06
1.634565940436549525e+01 4.716620119203091832e+01 8.542875563443292908e-01 4.646276186065177427e+01 1.841945115855336655e+06
1.642419944628097639e+01 4.755036111704542634e+01 8.642384558717475240e-01 4.688621113277631736e+01 1.855092829113019863e+06
1.650273948604932883e+01 4.787020022309027922e+01 8.658597683411914936e-01 4.718382141156889276e+01 1.865255509902803227e+06
1.658127952370107394e+01 4.832090397993729880e+01 8.663208314838855006e-01 4.764527669891153749e+01 1.882464645045890007e+06
1.665981955926614333e+01 4.862937748931248905e+01 8.762810645439522705e-01 4.799229359816865070e+01 1.891667199400172336e+06
1.673835959277390728e+01 4.911118841600303853e+01 8.788361190862302719e-01 4.848056731485562665e+01 1.906757983548075194e+06
1.681689962425318896e+01 4.946915224441034553e+01 8.803000663991872310e-01 4.881713799769021733e+01 1.922069985759804724e+06
1.689543965373228218e+01 4.976838879917597325e+01 8.868226089841683146e-01 4.911264296241301253e+01 1.938938000083955703e+06
1.697397968123895495e+01 4.998590132671182573e+01 8.977805769788378409e-01 4.935967898595591663e+01 1.944600275891889352e+06
1.705251970680045304e+01 5.048589756036399478e+01 9.019838845663943339e-01 4.986357148138649364e+01 1.959684557547204895e+06
1.713105973044353902e+01 5.085240977864150125e+01 9.059437019273675062e-01 5.026124789412137517e+01 1.977165087984493701e+06
1.720959975219447102e+01 5.123785224181334996e+01 9.080191899250290577e-01 5.065791095869165162e+01 1.994931895117348060e+06
1.728813977207903463e+01 5.154369873970023974e+01 9.171181285266502003e-01 5.095444966271708864e+01 2.007752666644279612e+06
1.736667979012256424e+01 5.213275988151224283e+01 9.218234751216676237e-01 5.157129435184114641e+01 2.025300361588916043e+06
1.744521980634991110e+01 5.240112861218488405e+01 9.265580983176572305e-01 5.186731868522340250e+01 2.039858630752736470e+06
1.752375982078550365e+01 5.289526727050593990e+01 9.357732003185713632e-01 5.232680653027347972e+01 2.058603167662790976e+06
1.760229983345331917e+01 5.319313688219016001e+01 9.365031146974739373e-01 5.266120539459077321e+01 2.067815967923339689e+06
1.768083984437692635e+01 5.353695310125803530e+01 9.452845455750369386e-01 5.302181236870725201e+01 2.080152264856804162e+06
1.775937985357945692e+01 5.403877106424944543e+01 9.489677008986849849e-01 5.351740689635389714e+01 2.097517845575439744e+06
1.783791986108364824e+01 5.435577974446054128e+01 9.531224422266729723e-01 5.386849279192844620e+01 2.110680426159312949e+06
1.791645986691183268e+01 5.479872246114320689e+01 9.585637006247952341e-01 5.428364715271929697e+01 2.134484371016897727e+06
1.799499987108595889e+01 5.516137552921753695e+01 9.647108296538136063e-01 5.468287264428975192e+01 2.141103385375218466e+06
1.807353987362759185e+01 5.575678524150163895e+01 9.730566855325269993e-01 5.528684073826210010e+01 2.160313061885219533e+06
1.815207987455791638e+01 5.597149501381885273e+01 9.826895157707666861e-01 5.554474909212390799e+01 2.172275801337603480e+06
1.823061987389775851e+01 5.647592169011761598e+01 9.875460568416477569e-01 5.605133481781199833e+01 2.195017729284917470e+06
1.830915987166758541e+01 5.697009728639810078e+01 9.899722192762702155e-01 5.651995410066825798e+01 2.209758505948908627e+06
1.838769986788751964e+01 5.729460000507827999e+01 9.984998005685208344e-01 5.687402251193097413e+01 2.223001795457329601e+06
1.846623986257733563e+01 5.775177136434858483e+01 1.004237305579370965e+00 5.733075967972499853e+01 2.238997965010929387e+06
1.854477985575647381e+01 5.832792191779891056e+01 1.009033095877875041e+00 5.790245908284330056e+01 2.265118491737737786e+06
1.862331984744404423e+01 5.880015961096955124e+01 1.019502888802636509e+00 5.843537793304105321e+01 2.281275353965740651e+06
1.870185983765884075e+01 5.914546063358156403e+01 1.020769174099168231e+00 5.878193517212069708e+01 2.295716457369737327e+06
1.878039982641934458e+01 5.961906236228260525e+01 1.029145734017996139e+00 5.927212659559098284e+01 2.322610433769573923e+06
1.885893981374372075e+01 6.019048939805234966e+01 1.039597044897001332e+00 5.981394251830845121e+01 2.336750012415140402e+06
1.893747979964983941e+01 6.062574296573832555e+01 1.046938841817870447e+00 6.026494362346961253e+01 2.355066608400848228e+06
1.901601978415527228e+01 6.075384230646618988e+01 1.050116645544740157e+00 6.041342715997618029e+01 2.363003799644946586e+06
1.909455976727730331e+01 6.149971946653793253e+01 1.059981198953710013e+00 6.120578728881834252e+01 2.395014730974874459e+06
1.917309974903293579e+01 6.210405051922119668e+01 1.065234508709311800e+00 6.177538878745265549e+01 2.411209102100155316e+06
1.925163972943889235e+01 6.261825019005527793e+01 1.068869885769893502e+00 6.234251720390410156e+01 2.434662258919235319e+06
1.933017970851161849e+01 6.323822576735059187e+01 1.079765812899208255e+00 6.292915059286603707e+01 2.458879333229029551e+06
1.940871968626730748e+01 6.346152153654244188e+01 1.087267795235040913e+00 6.319588935474317282e+01 2.474020637411712669e+06
1.948725966272188259e+01 6.385402003576795948e+01 1.094037292306772935e+00 6.359798519346094281e+01 2.493879038657962810e+06
1.956579963789100773e+01 6.461919243455616879e+01 1.104960763088191911e+00 6.434006575009678386e+01 2.510176495376097970e+06
1.964433961179010524e+01 6.507167332652025493e+01 1.111823393636517388e+00 6.483384114873193482e+01 2.532840334354950581e+06
1.972287958443434519e+01 6.549587122929665384e+01 1.118496946133926917e+00 6.527368337314958069e+01 2.544222222336271778e+06
1.980141955583865965e+01 6.605196602473452572e+01 1.129658262286776793e+00 6.586504852015630718e+01 2.573507463670497295e+06
1.987995952601774619e+01 6.651213181789464102e+01 1.140414787903034854e+00 6.630940025116612446e+01 2.594176938404846936e+06
1.995849949498606790e+01 6.705179109719833264e+01 1.147812065241179180e+00 6.684834837488716630e+01 2.611860121688946150e+06
2.003703946275786052e+01 6.767337480677394979e+01 1.154399231996932507e+00 6.751750660433401663e+01 2.636160430137796327e+06
2.011557942934713950e+01 6.825639922873197918e+01 1.165399361182249072e+00 6.810404245038664328e+01 2.654426994186623488e+06
2.019411939476770712e+01 6.865237093991356687e+01 1.169486617860294064e+00 6.852808563737107761e+01 2.670954050473604351e+06
2.027265935903314542e+01 6.895144205389304659e+01 1.175749921580143020e+00 6.883106482011012872e+01 2.693751439753436018e+06
2.035119932215682326e+01 6.922767063877125793e+01 1.185309514188064961e+00 6.914840879099079984e+01 2.705433737940222956e+06
2.042973928415191054e+01 6.979330513068214259e+01 1.194003462247361425e+00 6.970646002074184366e+01 2.725291625811696984e+06
2.050827924503137467e+01 7.014702953972384591e+01 1.196210273032843885e+00 7.007754270007838215e+01 2.733965714546998031e+06
2.058681920480798766e+01 7.042960626314128092e+01 1.203288581940296975e+00 7.038715139784348196e+01 2.756024156873184722e+06
2.066535916349431901e+01 7.091450381527319280e+01 1.206369574545131718e+00 7.092959668243409510e+01 2.777029379916315898e+06
2.074389912110275347e+01 7.141512296137868532e+01 1.214663945572912906e+00 7.144363801802707314e+01 2.787984098850140814e+06
2.082243907764548752e+01 7.169950052510203875e+01 1.220165791638283537e+00 7.172238328849898892e+01 2.800485189257191960e+06
2.090097903313453642e+01 7.210328826850546591e+01 1.227942846908381735e+00 7.216483458019501995e+01 2.818289705163467210e+06
2.097951898758173783e+01 7.251264420872163896e+01 1.233206430025671319e+00 7.260437386008263161e+01 2.839947961654514540e+06
2.105805894099874109e+01 7.287574655320193528e+01 1.238875183004946479e+00 7.299967932919243196e+01 2.854822270235561300e+06
2.113659889339703568e+01 7.329213998674984509e+01 1.248469774253660791e+00 7.344329302287439987e+01 2.873109459426632617e+06
2.121513884478793344e+01 7.396224773140664865e+01 1.256100239739389668e+00 7.414270261992585631e+01 2.901873750282997731e+06
2.129367879518258277e+01 7.422042904096339555e+01 1.261721507236574169e+00 7.445786515294011565e+01 2.905245945430294145e+06
2.137221874459196869e+01 7.483716002133965617e+01 1.272225017675623793e+00 7.503314163306029627e+01 2.933479630274713505e+06
2.145075869302691274e+01 7.525883376241944234e+01 1.275383100855534968e+00 7.549385426699377888e+01 2.952027288258504588e+06
2.152929864049807307e+01 7.551202905610611538e+01 1.281753007561706958e+00 7.580294318225114125e+01 2.967051397247292101e+06
2.160783858701596571e+01 7.603099236276266026e+01 1.291965710898442143e+00 7.635781740536056361e+01 2.988387598219694570e+06
2.168637853259094683e+01 7.631933073895172015e+01 1.300324785046154119e+00 7.670157978451351255e+01 2.994990352513207123e+06
2.176491847723321982e+01 7.658840385975445031e+01 1.303859078722702014e+00 7.696773227986190591e+01 3.019739165403075982e+06
2.184345842095285306e+01 7.732596769840175455e+01 1.312814646091205351e+00 7.767632067861207190e+01 3.052242583053746261e+06
2.192199836375975508e+01 7.768636563658382954e+01 1.318738686847465980e+00 7.809439796734996264e+01 3.066761289520817809e+06
2.200053830566371005e+01 7.791562213521521585e+01 1.332831058803345625e+00 7.838377289974513928e+01 3.074901620926424395e+06
2.207907824667434582e+01 7.829217688103027228e+01 1.334357817023940740e+00 7.877422362987793747e+01 3.096098727638887707e+06
2.215761818680116590e+01 7.885512235338360654e+01 1.340615132452469327e+00 7.932337070662667600e+01 3.115574264069861267e+06
2.223615812605353526e+01 7.927513724644748550e+01 1.350464916739334997e+00 7.978431010229455467e+01 3.136420865760908462e+06
2.231469806444068738e+01 7.974800604897673395e+01 1.358677833773601185e+00 8.025434745969775463e+01 3.160932805066321045e+06
2.239323800197172432e+01 8.001721537705451226e+01 1.369034179671350993e+00 8.059116535645863166e+01 3.177313841071941424e+06
2.247177793865562023e+01 8.079538371124274931e+01 1.372048363639626789e+00 8.140022777160878320e+01 3.203616399283769075e+06
2.255031787450123204e+01 8.110807931913743118e+01 1.376225959035348057e+00 8.174955899285227190e+01 3.219493723692964762e+06
2.262885780951728165e+01 8.171135912828242454e+01 1.390627675716436640e+00 8.234328008959664658e+01 3.243193007234335411e+06
2.270739774371238440e+01 8.203265455084560642e+01 1.395011624304905551e+00 8.270377200525355477e+01 3.258469946805082727e+06
2.278593767709502771e+01 8.216047219726287665e+01 1.405589735374892513e+00 8.286993115239759788e+01 3.272356666256764438e+06
2.286447760967358178e+01 8.266016702093611457e+01 1.415061546619539090e+00 8.343444006788053002e+01 3.290368101648138370e+06
2.294301754145629957e+01 8.310395719574734130e+01 1.420681425672855047e+00 8.388661864225917952e+01 3.316088708637963980e+06
2.302155747245133455e+01 8.374863714282039950e+01 1.431499101858082268e+00 8.450701606482631689e+01 3.338007352035290096e+06
2.310009740266672296e+01 8.429609932693661278e+01 1.437284345383212036e+00 8.515908951211770272e+01 3.358789368029570207e+06
2.317863733211038380e+01 8.496126606919379753e+01 1.446899534253597075e+00 8.586788942817105408e+01 3.384206297210909892e+06
2.325717726079013303e+01 8.524085199743086605e+01 1.457476652467602607e+00 8.616128179222384631e+01 3.402176447383193299e+06
2.333571718871368716e+01 8.567644515882946621e+01 1.467206357604874833e+00 8.659666709315040123e+01 3.418695156522343401e+06
2.341425711588865965e+01 8.612739682938671137e+01 1.475644933683866622e+00 8.708807569766651113e+01 3.433245930100748315e+06
2.349279704232255384e+01 8.661451833905506703e+01 1.483875394126253688e+00 8.757051584274017841e+01 3.466471960897104349e+06
2.357133696802278067e+01 8.723373451160817638e+01 1.489243155810088926e+00 8.825791849595935901e+01 3.492954237732592504e+06
2.364987689299664453e+01 8.759131264562398655e+01 1.504773736659686723e+00 8.867127095438810613e+01 3.503547781946827192e+06
2.372841681725136453e+01 8.820368130220975900e+01 1.510939487539809889e+00 8.929339784310532480e+01 3.538366938941372558e+06
2.380695674079405322e+01 8.863116555630126925e+01 1.522739507131637193e+00 8.970017064934089035e+01 3.543335308456867933e+06
2.388549666363174140e+01 8.906912763628723440e+01 1.529015856002287288e+00 9.019574971870314073e+01 3.578719136250365060e+06
2.396403658577134976e+01 8.975209307190260688e+01 1.546126564162418227e+00 9.093001049623673282e+01 3.607788426024353132e+06
2.404257650721972439e+01 9.004631366351310362e+01 1.550451396605836418e+00 9.131870445369500544e+01 3.617318968665942084e+06
2.412111642798362254e+01 9.070506306440231015e+01 1.552091774904589272e+00 9.193249615485899540e+01 3.642814293540012091e+06
2.419965634806970556e+01 9.135742289917241976e+01 1.569079817302368784e+00 9.261632582219415610e+01 3.661547845187562052e+06
2.427819626748454596e+01 9.169313444252620116e+01 1.586128042256278903e+00 9.300011368745936124e+01 3.696086628627740312e+06
2.435673618623464520e+01 9.241982871863866933e+01 1.591332309694416525e+00 9.372618303360115988e+01 3.723313751796978526e+06
2.443527610432640529e+01 9.279554743423807395e+01 1.602996068872474478e+00 9.404212422354754608e+01 3.729106340114793740e+06
2.451381602176616425e+01 9.315166366116427810e+01 1.613642724043038434e+00 9.456259804538501612e+01 3.766025046009289101e+06
2.459235593856016067e+01 9.393771351338780562e+01 1.621563215695689175e+00 9.532184809302103190e+01 3.781442015185843222e+06
2.467089585471456203e+01 9.421828946286498763e+01 1.626056361543054996e+00 9.562192423083179449e+01 3.795856195209046360e+06
2.474943577023546126e+01 9.494834480610083460e+01 1.642308390676926244e+00 9.644761518918470244e+01 3.833561199759640265e+06
2.482797568512887310e+01 9.532979467794177708e+01 1.651919798057370548e+00 9.687889827229629702e+01 3.863033931549604982e+06
2.490651559940072346e+01 9.589532895144913027e+01 1.661421799234749086e+00 9.749103958563732419e+01 3.885623802754454315e+06
2.498505551305688144e+01 9.646813040283635132e+01 1.678281697279288442e+00 9.808842328318173998e+01 3.918825055117317010e+06
2.506359542610313440e+01 9.727193201944292866e+01 1.679699414163327686e+00 9.887003784225680647e+01 3.944631852245606482e+06
2.514213533854519511e+01 9.760593320480450075e+01 1.690527707186121109e+00 9.931286857407373247e+01 3.953976694103388116e+06
2.522067525038871239e+01 9.844512080445124980e+01 1.709880482735194995e+00 1.001730068275581260e+02 3.990922841559859924e+06
2.529921516163925688e+01 9.868286116449253598e+01 1.714249582262751259e+00 1.004255623312190693e+02 4.002664243179074489e+06
2.537775507230233529e+01 9.943953763258257084e+01 1.732075859494320857e+00 1.011679728667764095e+02 4.037567126594992355e+06
2.545629498238338684e+01 9.972954119197351019e+01 1.742356053905564695e+00 1.015757724755171552e+02 4.062336903785452247e+06
2.553483489188777966e+01 1.006423110545988067e+02 1.756217573915668684e+00 1.024967808885603233e+02 4.081152433960963041e+06
2.561337480082082152e+01 1.011645523736908530e+02 1.755450782440053592e+00 1.030208839024780900e+02 4.116140600725145079e+06
2.569191470918774911e+01 1.020810192788847530e+02 1.769173395448021990e+00 1.040288973269111210e+02 4.144542145273049828e+06
2.577045461699373874e+01 1.020150713925554982e+02 1.787777424982648355e+00 1.039383267796877988e+02 4.167078327601407655e+06
2.584899452424390631e+01 1.029390604631221748e+02 1.794735156563084910e+00 1.050027235410011883e+02 4.199458601613960229e+06
2.592753443094329668e+01 1.033217524292699210e+02 1.809132990559747300e+00 1.053258609240030239e+02 4.211809341178203933e+06
2.600607433709690852e+01 1.040845632888308927e+02 1.820589734417801697e+00 1.060655352746380515e+02 4.241343515499895439e+06
2.608461424270966944e+01 1.047224973458767607e+02 1.835317322212620228e+00 1.068906786860477780e+02 4.262464063863432035e+06
2.616315414778644310e+01 1.051545402381657937e+02 1.840910400211187792e+00 1.072249725262779094e+02 4.288584221023054793e+06
2.624169405233205055e+01 1.055930374789131179e+02 1.848076213316792282e+00 1.078192498177475755e+02 4.329733505861722864e+06
2.632023395635124174e+01 1.063176761266325059e+02 1.855760493302715641e+00 1.085616211218652296e+02 4.359670687876445241e+06
2.639877385984871694e+01 1.065666062741956068e+02 1.869938667435452340e+00 1.088268425219702209e+02 4.372816309600529261e+06
2.647731376282911953e+01 1.075067777124390176e+02 1.885474456048950254e+00 1.097855935027546650e+02 4.406808431799534708e+06
2.655585366529703606e+01 1.080042707165068379e+02 1.895831722761127658e+00 1.103631145141762318e+02 4.428679403883108869e+06
2.663439356725699980e+01 1.086273166912373540e+02 1.908142115229815250e+00 1.109358265871388625e+02 4.451883556388202123e+06
2.671293346871349428e+01 1.100250077307449317e+02 1.930177061714374975e+00 1.124118417889164476e+02 4.496704110115980729e+06
2.679147336967094617e+01 1.101893596818025429e+02 1.944578623343313994e+00 1.125850879590439320e+02 4.511656396502180025e+06
2.687001327013372531e+01 1.108665549171321345e+02 1.942666239348288526e+00 1.133598658454994990e+02 4.563685169384532608e+06
2.694855317010616602e+01 1.117516323624030861e+02 1.960180731737229953e+00 1.142200328951283979e+02 4.582713743078494444e+06
2.702709306959254221e+01 1.121527157906319303e+02 1.976382905375581478e+00 1.146890405404952702e+02 4.625727596336729825e+06
2.710563296859707094e+01 1.126722758562902129e+02 1.986359767078746064e+00 1.152875428382724010e+02 4.621116386290257797e+06
2.718417286712393377e+01 1.133743560229109875e+02 1.995860586081978916e+00 1.160998066577959094e+02 4.657047655775289983e+06
2.726271276517725894e+01 1.135315382132918387e+02 2.021386035248698754e+00 1.161822793616684066e+02 4.663613873487642035e+06
2.734125266276112498e+01 1.143574777027937301e+02 2.017685695426677306e+00 1.170673423818823551e+02 4.696707648140068166e+06
2.741979255987956776e+01 1.155957591838686511e+02 2.041274489357431499e+00 1.184026385777542743e+02 4.749690315215648152e+06
2.749833245653658054e+01 1.157340593055197786e+02 2.049078397018233577e+00 1.185956573916732708e+02 4.776133817088026553e+06
2.757687235273609616e+01 1.162651149169505231e+02 2.065895005644708959e+00 1.191004536433198524e+02 4.793978015283438377e+06
2.765541224848202262e+01 1.174892861955299423e+02 2.079771592709701356e+00 1.204116129119785654e+02 4.838040663176129572e+06
2.773395214377820395e+01 1.168901610537235882e+02 2.078605376946367489e+00 1.197686568107616694e+02 4.822560738610055298e+06
2.781249203862845576e+01 1.182437474262889054e+02 2.094746572442304888e+00 1.212566807106753828e+02 4.875949293265786953e+06
2.789103193303654038e+01 1.183471844758336147e+02 2.115604323100099382e+00 1.213841066605409651e+02 4.878718574431093410e+06
2.796957182700618816e+01 1.198408124076509012e+02 2.133483530040209075e+00 1.229731409909805109e+02 4.927197797797692940e+06
2.804811172054107615e+01 1.189788968489420995e+02 2.130587159335640024e+00 1.220680420812455935e+02 4.952888453347056173e+06
2.812665161364485655e+01 1.205050077003096050e+02 2.147812805588144247e+00 1.236164329651260090e+02 4.969405877088328823e+06
2.820519150632112115e+01 1.202007572351053284e+02 2.164624165296411995e+00 1.234420879904419053e+02 4.968823679399671964e+06
2.828373139857343332e+01 1.209654694146125706e+02 2.180189920749199040e+00 1.242582614666962684e+02 5.025036086256945506e+06
2.836227129040531736e+01 1.229221707645942274e+02 2.187005399377643489e+00 1.264510924149750224e+02 5.070183792273565196e+06
2.844081118182025847e+01 1.221584516286931148e+02 2.188874643875262649e+00 1.255123201250349041e+02 5.075123355303039774e+06
2.851935107282169923e+01 1.226140753616808468e+02 2.208722258296125673e+00 1.261610539708835290e+02 5.090983032110266387e+06
2.859789096341304315e+01 1.227298259002472491e+02 2.206671513191600376e+00 1.262697858656494105e+02 5.130882388785197400e+06
2.867643085359765820e+01 1.235417888246206530e+02 2.241080832322700722e+00 1.269504303090272685e+02 5.137123408967612311e+06
2.875497074337888392e+01 1.235573900998976455e+02 2.250120983138579334e+00 1.271894700858522640e+02 5.161079730761961080e+06
2.883351063276001369e+01 1.248247450278483512e+02 2.252316977024817035e+00 1.285121530342637470e+02 5.171144017057504505e+06
2.891205052174430890e+01 1.252770207975308665e+02 2.275483288509209778e+00 1.289963237681677413e+02 5.208764524945374578e+06
2.899059041033499184e+01 1.262699626130684010e+02 2.284860163071334327e+00 1.300169136449656264e+02 5.230939942427387461e+06
2.906913029853525643e+01 1.264304063571969010e+02 2.301565839751694931e+00 1.302806211789574320e+02 5.269502747649610974e+06
2.914767018634825746e+01 1.267865676346794288e+02 2.321842831144779407e+00 1.307952460681967466e+02 5.291245520737868734e+06
2.922621007377712132e+01 1.276350659176331419e+02 2.315559791662933353e+00 1.315205073757321088e+02 5.330467613242525607e+06
2.930474996082492822e+01 1.289389187137824422e+02 2.332587726410582984e+00 1.329424632190849991e+02 5.343982113764175214e+06
2.938328984749474060e+01 1.281542206409572486e+02 2.352971065308977039e+00 1.321626230125163204e+02 5.356348508273110725e+06
2.946182973378957826e+01 1.291818464308760213e+02 2.377797943256647617e+00 1.332643054319697740e+02 5.356696439865790308e+06
2.954036961971243258e+01 1.302081632839737040e+02 2.373172115787522074e+00 1.343285485973889877e+02 5.425629188223803416e+06
2.961890950526625943e+01 1.293846714496520462e+02 2.401929454503604511e+00 1.335481180192219028e+02 5.390623403620813973e+06
2.969744939045398979e+01 1.307621951183788838e+02 2.407340700042656767e+00 1.349733594268951151e+02 5.458103835348185152e+06
2.977598927527852268e+01 1.299226942971552035e+02 2.425888257263925318e+00 1.341949815163207802e+02 5.471198931449886411e+06
2.985452915974272159e+01 1.322264760966789936e+02 2.432597228510713805e+00 1.366852081037621360e+02 5.564593210938837379e+06
2.993306904384942868e+01 1.331029680864328952e+02 2.435930075622945612e+00 1.374280431694882623e+02 5.550553002471557818e+06
3.001160892760143994e+01 1.332120061300692555e+02 2.461984700817635652e+00 1.375291738063418165e+02 5.586767216298434883e+06
3.009014881100154071e+01 1.347770484320340358e+02 2.489383574694371326e+00 1.390523943587153042e+02 5.650745907945889980e+06
3.016868869405248077e+01 1.355836771925806374e+02 2.494420203532822455e+00 1.403222879801384977e+02 5.656307436868906021e+06
3.024722857675697441e+01 1.352290036481043103e+02 2.539627610500412747e+00 1.398554985562045658e+02 5.674129152392970398e+06
3.032576845911771457e+01 1.365060540157915341e+02 2.534140903162542813e+00 1.412363022411731492e+02 5.741467272438704967e+06
3.040430834113736580e+01 1.370343135311804872e+02 2.547021291041668967e+00 1.417231337610595858e+02 5.766593158750901930e+06
3.048284822281856421e+01 1.391119710207741207e+02 2.555358015543957251e+00 1.440253984289121831e+02 5.776721645249954425e+06
3.056138810416392460e+01 1.397218416426581484e+02 2.565590387969196584e+00 1.441636086508015637e+02 5.835420813583771698e+06
3.063992798517602267e+01 1.402599542853519665e+02 2.603936036095546136e+00 1.453468251173098338e+02 5.862723896655476652e+06
3.071846786585741640e+01 1.407020907372657348e+02 2.611744870498371007e+00 1.457962005654217705e+02 5.934459587420962751e+06
3.079700774621063886e+01 1.405577785107268198e+02 2.627823666538786185e+00 1.455092804288121897e+02 5.945819125461688265e+06
3.087554762623818760e+01 1.422305249301664674e+02 2.624338737863049609e+00 1.469790430106580175e+02 5.904815159080717713e+06
3.095408750594254599e+01 1.437140401259891007e+02 2.670841558422425877e+00 1.486889343354593507e+02 6.038364531450309791e+06
3.103262738532617249e+01 1.448135599424843463e+02 2.690600063441129119e+00 1.500493611679088986e+02 6.084590924465076067e+06
3.111116726439149005e+01 1.443030448461958883e+02 2.731085520448640391e+00 1.494866898119006748e+02 6.113303204586984590e+06
3.118970714314090387e+01 1.462173678473253631e+02 2.719573654144371133e+00 1.515314554143519103e+02 6.078841337243914604e+06
3.126824702157679781e+01 1.469778794009910712e+02 2.743727181803534254e+00 1.523968445731129862e+02 6.140601486137152649e+06
3.134678689970152377e+01 1.476256575870932579e+02 2.743482948665434851e+00 1.527895314384018945e+02 6.257638832345322706e+06
3.142532677751741588e+01 1.472501408470207309e+02 2.800521099769432976e+00 1.524258243701440279e+02 6.274827726249291562e+06
3.150386665502678696e+01 1.487312967146155529e+02 2.798422442078064787e+00 1.539234411879536708e+02 6.277153231159663759e+06
3.158240653223192140e+01 1.489825625478369204e+02 2.765353885831110414e+00 1.544412817018969122e+02 6.280631889317514375e+06
3.166094640913508229e+01 1.520213819124726911e+02 2.812602380024872506e+00 1.576645941775697679e+02 6.323156053054456599e+06
3.173948628573851494e+01 1.508484400602983442e+02 2.838296784974940756e+00 1.562937111696253396e+02 6.338099143982382491e+06
3.181802616204443623e+01 1.520050508960689228e+02 2.856681880775196802e+00 1.573297389155517010e+02 6.390353170137572102e+06
3.189656603805504531e+01 1.536282232708740878e+02 2.890523550927581287e+00 1.589403201035958659e+02 6.415330289788753726e+06
3.197510591377251998e+01 1.550075732174408927e+02 2.893841736477742010e+00 1.606140859007084600e+02 6.490693044886175543e+06
3.205364578919900964e+01 1.556077159144368522e+02 2.917440187528373752e+00 1.613203168366058264e+02 6.491299044834860601e+06
3.213218566433665302e+01 1.564662238485746286e+02 2.899313458279919598e+00 1.621003614398943853e+02 6.571488882565713488e+06
3.221072553918755688e+01 1.558704934929233161e+02 2.957244065163022295e+00 1.612413930969991327e+02 6.460923219401617534e+06
3.228926541375382442e+01 1.547815827278776908e+02 2.988773304505945472e+00 1.609763752126746112e+02 6.643497756635887548e+06
3.236780528803751622e+01 1.554376315285614680e+02 3.011265997643242098e+00 1.614238037399505856e+02 6.641592074756748974e+06
3.244634516204068575e+01 1.567549706254209241e+02 3.008857894558429891e+00 1.627636238925839223e+02 6.629939195467402227e+06
3.252488503576537227e+01 1.598357891023898389e+02 3.009154385516489949e+00 1.659340969762123734e+02 6.771407022038665600e+06
3.260342490921358660e+01 1.586224183352967145e+02 3.103631224630071461e+00 1.648168832591144337e+02 6.710073669943273067e+06
3.268196478238731828e+01 1.623710641529543182e+02 3.158139785351189666e+00 1.687142835168872637e+02 6.908552136620371602e+06
3.276050465528854261e+01 1.621694116920633917e+02 3.082463803995502349e+00 1.682362329021148923e+02 6.904960122095167637e+06
3.283904452791921358e+01 1.638872792376813550e+02 3.186626536089333328e+00 1.701415970364634802e+02 6.883495725574143231e+06
3.291758440028127097e+01 1.660984799346735201e+02 3.194721575560986349e+00 1.732328035229788270e+02 7.065882949002863839e+06
3.299612427237663326e+01 1.679132295400068244e+02 3.247023912236377541e+00 1.743648566318804569e+02 6.972426088155005127e+06
3.307466414420719758e+01 1.682758657117373673e+02 3.226375494111072939e+00 1.749482727090402250e+02 7.017252430398488417e+06
3.315320401577483977e+01 1.670476215388240746e+02 3.254378219713571330e+00 1.730128775318930536e+02 7.092202665574396029e+06
3.323174388708143567e+01 1.725842720885538313e+02 3.313604689495249556e+00 1.790032483745907825e+02 6.946691045635343529e+06
3.331028375812883269e+01 1.712748944605831127e+02 3.294366826966350192e+00 1.776802156148364986e+02 7.133828271210986190e+06
3.338882362891884981e+01 1.775370065795971755e+02 3.285856602288319550e+00 1.845034563314623597e+02 7.182774780933026224e+06
3.346736349945329891e+01 1.732943895377787840e+02 3.414149117218554519e+00 1.811792912516268927e+02 7.314045761535059661e+06
3.354590336973399189e+01 1.799180301675577880e+02 3.362858993524239004e+00 1.863711670533024574e+02 7.591643870884536766e+06
3.362444323976268379e+01 1.751952909923128345e+02 3.340661375531281951e+00 1.823627892799727874e+02 7.399303834069937468e+06
3.370298310954115806e+01 1.783278480372747765e+02 3.317569101910312401e+00 1.839781672045141647e+02 7.301573809923463501e+06
3.378152297907114132e+01 1.792386010851397202e+02 3.395992880313691398e+00 1.862638249052754134e+02 7.492604011155434884e+06
3.386006284835436730e+01 1.809393110894997392e+02 3.412133297496645845e+00 1.881251670803043794e+02 7.742037850944926962e+06
3.393860271739255552e+01 1.882395726479712721e+02 3.488043425914775231e+00 1.964498554138073416e+02 7.602269722799698822e+06
3.401714258618739706e+01 1.909653383723355375e+02 3.420608324025306679e+00 2.003650814229435753e+02 8.168786494656317867e+06
3.409568245474058301e+01 1.803991114432782581e+02 3.288645113474436776e+00 1.906000354485263983e+02 7.286991022127896547e+06
3.417422232305376895e+01 1.827497440602546419e+02 3.482644543026776063e+00 1.885967651546737045e+02 8.176204289317791350e+06
3.425276219112861043e+01 1.936809585961573816e+02 3.933037173566191758e+00 2.010546985571517098e+02 8.568480438387904316e+06
3.433130205896674880e+01 1.791575262799420329e+02 3.640435299784829937e+00 1.846450483039245682e+02 7.203260296704719774e+06
3.440984192656979701e+01 1.788245066795844309e+02 3.383147385616830594e+00 1.825808499210220361e+02 7.921887700853336602e+06
3.448838179393936088e+01 1.790413758219877138e+02 3.379025827692399453e+00 1.855838197976401602e+02 7.928789134366438724e+06
3.456692166107702491e+01 2.085932318569686572e+02 3.774470207311096281e+00 2.196489561705348024e+02 8.697461422360183671e+06
3.464546152798438072e+01 1.476924978066942629e+02 3.930241367699671695e+00 1.575292742470416556e+02 9.169957990877926350e+06
3.472400139466299152e+01 1.452065920822948044e+02 4.124623840916962436e+00 1.628765132805731071e+02 5.815113989315696061e+06
