# 0.05842 0.02737
7.871241428633635184e-02 8.931490797232193024e-02 1.295760844777055776e-01 9.988000276752437290e-03 3.075871572218134588e+03
1.618072713909662341e-01 1.045909482867542623e-01 1.973443162451959387e-01 5.495456750337512214e-02 1.237788674535388964e+04
2.418771330418761079e-01 1.369787112741578106e-01 2.076013574332512268e-01 7.272237160303038350e-02 1.710477037424551963e+04
3.211923215201240578e-01 2.453275709735909527e-01 3.519987442110855680e-01 1.596996158936310473e-01 3.273831189280561375e+04
4.002017901256537113e-01 2.855487237001017586e-01 4.009540666851627022e-01 2.391438054875294483e-01 4.694633505514828721e+04
4.790568272527075955e-01 4.580978758579836718e-01 4.563451463981250678e-01 2.486377378850196940e-01 4.588693334845612117e+04
5.578229290343351687e-01 6.087600429689495884e-01 5.761481243498588478e-01 3.747457279057675450e-01 6.845498874842563237e+04
6.365331115321660738e-01 7.300260080321606670e-01 6.158364020852762355e-01 4.340012859444432602e-01 7.324027552894821565e+04
7.152058371535838788e-01 9.755087537190276770e-01 7.904233622062105669e-01 5.045806310272552553e-01 8.504737921292033570e+04
7.938522421846891941e-01 1.175242068518420613e+00 8.594767162080207967e-01 5.582344000037878784e-01 8.630407860883376270e+04
8.724794443688169698e-01 1.342188479023354253e+00 8.654210763657608219e-01 6.513953012661151121e-01 9.661640824589166732e+04
9.510922062407737299e-01 1.539531156724862404e+00 1.002483704659107078e+00 7.289719906149573214e-01 1.064088297454052226e+05
1.029693835175838679e+00 1.648774267561015527e+00 9.891758928257821104e-01 8.041101907809096172e-01 1.105699086305019009e+05
1.108286699878543891e+00 1.937884814758463747e+00 1.127532852674860031e+00 9.011457303565326704e-01 1.187600579079594609e+05
1.186872541411916560e+00 2.048450749787286362e+00 1.146387002426896062e+00 9.576067797292772132e-01 1.247671052627561439e+05
1.265452668213572940e+00 2.270922908025708953e+00 1.191697409828736287e+00 1.017517428596134588e+00 1.310421187189813209e+05
1.344028082638708543e+00 2.364389197627908779e+00 1.204928218365153292e+00 1.136745866678372519e+00 1.416998093453847978e+05
1.422599565533279709e+00 2.516034717838721679e+00 1.237365599927067183e+00 1.202342849115284551e+00 1.445377794365878217e+05
1.501167734229200246e+00 2.761978197066548013e+00 1.248365188697890149e+00 1.337445073763378955e+00 1.524275194544556143e+05
1.579733083222462531e+00 3.001709978467522077e+00 1.332707889890345276e+00 1.465246807607393231e+00 1.654612916540266597e+05
1.658296013281593151e+00 2.845232467491060291e+00 1.227461025103641967e+00 1.503642938911307292e+00 1.666677996048001514e+05
1.736856852652245875e+00 3.112610256521632923e+00 1.317560166585796777e+00 1.653060228761823014e+00 1.722893066301174113e+05
1.815415872753641580e+00 3.204998385003297923e+00 1.327950568011672106e+00 1.670826878494009016e+00 1.764277465972712671e+05
1.893973299967037560e+00 3.434695626486804265e+00 1.365233576260710846e+00 1.830758355912563751e+00 1.875992038253046339e+05
1.972529324606241641e+00 3.442421385783421162e+00 1.318781444373092304e+00 1.945556895983128642e+00 1.946439949215097586e+05
2.051084107826015579e+00 3.629795701069222336e+00 1.369816100206890708e+00 2.046692172946797506e+00 2.018994570963107981e+05
2.129637787001040561e+00 3.917673326241501108e+00 1.403673616101970278e+00 2.253757564140786762e+00 2.158837898080400482e+05
2.208190479956450680e+00 4.028585151514835871e+00 1.459155828183230641e+00 2.353148966514788665e+00 2.201092873888531467e+05
2.286742288326184092e+00 4.072731465521507666e+00 1.479038431502350370e+00 2.379215885745217030e+00 2.218290078920389351e+05
2.365293300241981811e+00 4.132924171287119641e+00 1.477637174691166511e+00 2.423714239817100768e+00 2.197599025129162765e+05
2.443843592503681883e+00 4.280527738092075651e+00 1.456876483840195746e+00 2.578249043965991749e+00 2.313919012472253817e+05
2.522393232343909553e+00 4.422344890073000023e+00 1.453483597934698057e+00 2.740825523987704848e+00 2.418066571314752800e+05
2.600942278872942381e+00 4.703109405137531951e+00 1.506030664848891476e+00 2.942168573812330656e+00 2.544573874095988867e+05
2.679490784269383141e+00 4.857424010346067078e+00 1.523278745783829935e+00 3.026662366076434907e+00 2.565602830130436050e+05
2.758038794767343038e+00 4.942538014110957612e+00 1.529122997238248738e+00 3.180181612545105896e+00 2.670478121412805631e+05
2.836586351479573942e+00 5.260327402791989293e+00 1.564501456291553572e+00 3.395594366571944356e+00 2.786212740972641041e+05
2.915133491087511963e+00 5.139404088286389616e+00 1.530413848707969038e+00 3.439524478649335748e+00 2.775706127189631807e+05
2.993680246422668834e+00 5.337797291206285877e+00 1.562612418567022710e+00 3.559911345553392614e+00 2.808728247895460227e+05
3.072226646958827967e+00 5.675496127269129332e+00 1.598206709634209188e+00 3.788552565258059168e+00 2.959479161310413037e+05
3.150772719230606977e+00 5.830271071718780007e+00 1.635648412675765551e+00 3.912721406478220310e+00 3.000455927846541163e+05
3.229318487190934395e+00 5.850985283816482863e+00 1.618805010585320892e+00 3.955607112743007470e+00 3.012813537041270174e+05
3.307863972517584905e+00 5.996274002278565440e+00 1.642693189803273279e+00 4.104415296789378331e+00 3.083003142474706401e+05
3.386409194877053608e+00 6.251011915289375942e+00 1.656742078903560511e+00 4.298379194750643784e+00 3.197714958380593453e+05
3.464954172152534095e+00 6.364676788502077187e+00 1.662944408181382672e+00 4.451279633646413991e+00 3.278149800182292238e+05
3.543498920641575456e+00 6.638361878839930341e+00 1.682730797060511430e+00 4.649070102110780311e+00 3.363701148076588288e+05
3.622043455228019404e+00 6.794973354589124881e+00 1.731577502115027034e+00 4.721463782135254306e+00 3.437916079252781929e+05
3.700587789532037597e+00 7.045392061887608470e+00 1.724950703678848507e+00 4.952396827327671502e+00 3.496845641900572227e+05
3.779131936041457696e+00 7.124250339074225558e+00 1.737884736612515857e+00 5.088081640688955076e+00 3.530406476300587528e+05
3.857675906227046259e+00 7.352609962799156129e+00 1.765071451445400896e+00 5.210167587575020853e+00 3.577048301621576538e+05
3.936219710643986680e+00 7.538315650871850515e+00 1.755089827178546891e+00 5.379494582063209407e+00 3.716762392617157311e+05
4.014763359021444877e+00 7.684100387703968416e+00 1.752953179865409439e+00 5.566597342704420193e+00 3.740938971107671969e+05
4.093306860341824560e+00 7.836519260633731498e+00 1.751583563028061175e+00 5.759412336564958323e+00 3.862851624236330972e+05
4.171850222911064776e+00 8.017076408630019912e+00 1.787607974486847162e+00 5.869635411100871281e+00 3.885146576601937413e+05
4.250393454421145911e+00 8.231586490173594228e+00 1.831391491304764418e+00 6.007551581750465886e+00 3.928260009791842895e+05
4.328936562005788247e+00 8.502256160428375509e+00 1.813555890738126175e+00 6.254351469568637079e+00 4.050478712024312699e+05
4.407479552290201497e+00 8.573937389290827937e+00 1.814304035468715215e+00 6.403146103025689762e+00 4.104790247178260470e+05
4.486022431435594982e+00 8.806996501938915145e+00 1.833377721640482960e+00 6.557194198555427178e+00 4.132752715200929088e+05
4.564565205179107465e+00 9.071994390926279905e+00 1.857297655540411485e+00 6.788139964628375544e+00 4.276388035536074312e+05
4.643107878869670024e+00 9.222684627840656901e+00 1.877397444180172625e+00 6.898135466031280139e+00 4.303364440139535000e+05
4.721650457500300213e+00 9.430849602532914489e+00 1.889269348044583685e+00 7.089918582738085284e+00 4.398467933726135525e+05
4.800192945737217443e+00 9.576237724821071495e+00 1.891172601931424113e+00 7.293778156413794456e+00 4.471250896446310799e+05
4.878735347946150824e+00 9.784844306382328938e+00 1.897365464086994802e+00 7.455523167039670440e+00 4.478126312228797469e+05
4.957277668216146793e+00 1.005185091033505707e+01 1.928760576714832364e+00 7.682230883264790755e+00 4.589461933646762045e+05
5.035819910381144737e+00 1.026333504750000358e+01 1.951683617608308108e+00 7.840541430305448145e+00 4.671976329409779864e+05
5.114362078039562221e+00 1.046756588727581239e+01 1.954313938389458771e+00 8.045964271536652390e+00 4.768560279586224933e+05
5.192904174572115394e+00 1.070138033450129278e+01 1.965545477008998398e+00 8.233931440185227046e+00 4.794357865296503296e+05
5.271446203158030919e+00 1.080850721542770643e+01 1.977165549183603988e+00 8.374658935546781535e+00 4.868818413564545335e+05
5.349988166789838573e+00 1.118928033693115509e+01 2.001443540497439777e+00 8.681706086138413880e+00 4.987387905840082094e+05
5.428530068286878674e+00 1.129787475072271441e+01 2.017556565486729792e+00 8.805268468785548919e+00 5.056592643714768928e+05
5.507071910307648643e+00 1.146685151897099075e+01 2.018689200482342017e+00 8.997137084728981549e+00 5.096711115561304614e+05
5.585613695361120179e+00 1.181140055494236840e+01 2.012266729481381855e+00 9.278674744847455358e+00 5.189823097596793086e+05
5.664155425817094525e+00 1.212372315765643016e+01 2.053801878633369604e+00 9.534123764798188461e+00 5.336080836118774023e+05
5.742697103915729961e+00 1.222287941755599050e+01 2.028793669937050570e+00 9.681753005347472296e+00 5.342606021681561833e+05
5.821238731776284148e+00 1.252566101083369432e+01 2.070973729471704772e+00 9.932674753733870432e+00 5.467073492042163853e+05
5.899780311405160127e+00 1.262485938487136394e+01 2.072497370958664931e+00 1.007859949900505292e+01 5.477234751617157599e+05
5.978321844703323507e+00 1.284149188071636871e+01 2.061260790829235301e+00 1.027749795873154781e+01 5.558051019512816565e+05
6.056863333473133437e+00 1.313823968176345502e+01 2.077415975587880936e+00 1.047917857323772495e+01 5.613346080469887238e+05
6.135404779424661115e+00 1.333933732556358720e+01 2.109719851098422083e+00 1.068696612347719999e+01 5.700440725408794824e+05
6.213946184181517118e+00 1.358059172641799783e+01 2.092278602368057960e+00 1.098825715630867172e+01 5.832002033575865207e+05
6.292487549286247983e+00 1.388321436453907332e+01 2.128340947336483158e+00 1.113755936631433485e+01 5.852672821541333105e+05
6.371028876205335756e+00 1.406072708553689843e+01 2.139445922834369629e+00 1.136800142676918135e+01 5.959586137295863591e+05
6.449570166333828070e+00 1.438461014177113384e+01 2.138704517794520310e+00 1.165149083562873500e+01 6.078789001159521285e+05
6.528111420999634262e+00 1.448538777568404612e+01 2.145013892828998792e+00 1.176583370667080786e+01 6.106897857142299181e+05
6.606652641467518627e+00 1.479120691509551655e+01 2.162841589322643809e+00 1.200483382661750476e+01 6.198742059564829106e+05
6.685193828942805006e+00 1.517781338154989612e+01 2.176733182450815374e+00 1.238078647947379451e+01 6.294127597045851871e+05
6.763734984574836240e+00 1.523096042350391421e+01 2.177848694562751763e+00 1.245722944839635993e+01 6.358082510985300178e+05
6.842276109460177835e+00 1.551052520269792012e+01 2.189642775502959715e+00 1.276399600970284709e+01 6.399596792226306861e+05
6.920817204645620890e+00 1.555525549260966223e+01 2.196304163544766652e+00 1.283268539161358568e+01 6.410229510841169395e+05
6.999358271130968312e+00 1.603594239558798407e+01 2.239630639301243065e+00 1.316037312594768416e+01 6.563417010234006448e+05
7.077899309871646949e+00 1.630000581069524657e+01 2.236456249953026276e+00 1.343987903856086596e+01 6.678160603865990415e+05
7.156440321781138536e+00 1.643431451984821123e+01 2.236795252615169094e+00 1.356525202832119170e+01 6.673777981134651927e+05
7.234981307733260536e+00 1.669699465369747315e+01 2.254062607073530788e+00 1.387278602556223284e+01 6.811176362398763886e+05
7.313522268564292439e+00 1.689008838666333645e+01 2.251791521730461820e+00 1.402288894664128804e+01 6.831936219092032406e+05
7.392063205074973276e+00 1.726522711628671303e+01 2.266327252430213601e+00 1.439684186044592984e+01 6.966477853239587275e+05
7.470604118032365015e+00 1.753263285927409854e+01 2.279903302629405548e+00 1.459472338418596848e+01 7.040093052903139032e+05
7.549145008171610272e+00 1.765666046901688446e+01 2.294748065455841868e+00 1.474069057130203397e+01 7.063662070074619260e+05
7.627685876197570103e+00 1.792401337846655807e+01 2.307415499489245736e+00 1.498113574903102574e+01 7.132671434480979806e+05
7.706226722786373884e+00 1.830211725596072725e+01 2.306177281152832048e+00 1.532322057706929463e+01 7.298964401600200217e+05
7.784767548586863484e+00 1.860320791996413092e+01 2.305955033645048946e+00 1.562979159598651435e+01 7.376250866172517417e+05
7.863308354221953955e+00 1.869595882715024260e+01 2.332380379886971777e+00 1.570880352208495268e+01 7.370774248809788842e+05
7.941849140289923170e+00 1.892451636300605244e+01 2.330761775911137867e+00 1.596721588967632144e+01 7.465840774276448647e+05
8.020389907365611748e+00 1.939389695056177487e+01 2.344414142299334092e+00 1.636350996447209383e+01 7.611758341289005475e+05
8.098930656001561701e+00 1.942129004925368463e+01 2.345461197020015653e+00 1.650447687175805811e+01 7.664153804861758836e+05
8.177471386729090241e+00 1.961575191327875700e+01 2.348081775165381302e+00 1.666420333730768988e+01 7.698428008492435329e+05
8.256012100059292536e+00 1.998832732547456814e+01 2.352049907603468437e+00 1.702293633033494302e+01 7.798629887417326681e+05
8.334552796484000936e+00 2.019992566634163822e+01 2.354369569227150905e+00 1.718447037574268421e+01 7.825962816124841338e+05
8.413093476476680266e+00 2.050875026935040779e+01 2.369550630978364492e+00 1.748134582038994367e+01 7.986888406656438019e+05
8.491634140493276917e+00 2.067789049415645053e+01 2.389374757951463035e+00 1.763225511080343111e+01 8.008891656847590348e+05
8.570174788973028868e+00 2.107774814767782345e+01 2.404447416868473297e+00 1.799719647177154869e+01 8.130380116304181283e+05
8.648715422339215309e+00 2.140312900641328397e+01 2.414125484465572402e+00 1.830511157194340655e+01 8.235760863054554211e+05
8.727256040999876063e+00 2.162594205635182476e+01 2.430706526327012007e+00 1.846291949995037740e+01 8.258618722234605812e+05
8.805796645348495488e+00 2.184763352267896863e+01 2.410872098211847447e+00 1.881327214063323794e+01 8.358558105040232185e+05
8.884337235764643737e+00 2.210833878026382493e+01 2.444633881989095592e+00 1.903262802533206255e+01 8.453812120827409672e+05
8.962877812614589601e+00 2.239212931645647586e+01 2.464135374483407137e+00 1.927967401401174286e+01 8.513267540357160615e+05
9.041418376251867173e+00 2.280545292295110826e+01 2.453557862826498681e+00 1.965431743268706910e+01 8.628826134493972640e+05
9.119958927017840722e+00 2.291185206460957602e+01 2.466113774292344019e+00 1.979502274807406081e+01 8.656299325993927196e+05
9.198499465242209183e+00 2.327498146855308647e+01 2.465881119535837662e+00 2.010229285805620947e+01 8.777703503817484016e+05
9.277039991243508865e+00 2.351011583737497901e+01 2.482252729517292256e+00 2.035669330160113333e+01 8.808532189906198764e+05
9.355580505329580632e+00 2.382489253487425174e+01 2.487147313744235699e+00 2.065166522074800781e+01 8.942178174491993850e+05
9.434121007798012215e+00 2.386024427974319551e+01 2.480499265942632814e+00 2.077817723233244962e+01 8.953175717175091850e+05
9.512661498936562765e+00 2.435318483109076837e+01 2.497599797269553168e+00 2.119449387074351421e+01 9.070854247403435875e+05
9.591201979023569635e+00 2.450221405177125078e+01 2.511610872607880296e+00 2.139606062073994153e+01 9.153163176200243179e+05
9.669742448328321416e+00 2.487155425008996446e+01 2.511465754025690167e+00 2.174441276561926273e+01 9.229317819116979372e+05
9.748282907111432749e+00 2.504845305686949786e+01 2.516624387376622085e+00 2.188975474401067345e+01 9.286192786486673867e+05
9.826823355625185386e+00 2.546544055477707857e+01 2.519023914424176613e+00 2.226585206035209907e+01 9.404160095883462345e+05
9.905363794113858589e+00 2.572863258225395455e+01 2.543443062714671132e+00 2.252804758246942640e+01 9.482614830100194085e+05
9.983904222814045326e+00 2.604246411142650430e+01 2.546858851646470079e+00 2.288447831885935457e+01 9.573855526806184789e+05
1.006244464195495070e+01 2.628952975741331599e+01 2.539440730745582631e+00 2.309637645982631682e+01 9.645579646406756947e+05
1.014098505175868148e+01 2.645675677813354909e+01 2.550692513331791034e+00 2.323121572289257841e+01 9.748874146384965861e+05
1.021952545244051613e+01 2.678946599877017221e+01 2.556790307263662854e+00 2.363351705863801300e+01 9.814381754038768122e+05
1.029806584420916415e+01 2.711917159686257150e+01 2.564051021973960953e+00 2.389785589937531185e+01 9.909091834868785227e+05
1.037660622726701654e+01 2.736416896654290198e+01 2.561379153124713870e+00 2.420022839839621653e+01 9.971502732103600865e+05
1.045514660181038380e+01 2.761621378527281223e+01 2.576255523906422429e+00 2.440849412008416408e+01 1.006691863046170445e+06
1.053368696802971982e+01 2.786363902133261661e+01 2.576867726021292437e+00 2.469430764045895543e+01 1.007460393119466607e+06
1.061222732610984210e+01 2.829820399401074482e+01 2.582825057800061774e+00 2.510845547033001424e+01 1.028929729175268090e+06
1.069076767623013779e+01 2.856834120583680914e+01 2.599076584249805588e+00 2.532963144402741307e+01 1.033142310769841075e+06
1.076930801856475739e+01 2.872933878087802029e+01 2.579073692308237575e+00 2.555796763178537034e+01 1.043237720054846839e+06
1.084784835328281005e+01 2.894163268810168077e+01 2.596810253888472086e+00 2.581243242016469353e+01 1.046758381140027544e+06
1.092638868054854306e+01 2.943178851306750587e+01 2.601528290798598597e+00 2.627723789655878406e+01 1.059556027280356502e+06
1.100492900052151413e+01 2.946198089640373396e+01 2.594982324537204565e+00 2.629376429970897533e+01 1.064992948662429582e+06
1.108346931335675833e+01 2.984162847414662423e+01 2.610176020789426232e+00 2.663654772017931194e+01 1.075796305090149166e+06
1.116200961920494805e+01 3.017792817448379239e+01 2.611345577266590112e+00 2.701745044580935939e+01 1.083246412609812105e+06
1.124054991821254212e+01 3.044389726158839338e+01 2.625138203297544326e+00 2.718970002031530697e+01 1.091224371285052970e+06
1.131909021052193687e+01 3.067323983077953997e+01 2.631405177868189504e+00 2.752006128020192577e+01 1.102250601923317183e+06
1.139763049627160285e+01 3.103477317737280927e+01 2.636432912962231256e+00 2.783539790463739294e+01 1.108312481345047243e+06
1.147617077559622167e+01 3.131363977575762902e+01 2.637783855429398194e+00 2.817754627008225654e+01 1.122747756947490852e+06
1.155471104862680853e+01 3.164699211026275094e+01 2.648535125684663871e+00 2.845739112340096710e+01 1.132571661577699939e+06
1.163325131549084368e+01 3.202770183364026479e+01 2.648016075247979551e+00 2.888216685301780728e+01 1.139949335254091304e+06
1.171179157631238787e+01 3.223638164218608182e+01 2.655815854250337615e+00 2.903820175692843009e+01 1.144500620952420635e+06
1.179033183121219608e+01 3.248724381440974440e+01 2.677369821402835637e+00 2.927406088786155181e+01 1.155401289915444562e+06
1.186887208030782759e+01 3.262856519325649174e+01 2.663608372767169108e+00 2.944459382014794713e+01 1.160178275931487791e+06
1.194741232371374728e+01 3.318812242341192587e+01 2.671844763020891911e+00 3.003273633043940904e+01 1.173909096004611813e+06
1.202595256154143222e+01 3.331838368635642667e+01 2.694058592155434084e+00 3.018014357116582502e+01 1.179732988342722645e+06
1.210449279389946753e+01 3.388941769225302636e+01 2.691216425792383848e+00 3.066105931284997865e+01 1.193248300978554180e+06
1.218303302089363527e+01 3.397914064756243135e+01 2.681366935468118662e+00 3.084505503374435875e+01 1.201176870439985767e+06
1.226157324262700676e+01 3.430634248428316369e+01 2.696195475471204972e+00 3.115169068321165469e+01 1.209642456558198668e+06
1.234011345920003322e+01 3.445889779902230288e+01 2.692050905170480846e+00 3.129730417148586241e+01 1.214640605860840762e+06
1.241865367071062565e+01 3.481889480966891881e+01 2.712505079198523461e+00 3.166182195196418192e+01 1.222424132910155226e+06
1.249719387725422415e+01 3.511406284861934779e+01 2.708354407084915039e+00 3.197446362289230137e+01 1.235671517990484601e+06
1.257573407892389383e+01 3.552134232940594671e+01 2.721364541280181459e+00 3.235215339977899873e+01 1.247710836515596835e+06
1.265427427581038877e+01 3.555202491047534608e+01 2.706993425674966147e+00 3.248178293366520109e+01 1.246982235097917262e+06
1.273281446800221772e+01 3.600107650497048439e+01 2.721972066665425682e+00 3.295682706140735974e+01 1.261598814243008615e+06
1.281135465558572584e+01 3.638447752784137634e+01 2.728689325446425951e+00 3.325872746970523508e+01 1.276949188864657888e+06
1.288989483864514796e+01 3.655939449229693849e+01 2.743530751623011188e+00 3.351363819859760440e+01 1.276630997198288096e+06
1.296843501726268322e+01 3.686352799469065644e+01 2.750731747301996322e+00 3.379350428293398778e+01 1.287392069955751067e+06
1.304697519151855190e+01 3.709704581559867620e+01 2.739452138853110341e+00 3.407476521379013690e+01 1.297496773846050724e+06
1.312551536149104692e+01 3.772567098646901229e+01 2.752529670871778134e+00 3.458549481255039382e+01 1.312987564910676330e+06
1.320405552725660492e+01 3.793957843301813426e+01 2.748189376308237009e+00 3.481170014701920223e+01 1.322006146522236289e+06
1.328259568888985243e+01 3.819214771700187327e+01 2.759902592417443401e+00 3.514810238198541015e+01 1.330700130336636445e+06
1.336113584646366270e+01 3.844008238418521017e+01 2.761925175752327100e+00 3.539531197996509349e+01 1.339879360888628988e+06
1.343967600004920548e+01 3.871625504717268029e+01 2.761804959219332556e+00 3.571112142853651505e+01 1.347112094629605766e+06
1.351821614971599317e+01 3.909940627202382757e+01 2.774748688347357106e+00 3.608020851423142261e+01 1.359370733620689483e+06
1.359675629553193588e+01 3.931791382859661610e+01 2.770282703174737016e+00 3.629824431084242775e+01 1.365230201141287573e+06
1.367529643756338231e+01 3.975424275530205165e+01 2.780746371526026106e+00 3.673034551286253446e+01 1.380176821801766520e+06
1.375383657587516595e+01 4.003464392144898198e+01 2.792880954226595325e+00 3.702873769818760508e+01 1.386774807798935566e+06
1.383237671053064766e+01 4.026481550724667358e+01 2.790218111483866004e+00 3.731478089166085965e+01 1.395802761291115312e+06
1.391091684159175834e+01 4.061960824533054648e+01 2.804461520427694587e+00 3.764042170242184682e+01 1.402745161276447121e+06
1.398945696911903269e+01 4.099835026684692707e+01 2.800748304251940990e+00 3.802449454821985597e+01 1.418754598623666679e+06
1.406799709317166069e+01 4.138689614741237222e+01 2.807637125138915835e+00 3.842833254736422077e+01 1.430459778083516518e+06
1.414653721380751428e+01 4.166182549743989938e+01 2.811424277842395458e+00 3.871547194826513305e+01 1.442426666007505031e+06
1.422507733108318817e+01 4.183367838820928597e+01 2.807271092635288401e+00 3.896523305322082820e+01 1.451042662933415500e+06
1.430361744505403543e+01 4.220654181984640019e+01 2.814875711729922347e+00 3.929446239210319192e+01 1.461608812486131676e+06
1.438215755577419586e+01 4.246979452427388679e+01 2.837033806255831347e+00 3.954325797526112041e+01 1.466778891482701525e+06
1.446069766329663686e+01 4.289881591226865254e+01 2.824075608947147931e+00 4.001308446574743982e+01 1.487344534247982083e+06
1.453923776767318010e+01 4.310148093681007708e+01 2.840158527552315793e+00 4.026413594051700784e+01 1.489614650300387293e+06
1.461777786895453346e+01 4.362136798287052386e+01 2.843713646225701996e+00 4.076983346329938485e+01 1.505810160715744831e+06
1.469631796719032302e+01 4.425277272161113018e+01 2.845979153397973249e+00 4.136154007500046959e+01 1.521504435996068642e+06
1.477485806242911437e+01 4.415937878437109987e+01 2.856673517456941536e+00 4.126735127716317919e+01 1.520384045451266458e+06
1.485339815471844993e+01 4.439272801923498690e+01 2.866879483740762513e+00 4.156750926298745696e+01 1.535458996235356433e+06
1.493193824410487203e+01 4.490190636938481106e+01 2.863486838504892606e+00 4.210019918804498928e+01 1.551747570344391745e+06
1.501047833063394421e+01 4.535830105190586181e+01 2.871436451099267817e+00 4.255312296568720853e+01 1.565861001742664957e+06
1.508901841435028857e+01 4.536545930953614203e+01 2.881305423994764414e+00 4.260304414142922269e+01 1.566022091684116982e+06
1.516755849529759992e+01 4.590650631353168620e+01 2.889584269982814480e+00 4.315590177996865862e+01 1.581342509122741874e+06
1.524609857351867070e+01 4.628919619963087939e+01 2.902365969856904204e+00 4.350180158902058025e+01 1.596061450421760092e+06
1.532463864905541762e+01 4.668391365251710567e+01 2.900448075570436934e+00 4.399105785783442712e+01 1.609168790587584488e+06
1.540317872194890292e+01 4.697298231488300502e+01 2.898423459652288869e+00 4.424951825836465247e+01 1.614476614474095870e+06
1.548171879223935399e+01 4.726476401566563368e+01 2.916098178226218085e+00 4.455538949495334577e+01 1.627587807478342671e+06
1.556025885996618996e+01 4.758201372588451505e+01 2.921694243418913040e+00 4.489445314357801209e+01 1.643319673150601098e+06
1.563879892516803238e+01 4.789013500639154586e+01 2.926713653458521858e+00 4.523777792791179309e+01 1.646971768390889512e+06
1.571733898788273187e+01 4.823198879838319186e+01 2.937683386656654072e+00 4.558083779641477662e+01 1.661220737688182620e+06
1.579587904814739119e+01 4.861038908450405671e+01 2.943230994183454907e+00 4.593417409815033636e+01 1.666401619644588791e+06
1.587441910599837769e+01 4.912508299413061508e+01 2.948593812253974988e+00 4.650854150484997973e+01 1.685267128790657502e+06
1.595295916147133575e+01 4.941587280554299610e+01 2.947974592529301052e+00 4.680947738750287357e+01 1.699697810261846287e+06
1.603149921460121874e+01 4.964596931908852184e+01 2.957442495481231504e+00 4.706271012575498958e+01 1.706943404629833763e+06
1.611003926542229436e+01 5.000899040441348831e+01 2.963495066588470728e+00 4.739975026748508924e+01 1.719811078582816524e+06
1.618857931396816596e+01 5.053754053324160367e+01 2.977275492712336380e+00 4.804848658098343606e+01 1.740831259646341903e+06
1.626711936027179561e+01 5.080609528731684321e+01 2.982512770141365621e+00 4.829036135697974430e+01 1.743953292869728524e+06
1.634565940436549525e+01 5.125799138372369157e+01 2.981221014195268637e+00 4.868547149220920289e+01 1.761345591516615590e+06
1.642419944628097639e+01 5.161388296814556753e+01 3.001079030563840178e+00 4.911610334508512210e+01 1.773303611278436845e+06
1.650273948604932883e+01 5.191781223526930233e+01 3.004282458849568460e+00 4.942336375129556103e+01 1.783754389855988324e+06
1.658127952370107394e+01 5.235472496230794093e+01 2.999041470368317697e+00 4.989373299828782393e+01 1.797684981284217210e+06
1.665981955926614333e+01 5.271664160425564205e+01 3.013266055592616066e+00 5.031531092867037813e+01 1.808680393407857744e+06
1.673835959277390728e+01 5.313030113521434572e+01 3.021824518344679689e+00 5.073582291066826144e+01 1.821890216606437229e+06
1.681689962425318896e+01 5.353274407268237667e+01 3.027382000463516132e+00 5.113324244064253321e+01 1.836034516208817251e+06
1.689543965373228218e+01 5.387635666566819026e+01 3.041082754237654839e+00 5.145749354622346061e+01 1.852429777595058782e+06
1.697397968123895495e+01 5.405390179085009805e+01 3.050789354675236709e+00 5.168358775800081162e+01 1.859159547338574193e+06
1.705251970680045304e+01 5.464452134339372691e+01 3.059711270208802514e+00 5.223828261450210420e+01 1.872565750203432050e+06
1.713105973044353902e+01 5.494989255936842198e+01 3.071237735375617284e+00 5.263025725961608714e+01 1.888622420416847803e+06
1.720959975219447102e+01 5.539602397307527326e+01 3.075301574983800634e+00 5.306272020845852211e+01 1.906472319289159263e+06
1.728813977207903463e+01 5.568116056514880796e+01 3.087868845078384439e+00 5.338134726084039272e+01 1.918007461358336499e+06
1.736667979012256424e+01 5.627608046839894484e+01 3.095983994295246067e+00 5.398428238743423435e+01 1.933875444603929296e+06
1.744521980634991110e+01 5.657354240349691565e+01 3.101005707822362290e+00 5.433948738182424876e+01 1.948787360056969337e+06
1.752375982078550365e+01 5.705509730059939955e+01 3.125418513416027722e+00 5.480414594652447136e+01 1.965111290935755940e+06
1.760229983345331917e+01 5.739670797066626307e+01 3.129008859332601755e+00 5.514629868560365367e+01 1.974926004320369568e+06
1.768083984437692635e+01 5.772171025418094814e+01 3.137705823795922999e+00 5.557680925261904292e+01 1.986989772347028600e+06
1.775937985357945692e+01 5.822579899642472867e+01 3.152233173266881128e+00 5.601363385409716500e+01 2.001832789068631828e+06
1.783791986108364824e+01 5.857901846175977312e+01 3.153984232087058359e+00 5.644548543657163009e+01 2.015227429242810933e+06
1.791645986691183268e+01 5.903377294268992159e+01 3.166116805894894526e+00 5.688938138976667602e+01 2.037877339449592866e+06
1.799499987108595889e+01 5.943216453296381019e+01 3.176673394949200091e+00 5.730379917471552886e+01 2.045162891183123924e+06
1.807353987362759185e+01 5.999082411080248534e+01 3.192493416143493690e+00 5.790421623477238455e+01 2.063522632915300550e+06
1.815207987455791638e+01 6.020642978472918116e+01 3.203277329655067618e+00 5.816094928396391595e+01 2.074244517620151630e+06
1.823061987389775851e+01 6.072843187392436448e+01 3.226940086657796858e+00 5.869629545296597684e+01 2.094672035661794478e+06
1.830915987166758541e+01 6.126164641640851016e+01 3.224793198215441414e+00 5.916523443414031647e+01 2.111177043216612656e+06
1.838769986788751964e+01 6.152954443007587315e+01 3.236300488066408132e+00 5.953890940090231965e+01 2.122060597199074924e+06
1.846623986257733563e+01 6.204273809948612950e+01 3.258667700754182217e+00 6.003754836585807908e+01 2.135220846236770973e+06
1.854477985575647381e+01 6.264670407881644820e+01 3.273131350021965424e+00 6.061121459226303898e+01 2.161332604856287595e+06
1.862331984744404423e+01 6.310625595868120996e+01 3.277973983046944539e+00 6.117596746874276192e+01 2.175829736578461248e+06
1.870185983765884075e+01 6.344741229473203958e+01 3.290607894203092076e+00 6.156782449086000497e+01 2.191187216758440714e+06
1.878039982641934458e+01 6.397163575711886097e+01 3.314702149725512470e+00 6.200218161506674619e+01 2.215217103015008382e+06
1.885893981374372075e+01 6.455789398193648765e+01 3.333345102616591671e+00 6.262045312041309586e+01 2.229453237136601005e+06
1.893747979964983941e+01 6.502870901609514931e+01 3.356851243669091378e+00 6.315451380467650466e+01 2.248370603631213773e+06
1.901601978415527228e+01 6.519854552928667601e+01 3.343788404995947428e+00 6.336821260617595897e+01 2.256650112423812971e+06
1.909455976727730331e+01 6.590516957549886001e+01 3.374080751204986850e+00 6.405836357717070939e+01 2.285486405130024068e+06
1.917309974903293579e+01 6.652829610962119489e+01 3.387619448625267538e+00 6.466986515046475859e+01 2.300498177045212127e+06
1.925163972943889235e+01 6.699242327970932820e+01 3.391568775679195902e+00 6.522371664005042646e+01 2.322722688472973648e+06
1.933017970851161849e+01 6.773801898320250814e+01 3.415701608995806993e+00 6.587738424433756279e+01 2.344165297564143781e+06
1.940871968626730748e+01 6.793385229232171696e+01 3.432952648079237612e+00 6.620362699071203849e+01 2.361104346364312805e+06
1.948725966272188259e+01 6.837868953398782423e+01 3.447493848368015978e+00 6.662327623165977286e+01 2.378868323977570981e+06
1.956579963789100773e+01 6.911766955429430936e+01 3.475381842735470350e+00 6.736743304640729946e+01 2.394250655473551247e+06
1.964433961179010524e+01 6.960853480525224768e+01 3.495434720572096587e+00 6.788866015850990721e+01 2.415076391371698584e+06
1.972287958443434519e+01 7.004149130989912919e+01 3.499230670915752572e+00 6.836821425425929988e+01 2.427537916783325374e+06
1.980141955583865965e+01 7.057803918459752879e+01 3.520180793654640983e+00 6.898116846413165604e+01 2.454384587749343365e+06
1.987995952601774619e+01 7.115119056791442631e+01 3.555485410758957521e+00 6.949217789180704585e+01 2.476124918642586563e+06
1.995849949498606790e+01 7.169138891497810562e+01 3.573126577699831774e+00 7.000052739346664055e+01 2.491076363751119934e+06
2.003703946275786052e+01 7.225594345299809618e+01 3.584634898862807173e+00 7.066920682864366654e+01 2.514890347091682721e+06
2.011557942934713950e+01 7.287642324962683915e+01 3.608266242739595508e+00 7.126856139373235521e+01 2.530947007728527766e+06
2.019411939476770712e+01 7.327421597394859987e+01 3.615592364674385273e+00 7.169933295848809962e+01 2.546732445330448449e+06
2.027265935903314542e+01 7.358698025464778425e+01 3.624952018751251170e+00 7.208917747422393063e+01 2.567902726714858320e+06
2.035119932215682326e+01 7.385779422338623590e+01 3.632164706330177406e+00 7.243514720193061862e+01 2.580439124088666402e+06
2.042973928415191054e+01 7.444968943903444369e+01 3.656383925652468392e+00 7.298498874524872804e+01 2.598549654350866098e+06
2.050827924503137467e+01 7.477863483844322445e+01 3.660094852344889294e+00 7.337279862967365318e+01 2.607026807092672214e+06
2.058681920480798766e+01 7.513897590483340139e+01 3.666195322255308309e+00 7.374594970797411975e+01 2.628369836050270125e+06
2.066535916349431901e+01 7.553474432917737147e+01 3.671307435662512386e+00 7.424358418620521149e+01 2.647601077913225628e+06
2.074389912110275347e+01 7.610814363383828152e+01 3.674997918478631220e+00 7.486101516555960700e+01 2.657696265291548334e+06
2.082243907764548752e+01 7.640325110638826800e+01 3.694898126988273912e+00 7.514172544874904247e+01 2.671281190515694208e+06
2.090097903313453642e+01 7.678428429408268130e+01 3.698318181377694192e+00 7.554782275565621319e+01 2.687848954644684680e+06
2.097951898758173783e+01 7.724793240274576078e+01 3.713072890903095669e+00 7.607007381532227441e+01 2.707717218460987788e+06
2.105805894099874109e+01 7.750850716118563355e+01 3.734334939405680842e+00 7.643408259080383971e+01 2.722344617325458210e+06
2.113659889339703568e+01 7.800151866723484773e+01 3.740852473792207977e+00 7.695111859532582343e+01 2.737462396522122901e+06
2.121513884478793344e+01 7.870631332648098066e+01 3.756383153629925253e+00 7.768905401459896609e+01 2.766596817864522338e+06
2.129367879518258277e+01 7.894518755357815110e+01 3.761965387473685141e+00 7.796353782463467041e+01 2.769802630630064756e+06
2.137221874459196869e+01 7.951916590428353970e+01 3.793243521446678646e+00 7.857173120631121321e+01 2.796011734540260863e+06
2.145075869302691274e+01 8.002739840847723940e+01 3.776113474280747617e+00 7.914842400234950048e+01 2.814829675788755063e+06
2.152929864049807307e+01 8.016414375738031595e+01 3.801302392148814935e+00 7.931258367441269286e+01 2.829065591643647291e+06
2.160783858701596571e+01 8.071150414802482942e+01 3.810683325242323782e+00 7.994213534036222768e+01 2.846817058498551138e+06
2.168637853259094683e+01 8.100888743386296653e+01 3.835309106417575720e+00 8.027400252984385531e+01 2.852561120039977599e+06
2.176491847723321982e+01 8.133506670859557630e+01 3.829598150757584030e+00 8.062954857447753909e+01 2.878855312061245553e+06
2.184345842095285306e+01 8.201777852243964162e+01 3.849847749926713192e+00 8.135913325461528700e+01 2.908903747922114562e+06
2.192199836375975508e+01 8.241390886821470474e+01 3.857916198232883342e+00 8.180120864840158390e+01 2.922530935039627831e+06
2.200053830566371005e+01 8.269401666547865659e+01 3.883561115819731846e+00 8.213489445261051003e+01 2.930076736689197831e+06
2.207907824667434582e+01 8.307261871665713215e+01 3.891822310904685001e+00 8.255443657208630270e+01 2.952437499469297007e+06
2.215761818680116590e+01 8.364940955803949407e+01 3.905971619810682416e+00 8.311337213939566482e+01 2.969533556913283654e+06
2.223615812605353526e+01 8.404636886190755263e+01 3.922751571310175045e+00 8.360797582027377928e+01 2.986570239191436674e+06
2.231469806444068738e+01 8.444477945584975487e+01 3.937805838384242030e+00 8.398213046068168808e+01 3.008971078217250761e+06
2.239323800197172432e+01 8.478767299863729079e+01 3.951008849575139426e+00 8.446423595311738097e+01 3.027642013077452313e+06
2.247177793865562023e+01 8.555938867542090520e+01 3.970852754660709749e+00 8.526345100706340929e+01 3.052309318751363549e+06
2.255031787450123204e+01 8.595806816370651404e+01 3.966343699372533838e+00 8.573541722652102237e+01 3.068444594879677054e+06
2.262885780951728165e+01 8.645121340933685872e+01 3.999024839762400418e+00 8.626950903419405847e+01 3.089928304517345503e+06
2.270739774371238440e+01 8.675081045193908835e+01 4.002220881847447842e+00 8.657457689068371565e+01 3.103134909151010215e+06
2.278593767709502771e+01 8.687577444385023284e+01 4.017764816606805844e+00 8.678309946950120946e+01 3.116452339990639128e+06
2.286447760967358178e+01 8.739677513235284323e+01 4.028733354411704326e+00 8.737476618575450971e+01 3.132606273268277291e+06
2.294301754145629957e+01 8.785343904262950332e+01 4.045462692298924523e+00 8.791845200165606400e+01 3.158377877839304041e+06
2.302155747245133455e+01 8.856638986774404998e+01 4.057890471138851929e+00 8.855608823333248836e+01 3.183544017409549095e+06
2.310009740266672296e+01 8.914080613775330164e+01 4.071737448663908410e+00 8.922074077263462755e+01 3.198971843960291240e+06
2.317863733211038380e+01 8.972192881889775151e+01 4.076495524349074806e+00 8.992425620856724322e+01 3.220600924229353201e+06
2.325717726079013303e+01 8.991479959790662235e+01 4.089576892446727285e+00 9.008553428829718257e+01 3.239525395066974685e+06
2.333571718871368716e+01 9.054274533106095646e+01 4.122899008787103803e+00 9.075529430000679554e+01 3.254384426711003762e+06
2.341425711588865965e+01 9.097278667937698060e+01 4.144973164854402370e+00 9.126766983300105096e+01 3.269940215950651094e+06
2.349279704232255384e+01 9.143411509161860806e+01 4.176027197855852968e+00 9.173632383967286330e+01 3.300094672138321679e+06
2.357133696802278067e+01 9.199896557953940146e+01 4.171774074800150167e+00 9.238281246873663122e+01 3.323745766812653281e+06
2.364987689299664453e+01 9.234010777168836626e+01 4.205539585564469718e+00 9.282130853495790745e+01 3.333491961439737119e+06
2.372841681725136453e+01 9.324584481192732710e+01 4.203268567011672729e+00 9.372725896053376005e+01 3.370997537494031247e+06
2.380695674079405322e+01 9.350890667124251365e+01 4.219979385388663573e+00 9.403290256005819003e+01 3.372330757754158694e+06
2.388549666363174140e+01 9.404559981413559910e+01 4.248961325573216818e+00 9.460449285340304471e+01 3.410371436428573448e+06
2.396403658577134976e+01 9.469952206637559300e+01 4.270975937102158504e+00 9.537863794715271126e+01 3.436456909204179421e+06
2.404257650721972439e+01 9.501578597235503310e+01 4.274771537674027400e+00 9.575153312138110095e+01 3.447063979906763881e+06
2.412111642798362254e+01 9.571143801435565024e+01 4.286133270109135474e+00 9.642427852138784772e+01 3.471714159354933072e+06
2.419965634806970556e+01 9.632417818266435461e+01 4.321985316811360889e+00 9.710305974826893305e+01 3.490730604213119484e+06
2.427819626748454596e+01 9.672337308820650037e+01 4.320512491540914546e+00 9.762151573402225324e+01 3.520501646917960141e+06
2.435673618623464520e+01 9.750257315706646466e+01 4.351181092169119857e+00 9.841367453989057879e+01 3.542719771346775349e+06
2.443527610432640529e+01 9.785002273171366483e+01 4.388348909959694844e+00 9.876217330191860810e+01 3.549952598700017203e+06
2.451381602176616425e+01 9.815931732817263367e+01 4.397933045289059706e+00 9.921537086431419539e+01 3.586748381140765734e+06
2.459235593856016067e+01 9.895110553245623919e+01 4.401702514259924648e+00 9.993345251243050598e+01 3.600396945386501029e+06
2.467089585471456203e+01 9.926246347170108209e+01 4.423371853784185070e+00 1.003739184860658185e+02 3.614499842801423278e+06
2.474943577023546126e+01 9.997429138395045811e+01 4.446579053137833526e+00 1.011867598221561195e+02 3.649920404766827356e+06
2.482797568512887310e+01 1.003771667749323484e+02 4.478672299925031020e+00 1.016027302201906650e+02 3.679036341566415038e+06
2.490651559940072346e+01 1.009718174415601624e+02 4.482734049718405167e+00 1.022353804601797833e+02 3.702381621619441081e+06
2.498505551305688144e+01 1.015054069078019978e+02 4.507376067054365443e+00 1.028485639588101037e+02 3.732062590035186615e+06
2.506359542610313440e+01 1.023907044398486619e+02 4.543616882774798249e+00 1.037241329664025926e+02 3.751752844744368456e+06
2.514213533854519511e+01 1.026299644711357502e+02 4.548210801846265916e+00 1.042258881288479415e+02 3.765787097568093333e+06
2.522067525038871239e+01 1.034974944189539201e+02 4.593819748841300843e+00 1.050385015756332479e+02 3.798493307906824164e+06
2.529921516163925688e+01 1.037342246438141160e+02 4.601360654719373500e+00 1.053075277201280500e+02 3.807037102479738183e+06
2.537775507230233529e+01 1.045872830559935380e+02 4.611865475321755170e+00 1.061823090932579845e+02 3.840841827880018856e+06
2.545629498238338684e+01 1.046604884754774361e+02 4.627875058599105529e+00 1.064140538179350699e+02 3.865183534397451207e+06
2.553483489188777966e+01 1.057757951292037006e+02 4.674358088652978971e+00 1.074680031700410865e+02 3.881726649440830573e+06
2.561337480082082152e+01 1.064219835259579412e+02 4.677415397256240226e+00 1.082181646380976900e+02 3.921145830123580061e+06
2.569191470918774911e+01 1.073062767614248543e+02 4.700372430180902228e+00 1.091530948224101252e+02 3.944391148404029664e+06
2.577045461699373874e+01 1.072027396582406311e+02 4.741391448474033155e+00 1.090838927754454772e+02 3.963759316361004021e+06
2.584899452424390631e+01 1.079727771880686618e+02 4.737765798484848467e+00 1.100619738607726674e+02 3.997297304366145283e+06
2.592753443094329668e+01 1.085396201808643752e+02 4.796001222705656097e+00 1.105667646136184601e+02 4.009602181600275915e+06
2.600607433709690852e+01 1.092023641570055332e+02 4.797247662097624321e+00 1.112430870421710125e+02 4.033229968416566961e+06
2.608461424270966944e+01 1.098069949586121936e+02 4.824165408986342385e+00 1.119703092192191178e+02 4.059613239273316227e+06
2.616315414778644310e+01 1.103489477290549843e+02 4.847750527310108914e+00 1.124660698322832815e+02 4.082894233385695145e+06
2.624169405233205055e+01 1.106956327050142050e+02 4.885585388080669667e+00 1.130543215882759114e+02 4.121322100832640193e+06
2.632023395635124174e+01 1.114101550243121892e+02 4.902448945510159639e+00 1.137294586395913996e+02 4.151437410818760283e+06
2.639877385984871694e+01 1.117685155606190222e+02 4.918631596222629021e+00 1.141623564781964149e+02 4.164482264481305145e+06
2.647731376282911953e+01 1.127737771164206322e+02 4.956985378895769401e+00 1.152210588324970786e+02 4.192351552624109201e+06
2.655585366529703606e+01 1.132550174963497085e+02 4.952181593551284955e+00 1.157491997184364720e+02 4.216166042716410942e+06
2.663439356725699980e+01 1.139063304357936062e+02 5.024119613949598495e+00 1.163583513553072208e+02 4.236917759339537472e+06
2.671293346871349428e+01 1.153449857801348060e+02 5.031611071980561789e+00 1.178721453200028861e+02 4.286572506541879848e+06
2.679147336967094617e+01 1.155290999156436555e+02 5.061124526259487055e+00 1.180674237594689515e+02 4.306947475732928142e+06
2.687001327013372531e+01 1.162928536852001429e+02 5.056446208017240984e+00 1.190333175712278404e+02 4.350848131041143090e+06
2.694855317010616602e+01 1.171891787792491328e+02 5.082023454831407605e+00 1.198696512992780185e+02 4.374440765301590785e+06
2.702709306959254221e+01 1.175898157272610547e+02 5.140266804616098639e+00 1.203774601018268697e+02 4.413014040250006132e+06
2.710563296859707094e+01 1.179976483359191235e+02 5.147537681237873031e+00 1.210667006051929491e+02 4.404495182676219381e+06
2.718417286712393377e+01 1.186966328222390672e+02 5.196732117665450623e+00 1.217140560375764693e+02 4.435207823570191860e+06
2.726271276517725894e+01 1.189083856938816837e+02 5.202423107344161579e+00 1.219369852305795092e+02 4.450947203892588615e+06
2.734125266276112498e+01 1.198407513124257804e+02 5.209418446559645588e+00 1.230257690815765557e+02 4.479029710007229820e+06
2.741979255987956776e+01 1.211237689015422347e+02 5.273077956296135405e+00 1.242250416475165764e+02 4.528981780085976236e+06
2.749833245653658054e+01 1.209797466265648751e+02 5.257712858297272085e+00 1.242407020069156260e+02 4.552507450711826794e+06
2.757687235273609616e+01 1.217473548953842482e+02 5.340216640905909529e+00 1.250274808340505359e+02 4.574481634451026097e+06
2.765541224848202262e+01 1.228791301376354284e+02 5.339927564513093472e+00 1.263291225903544159e+02 4.615243374126953073e+06
2.773395214377820395e+01 1.223460758195234348e+02 5.339308168697854740e+00 1.258359453392000091e+02 4.604728299525931478e+06
2.781249203862845576e+01 1.237192695525625652e+02 5.376037003598074904e+00 1.272811922344360482e+02 4.648354252546041273e+06
2.789103193303654038e+01 1.239516736025555304e+02 5.422611727544687454e+00 1.275488146477117084e+02 4.662328488445449620e+06
2.796957182700618816e+01 1.253891134606384128e+02 5.436189210210982559e+00 1.292121831157909924e+02 4.714047460799813271e+06
2.804811172054107615e+01 1.248219131787520411e+02 5.439164595221066101e+00 1.285318340319566914e+02 4.748359463736134581e+06
2.812665161364485655e+01 1.258992788444443818e+02 5.469252887572563004e+00 1.297014520551422265e+02 4.759097926662194543e+06
2.820519150632112115e+01 1.259141807405917319e+02 5.520479553988681509e+00 1.297449682501425343e+02 4.772245921658047475e+06
2.828373139857343332e+01 1.266068638711199270e+02 5.535377568569215256e+00 1.307671187905299064e+02 4.818964442271812819e+06
2.836227129040531736e+01 1.285786324776899789e+02 5.557798998886230635e+00 1.329164621859264912e+02 4.858968428803157061e+06
2.844081118182025847e+01 1.276770717450074812e+02 5.559410927212466547e+00 1.318017014832564655e+02 4.872585640498116612e+06
2.851935107282169923e+01 1.282289975379003693e+02 5.594169050458049242e+00 1.326012833147951540e+02 4.878010447192551568e+06
2.859789096341304315e+01 1.285188530730148671e+02 5.571724571232305578e+00 1.330392886365850984e+02 4.930869262208706699e+06
2.867643085359765820e+01 1.288269171148891417e+02 5.608783333034367047e+00 1.331551075804394202e+02 4.928272422845293768e+06
2.875497074337888392e+01 1.290444973524474221e+02 5.630145515038657678e+00 1.334719975522775712e+02 4.949757909986048006e+06
2.883351063276001369e+01 1.302522684935988195e+02 5.657809238873733548e+00 1.349550052006895555e+02 4.967449646591969766e+06
2.891205052174430890e+01 1.302156752764679766e+02 5.676930323702922720e+00 1.350751536597315123e+02 4.989214580437981524e+06
2.899059041033499184e+01 1.318355065156076762e+02 5.741980257122889952e+00 1.366346092016047180e+02 5.034092330532148480e+06
2.906913029853525643e+01 1.317441387700542350e+02 5.741223453988493652e+00 1.367234972445014307e+02 5.072084516664992087e+06
2.914767018634825746e+01 1.323092721797390254e+02 5.765377130068586986e+00 1.373547993056891983e+02 5.098439003544935025e+06
2.922621007377712132e+01 1.332152424862984219e+02 5.761741468831069746e+00 1.381572494297582523e+02 5.133318723334318958e+06
2.930474996082492822e+01 1.339974356652847121e+02 5.823502154798864794e+00 1.393312738115907621e+02 5.132936890708965249e+06
2.938328984749474060e+01 1.334883923492629947e+02 5.848244933064610684e+00 1.383653679705809907e+02 5.143202507344660349e+06
2.946182973378957826e+01 1.346114933978945487e+02 5.944257271175996671e+00 1.400669735503610127e+02 5.158912074759145267e+06
2.954036961971243258e+01 1.355272441045328549e+02 5.914494625765273739e+00 1.410381073621149426e+02 5.225194009983027354e+06
2.961890950526625943e+01 1.345042672261120345e+02 5.937317104296849557e+00 1.402794041781256738e+02 5.210860582498230040e+06
2.969744939045398979e+01 1.366609341956929029e+02 5.962693098245006595e+00 1.422175944911072349e+02 5.269997240137821063e+06
2.977598927527852268e+01 1.357042657929545726e+02 5.936055539838219097e+00 1.411470738056602272e+02 5.299016192881460302e+06
2.985452915974272159e+01 1.381393138194449079e+02 5.982246960428808435e+00 1.435959609148806067e+02 5.378543906282103620e+06
2.993306904384942868e+01 1.389351582127635254e+02 6.004790339368605068e+00 1.445606248397108402e+02 5.375967574090444483e+06
3.001160892760143994e+01 1.388287181007426057e+02 6.024041039522812113e+00 1.445985270834099197e+02 5.402251553242359310e+06
3.009014881100154071e+01 1.406901244519403917e+02 6.064459057607583858e+00 1.465280104627351534e+02 5.481511555250940844e+06
3.016868869405248077e+01 1.414230149185291339e+02 6.140436926113580718e+00 1.476787661983243254e+02 5.477728368681455031e+06
3.024722857675697441e+01 1.408702993929146032e+02 6.146618301706671339e+00 1.469340386218383401e+02 5.523735602472165599e+06
3.032576845911771457e+01 1.424165671338602408e+02 6.166465094382830969e+00 1.483390506617662652e+02 5.559110555410536937e+06
3.040430834113736580e+01 1.423979524127596790e+02 6.162576888640310280e+00 1.488914546795620026e+02 5.591473135754621588e+06
3.048284822281856421e+01 1.446776646839593639e+02 6.219945079936953114e+00 1.511159392890409094e+02 5.600406623808283359e+06
3.056138810416392460e+01 1.446543438442815841e+02 6.302107683689901485e+00 1.505116172879221494e+02 5.633166978353271261e+06
3.063992798517602267e+01 1.462020256882402123e+02 6.355491443442958577e+00 1.525661247957533817e+02 5.697314087783941068e+06
3.071846786585741640e+01 1.464631569534323887e+02 6.388184066318584264e+00 1.535118234898316985e+02 5.747791182201328687e+06
3.079700774621063886e+01 1.463547033967034281e+02 6.408864824013889461e+00 1.530582840855246047e+02 5.791213609745291062e+06
3.087554762623818760e+01 1.477289835994649820e+02 6.419627256491332368e+00 1.538194807416717538e+02 5.718694034164150245e+06
3.095408750594254599e+01 1.495464558343550721e+02 6.413190872971816781e+00 1.565380050291764746e+02 5.878588159451560117e+06
3.103262738532617249e+01 1.511792207223253115e+02 6.490045865685153181e+00 1.578016855544239831e+02 5.916645518393499777e+06
3.111116726439149005e+01 1.503979274189822206e+02 6.540603501819798993e+00 1.575706704168686940e+02 5.921673575712599792e+06
3.118970714314090387e+01 1.521132290155577209e+02 6.564449807826021832e+00 1.598721064860993408e+02 5.886649886485453695e+06
3.126824702157679781e+01 1.530164056275482949e+02 6.577542077402465992e+00 1.602600475417606560e+02 5.953636910691202618e+06
3.134678689970152377e+01 1.538589450617699868e+02 6.577480769877180222e+00 1.609137363054887260e+02 6.051921813964490779e+06
3.142532677751741588e+01 1.537164803688518759e+02 6.709818272219254531e+00 1.608564897798276547e+02 6.079072768187594600e+06
3.150386665502678696e+01 1.539340165260809954e+02 6.771633888179684035e+00 1.613566134934730201e+02 6.050963653523964807e+06
3.158240653223192140e+01 1.558158259339878953e+02 6.642274982862677923e+00 1.635199292003586038e+02 6.114838672337401658e+06
3.166094640913508229e+01 1.592014972612702479e+02 6.727772304278784254e+00 1.666831813789983983e+02 6.147905375132187270e+06
3.173948628573851494e+01 1.563553317119881285e+02 6.744886351862013463e+00 1.634585950338817213e+02 6.104346427935637534e+06
3.181802616204443623e+01 1.586814337117055800e+02 6.840971556592244873e+00 1.660761570135249769e+02 6.198401377530652098e+06
3.189656603805504531e+01 1.604013325614159839e+02 6.879432830461603920e+00 1.682232502784123653e+02 6.195091849482827820e+06
3.197510591377251998e+01 1.602693398924342603e+02 6.957678106864558565e+00 1.685778092272022661e+02 6.264894321602885611e+06
3.205364578919900964e+01 1.612069235852155202e+02 6.968341194246090886e+00 1.693497835597906942e+02 6.286085220334722660e+06
3.213218566433665302e+01 1.623845382816315350e+02 7.021004764922468944e+00 1.700411438348239699e+02 6.382638938631370664e+06
3.221072553918755688e+01 1.622679990003359194e+02 7.079758142452099001e+00 1.703187648874562967e+02 6.276248387697265483e+06
3.228926541375382442e+01 1.599856914168683488e+02 7.215500594004824464e+00 1.692038565229521225e+02 6.424816940218187869e+06
3.236780528803751622e+01 1.615816344720127518e+02 7.141386455777871234e+00 1.699958111474560667e+02 6.465849991272184998e+06
3.244634516204068575e+01 1.639751067938219080e+02 7.280201323955397541e+00 1.731059587258162367e+02 6.460012144944632426e+06
3.252488503576537227e+01 1.663691375660032747e+02 7.208562407673816175e+00 1.749568122518343785e+02 6.601940782011286356e+06
3.260342490921358660e+01 1.638341591306430303e+02 7.360291641791470774e+00 1.728577192042479282e+02 6.541243720799135976e+06
3.268196478238731828e+01 1.695213287028627178e+02 7.463402957377001989e+00 1.779081758254574481e+02 6.725826638647858053e+06
3.276050465528854261e+01 1.684975230520154810e+02 7.488347822296901768e+00 1.763852700041800006e+02 6.683647256431129761e+06
3.283904452791921358e+01 1.715459507752393904e+02 7.371273198429801887e+00 1.794531301524750404e+02 6.683490821157181635e+06
3.291758440028127097e+01 1.737676493268252216e+02 7.500003694717416458e+00 1.830746005407585528e+02 6.825865464101553895e+06
3.299612427237663326e+01 1.736735794507369803e+02 7.571864061893405662e+00 1.831882535619319015e+02 6.779749226906420663e+06
3.307466414420719758e+01 1.763825636659701956e+02 7.722765390104068040e+00 1.850592376407954305e+02 6.790932039995197207e+06
3.315320401577483977e+01 1.735923883605039180e+02 7.645335778790554926e+00 1.819120674521182082e+02 6.808654591147999279e+06
3.323174388708143567e+01 1.792481533120522101e+02 7.805620543208534379e+00 1.880254008701302553e+02 6.682345192059556954e+06
3.331028375812883269e+01 1.763554024021392763e+02 7.829668464344297973e+00 1.861667494215043632e+02 6.835030029547719285e+06
3.338882362891884981e+01 1.834334040161462269e+02 8.132100163621684530e+00 1.932413666524375344e+02 6.882540636558146216e+06
3.346736349945329891e+01 1.805867586757264291e+02 7.956328594415278843e+00 1.913799996510912251e+02 7.000376716139868833e+06
3.354590336973399189e+01 1.875448791564408282e+02 7.899036866871837148e+00 1.957144261826030061e+02 7.343544406491745263e+06
3.362444323976268379e+01 1.816059369121822726e+02 7.878471848507236253e+00 1.927772417864592001e+02 7.172740463560287841e+06
3.370298310954115806e+01 1.858665738375318028e+02 8.066214087757249018e+00 1.935973831296277581e+02 7.005531859489453025e+06
3.378152297907114132e+01 1.892904181638687646e+02 8.136647434748757846e+00 1.990209610972281666e+02 7.291407488269627094e+06
3.386006284835436730e+01 1.907012428427606778e+02 8.145893408857380891e+00 1.989755645146017287e+02 7.509651132315826602e+06
3.393860271739255552e+01 1.927431199321341069e+02 7.916795757801772915e+00 2.052600004485113345e+02 7.316049813872988336e+06
3.401714258618739706e+01 1.974710471739705895e+02 8.226382222499552199e+00 2.084144975260826982e+02 7.742298999957062304e+06
3.409568245474058301e+01 1.870766819867850188e+02 7.849207073929258982e+00 1.996041904693408924e+02 7.179209416757716797e+06
3.417422232305376895e+01 1.872145451242764409e+02 8.301144027551057292e+00 1.972560817437030778e+02 7.890916251232743263e+06
3.425276219112861043e+01 1.993834113513301816e+02 7.848723539734383081e+00 2.082088275781418076e+02 8.130475099211477675e+06
3.433130205896674880e+01 1.953108784247308733e+02 8.383103281946690188e+00 2.055560768243606447e+02 7.182255456639891490e+06
3.440984192656979701e+01 1.871674159374630335e+02 7.962507684158653731e+00 1.923352500328840335e+02 7.687137196419656277e+06
3.448838179393936088e+01 1.832995176499032937e+02 7.917992741433991455e+00 1.951808297768980367e+02 7.351517483549726196e+06
3.456692166107702491e+01 2.210876554415168584e+02 7.875053659204892753e+00 2.335504723069616944e+02 8.585694584313865751e+06
3.464546152798438072e+01 1.533644350294773631e+02 6.082165236228854965e+00 1.571702295468262776e+02 7.883195549408550374e+06
3.472400139466299152e+01 1.585275919275315744e+02 1.041826558070483344e+01 1.593686821530360760e+02 5.708626993057901040e+06
