# 0.1353 0.121
7.871241428633635184e-02 9.841085815309980056e-01 1.148139241539351207e+00 1.206681449697198823e-02 2.980715565589055132e+03
1.618072713909662341e-01 1.441899463635154088e+00 1.934098268564050427e+00 6.470796621749019817e-02 1.199168542125689783e+04
2.418771330418761079e-01 1.480961624304956148e+00 1.960191769082816116e+00 8.500709184741420121e-02 1.656516803719167365e+04
3.211923215201240578e-01 2.215390777859858495e+00 3.022164362464230258e+00 1.859221579494882426e-01 3.172975911787129007e+04
4.002017901256537113e-01 2.475469602055478280e+00 3.539226447873589088e+00 2.792254396726251975e-01 4.547665051862762630e+04
4.790568272527075955e-01 2.959845356583735487e+00 3.715327463755071946e+00 2.870031674143340705e-01 4.444139366099961626e+04
5.578229290343351687e-01 3.684912707018517253e+00 4.680613119015446522e+00 4.325078950724544624e-01 6.623467050568902050e+04
6.365331115321660738e-01 4.088626389079253798e+00 5.003463601673398209e+00 4.962588244365095380e-01 7.083571533207227185e+04
7.152058371535838788e-01 5.459144814167656179e+00 6.292701517576781534e+00 5.755283348734850923e-01 8.225213716350161121e+04
7.938522421846891941e-01 6.083261679948654965e+00 6.631041540254450695e+00 6.374386259481744643e-01 8.352912919690512354e+04
8.724794443688169698e-01 6.524060315079611705e+00 6.813809410929217769e+00 7.386045267572296513e-01 9.336612979111871391e+04
9.510922062407737299e-01 7.505843310939268598e+00 7.754701166984901306e+00 8.246519447780390477e-01 1.028006072027561895e+05
1.029693835175838679e+00 7.782051838539869593e+00 7.823607759732281508e+00 9.084573988491247976e-01 1.067559819370209298e+05
1.108286699878543891e+00 8.996285393887204052e+00 8.804805956471948747e+00 1.016853249223918620e+00 1.144383453039650776e+05
1.186872541411916560e+00 9.380935107071115553e+00 9.033086765051145051e+00 1.076831129101978757e+00 1.202905536960271565e+05
1.265452668213572940e+00 1.010084741151893972e+01 9.267519333141782667e+00 1.142407064191575561e+00 1.263299796741684549e+05
1.344028082638708543e+00 1.018767848150998745e+01 9.303918911596088748e+00 1.282829314438387769e+00 1.366413161959161225e+05
1.422599565533279709e+00 1.059807711695429333e+01 9.453188136519607099e+00 1.347591310930226216e+00 1.391618292440418445e+05
1.501167734229200246e+00 1.093230523983931057e+01 9.366002832979768655e+00 1.494762379913348704e+00 1.467341975839709048e+05
1.579733083222462531e+00 1.182289371890584029e+01 9.952258976852686345e+00 1.633456080706578994e+00 1.593479293287617620e+05
1.658296013281593151e+00 1.098030325470758228e+01 9.284262716265335058e+00 1.681550896190761257e+00 1.604237226264718629e+05
1.736856852652245875e+00 1.177452837731506818e+01 9.738675476127481190e+00 1.844982619795479506e+00 1.656205648858516361e+05
1.815415872753641580e+00 1.179319395061319398e+01 9.543665256512660733e+00 1.860275771441806114e+00 1.696451639696545317e+05
1.893973299967037560e+00 1.236827037110904648e+01 9.808433586605080023e+00 2.038863698907527944e+00 1.803389499443683890e+05
1.972529324606241641e+00 1.194982655289820528e+01 9.363276705969290958e+00 2.170596282790318465e+00 1.870973693941386009e+05
2.051084107826015579e+00 1.225089456157815704e+01 9.541945348816442518e+00 2.274455674683731665e+00 1.939404623143671197e+05
2.129637787001040561e+00 1.273256497585523483e+01 9.569016771478471739e+00 2.502713678845045031e+00 2.072401437755118532e+05
2.208190479956450680e+00 1.299403944388971333e+01 9.940136534908166510e+00 2.608450663165851502e+00 2.111444445374851057e+05
2.286742288326184092e+00 1.299791413373306348e+01 9.905401660877267034e+00 2.635586502463849623e+00 2.126841164284243423e+05
2.365293300241981811e+00 1.321044542804261113e+01 1.005083784206354380e+01 2.691221058597701443e+00 2.108648208340646815e+05
2.443843592503681883e+00 1.338098524147659951e+01 9.956527357132690881e+00 2.870597789094710084e+00 2.219007345405487576e+05
2.522393232343909553e+00 1.341764653821878106e+01 9.863305805319859232e+00 3.046896538570006197e+00 2.319200814415546483e+05
2.600942278872942381e+00 1.385943688792502115e+01 9.919270534641587034e+00 3.268010996746987473e+00 2.439711773560649017e+05
2.679490784269383141e+00 1.409000133572315328e+01 1.011224810209462355e+01 3.352707574339155450e+00 2.456639582621851005e+05
2.758038794767343038e+00 1.432663149183300177e+01 1.020613748714053770e+01 3.525743774577189349e+00 2.555969579157955595e+05
2.836586351479573942e+00 1.457224962389552303e+01 1.007553363674672831e+01 3.766879633129444738e+00 2.666570916192795848e+05
2.915133491087511963e+00 1.405216045104841172e+01 9.977044854543409613e+00 3.817389274157172441e+00 2.653923811071942910e+05
2.993680246422668834e+00 1.439772184708615121e+01 1.009514342906521733e+01 3.951187166095445846e+00 2.685885688357551699e+05
3.072226646958827967e+00 1.483988220099860378e+01 1.009541400482361162e+01 4.212553695709683410e+00 2.830312339909216971e+05
3.150772719230606977e+00 1.520883921697586949e+01 1.028768736766543768e+01 4.340607424420989346e+00 2.868065374046531506e+05
3.229318487190934395e+00 1.515584412811135095e+01 1.022532582347131758e+01 4.388320909944152248e+00 2.876933226997682941e+05
3.307863972517584905e+00 1.540681175642722778e+01 1.030901346498304960e+01 4.550058796752091794e+00 2.943245722765100654e+05
3.386409194877053608e+00 1.567452251302639610e+01 1.027781746228486348e+01 4.751886397587136379e+00 3.049352385053741746e+05
3.464954172152534095e+00 1.565935845677597271e+01 1.023996935457862278e+01 4.941506379748549449e+00 3.126581641416831990e+05
3.543498920641575456e+00 1.618533946402438062e+01 1.042466398097222324e+01 5.148688356478658967e+00 3.207003628443137277e+05
3.622043455228019404e+00 1.651494775868879472e+01 1.060227183702450127e+01 5.240999091711527669e+00 3.277710772029277286e+05
3.700587789532037597e+00 1.683759868694436079e+01 1.055443031724312952e+01 5.482410580936209143e+00 3.335624883087853086e+05
3.779131936041457696e+00 1.675997246200303081e+01 1.053965724601892262e+01 5.636530578284607351e+00 3.363709993578846916e+05
3.857675906227046259e+00 1.725353440240692038e+01 1.072486637394419340e+01 5.763442585130857942e+00 3.406919435984059237e+05
3.936219710643986680e+00 1.735373157991232063e+01 1.058983908446742461e+01 5.948910507823655713e+00 3.541344156024555559e+05
4.014763359021444877e+00 1.750785073884483722e+01 1.062571039463091260e+01 6.179867334895951636e+00 3.559684143760656589e+05
4.093306860341824560e+00 1.757527041730025630e+01 1.050118067763360408e+01 6.392046586598732816e+00 3.676637363568081637e+05
4.171850222911064776e+00 1.781385023672218892e+01 1.061606095358226298e+01 6.502714762656656156e+00 3.697107941601503990e+05
4.250393454421145911e+00 1.830397325979730283e+01 1.088598710172289152e+01 6.649142125632699241e+00 3.731867694893026492e+05
4.328936562005788247e+00 1.850904995679675835e+01 1.065025009875142281e+01 6.932193233382577979e+00 3.850383861476355814e+05
4.407479552290201497e+00 1.849403429461088777e+01 1.076208311030472053e+01 7.092891349715754856e+00 3.904440695163379423e+05
4.486022431435594982e+00 1.895449988572467959e+01 1.088750710674161226e+01 7.252784427631708830e+00 3.923949143028921681e+05
4.564565205179107465e+00 1.915530067182985974e+01 1.078919275447345250e+01 7.508888051211457082e+00 4.061506415186564554e+05
4.643107878869670024e+00 1.957336216905732229e+01 1.104800866769855539e+01 7.623830425587559745e+00 4.088361509780357592e+05
4.721650457500300213e+00 1.968625134165381496e+01 1.089189434142670621e+01 7.831010126775364455e+00 4.175386685368825565e+05
4.800192945737217443e+00 1.994329616314197651e+01 1.104693031989141083e+01 8.076191051291228717e+00 4.244626430515891407e+05
4.878735347946150824e+00 2.016175478332962712e+01 1.104751465316986447e+01 8.248668852754656555e+00 4.248771907675238326e+05
4.957277668216146793e+00 2.052656539667821178e+01 1.110328426342341324e+01 8.478570497271441297e+00 4.352850275232233689e+05
5.035819910381144737e+00 2.070879705594484577e+01 1.113433565628489674e+01 8.663799359805393507e+00 4.429549757052038913e+05
5.114362078039562221e+00 2.103160784299115704e+01 1.119477852276984287e+01 8.870340173385109495e+00 4.519678464559330023e+05
5.192904174572115394e+00 2.140686504466023976e+01 1.128660203901843317e+01 9.075322538277303508e+00 4.542524016617638408e+05
5.271446203158030919e+00 2.137223794016808043e+01 1.123501509439818413e+01 9.255383449322026834e+00 4.614887860716778086e+05
5.349988166789838573e+00 2.192480562900913910e+01 1.134144759810657455e+01 9.593530540822547081e+00 4.723855739057572791e+05
5.428530068286878674e+00 2.211719504101961320e+01 1.145743565031633793e+01 9.732062536625985416e+00 4.786225514481700375e+05
5.507071910307648643e+00 2.221011074829375431e+01 1.138003016988526461e+01 9.938961784835056434e+00 4.823435649723121314e+05
5.585613695361120179e+00 2.261564723994181492e+01 1.132793290241131956e+01 1.022025354620860860e+01 4.911420738027744228e+05
5.664155425817094525e+00 2.316471522044037457e+01 1.150858632794654035e+01 1.053163098553316956e+01 5.049228726568869315e+05
5.742697103915729961e+00 2.308584965374643261e+01 1.140675606674703779e+01 1.068324975137219823e+01 5.049883296441457351e+05
5.821238731776284148e+00 2.355013186033007599e+01 1.160449490599175171e+01 1.096414965809317010e+01 5.164336716697704978e+05
5.899780311405160127e+00 2.353181408126724250e+01 1.154861426909130984e+01 1.110956259538608748e+01 5.174050100205101189e+05
5.978321844703323507e+00 2.390408817938370234e+01 1.155953580373231659e+01 1.132896865736355707e+01 5.246164649233079981e+05
6.056863333473133437e+00 2.421884739803002518e+01 1.153542617391778435e+01 1.155560298821961673e+01 5.296717047998408088e+05
6.135404779424661115e+00 2.455566661779966608e+01 1.160523788744693618e+01 1.180138947092272694e+01 5.387563769284362206e+05
6.213946184181517118e+00 2.485054698716237809e+01 1.171299467000157080e+01 1.210968225025967904e+01 5.500146850948930951e+05
6.292487549286247983e+00 2.534470521631724438e+01 1.175151477220601315e+01 1.226558929450762392e+01 5.518361948425538139e+05
6.371028876205335756e+00 2.534099747041340578e+01 1.173964958183430340e+01 1.254504016579217662e+01 5.623469961830532411e+05
6.449570166333828070e+00 2.576988221018567415e+01 1.177325439035245935e+01 1.285105549565776073e+01 5.730754688167775748e+05
6.528111420999634262e+00 2.583454460470447245e+01 1.174796311606635513e+01 1.296266761805623702e+01 5.757431760000585346e+05
6.606652641467518627e+00 2.631390425806189270e+01 1.185773439461232748e+01 1.324203670307411329e+01 5.844711257305506151e+05
6.685193828942805006e+00 2.654257927944050977e+01 1.177877200495492893e+01 1.366977435737561386e+01 5.925950269828481833e+05
6.763734984574836240e+00 2.673606780054107901e+01 1.181547133991619880e+01 1.370117393484696144e+01 5.981074971386495745e+05
6.842276109460177835e+00 2.698502151650584224e+01 1.188143925375501020e+01 1.406283149777249619e+01 6.022362114292798797e+05
6.920817204645620890e+00 2.696731670656939173e+01 1.187381254287960530e+01 1.413798693557557407e+01 6.029649684541295283e+05
6.999358271130968312e+00 2.773425473033293187e+01 1.201216184374442442e+01 1.449604251902876939e+01 6.177012683610171080e+05
7.077899309871646949e+00 2.808596840965791941e+01 1.208660700186694292e+01 1.479045438964249648e+01 6.283100100384375546e+05
7.156440321781138536e+00 2.819848926707896553e+01 1.196803675652556542e+01 1.493982386178876709e+01 6.275621809529745951e+05
7.234981307733260536e+00 2.845468839795235638e+01 1.204653211680029834e+01 1.526960385126236552e+01 6.401751449490363011e+05
7.313522268564292439e+00 2.873153066676962908e+01 1.202924718331042442e+01 1.543524458070828231e+01 6.420174402817998780e+05
7.392063205074973276e+00 2.895107650700403568e+01 1.201476496972750851e+01 1.584612335801818794e+01 6.544278050265589263e+05
7.470604118032365015e+00 2.953440073177938885e+01 1.216521554299696284e+01 1.604244300327101769e+01 6.610205541103376308e+05
7.549145008171610272e+00 2.957650476098223535e+01 1.215710563746540096e+01 1.621174179468621190e+01 6.627993001289808890e+05
7.627685876197570103e+00 2.983714604538398163e+01 1.214851951131204899e+01 1.651086130089705861e+01 6.693722374588921666e+05
7.706226722786373884e+00 3.032346799809179672e+01 1.219191232360483923e+01 1.684300291806192007e+01 6.849961815693081589e+05
7.784767548586863484e+00 3.056627317858390924e+01 1.213522969148576003e+01 1.720788773715262110e+01 6.915940741151715629e+05
7.863308354221953955e+00 3.079632384165092063e+01 1.222014531897862710e+01 1.726533031519995021e+01 6.908918201069448842e+05
7.941849140289923170e+00 3.113859987134675222e+01 1.229188148956211712e+01 1.757683559456211952e+01 6.994690344965342665e+05
8.020389907365611748e+00 3.156427197708573118e+01 1.222065825532375527e+01 1.801697985225768761e+01 7.133481463819373166e+05
8.098930656001561701e+00 3.148762223458993148e+01 1.227316152030181229e+01 1.817795798438002919e+01 7.181544903301332379e+05
8.177471386729090241e+00 3.180155418738763728e+01 1.224062557430401554e+01 1.834023364399080336e+01 7.211400031572189182e+05
8.256012100059292536e+00 3.218586347045865637e+01 1.224306650271119068e+01 1.875158695226915739e+01 7.308601074748028768e+05
8.334552796484000936e+00 3.232845361307634846e+01 1.223231674707310113e+01 1.887840660495798062e+01 7.324448089287595358e+05
8.413093476476680266e+00 3.287420620976511998e+01 1.234314303845146199e+01 1.924655235338786596e+01 7.475902116978281410e+05
8.491634140493276917e+00 3.299590516366448156e+01 1.237120006591321264e+01 1.938862059935156523e+01 7.489233734774424229e+05
8.570174788973028868e+00 3.348612454108211978e+01 1.238245682851342444e+01 1.976188826757689299e+01 7.600747166074943962e+05
8.648715422339215309e+00 3.392525749251569067e+01 1.239558056896362892e+01 2.014206139708606003e+01 7.700585392423921730e+05
8.727256040999876063e+00 3.413398058991500505e+01 1.250036686645362494e+01 2.034520774618989236e+01 7.719804357556422474e+05
8.805796645348495488e+00 3.425409963888452580e+01 1.238947539488190586e+01 2.064867629174097630e+01 7.808555165290223667e+05
8.884337235764643737e+00 3.464814462366425118e+01 1.254797530185924792e+01 2.091371697546511399e+01 7.898193368817387382e+05
8.962877812614589601e+00 3.495580731234082350e+01 1.256070865140679516e+01 2.116400453083002375e+01 7.938760813135356875e+05
9.041418376251867173e+00 3.545292110672592401e+01 1.249434451060736606e+01 2.160884048518938272e+01 8.057472589746720623e+05
9.119958927017840722e+00 3.552412823071275483e+01 1.256851632603965285e+01 2.177358777571048165e+01 8.075048055644530104e+05
9.198499465242209183e+00 3.599327921243688166e+01 1.251587922003722397e+01 2.208591570377761570e+01 8.203212613977139117e+05
9.277039991243508865e+00 3.609202757164426600e+01 1.262283550299563650e+01 2.234572875614005838e+01 8.214849895246869419e+05
9.355580505329580632e+00 3.665902202560330636e+01 1.260403568552584197e+01 2.270047044970526073e+01 8.340656495305750286e+05
9.434121007798012215e+00 3.653655034277417712e+01 1.256615179385100589e+01 2.280968055366148306e+01 8.343883822266102070e+05
9.512661498936562765e+00 3.702803696165134539e+01 1.248616357999246418e+01 2.327981709409764832e+01 8.449245026487539290e+05
9.591201979023569635e+00 3.722613809985613642e+01 1.258623167753760441e+01 2.348794651684210422e+01 8.525520173971230397e+05
9.669742448328321416e+00 3.759612880848536065e+01 1.255999642646833436e+01 2.386714821452481061e+01 8.601631863706966396e+05
9.748282907111432749e+00 3.785652361174695812e+01 1.262157350785928145e+01 2.404612235095065387e+01 8.654929776042088633e+05
9.826823355625185386e+00 3.823172741676335562e+01 1.256496557450711649e+01 2.440141404938857761e+01 8.752385324531495571e+05
9.905363794113858589e+00 3.853705898684452791e+01 1.265255709028683562e+01 2.472692620366892058e+01 8.828396325432680314e+05
9.983904222814045326e+00 3.888859597104633536e+01 1.262794412987865833e+01 2.511640630642217431e+01 8.916771393205021741e+05
1.006244464195495070e+01 3.924490106357809793e+01 1.259471641176571133e+01 2.533588047100771234e+01 8.970387886813057121e+05
1.014098505175868148e+01 3.922491465310994130e+01 1.261699577168691100e+01 2.548289930870946662e+01 9.058322848271636758e+05
1.021952545244051613e+01 3.964188520485789269e+01 1.263992692488210068e+01 2.595350153393855663e+01 9.124105022421532776e+05
1.029806584420916415e+01 4.008115614723628539e+01 1.257063738762435356e+01 2.625173154915191276e+01 9.208700607846226776e+05
1.037660622726701654e+01 4.026028363187497661e+01 1.262029176631292415e+01 2.653079599245999987e+01 9.266219229089880828e+05
1.045514660181038380e+01 4.051409552888969046e+01 1.262834903606757564e+01 2.672059906058598244e+01 9.345328951358677587e+05
1.053368696802971982e+01 4.079660564108143461e+01 1.268103725144965743e+01 2.707483284512993649e+01 9.350237947097385768e+05
1.061222732610984210e+01 4.130193680463845141e+01 1.267787919661793872e+01 2.755188852754915274e+01 9.554876764779271325e+05
1.069076767623013779e+01 4.154268733428571636e+01 1.264539976196481774e+01 2.778417552972261007e+01 9.595838574162288569e+05
1.076930801856475739e+01 4.168514122554395840e+01 1.255232494468547699e+01 2.799601430825359927e+01 9.679188644452970475e+05
1.084784835328281005e+01 4.202369567772513648e+01 1.264373281004250948e+01 2.830169644171116161e+01 9.713362568756465334e+05
1.092638868054854306e+01 4.253839733783735966e+01 1.266204885583151274e+01 2.882086013666420143e+01 9.817969960333555937e+05
1.100492900052151413e+01 4.239009013779249102e+01 1.257800540783865095e+01 2.880595576883249365e+01 9.875063148760921322e+05
1.108346931335675833e+01 4.287765601634706769e+01 1.263488739763393554e+01 2.921503933171456424e+01 9.972008482506839791e+05
1.116200961920494805e+01 4.325640606194866677e+01 1.264678564240303515e+01 2.963121500650347784e+01 1.002986244681963813e+06
1.124054991821254212e+01 4.360149846645868621e+01 1.270734665714827827e+01 2.982878114495843391e+01 1.011118255784317851e+06
1.131909021052193687e+01 4.376508875692756106e+01 1.269930688694297949e+01 3.021069881444193328e+01 1.020879558667691192e+06
1.139763049627160285e+01 4.427627168483549269e+01 1.270774558245292774e+01 3.055411851214874730e+01 1.027789214112803922e+06
1.147617077559622167e+01 4.449909785319240996e+01 1.269254665546680272e+01 3.093410453098623591e+01 1.039989310514661600e+06
1.155471104862680853e+01 4.487519467226712777e+01 1.274912326784293981e+01 3.126054620666781858e+01 1.048985331878989236e+06
1.163325131549084368e+01 4.517090886368506375e+01 1.270808538619117201e+01 3.167031889717870996e+01 1.053717186704380205e+06
1.171179157631238787e+01 4.546167023073711277e+01 1.269259549414448607e+01 3.185059995928027377e+01 1.058840778235151665e+06
1.179033183121219608e+01 4.583773897659268215e+01 1.272105639003115840e+01 3.207656536463092323e+01 1.069394878554016817e+06
1.186887208030782759e+01 4.577014646000968412e+01 1.264258308473380588e+01 3.231356135602528923e+01 1.072699288077895297e+06
1.194741232371374728e+01 4.620886871819075736e+01 1.262535702939932492e+01 3.288803439554494190e+01 1.084395421141279861e+06
1.202595256154143222e+01 4.652212853150726346e+01 1.272374966531513962e+01 3.306697474302070106e+01 1.089297215969072888e+06
1.210449279389946753e+01 4.718347502657429970e+01 1.271339402152623244e+01 3.358141258056888034e+01 1.101439252136508934e+06
1.218303302089363527e+01 4.712193274856113590e+01 1.259100021333620667e+01 3.384136258072791748e+01 1.108550682700139936e+06
1.226157324262700676e+01 4.748445753855479268e+01 1.266863353760104616e+01 3.414580821936964128e+01 1.116629759179114131e+06
1.234011345920003322e+01 4.769293440818898944e+01 1.267798805537147011e+01 3.434492765452940688e+01 1.120242023640436819e+06
1.241865367071062565e+01 4.813518714145453004e+01 1.268205552676614545e+01 3.468841636126459349e+01 1.127183134507885901e+06
1.249719387725422415e+01 4.838364469226992526e+01 1.266165148427426068e+01 3.507459174304379701e+01 1.139981798296858091e+06
1.257573407892389383e+01 4.878056199617572730e+01 1.270261190563023135e+01 3.542542019218810623e+01 1.151600559238688322e+06
1.265427427581038877e+01 4.894117886385738814e+01 1.274096395747524113e+01 3.562726745796047823e+01 1.149753421969682444e+06
1.273281446800221772e+01 4.926274639165988845e+01 1.264865839577682927e+01 3.614000097793284993e+01 1.163959335956080351e+06
1.281135465558572584e+01 4.974201912835162886e+01 1.267716417181390831e+01 3.649389403162153656e+01 1.177575407582734246e+06
1.288989483864514796e+01 4.986240620332215201e+01 1.262942350680764036e+01 3.678925868846643965e+01 1.176215268335381756e+06
1.296843501726268322e+01 5.016257375928091733e+01 1.264989747737704917e+01 3.700368928519663569e+01 1.186959538595022634e+06
1.304697519151855190e+01 5.041824867085272643e+01 1.266879457435870115e+01 3.731596311993511250e+01 1.194799680975078372e+06
1.312551536149104692e+01 5.114133965454678332e+01 1.265037414688220174e+01 3.792037067973628695e+01 1.207984192062201211e+06
1.320405552725660492e+01 5.137344072072519907e+01 1.265152629801239925e+01 3.815017654322057439e+01 1.217715243317468790e+06
1.328259568888985243e+01 5.160969522033371248e+01 1.265026445646825692e+01 3.860637885711491890e+01 1.226502651120904135e+06
1.336113584646366270e+01 5.177211456024721059e+01 1.265023829375116904e+01 3.878889076973795369e+01 1.232364586617645808e+06
1.343967600004920548e+01 5.197927255835668348e+01 1.258995004604673795e+01 3.910619478035987839e+01 1.239972126571816625e+06
1.351821614971599317e+01 5.246293387582647938e+01 1.263500843447397948e+01 3.954579816747823173e+01 1.250667239843041403e+06
1.359675629553193588e+01 5.272909253989173806e+01 1.265014035160000105e+01 3.977001003580090099e+01 1.256069338552091271e+06
1.367529643756338231e+01 5.305919231546644710e+01 1.261153410847032852e+01 4.023403302114094515e+01 1.269051710511460667e+06
1.375383657587516595e+01 5.356430899355539310e+01 1.267664240587729196e+01 4.063791435090548276e+01 1.274835720182953170e+06
1.383237671053064766e+01 5.350960060560946374e+01 1.261439032093450230e+01 4.086817064729519444e+01 1.281503495519589633e+06
1.391091684159175834e+01 5.410025932244083435e+01 1.266518002318139402e+01 4.120307311101259273e+01 1.289693613609100226e+06
1.398945696911903269e+01 5.438214357250527087e+01 1.263377001627084795e+01 4.169683780310131027e+01 1.303571362892923644e+06
1.406799709317166069e+01 5.473431339396071849e+01 1.256023855303272008e+01 4.211709051704501405e+01 1.313447611973285442e+06
1.414653721380751428e+01 5.500362593125614552e+01 1.258597215504602929e+01 4.250230579243654461e+01 1.325135941610429902e+06
1.422507733108318817e+01 5.512030276072991342e+01 1.254885186890091120e+01 4.273025836482793949e+01 1.330022425384063274e+06
1.430361744505403543e+01 5.556346991582580586e+01 1.256193188931726290e+01 4.309017100277977619e+01 1.341643456207047217e+06
1.438215755577419586e+01 5.573189594603954333e+01 1.259288581185843547e+01 4.333995048996945343e+01 1.346435413702164544e+06
1.446069766329663686e+01 5.623135179725083077e+01 1.258567128557620762e+01 4.385630774699925638e+01 1.364000511626091553e+06
1.453923776767318010e+01 5.642522087670237596e+01 1.259194201903034838e+01 4.408405345635659955e+01 1.365361534621920669e+06
1.461777786895453346e+01 5.708245325470688414e+01 1.267483593219490956e+01 4.468877202134935800e+01 1.379960229325541062e+06
1.469631796719032302e+01 5.763143792397583098e+01 1.256654290225412396e+01 4.531748644513741908e+01 1.393106127058577957e+06
1.477485806242911437e+01 5.765570792732120964e+01 1.261732156627314083e+01 4.516593838514750558e+01 1.392731133806014434e+06
1.485339815471844993e+01 5.773627641954738721e+01 1.260344440648013808e+01 4.556945569915022531e+01 1.407007394628700335e+06
1.493193824410487203e+01 5.824699449302884346e+01 1.259550597085257273e+01 4.602899547626977750e+01 1.419004326727224281e+06
1.501047833063394421e+01 5.887211038485871484e+01 1.260677072048093805e+01 4.667135439245446094e+01 1.433929055349865928e+06
1.508901841435028857e+01 5.875146769316147299e+01 1.258273220398393200e+01 4.670189255886697310e+01 1.433977312929798150e+06
1.516755849529759992e+01 5.924923474157837688e+01 1.258617193680211876e+01 4.725953327217021638e+01 1.445321330919181230e+06
1.524609857351867070e+01 5.987956124872527397e+01 1.264074404719975320e+01 4.763223762378107295e+01 1.460282776964809280e+06
1.532463864905541762e+01 6.011212607862054114e+01 1.260213598100838617e+01 4.819744442353930225e+01 1.469650929505944485e+06
1.540317872194890292e+01 6.035360516901310035e+01 1.257487958463391742e+01 4.841448653506384403e+01 1.474702964799840003e+06
1.548171879223935399e+01 6.055378550477802690e+01 1.258869166429732545e+01 4.882110651739213125e+01 1.485963251561824931e+06
1.556025885996618996e+01 6.095720254560014695e+01 1.257820189554505852e+01 4.917495346347826057e+01 1.502552203343411442e+06
1.563879892516803238e+01 6.119808296976318474e+01 1.255522885766082908e+01 4.954896946212559072e+01 1.504752604866385460e+06
1.571733898788273187e+01 6.158534480598302707e+01 1.258212196539867023e+01 4.989764141533969877e+01 1.515467847511498956e+06
1.579587904814739119e+01 6.197990279699016014e+01 1.260653195789527636e+01 5.028777387263104970e+01 1.519534819235355128e+06
1.587441910599837769e+01 6.243443670875809204e+01 1.258726569476988466e+01 5.093685795604998390e+01 1.538621211777402321e+06
1.595295916147133575e+01 6.275615205717453193e+01 1.258339820630527761e+01 5.121899629487532479e+01 1.552107744769754121e+06
1.603149921460121874e+01 6.298552340058452614e+01 1.260805861100009828e+01 5.149978501359825600e+01 1.557599474626370007e+06
1.611003926542229436e+01 6.343371236344466979e+01 1.260905683669039057e+01 5.189231801809107480e+01 1.571034237305696588e+06
1.618857931396816596e+01 6.399561954968712740e+01 1.263478923800342990e+01 5.266057754200407004e+01 1.589349945895897690e+06
1.626711936027179561e+01 6.426965160419366896e+01 1.267113275448946474e+01 5.288573146443079054e+01 1.590968870275308378e+06
1.634565940436549525e+01 6.482216040128459156e+01 1.261292654489044018e+01 5.340431644328548799e+01 1.607323829393789638e+06
1.642419944628097639e+01 6.514056281081374777e+01 1.264248789539141882e+01 5.382818655037853972e+01 1.618419771947159898e+06
1.650273948604932883e+01 6.538841781690629773e+01 1.260378351932575924e+01 5.414662076740531660e+01 1.626903919615280582e+06
1.658127952370107394e+01 6.574254208822125634e+01 1.262524344886946537e+01 5.460483427510600052e+01 1.637814575000916375e+06
1.665981955926614333e+01 6.607190085076592823e+01 1.262633375500315580e+01 5.506439051196237244e+01 1.649687502942837076e+06
1.673835959277390728e+01 6.652361312487626321e+01 1.266549565206129913e+01 5.556804839282675346e+01 1.661560125099632889e+06
1.681689962425318896e+01 6.699182332031330134e+01 1.264168621953308680e+01 5.597331713682516607e+01 1.673995857237916673e+06
1.689543965373228218e+01 6.745048709728717995e+01 1.270672727304890870e+01 5.641785737221385233e+01 1.687919180704748724e+06
1.697397968123895495e+01 6.748624852240278926e+01 1.267073477313679675e+01 5.661779872807345981e+01 1.694180951568234013e+06
1.705251970680045304e+01 6.828986722380899721e+01 1.272000352442647042e+01 5.734410461387027169e+01 1.707374774612272624e+06
1.713105973044353902e+01 6.852337826528426490e+01 1.265655818873867666e+01 5.764825916875437173e+01 1.720165260393597418e+06
1.720959975219447102e+01 6.905822566305155874e+01 1.273376063873014097e+01 5.816267540379038792e+01 1.734952769795741187e+06
1.728813977207903463e+01 6.928654188054768781e+01 1.272370510998895021e+01 5.849144381602794596e+01 1.747489586587394122e+06
1.736667979012256424e+01 6.973691914756548726e+01 1.274339069803509261e+01 5.911788561692632982e+01 1.758616321780144237e+06
1.744521980634991110e+01 7.020605133482767712e+01 1.274994261731094092e+01 5.957695918602265550e+01 1.773370811204242520e+06
1.752375982078550365e+01 7.064128134956098393e+01 1.274228929549832223e+01 6.010823568628901370e+01 1.787194449192360044e+06
1.760229983345331917e+01 7.094943215443790052e+01 1.277988726107208528e+01 6.035432296928229334e+01 1.795118472856478067e+06
1.768083984437692635e+01 7.128896718587999715e+01 1.279065256275907103e+01 6.085692221578911898e+01 1.807519829115558416e+06
1.775937985357945692e+01 7.186360965524313826e+01 1.281073025405463284e+01 6.137124830007504528e+01 1.818935938053301070e+06
1.783791986108364824e+01 7.231324824846714705e+01 1.285295824948191523e+01 6.194067377145432829e+01 1.833537880343798082e+06
1.791645986691183268e+01 7.276631311600007734e+01 1.279685337318390559e+01 6.238335104206607440e+01 1.852190016712707235e+06
1.799499987108595889e+01 7.312774089167025693e+01 1.288994432156863645e+01 6.289379292308965574e+01 1.859166592017205665e+06
1.807353987362759185e+01 7.370865486702517444e+01 1.288602386923315279e+01 6.343392627118809912e+01 1.876444060441667680e+06
1.815207987455791638e+01 7.397854045535311229e+01 1.290132340933984167e+01 6.370245414867558509e+01 1.886538046834650217e+06
1.823061987389775851e+01 7.445264984217159565e+01 1.298766734541169754e+01 6.433067984178592269e+01 1.899086322619031882e+06
1.830915987166758541e+01 7.498655677672266506e+01 1.295153525087232538e+01 6.487667601708949405e+01 1.918748470128616551e+06
1.838769986788751964e+01 7.525957358669359110e+01 1.297367237409295271e+01 6.524044825319298013e+01 1.927046291435156483e+06
1.846623986257733563e+01 7.583722828574563835e+01 1.302743902539909726e+01 6.586529108486220707e+01 1.939877883996437769e+06
1.854477985575647381e+01 7.643970444084416727e+01 1.304944300248500255e+01 6.636562459870351915e+01 1.961454798434175318e+06
1.862331984744404423e+01 7.686719969888426363e+01 1.306327030669073253e+01 6.691804877706363186e+01 1.974186304497955367e+06
1.870185983765884075e+01 7.743861942421628441e+01 1.307985114868285237e+01 6.749891490348088041e+01 1.987770015291936696e+06
1.878039982641934458e+01 7.784659439878835485e+01 1.314637963826548628e+01 6.792417843995326621e+01 2.008180545262495987e+06
1.885893981374372075e+01 7.849642181951270459e+01 1.317964018788408254e+01 6.861114716016663806e+01 2.022374861419911264e+06
1.893747979964983941e+01 7.914337998453822820e+01 1.326052568771422813e+01 6.924351019599339452e+01 2.041603958316403441e+06
1.901601978415527228e+01 7.924398420863401782e+01 1.317946111200760306e+01 6.949941112124257359e+01 2.047046625827834476e+06
1.909455976727730331e+01 7.991769600185671152e+01 1.329864270349479227e+01 7.013671048143523024e+01 2.071406828219359275e+06
1.917309974903293579e+01 8.071306365785095238e+01 1.332588061637892451e+01 7.090117465691211862e+01 2.086447500105648069e+06
1.925163972943889235e+01 8.093801829943510029e+01 1.333448994263089027e+01 7.134180193129257930e+01 2.101529241807390470e+06
1.933017970851161849e+01 8.197441854665275685e+01 1.338156713031686706e+01 7.221685636491039872e+01 2.122845473788322881e+06
1.940871968626730748e+01 8.212224571611139368e+01 1.341651937492309976e+01 7.256127331951212511e+01 2.138370125060117338e+06
1.948725966272188259e+01 8.275497851547083883e+01 1.350169416424093072e+01 7.304129448444091111e+01 2.155531993855304085e+06
1.956579963789100773e+01 8.326422211910195870e+01 1.355300453906236768e+01 7.381309739300617423e+01 2.166197254819068592e+06
1.964433961179010524e+01 8.403390702988293981e+01 1.357329379267596359e+01 7.439323212321291123e+01 2.186624583956045564e+06
1.972287958443434519e+01 8.436380770523788897e+01 1.359064160267345578e+01 7.494601837824991719e+01 2.197674828534088563e+06
1.980141955583865965e+01 8.501633181228410763e+01 1.365780666698121237e+01 7.551277325348365821e+01 2.221306613506259862e+06
1.987995952601774619e+01 8.558428766372320240e+01 1.372767693834711267e+01 7.615500338100105182e+01 2.241037105615411885e+06
1.995849949498606790e+01 8.620080263333086634e+01 1.377975415714341167e+01 7.668612818567338252e+01 2.255653787564869504e+06
2.003703946275786052e+01 8.680692549344333031e+01 1.384017759154384386e+01 7.742341009154644382e+01 2.276127717320767231e+06
2.011557942934713950e+01 8.741186369228489639e+01 1.391705252231791690e+01 7.816989249050473632e+01 2.289032867070777342e+06
2.019411939476770712e+01 8.792716515039430192e+01 1.388894867555863399e+01 7.860029958767353264e+01 2.304429016291537322e+06
2.027265935903314542e+01 8.804000988095127411e+01 1.392920917792188895e+01 7.889202882138071971e+01 2.318869003361802083e+06
2.035119932215682326e+01 8.844537340763999111e+01 1.393033406970083732e+01 7.940343636117418669e+01 2.335731373832273763e+06
2.042973928415191054e+01 8.894164925442910885e+01 1.394380530525685558e+01 7.987198116705809525e+01 2.346645269226544537e+06
2.050827924503137467e+01 8.940370514444110484e+01 1.394063603187609068e+01 8.038730057245851413e+01 2.360211453920378350e+06
2.058681920480798766e+01 8.975872745074380532e+01 1.396243084623150921e+01 8.081542707417501958e+01 2.376869506031426135e+06
2.066535916349431901e+01 9.008293442364391979e+01 1.397508343443889700e+01 8.141762573626026267e+01 2.391203757256860379e+06
2.074389912110275347e+01 9.058368473969863999e+01 1.395309422401458121e+01 8.207448988019180547e+01 2.399991703119237442e+06
2.082243907764548752e+01 9.101250541328823829e+01 1.398176744583587450e+01 8.227673074570958534e+01 2.414565483550131321e+06
2.090097903313453642e+01 9.139460343165013967e+01 1.394309146217718975e+01 8.281086760908723932e+01 2.430835986607836094e+06
2.097951898758173783e+01 9.180907443685164537e+01 1.401314801996448622e+01 8.348695715352990021e+01 2.443525778037785087e+06
2.105805894099874109e+01 9.193412963260284698e+01 1.400484615924661824e+01 8.367398508346987285e+01 2.455023510035824496e+06
2.113659889339703568e+01 9.261148488445442695e+01 1.400453230193365428e+01 8.427432471813754944e+01 2.468620501077949069e+06
2.121513884478793344e+01 9.331645234784463128e+01 1.407962230426625716e+01 8.530590901977971896e+01 2.494127863709685858e+06
2.129367879518258277e+01 9.347385653721784138e+01 1.406236443885642551e+01 8.547622137627713812e+01 2.498472354459683876e+06
2.137221874459196869e+01 9.401070056541649933e+01 1.412960976807224966e+01 8.610130803699078683e+01 2.519660757566421293e+06
2.145075869302691274e+01 9.460270462836521688e+01 1.404567214606562153e+01 8.671195207921398662e+01 2.536120950912068132e+06
2.152929864049807307e+01 9.464508054899224021e+01 1.412869897932041674e+01 8.682880147947496141e+01 2.547726248150594998e+06
2.160783858701596571e+01 9.510179444106472602e+01 1.412507106812326896e+01 8.751571365232253186e+01 2.560641156727828085e+06
2.168637853259094683e+01 9.548430205206653909e+01 1.417529879384314562e+01 8.790414182570567903e+01 2.571889989875171334e+06
2.176491847723321982e+01 9.584889112432915681e+01 1.417874789944033864e+01 8.844209485331997200e+01 2.595283933651799336e+06
2.184345842095285306e+01 9.654632108488758035e+01 1.420892291369511540e+01 8.919652340806202062e+01 2.619051875488461927e+06
2.192199836375975508e+01 9.690616465905421251e+01 1.417711008236418735e+01 8.965279776873320827e+01 2.629884860597650055e+06
2.200053830566371005e+01 9.717370086045345090e+01 1.426109443984504033e+01 8.999776409839880387e+01 2.637945223143037409e+06
2.207907824667434582e+01 9.759821034131657314e+01 1.419757333903181973e+01 9.044829557876224158e+01 2.657772556230338290e+06
2.215761818680116590e+01 9.818938237646922573e+01 1.425824492670223087e+01 9.116940657823393224e+01 2.672886101840982679e+06
2.223615812605353526e+01 9.838978823188294598e+01 1.431855386768035565e+01 9.145034277659503630e+01 2.684040698647792451e+06
2.231469806444068738e+01 9.888889899418961704e+01 1.435191793607663513e+01 9.199101074703600034e+01 2.707386397784727626e+06
2.239323800197172432e+01 9.931422084205401291e+01 1.438392911600134028e+01 9.272553045474658973e+01 2.721728406638788525e+06
2.247177793865562023e+01 9.995821578692027742e+01 1.440538706807991787e+01 9.333609650647385081e+01 2.741401115326887462e+06
2.255031787450123204e+01 1.003757339550209906e+02 1.437938307421624273e+01 9.384387085182461874e+01 2.755060986864354927e+06
2.262885780951728165e+01 1.009500491347944688e+02 1.447706935690498753e+01 9.453937390905458926e+01 2.774157666088345926e+06
2.270739774371238440e+01 1.011958952028856231e+02 1.445812224435310078e+01 9.497249252895556992e+01 2.785647764318596106e+06
2.278593767709502771e+01 1.012295555760860140e+02 1.445197384910080451e+01 9.510814447347787848e+01 2.796928246126890648e+06
2.286447760967358178e+01 1.018048165299366730e+02 1.447694151889939107e+01 9.579582278768694437e+01 2.814515188476667274e+06
2.294301754145629957e+01 1.024386380123824978e+02 1.451367056743637285e+01 9.645030348646228902e+01 2.838023970790205523e+06
2.302155747245133455e+01 1.031623167543164641e+02 1.456559772139354436e+01 9.730354041534029363e+01 2.859680475914699491e+06
2.310009740266672296e+01 1.038133285374052690e+02 1.457527910852991759e+01 9.777739751240819999e+01 2.877096321956509724e+06
2.317863733211038380e+01 1.041375395335498837e+02 1.458559519347657307e+01 9.864686668483237497e+01 2.888505146486852318e+06
2.325717726079013303e+01 1.042789038827355057e+02 1.463760850742283282e+01 9.863599635700516899e+01 2.906103058498339262e+06
2.333571718871368716e+01 1.052172659346828567e+02 1.469106503589348911e+01 9.959668899078825177e+01 2.924496326470788568e+06
2.341425711588865965e+01 1.056583731827960975e+02 1.473750221280827333e+01 1.000837922025447284e+02 2.938760500933253206e+06
2.349279704232255384e+01 1.059959524807689064e+02 1.476664750472017928e+01 1.006984216257811084e+02 2.960898183896420989e+06
2.357133696802278067e+01 1.064799402953989329e+02 1.479820282681976451e+01 1.014811603794563268e+02 2.981041185637935065e+06
2.364987689299664453e+01 1.070468323774389603e+02 1.478072021509766820e+01 1.020406190620922615e+02 2.992090891554876231e+06
2.372841681725136453e+01 1.079262536923191078e+02 1.482236748294818085e+01 1.029089217020614342e+02 3.023477803214002866e+06
2.380695674079405322e+01 1.080868551407340306e+02 1.491460920275172697e+01 1.031768047373336117e+02 3.027497673874665983e+06
2.388549666363174140e+01 1.086677970485753235e+02 1.490495165465115690e+01 1.037921608358322487e+02 3.054135653439249378e+06
2.396403658577134976e+01 1.092951315745867902e+02 1.494133722086992755e+01 1.046402859926166400e+02 3.080053509195346385e+06
2.404257650721972439e+01 1.099385777178357841e+02 1.496303361082887484e+01 1.052717948087373827e+02 3.097700477663771715e+06
2.412111642798362254e+01 1.104176548919160155e+02 1.496652159152890782e+01 1.059318883021131938e+02 3.114738280428101774e+06
2.419965634806970556e+01 1.110994039844123478e+02 1.502240947915131031e+01 1.066458088608623882e+02 3.134337593094684649e+06
2.427819626748454596e+01 1.116482647315036587e+02 1.506986318134460134e+01 1.074499880484280965e+02 3.161456094691161532e+06
2.435673618623464520e+01 1.120763417972015077e+02 1.514095228663747861e+01 1.078659774214001175e+02 3.172083576532894745e+06
2.443527610432640529e+01 1.125760740405016520e+02 1.519307980464739494e+01 1.083359727217103199e+02 3.182903143971480429e+06
2.451381602176616425e+01 1.129699066546715898e+02 1.524828493009523633e+01 1.089122223083189454e+02 3.217279562734146602e+06
2.459235593856016067e+01 1.137636180389328899e+02 1.525120122645731868e+01 1.096991825893402392e+02 3.232813650691135321e+06
2.467089585471456203e+01 1.141808443907410719e+02 1.533490227668463923e+01 1.102265690881679348e+02 3.245446674530257471e+06
2.474943577023546126e+01 1.146751586761698860e+02 1.539571377748327130e+01 1.110984156185089660e+02 3.271125449265963398e+06
2.482797568512887310e+01 1.150454556338198131e+02 1.542308367418406867e+01 1.115104093465814827e+02 3.294663492182119749e+06
2.490651559940072346e+01 1.157326400898316905e+02 1.541699894931746684e+01 1.123430582476537865e+02 3.314733932637484279e+06
2.498505551305688144e+01 1.161605114929135141e+02 1.545368183257479444e+01 1.127326803718596153e+02 3.328525102760899346e+06
2.506359542610313440e+01 1.170829769037285359e+02 1.555946782675254880e+01 1.138604105627022562e+02 3.357261915734963957e+06
2.514213533854519511e+01 1.174565737244908519e+02 1.558874601492168388e+01 1.145473443751066753e+02 3.375716698596253060e+06
2.522067525038871239e+01 1.182423112766886248e+02 1.556252013013815017e+01 1.149592181397319166e+02 3.395318376960334368e+06
2.529921516163925688e+01 1.183251725845114777e+02 1.563984374913512987e+01 1.154830253289549660e+02 3.404590238989715930e+06
2.537775507230233529e+01 1.193599541473385699e+02 1.574083867653439839e+01 1.163584874672160794e+02 3.438022701602422632e+06
2.545629498238338684e+01 1.196241867040189959e+02 1.575108379538266945e+01 1.169290509916056351e+02 3.463662906471926719e+06
2.553483489188777966e+01 1.208439675419548109e+02 1.584942878345453821e+01 1.179871492962211050e+02 3.473184012463695835e+06
2.561337480082082152e+01 1.214379433898220242e+02 1.591098333619186356e+01 1.188629112309683222e+02 3.510911966907987371e+06
2.569191470918774911e+01 1.221779105410473818e+02 1.594101114494368687e+01 1.197670119035718699e+02 3.529318248337205965e+06
2.577045461699373874e+01 1.223715187530728770e+02 1.596527606037224167e+01 1.198476526568152991e+02 3.550204059067764785e+06
2.584899452424390631e+01 1.232674415079291208e+02 1.599446919657640009e+01 1.211016402048865359e+02 3.585202525917327963e+06
2.592753443094329668e+01 1.238799808380229592e+02 1.614785767312404730e+01 1.217455814328282742e+02 3.602033356419809163e+06
2.600607433709690852e+01 1.243348961539848716e+02 1.618668453230735693e+01 1.221826505857320910e+02 3.616320233244232368e+06
2.608461424270966944e+01 1.249350059150400369e+02 1.619840776359722057e+01 1.229840610308242788e+02 3.645265962931052782e+06
2.616315414778644310e+01 1.255293015281479967e+02 1.627201290943019174e+01 1.234513255006152974e+02 3.667755338775343262e+06
2.624169405233205055e+01 1.259354423903168367e+02 1.635947772853593207e+01 1.242672923507663398e+02 3.691240419541265350e+06
2.632023395635124174e+01 1.267262671530585720e+02 1.637441380711482353e+01 1.251496446584327629e+02 3.722673882097259164e+06
2.639877385984871694e+01 1.272852226421375121e+02 1.644446611149312432e+01 1.258305202916907604e+02 3.741704421689278446e+06
2.647731376282911953e+01 1.282055642241778344e+02 1.653160686072230590e+01 1.268221371231735048e+02 3.761491921249863226e+06
2.655585366529703606e+01 1.284660405238259955e+02 1.654504258080172718e+01 1.273466677600222425e+02 3.781003032450244296e+06
2.663439356725699980e+01 1.289811095405141259e+02 1.663206833722668065e+01 1.277847379643995680e+02 3.799235951036917046e+06
2.671293346871349428e+01 1.304921901014709249e+02 1.662925961766643113e+01 1.290894527226484172e+02 3.845856187827690039e+06
2.679147336967094617e+01 1.310231247614390782e+02 1.675053948536194071e+01 1.298560450023347244e+02 3.865946908757620957e+06
2.687001327013372531e+01 1.321874153850615699e+02 1.673371638841864595e+01 1.311954606639705503e+02 3.908491793087022379e+06
2.694855317010616602e+01 1.325780001295755710e+02 1.683844902477879302e+01 1.319764771499210667e+02 3.918711207607998513e+06
2.702709306959254221e+01 1.333772624321939873e+02 1.695693716161241582e+01 1.326105495595078878e+02 3.950621529327490367e+06
2.710563296859707094e+01 1.336061127430876638e+02 1.707439121083949374e+01 1.331602484201872016e+02 3.953051557386251632e+06
2.718417286712393377e+01 1.341272562527081789e+02 1.705303662246178575e+01 1.338090002051165754e+02 3.980491318949372973e+06
2.726271276517725894e+01 1.344043963127793404e+02 1.713435321347380480e+01 1.339703781695994564e+02 3.988205474137418903e+06
2.734125266276112498e+01 1.354088294000894450e+02 1.710774600474372420e+01 1.355258866114623970e+02 4.015381318901571911e+06
2.741979255987956776e+01 1.368340800332613014e+02 1.734917043029262729e+01 1.366686402446132718e+02 4.065108255366646219e+06
2.749833245653658054e+01 1.363698924503736407e+02 1.726516427193457304e+01 1.364496237376186514e+02 4.072538361628768034e+06
2.757687235273609616e+01 1.372491266793469720e+02 1.738804346670301371e+01 1.372727988663626491e+02 4.101248181015093811e+06
2.765541224848202262e+01 1.384141944468254053e+02 1.740481548112044408e+01 1.388781085596795890e+02 4.122227999017078429e+06
2.773395214377820395e+01 1.378270297423893567e+02 1.749563104352631626e+01 1.384885703132222261e+02 4.137043502101090737e+06
2.781249203862845576e+01 1.392988765603253114e+02 1.757242934906322063e+01 1.397975036851482287e+02 4.157860203911199234e+06
2.789103193303654038e+01 1.396734911721000003e+02 1.760756990819323420e+01 1.401449660284118579e+02 4.182338095379699022e+06
2.796957182700618816e+01 1.408723778797887007e+02 1.766534689828589677e+01 1.417273959490456150e+02 4.225429017166575417e+06
2.804811172054107615e+01 1.413105554450197303e+02 1.765281955669824754e+01 1.419027506207451097e+02 4.261274723364192992e+06
2.812665161364485655e+01 1.412311795193909632e+02 1.767238237150511893e+01 1.422205279711114656e+02 4.267420748442492448e+06
2.820519150632112115e+01 1.420912278262964037e+02 1.786591983914581760e+01 1.437711524658731719e+02 4.289796628871189430e+06
2.828373139857343332e+01 1.423483254525521602e+02 1.779837577963332862e+01 1.436298593071609560e+02 4.322905047939850949e+06
2.836227129040531736e+01 1.437890457021154873e+02 1.797335121650191070e+01 1.457680891800414145e+02 4.349764049123584293e+06
2.844081118182025847e+01 1.432813850955037651e+02 1.791848240510340418e+01 1.448329300072325054e+02 4.367083619001314044e+06
2.851935107282169923e+01 1.438830551882593056e+02 1.793429568153269216e+01 1.464132330992075310e+02 4.370959126170973293e+06
2.859789096341304315e+01 1.439096549361889004e+02 1.792426145197805099e+01 1.465442757183686524e+02 4.413638442875113338e+06
2.867643085359765820e+01 1.442191924771473737e+02 1.788685006464216443e+01 1.464570439891164142e+02 4.430248135180601850e+06
2.875497074337888392e+01 1.446822981288867425e+02 1.800321836347586313e+01 1.468241650884752403e+02 4.447838011921402998e+06
2.883351063276001369e+01 1.457724812563782848e+02 1.795115305008035378e+01 1.487757134274706345e+02 4.481564021840997972e+06
2.891205052174430890e+01 1.456063873624507039e+02 1.813075570373111844e+01 1.487416866232850339e+02 4.478509552255379036e+06
2.899059041033499184e+01 1.472770920900968292e+02 1.821581013855171705e+01 1.502874497453912852e+02 4.522031199266578071e+06
2.906913029853525643e+01 1.471707550555723572e+02 1.809376608738451964e+01 1.504187378711868632e+02 4.539361079424251802e+06
2.914767018634825746e+01 1.479670567338504554e+02 1.831345510121777664e+01 1.517083723261544890e+02 4.584809468353473581e+06
2.922621007377712132e+01 1.485391919275270993e+02 1.820194524607288500e+01 1.517044412654155394e+02 4.575036988100684248e+06
2.930474996082492822e+01 1.488994367848828517e+02 1.825359178253913939e+01 1.525090715001020669e+02 4.593309327478243969e+06
2.938328984749474060e+01 1.486415607762355364e+02 1.838261940677445239e+01 1.525387919015730063e+02 4.603051045141712762e+06
2.946182973378957826e+01 1.503036584690592576e+02 1.852500191238245009e+01 1.538493448243837918e+02 4.645385977469250560e+06
2.954036961971243258e+01 1.509369738793925251e+02 1.846921723138746430e+01 1.552001262208422929e+02 4.695171299923232757e+06
2.961890950526625943e+01 1.505325431184630247e+02 1.855115984634996806e+01 1.552238335627691015e+02 4.717548696128433570e+06
2.969744939045398979e+01 1.526478516070406783e+02 1.841554610812212189e+01 1.567491482861543375e+02 4.743992761721985415e+06
2.977598927527852268e+01 1.519811296624742170e+02 1.857499291022687515e+01 1.558442861475629684e+02 4.768368224285052158e+06
2.985452915974272159e+01 1.546858926908779779e+02 1.872153255827067042e+01 1.592050345330903269e+02 4.832704384383999743e+06
2.993306904384942868e+01 1.549615726760819996e+02 1.870098835808202864e+01 1.593337910328680778e+02 4.841377192831096239e+06
3.001160892760143994e+01 1.549872603647678773e+02 1.890466957510039592e+01 1.599301239458485213e+02 4.869064853624297306e+06
3.009014881100154071e+01 1.573870162520620113e+02 1.898768420716011107e+01 1.622027779969496066e+02 4.918494664968911558e+06
3.016868869405248077e+01 1.574529233874590091e+02 1.909720024444506947e+01 1.629775416846672726e+02 4.936964982121879235e+06
3.024722857675697441e+01 1.574313590077719027e+02 1.913952861111256709e+01 1.628739758114833478e+02 4.976285132875738665e+06
3.032576845911771457e+01 1.590665313634798963e+02 1.911417952505491868e+01 1.645975630077888070e+02 5.004909896955443546e+06
3.040430834113736580e+01 1.587580053973227052e+02 1.931901417911267771e+01 1.650925338229443753e+02 5.064133019904671237e+06
3.048284822281856421e+01 1.603226291988477499e+02 1.940311759036104178e+01 1.660667533305698669e+02 5.022280074431036599e+06
3.056138810416392460e+01 1.603421710757657195e+02 1.942949386153035718e+01 1.661629771593834732e+02 5.073533118761423044e+06
3.063992798517602267e+01 1.627039438342025903e+02 1.979322659959679598e+01 1.693667253943724802e+02 5.114307723837356083e+06
3.071846786585741640e+01 1.621714310222262725e+02 1.978496550262069675e+01 1.691103445721014680e+02 5.138218278370154090e+06
3.079700774621063886e+01 1.629448363287098687e+02 1.980835238869364190e+01 1.695487922346790128e+02 5.184332907974882051e+06
3.087554762623818760e+01 1.632682889253356109e+02 1.983692102334255125e+01 1.690463489752349346e+02 5.155021237611183897e+06
3.095408750594254599e+01 1.649766306740456230e+02 1.998624446247584174e+01 1.724012807031692489e+02 5.282891334346324205e+06
3.103262738532617249e+01 1.670331280089296229e+02 1.998760332923557925e+01 1.730750057628611955e+02 5.300948277865799144e+06
3.111116726439149005e+01 1.663395650815468230e+02 1.988609782892212152e+01 1.736457222891270078e+02 5.300750456305846572e+06
3.118970714314090387e+01 1.677088071018180244e+02 1.985893711417571339e+01 1.744534686086753084e+02 5.321356324992216192e+06
3.126824702157679781e+01 1.695321784796059603e+02 2.003125692684285397e+01 1.770675565887517848e+02 5.365449877299427986e+06
3.134678689970152377e+01 1.698001273167522243e+02 2.037808641816894806e+01 1.772973217878071353e+02 5.400493265909796581e+06
3.142532677751741588e+01 1.687000370131582372e+02 2.048302233275062179e+01 1.767465394636239182e+02 5.451789719544382766e+06
3.150386665502678696e+01 1.688002414527466613e+02 2.060278904469183203e+01 1.772641918413522149e+02 5.409763767540167086e+06
3.158240653223192140e+01 1.718191715646960063e+02 2.066180536844993298e+01 1.795815450500891188e+02 5.486831029149187729e+06
3.166094640913508229e+01 1.762668146271717262e+02 2.047499466281732339e+01 1.841262098967077634e+02 5.517384726646902971e+06
3.173948628573851494e+01 1.732225979693977536e+02 2.044967842110273892e+01 1.810793753932738923e+02 5.474864240007592365e+06
3.181802616204443623e+01 1.743693526628550501e+02 2.094565129531755332e+01 1.825213647673729440e+02 5.526810026762796566e+06
3.189656603805504531e+01 1.761422631650906681e+02 2.103676494056276169e+01 1.849182536014433538e+02 5.554394712892760523e+06
3.197510591377251998e+01 1.764867627477668179e+02 2.138621600167871151e+01 1.850509339850401602e+02 5.584866892395044677e+06
3.205364578919900964e+01 1.756394701184425458e+02 2.106485506045428480e+01 1.847835410508118912e+02 5.613177699409162626e+06
3.213218566433665302e+01 1.781482282893543072e+02 2.134316723206564959e+01 1.870250278679714597e+02 5.747293989680373110e+06
3.221072553918755688e+01 1.788156847341890341e+02 2.180530049904982448e+01 1.892930900666944183e+02 5.690511284957483411e+06
3.228926541375382442e+01 1.761495904042094764e+02 2.161212881790053686e+01 1.864926431541168199e+02 5.831662221851795912e+06
3.236780528803751622e+01 1.756264868348765731e+02 2.186079651916325872e+01 1.860638003744269326e+02 5.710752404989536852e+06
3.244634516204068575e+01 1.800059592989347550e+02 2.235350446949605185e+01 1.906761879420889727e+02 5.790590987552884966e+06
3.252488503576537227e+01 1.815626903005450004e+02 2.180402241611024294e+01 1.917733841197055256e+02 5.845552810020094737e+06
3.260342490921358660e+01 1.808957186512195960e+02 2.170242822294610008e+01 1.905275836481691272e+02 5.922074516185408458e+06
3.268196478238731828e+01 1.883921917537437594e+02 2.209908622321559335e+01 1.982565709584485205e+02 6.025111488242555410e+06
3.276050465528854261e+01 1.870086809240874288e+02 2.207894195193943787e+01 1.964296681691098456e+02 5.970415934419838712e+06
3.283904452791921358e+01 1.899746622167691328e+02 2.221570877994039961e+01 1.992784141644668239e+02 6.049350623470860533e+06
3.291758440028127097e+01 1.920873666527967885e+02 2.239847016902958288e+01 2.033827944999842146e+02 6.151844959622104652e+06
3.299612427237663326e+01 1.875231199853006672e+02 2.237218185731454412e+01 1.980553671957767108e+02 6.063283898611447774e+06
3.307466414420719758e+01 1.940701977096326800e+02 2.275662660015425232e+01 2.028838077881871129e+02 6.148211875836225227e+06
3.315320401577483977e+01 1.925977547545909374e+02 2.306915908411050964e+01 2.050922891102022163e+02 6.118788301964842714e+06
3.323174388708143567e+01 1.930120468517608003e+02 2.323886439280455818e+01 2.039263197001290564e+02 6.001279995168413036e+06
3.331028375812883269e+01 1.931633397905788456e+02 2.352693122853503382e+01 2.031259641798314135e+02 6.070783587349861860e+06
3.338882362891884981e+01 1.988199314019506687e+02 2.369522730966859569e+01 2.090793138477397690e+02 6.167417490866501816e+06
3.346736349945329891e+01 2.011012401934846991e+02 2.335571915279989241e+01 2.138471726406917242e+02 6.246511210608915426e+06
3.354590336973399189e+01 2.036074193711568228e+02 2.327939097007839209e+01 2.142316366171536117e+02 6.611478855968845077e+06
3.362444323976268379e+01 1.995016732420827452e+02 2.361122280311819921e+01 2.133967898267486021e+02 6.456431460277183913e+06
3.370298310954115806e+01 2.025926929192430634e+02 2.335243550280322467e+01 2.125352250998446664e+02 6.361388724083682522e+06
3.378152297907114132e+01 2.037559368843522520e+02 2.380415619133423277e+01 2.194191298447070722e+02 6.581407625554494560e+06
3.386006284835436730e+01 2.077961852440917312e+02 2.393354437687019498e+01 2.213746338432762002e+02 6.770390753716901876e+06
3.393860271739255552e+01 2.115862795049320937e+02 2.310714136140230579e+01 2.227010621234472580e+02 6.711964303099198267e+06
3.401714258618739706e+01 2.208194998441490497e+02 2.515440444139911591e+01 2.377177031494812809e+02 6.968880048683810048e+06
3.409568245474058301e+01 2.119917505550401700e+02 2.491704680840922848e+01 2.249204131748712143e+02 6.742131082302869298e+06
3.417422232305376895e+01 2.091409549163011263e+02 2.417905261507698000e+01 2.217579963378637160e+02 7.124981515938798897e+06
3.425276219112861043e+01 2.186682867583092502e+02 2.484143476832069908e+01 2.310026597597714613e+02 6.826366114955449477e+06
3.433130205896674880e+01 2.061843822319526680e+02 2.350084794819217748e+01 2.141866793336251362e+02 5.989829820059173740e+06
3.440984192656979701e+01 2.105865407109995147e+02 2.663130545532304794e+01 2.257565937345182476e+02 6.865525329622893594e+06
3.448838179393936088e+01 2.055722293143585944e+02 2.474158111536754845e+01 2.305049615313594984e+02 6.971821662418673746e+06
3.456692166107702491e+01 2.481470227389158936e+02 2.269200129437552604e+01 2.670701768751144414e+02 7.699168809915306047e+06
3.464546152798438072e+01 1.947830070748770481e+02 1.940737186661715086e+01 2.017371276931667978e+02 6.309275442091918550e+06
3.472400139466299152e+01 1.738392966670266446e+02 1.680825037323643656e+01 1.618250261892736432e+02 5.967309461910008453e+06
