# 0.1943 0.1919
7.871241428633635184e-02 1.496197839183964984e+00 1.707734011400746876e+00 1.227986701817202972e-02 2.889049549426114481e+03
1.618072713909662341e-01 2.462950916173886728e+00 3.150824709737892082e+00 6.530040519177339464e-02 1.161967892272892823e+04
2.418771330418761079e-01 2.481518379291960841e+00 3.178468157207458678e+00 8.579560075409768671e-02 1.604589309058590152e+04
3.211923215201240578e-01 3.471050402438799587e+00 4.624464088738298173e+00 1.873109467866453937e-01 3.075823208329784757e+04
4.002017901256537113e-01 3.974553268135394557e+00 5.533631207690069331e+00 2.805266129163659916e-01 4.406040785189827875e+04
4.790568272527075955e-01 4.327955257857601268e+00 5.553081525851677469e+00 2.886994083494844321e-01 4.304906721756553452e+04
5.578229290343351687e-01 5.325294546917316296e+00 6.950029914912120965e+00 4.333491039259901312e-01 6.409843937861984887e+04
6.365331115321660738e-01 6.027228384876545775e+00 7.660182135026848194e+00 4.974435367956641652e-01 6.853033805546208168e+04
7.152058371535838788e-01 7.877721029682484222e+00 9.416403062895851050e+00 5.761261476885551902e-01 7.956508332362529472e+04
7.938522421846891941e-01 8.408144212246298821e+00 9.659525354049918633e+00 6.391315482950240545e-01 8.086217923435327248e+04
8.724794443688169698e-01 9.376529614359711218e+00 1.035601488939954251e+01 7.348528458493610582e-01 9.025056119126497651e+04
9.510922062407737299e-01 1.075900124526191881e+01 1.175983855711498727e+01 8.237316491478887670e-01 9.933746252605634800e+04
1.029693835175838679e+00 1.139872043149441083e+01 1.217934712080980120e+01 9.059973436838276717e-01 1.031038843112431350e+05
1.108286699878543891e+00 1.301695765574985941e+01 1.356910988046250921e+01 1.014102284866624570e+00 1.103086212356827164e+05
1.186872541411916560e+00 1.373254690135501299e+01 1.409799118449077326e+01 1.070695735892854383e+00 1.160182534663737169e+05
1.265452668213572940e+00 1.482207222373872568e+01 1.456484766803158770e+01 1.136143886682084547e+00 1.218211309987747081e+05
1.344028082638708543e+00 1.495881949764822494e+01 1.467130855869403305e+01 1.279899862083247797e+00 1.318245378755695419e+05
1.422599565533279709e+00 1.553094130459507660e+01 1.491199372239063159e+01 1.342714274837376598e+00 1.340315337914014526e+05
1.501167734229200246e+00 1.606567344293657129e+01 1.499826921842241489e+01 1.491601263047569681e+00 1.413086511497148604e+05
1.579733083222462531e+00 1.725399454679337907e+01 1.575846806786753795e+01 1.621267944200433408e+00 1.535114421038789151e+05
1.658296013281593151e+00 1.653745472731118582e+01 1.514039545400075326e+01 1.676188623310695958e+00 1.544861249379946094e+05
1.736856852652245875e+00 1.752337159396436661e+01 1.566446471192682921e+01 1.838147692846737957e+00 1.592993836469355738e+05
1.815415872753641580e+00 1.725425577177289327e+01 1.513051089733981946e+01 1.851460477894145695e+00 1.632089994071598921e+05
1.893973299967037560e+00 1.823791169525703637e+01 1.577693825250252679e+01 2.026432648770513101e+00 1.734301914807959984e+05
1.972529324606241641e+00 1.755665057372925375e+01 1.494227897723305176e+01 2.158838635588920418e+00 1.799245295201606932e+05
2.051084107826015579e+00 1.803450869949790913e+01 1.534253810930703743e+01 2.260536206103348711e+00 1.863959433955713175e+05
2.129637787001040561e+00 1.842343282578240249e+01 1.514653000918559300e+01 2.483124682435948305e+00 1.990569683015667251e+05
2.208190479956450680e+00 1.868451211348396868e+01 1.550160508367106793e+01 2.590149332003359284e+00 2.026380079220969055e+05
2.286742288326184092e+00 1.854800076047224522e+01 1.532274618222313123e+01 2.618742329275121072e+00 2.040093586612343206e+05
2.365293300241981811e+00 1.907489233873727841e+01 1.584028179355839505e+01 2.679707607921594015e+00 2.024349047877159028e+05
2.443843592503681883e+00 1.931702165237074098e+01 1.567844984419324383e+01 2.858491365554106878e+00 2.129090573975779407e+05
2.522393232343909553e+00 1.932244076617004325e+01 1.548860034223936744e+01 3.031846808010039585e+00 2.225615419247154496e+05
2.600942278872942381e+00 1.984671770018323755e+01 1.562875840514333348e+01 3.246000948195265856e+00 2.340412153233801073e+05
2.679490784269383141e+00 2.007532926842988630e+01 1.588866728868924127e+01 3.330546298381622083e+00 2.353639847616345214e+05
2.758038794767343038e+00 2.063363983544360636e+01 1.620236977999634220e+01 3.509675040519081524e+00 2.447501212001479580e+05
2.836586351479573942e+00 2.055501740033758296e+01 1.572484118451199464e+01 3.753512903481430740e+00 2.553500414397647546e+05
2.915133491087511963e+00 2.001273053711595651e+01 1.568780261250177865e+01 3.793819674083443338e+00 2.538493060164122435e+05
2.993680246422668834e+00 2.053928055653515372e+01 1.601394984081459327e+01 3.932362778140746862e+00 2.570148466103907267e+05
3.072226646958827967e+00 2.077666601076352393e+01 1.577544870219972850e+01 4.210649937783883523e+00 2.707745751383494935e+05
3.150772719230606977e+00 2.130837484820930428e+01 1.611546408165088096e+01 4.323771902256238420e+00 2.743174605124373338e+05
3.229318487190934395e+00 2.135870367855058660e+01 1.615665858207085748e+01 4.364548761749720285e+00 2.748530401406291639e+05
3.307863972517584905e+00 2.158768647529960560e+01 1.615972378711319735e+01 4.531665432078489708e+00 2.810805467636641697e+05
3.386409194877053608e+00 2.187673567277091990e+01 1.618140124180587236e+01 4.741465214110720083e+00 2.910498733026355621e+05
3.464954172152534095e+00 2.185159808082101307e+01 1.615030195534092883e+01 4.929694241993086479e+00 2.984094594699551817e+05
3.543498920641575456e+00 2.247133631319848135e+01 1.647492512748609172e+01 5.146691722121488510e+00 3.059761269746794133e+05
3.622043455228019404e+00 2.272336737917601113e+01 1.647379794310880641e+01 5.242954090699175396e+00 3.126805756684303051e+05
3.700587789532037597e+00 2.294593098913792062e+01 1.636545138510152597e+01 5.476440030591309238e+00 3.183511174175904016e+05
3.779131936041457696e+00 2.306025004452979843e+01 1.642905824536633830e+01 5.633227372819951562e+00 3.208273800236405805e+05
3.857675906227046259e+00 2.364850995122514021e+01 1.680829309314340847e+01 5.738482776223141180e+00 3.246388592011599685e+05
3.936219710643986680e+00 2.362161755474640046e+01 1.654879173638341427e+01 5.934871524523467556e+00 3.376196500946742599e+05
4.014763359021444877e+00 2.375377685880735257e+01 1.655324575262934772e+01 6.166838136414996896e+00 3.389691044155096170e+05
4.093306860341824560e+00 2.412533651258695855e+01 1.665455995020698765e+01 6.381755797207254055e+00 3.501680244434037595e+05
4.171850222911064776e+00 2.415033421951156001e+01 1.660341848610415738e+01 6.504583419206142914e+00 3.520455456534632249e+05
4.250393454421145911e+00 2.471889943677362211e+01 1.705391624828073560e+01 6.650741002520779155e+00 3.547957110298233456e+05
4.328936562005788247e+00 2.523658428154988798e+01 1.682787357379569571e+01 6.920365306473575728e+00 3.662289488723681425e+05
4.407479552290201497e+00 2.491524402874633637e+01 1.681260410897345992e+01 7.089980567554614588e+00 3.714627119891319307e+05
4.486022431435594982e+00 2.551306270807233645e+01 1.712538101188836492e+01 7.244856945905504553e+00 3.727921187025533873e+05
4.564565205179107465e+00 2.579981872412673738e+01 1.696420972147391382e+01 7.498978478077413357e+00 3.857820151787131326e+05
4.643107878869670024e+00 2.610069302226836285e+01 1.730684664119950611e+01 7.627845615184615014e+00 3.884470053980019875e+05
4.721650457500300213e+00 2.622690356518457122e+01 1.700892419724861426e+01 7.825146792304222387e+00 3.965002407251826371e+05
4.800192945737217443e+00 2.679888406318626082e+01 1.734514745860578344e+01 8.083477236466737992e+00 4.029553823462625151e+05
4.878735347946150824e+00 2.686538595765128434e+01 1.735897697660967509e+01 8.273459709127932271e+00 4.034153503015601309e+05
4.957277668216146793e+00 2.712316067447292411e+01 1.736001379056189009e+01 8.475289461079269060e+00 4.129301926810129662e+05
5.035819910381144737e+00 2.746848978479231107e+01 1.749926352675815622e+01 8.675487592343049670e+00 4.200550389080722234e+05
5.114362078039562221e+00 2.796114154990642220e+01 1.764929642946351862e+01 8.876437590132045585e+00 4.284995613682433614e+05
5.192904174572115394e+00 2.796200261128719333e+01 1.744745477198618744e+01 9.089319771931220870e+00 4.306298520846368046e+05
5.271446203158030919e+00 2.825605897719177761e+01 1.764312017673202959e+01 9.251083993585039522e+00 4.376669117711871513e+05
5.349988166789838573e+00 2.872517898457958907e+01 1.774440058102718965e+01 9.580761940080382288e+00 4.472237919806612772e+05
5.428530068286878674e+00 2.911179875562819674e+01 1.793468678882280898e+01 9.715593828836581736e+00 4.530966419916643063e+05
5.507071910307648643e+00 2.905953371269128027e+01 1.779311871509190723e+01 9.947624410965969943e+00 4.567300153397995746e+05
5.585613695361120179e+00 2.964535722970232712e+01 1.792523333788121676e+01 1.021642128143124140e+01 4.648074765344029292e+05
5.664155425817094525e+00 3.001073957268463488e+01 1.791299981786589868e+01 1.054224431991213251e+01 4.777564745132213575e+05
5.742697103915729961e+00 3.007679877792940104e+01 1.785875342221717332e+01 1.069348892677617613e+01 4.773949983634829987e+05
5.821238731776284148e+00 3.050966454213392254e+01 1.805806733195169755e+01 1.097541001382031745e+01 4.878804364573053317e+05
5.899780311405160127e+00 3.038152061393543590e+01 1.796381836382158070e+01 1.113681448423865383e+01 4.892034121007916401e+05
5.978321844703323507e+00 3.083184612822406123e+01 1.804780370053727623e+01 1.135359263680450681e+01 4.953496957712515141e+05
6.056863333473133437e+00 3.133744064683001440e+01 1.818181143032599323e+01 1.158433599375809564e+01 5.001466825517989346e+05
6.135404779424661115e+00 3.177352728131569037e+01 1.829299693288285056e+01 1.181807464042643119e+01 5.095941610474557965e+05
6.213946184181517118e+00 3.187354670965253689e+01 1.833987235609846067e+01 1.211007018236305122e+01 5.188183902299826732e+05
6.292487549286247983e+00 3.250193423103120693e+01 1.836722155102599885e+01 1.226045039673364379e+01 5.208800747393547208e+05
6.371028876205335756e+00 3.229584465561580231e+01 1.831199104102344677e+01 1.254116236060611023e+01 5.306290170328979148e+05
6.449570166333828070e+00 3.298202634559319790e+01 1.842995888664901116e+01 1.288126106279372429e+01 5.407889133846770274e+05
6.528111420999634262e+00 3.303137543255818542e+01 1.847852663280743357e+01 1.298497464420695557e+01 5.429779776917318814e+05
6.606652641467518627e+00 3.361301508886828060e+01 1.862022154884835601e+01 1.327599498506781828e+01 5.510719366335709346e+05
6.685193828942805006e+00 3.380521190750667415e+01 1.846802677483842103e+01 1.368879209931434104e+01 5.584530417769351043e+05
6.763734984574836240e+00 3.408203453106818159e+01 1.864061368776408756e+01 1.371761090800658600e+01 5.631363298437810736e+05
6.842276109460177835e+00 3.419354588444082310e+01 1.856100801485509777e+01 1.408794268248557557e+01 5.670073965245550498e+05
6.920817204645620890e+00 3.427228970859177082e+01 1.871329134094264290e+01 1.417236254789380823e+01 5.676558722772619221e+05
6.999358271130968312e+00 3.488027113251386879e+01 1.870268848500431247e+01 1.450957672021977629e+01 5.818524206896616379e+05
7.077899309871646949e+00 3.541888600562810296e+01 1.882957533739278233e+01 1.482132637507451278e+01 5.916445940594135318e+05
7.156440321781138536e+00 3.546180374872428587e+01 1.872099632119791224e+01 1.498858400547518599e+01 5.907618494680635631e+05
7.234981307733260536e+00 3.590996706723083776e+01 1.887253864017631955e+01 1.530905342164794902e+01 6.021292005184141453e+05
7.313522268564292439e+00 3.608678864645249718e+01 1.888396063844631811e+01 1.548143380811571568e+01 6.038139532716594404e+05
7.392063205074973276e+00 3.631176330995037915e+01 1.886602492126085195e+01 1.589774716502243734e+01 6.151760041902146768e+05
7.470604118032365015e+00 3.712474096123759892e+01 1.918843693986102039e+01 1.606245707365379261e+01 6.208498920535128564e+05
7.549145008171610272e+00 3.700044513282393410e+01 1.898861785302372596e+01 1.623789510672941105e+01 6.221472488519030157e+05
7.627685876197570103e+00 3.710198177294338251e+01 1.884102120181538709e+01 1.659375295119772886e+01 6.285581021623681299e+05
7.706226722786373884e+00 3.797844297116998291e+01 1.917889051693479985e+01 1.687326422428791517e+01 6.433282146202083677e+05
7.784767548586863484e+00 3.809105260127133619e+01 1.920192575590016659e+01 1.726438216573583517e+01 6.488732743332978571e+05
7.863308354221953955e+00 3.832108101663006039e+01 1.912886598958098361e+01 1.732042311257785983e+01 6.484164567214015406e+05
7.941849140289923170e+00 3.862134180583631604e+01 1.922793091014559153e+01 1.763081761229623368e+01 6.560186336286503356e+05
8.020389907365611748e+00 3.914219606015571884e+01 1.918970133225706576e+01 1.806436270949915013e+01 6.690628672535392689e+05
8.098930656001561701e+00 3.912304047579144850e+01 1.926205903057158508e+01 1.824050341539831877e+01 6.735033771919487044e+05
8.177471386729090241e+00 3.927684691158788866e+01 1.916159535349490639e+01 1.840816389320399082e+01 6.762607826248899801e+05
8.256012100059292536e+00 3.972426306820076292e+01 1.923369562913633501e+01 1.882561670247314467e+01 6.851667902482392965e+05
8.334552796484000936e+00 3.994658293623812995e+01 1.927121076603726735e+01 1.894952250399633442e+01 6.862842281684473855e+05
8.413093476476680266e+00 4.045290491229201280e+01 1.938235104699477773e+01 1.931468746450279284e+01 7.001394056918430142e+05
8.491634140493276917e+00 4.066366317011259213e+01 1.943176487781637718e+01 1.946842494777998667e+01 7.012209528847528854e+05
8.570174788973028868e+00 4.104487032699528726e+01 1.934091900306032130e+01 1.984414774629595257e+01 7.112053208476552973e+05
8.648715422339215309e+00 4.154161787067083367e+01 1.940933821426376937e+01 2.020967730683560504e+01 7.205122601664210670e+05
8.727256040999876063e+00 4.162870358349390187e+01 1.945996218481423767e+01 2.044697738701860956e+01 7.222254879666015040e+05
8.805796645348495488e+00 4.190431796822493737e+01 1.944002695296106253e+01 2.072521640295492062e+01 7.303030533110339893e+05
8.884337235764643737e+00 4.237500082695922288e+01 1.960722937915808828e+01 2.103227497549379166e+01 7.391404138117146213e+05
8.962877812614589601e+00 4.251183959802072820e+01 1.958625728162940405e+01 2.123689760517957126e+01 7.413832751431887737e+05
9.041418376251867173e+00 4.310988054314824325e+01 1.959519892668131646e+01 2.173642728963019621e+01 7.532490010468615219e+05
9.119958927017840722e+00 4.320194232365566478e+01 1.973184705064033651e+01 2.184364549507508002e+01 7.539285956458690343e+05
9.198499465242209183e+00 4.363286078665901613e+01 1.964003815001620978e+01 2.217995559428200991e+01 7.661255286095368210e+05
9.277039991243508865e+00 4.380768644371497800e+01 1.975254392118880986e+01 2.246321889596507049e+01 7.674685233537199674e+05
9.355580505329580632e+00 4.438021887367224849e+01 1.973809186153022210e+01 2.283238304994959833e+01 7.783840975192737533e+05
9.434121007798012215e+00 4.424238896613087491e+01 1.968046080879367210e+01 2.292992651420746952e+01 7.784586721182488836e+05
9.512661498936562765e+00 4.462840023998398209e+01 1.956146782076593382e+01 2.339699267069256550e+01 7.880440417635240592e+05
9.591201979023569635e+00 4.502804584109199482e+01 1.980483373524144142e+01 2.360552358440659404e+01 7.950296515031399904e+05
9.669742448328321416e+00 4.528626108295064512e+01 1.968192393803574092e+01 2.399463941163038427e+01 8.023151373481677147e+05
9.748282907111432749e+00 4.558208924062153500e+01 1.974831348233724881e+01 2.418886566720799891e+01 8.073877626797135454e+05
9.826823355625185386e+00 4.586116514615657991e+01 1.964014203356925137e+01 2.450508625972257448e+01 8.148689808692676015e+05
9.905363794113858589e+00 4.626505122373576739e+01 1.974922704487973490e+01 2.485202137394008659e+01 8.228960079360194504e+05
9.983904222814045326e+00 4.655797703969497547e+01 1.974734818652557422e+01 2.525635294078531601e+01 8.310797095650942065e+05
1.006244464195495070e+01 4.679490047209989712e+01 1.966990574699794792e+01 2.546976453545103780e+01 8.350109180449995911e+05
1.014098505175868148e+01 4.685220574498355006e+01 1.966428710904510524e+01 2.565422576632731833e+01 8.428699683680923190e+05
1.021952545244051613e+01 4.717067610135540434e+01 1.967639229617938668e+01 2.606039331619555099e+01 8.486635738873162773e+05
1.029806584420916415e+01 4.765063167304282388e+01 1.962567248717824242e+01 2.638366472134833174e+01 8.564032831827115733e+05
1.037660622726701654e+01 4.793194119510197737e+01 1.975315825431573913e+01 2.668109312034500391e+01 8.618023340575477341e+05
1.045514660181038380e+01 4.802455552720630294e+01 1.972421459936781929e+01 2.683412745999508076e+01 8.686752914734602673e+05
1.053368696802971982e+01 4.850266231529329986e+01 1.984839541703970056e+01 2.722483491489258967e+01 8.687942855657120235e+05
1.061222732610984210e+01 4.897711747435857887e+01 1.979405875633881351e+01 2.773880984193836241e+01 8.886388079419935821e+05
1.069076767623013779e+01 4.928304081144607096e+01 1.986824311105328178e+01 2.797385517645359343e+01 8.915772010803828016e+05
1.076930801856475739e+01 4.929393677774356064e+01 1.984168068369127624e+01 2.809742111246996288e+01 8.987871880914294161e+05
1.084784835328281005e+01 4.980195935340308466e+01 1.985952583292178275e+01 2.850524465226465765e+01 9.028046706167311640e+05
1.092638868054854306e+01 5.018888849728344326e+01 1.986033881418922675e+01 2.894744332674694220e+01 9.106744169901021523e+05
1.100492900052151413e+01 5.008671499640637848e+01 1.971143113045534179e+01 2.899798402329788161e+01 9.166563274544898886e+05
1.108346931335675833e+01 5.055702996209566891e+01 1.978492452857496531e+01 2.942868769409050600e+01 9.257003586665106704e+05
1.116200961920494805e+01 5.100530160601768159e+01 1.988151192866680006e+01 2.984624525692605346e+01 9.311101656534326030e+05
1.124054991821254212e+01 5.119256191617560603e+01 1.982039862219394877e+01 3.005966585896014109e+01 9.383633259651229018e+05
1.131909021052193687e+01 5.162251328327315747e+01 1.995282811770684717e+01 3.044221370908518409e+01 9.468305715259673307e+05
1.139763049627160285e+01 5.184687235660796745e+01 1.986054376267552612e+01 3.080693589847311387e+01 9.522710698506108020e+05
1.147617077559622167e+01 5.219340747472458020e+01 1.985499970129518843e+01 3.109544732069137396e+01 9.641636815357272280e+05
1.155471104862680853e+01 5.266164860639727863e+01 1.996467570334740316e+01 3.146398587439660943e+01 9.720198245269589825e+05
1.163325131549084368e+01 5.271098013900069645e+01 1.984194690093671198e+01 3.188936286082505589e+01 9.752603525790146086e+05
1.171179157631238787e+01 5.302486044123609332e+01 1.982600811862320356e+01 3.206110306053503933e+01 9.809821960582947358e+05
1.179033183121219608e+01 5.346955934493143303e+01 1.990083930114321475e+01 3.230909059062678779e+01 9.896083532587172231e+05
1.186887208030782759e+01 5.338888883661815754e+01 1.978792692115025531e+01 3.256046472151425775e+01 9.928850175166388508e+05
1.194741232371374728e+01 5.375288820449581095e+01 1.978790257996390167e+01 3.309887697049698829e+01 1.002742917123758933e+06
1.202595256154143222e+01 5.401698330464908793e+01 1.985599452856606817e+01 3.331483524434830912e+01 1.007372655265293433e+06
1.210449279389946753e+01 5.475162397737921793e+01 1.990716952285193742e+01 3.376234795250981335e+01 1.018363233263547998e+06
1.218303302089363527e+01 5.469406506872871176e+01 1.976000499214778117e+01 3.408324299320096173e+01 1.023824025067776558e+06
1.226157324262700676e+01 5.509605640988348085e+01 1.984276939672999518e+01 3.436785699476467215e+01 1.031684457527894177e+06
1.234011345920003322e+01 5.520390942874132634e+01 1.984772100674520701e+01 3.463220751622825588e+01 1.034981318938335753e+06
1.241865367071062565e+01 5.555001126056388472e+01 1.979881676896232889e+01 3.495370515321354787e+01 1.041244466008788324e+06
1.249719387725422415e+01 5.599486094243925294e+01 1.986603530351290914e+01 3.530561768239920895e+01 1.051663535458648345e+06
1.257573407892389383e+01 5.628354255816561391e+01 1.986113284761681896e+01 3.565806664413101146e+01 1.063259691054443363e+06
1.265427427581038877e+01 5.646548638854893198e+01 1.990083916311510492e+01 3.586661166194311789e+01 1.061745477799638640e+06
1.273281446800221772e+01 5.666469768932064000e+01 1.973433736636074798e+01 3.646261259551123857e+01 1.073726640768558020e+06
1.281135465558572584e+01 5.721003994406372328e+01 1.981105248414876385e+01 3.679172013606745395e+01 1.086591091911967145e+06
1.288989483864514796e+01 5.725467764731146048e+01 1.979240960032446850e+01 3.706923600592023860e+01 1.085742691066815052e+06
1.296843501726268322e+01 5.759492555602436425e+01 1.978806869018871595e+01 3.728823585601050183e+01 1.094746575817421544e+06
1.304697519151855190e+01 5.776361805119352510e+01 1.981233671929542339e+01 3.757140658268887989e+01 1.100485128653955646e+06
1.312551536149104692e+01 5.853668739635644869e+01 1.978360472343909748e+01 3.824595014318028774e+01 1.114790294941697503e+06
1.320405552725660492e+01 5.880240013777960684e+01 1.981679889828480867e+01 3.839881876556096785e+01 1.122368658550920431e+06
1.328259568888985243e+01 5.905540072430923715e+01 1.977758149597136139e+01 3.892212767325045064e+01 1.130729647225979483e+06
1.336113584646366270e+01 5.927230033926789332e+01 1.981193652938321037e+01 3.913267831226009719e+01 1.135079013547599316e+06
1.343967600004920548e+01 5.928642441723032874e+01 1.968172230422856472e+01 3.944339129406125011e+01 1.142101598591128597e+06
1.351821614971599317e+01 5.984651934689667030e+01 1.974291121356521828e+01 3.992879865230860759e+01 1.152055353092081612e+06
1.359675629553193588e+01 6.005466710568563116e+01 1.974572652632398473e+01 4.007334398944895781e+01 1.156414869869810063e+06
1.367529643756338231e+01 6.031828864918587385e+01 1.973607645569305546e+01 4.051725569717937248e+01 1.167276707134784898e+06
1.375383657587516595e+01 6.099577765343298807e+01 1.987449039125909778e+01 4.104384706531807581e+01 1.173162180052892305e+06
1.383237671053064766e+01 6.086214688006865714e+01 1.974512648532449077e+01 4.117127210647436186e+01 1.178036907604114152e+06
1.391091684159175834e+01 6.134568499810706754e+01 1.977417649802173116e+01 4.161713019377303624e+01 1.186107896382060368e+06
1.398945696911903269e+01 6.173274459419513960e+01 1.982696346330045500e+01 4.205565985591770328e+01 1.197558994074961869e+06
1.406799709317166069e+01 6.188667873938017294e+01 1.963489216729778875e+01 4.247072948373930501e+01 1.205894448024729034e+06
1.414653721380751428e+01 6.220087344162423193e+01 1.965229463388576647e+01 4.288705002017049139e+01 1.218008545114514884e+06
1.422507733108318817e+01 6.242979209720940048e+01 1.968760176176516907e+01 4.312449583469395265e+01 1.220887784270789241e+06
1.430361744505403543e+01 6.279565028402228677e+01 1.968377517818392164e+01 4.349564353373548187e+01 1.232671785940897418e+06
1.438215755577419586e+01 6.297386581714778231e+01 1.970074907413749798e+01 4.383885275179222418e+01 1.236899936552424682e+06
1.446069766329663686e+01 6.355233752733860086e+01 1.971101907457710922e+01 4.430037032127534502e+01 1.251094468520457624e+06
1.453923776767318010e+01 6.364845045575147253e+01 1.967438736919194398e+01 4.451301873441381218e+01 1.252617729971999070e+06
1.461777786895453346e+01 6.412524131459964849e+01 1.972939518429266670e+01 4.509665439355466532e+01 1.265336457369742449e+06
1.469631796719032302e+01 6.470978175633585749e+01 1.963851203269676660e+01 4.569335121794268417e+01 1.277201650761673693e+06
1.477485806242911437e+01 6.468149626632019533e+01 1.970997865716773489e+01 4.558724779994420118e+01 1.276273792017550441e+06
1.485339815471844993e+01 6.496822716340899717e+01 1.978483199023593286e+01 4.598805448218633529e+01 1.290256379411645001e+06
1.493193824410487203e+01 6.527430285593888470e+01 1.967428516384169512e+01 4.647832923285105267e+01 1.299972865712698316e+06
1.501047833063394421e+01 6.598213872598125818e+01 1.964549448800232767e+01 4.716178307324454266e+01 1.314711041048103245e+06
1.508901841435028857e+01 6.583849223356985192e+01 1.970068144080824268e+01 4.717081491545802407e+01 1.314139540183879668e+06
1.516755849529759992e+01 6.616926361936907597e+01 1.963530836218886577e+01 4.771514307896892859e+01 1.323266093498629052e+06
1.524609857351867070e+01 6.688663311261744582e+01 1.969872852139994279e+01 4.811041557833349458e+01 1.337408854850030970e+06
1.532463864905541762e+01 6.711335732014893551e+01 1.975288074357199264e+01 4.861228075768228507e+01 1.344215808000420220e+06
1.540317872194890292e+01 6.733344726544619618e+01 1.967301112029083399e+01 4.889623815781634875e+01 1.348727330596370855e+06
1.548171879223935399e+01 6.760036904814134573e+01 1.966032869950385376e+01 4.930192011373439698e+01 1.358512708593074000e+06
1.556025885996618996e+01 6.795273961745557756e+01 1.964720058440418171e+01 4.971482401573898358e+01 1.374113402078783140e+06
1.563879892516803238e+01 6.814898905257932427e+01 1.961287773857947414e+01 5.012449337289306328e+01 1.375814448216027813e+06
1.571733898788273187e+01 6.846528199380036028e+01 1.967263601335557865e+01 5.043195966108690698e+01 1.383946674806646770e+06
1.579587904814739119e+01 6.877994544915355846e+01 1.968217746769943588e+01 5.081977320278716803e+01 1.388454888877325924e+06
1.587441910599837769e+01 6.933838257205802336e+01 1.966657642758349311e+01 5.137193703169076286e+01 1.406799396272118203e+06
1.595295916147133575e+01 6.962179574961454875e+01 1.970090037794288307e+01 5.174433741727155933e+01 1.418211357735850848e+06
1.603149921460121874e+01 6.988747256672863273e+01 1.968265289536506657e+01 5.200463862185756625e+01 1.422620539757876890e+06
1.611003926542229436e+01 7.034485155564874503e+01 1.971384755910230524e+01 5.244069454204285563e+01 1.435055561513370136e+06
1.618857931396816596e+01 7.078299523797295478e+01 1.967536551282589485e+01 5.315020908266342303e+01 1.449698081027142704e+06
1.626711936027179561e+01 7.105311065213282973e+01 1.975841566326603171e+01 5.343810006075648289e+01 1.452858247192934854e+06
1.634565940436549525e+01 7.170569526630053758e+01 1.971646722663293616e+01 5.398495041753886881e+01 1.468217620791584719e+06
1.642419944628097639e+01 7.198036886151331259e+01 1.975023972956592644e+01 5.436583051506464415e+01 1.476471720320262015e+06
1.650273948604932883e+01 7.203979559591637383e+01 1.966672756292505753e+01 5.470171047323878355e+01 1.482832023271656828e+06
1.658127952370107394e+01 7.256788677507991281e+01 1.971905583203235679e+01 5.520113441924651454e+01 1.494186544757203199e+06
1.665981955926614333e+01 7.270089771065386230e+01 1.969157475418038317e+01 5.566338163160060049e+01 1.504126873483669944e+06
1.673835959277390728e+01 7.313662363081800777e+01 1.972786828066222498e+01 5.612636354293044860e+01 1.517182150219749194e+06
1.681689962425318896e+01 7.361797771023164216e+01 1.970284916016020915e+01 5.653747649696489930e+01 1.527183352126053069e+06
1.689543965373228218e+01 7.409776034762484187e+01 1.979636988313295731e+01 5.709818747669089589e+01 1.539288843305990100e+06
1.697397968123895495e+01 7.419744985615966471e+01 1.978247013347829153e+01 5.732507822659955821e+01 1.546328591330670984e+06
1.705251970680045304e+01 7.500747263424896971e+01 1.982809120324088425e+01 5.806165723359115560e+01 1.557800636993645923e+06
1.713105973044353902e+01 7.516319131935240705e+01 1.975826998123294942e+01 5.833191757626605778e+01 1.568171087441996206e+06
1.720959975219447102e+01 7.558528980123934105e+01 1.983030666015879362e+01 5.889964943409076170e+01 1.579946709447094239e+06
1.728813977207903463e+01 7.594912175228611773e+01 1.983924832268899152e+01 5.929258450240166667e+01 1.592196600205794442e+06
1.736667979012256424e+01 7.627645791713354129e+01 1.985615992050334100e+01 5.973398854750038112e+01 1.600486770226813853e+06
1.744521980634991110e+01 7.677358533325126189e+01 1.989756165698963386e+01 6.028960718967098842e+01 1.616049988088766346e+06
1.752375982078550365e+01 7.721205277847380444e+01 1.990373208453483755e+01 6.075050850198441310e+01 1.626193695225940086e+06
1.760229983345331917e+01 7.742583038220409719e+01 1.991914318999015521e+01 6.104218201675009681e+01 1.631035632111921208e+06
1.768083984437692635e+01 7.794029407805770404e+01 1.994292665994330704e+01 6.161387225997077621e+01 1.645648689792681020e+06
1.775937985357945692e+01 7.830022471874900702e+01 1.995312658716869336e+01 6.206973574752772294e+01 1.656533959122312255e+06
1.783791986108364824e+01 7.884285137565551338e+01 1.998297960063489498e+01 6.274426006525379051e+01 1.668157126524043269e+06
1.791645986691183268e+01 7.934410154785689429e+01 1.998670844092064414e+01 6.316808681365966294e+01 1.684437068378404016e+06
1.799499987108595889e+01 7.963611567422294968e+01 2.008589623095269516e+01 6.373334794419900362e+01 1.691019349876381224e+06
1.807353987362759185e+01 8.020149563567925100e+01 2.009816907590822765e+01 6.419759979537073491e+01 1.706808179250468267e+06
1.815207987455791638e+01 8.045627785096952778e+01 2.015323284717648988e+01 6.452276888414512257e+01 1.716851637830383610e+06
1.823061987389775851e+01 8.093003353332994720e+01 2.019842046715353234e+01 6.516521264677248837e+01 1.726563325805988163e+06
1.830915987166758541e+01 8.150050315542890189e+01 2.022075722043829771e+01 6.569095771195642897e+01 1.746266304909584811e+06
1.838769986788751964e+01 8.183347952513520340e+01 2.023506125968436820e+01 6.621786382695029261e+01 1.753437499371598475e+06
1.846623986257733563e+01 8.238401426784200510e+01 2.034070697789948667e+01 6.674978274429800251e+01 1.765621559094638098e+06
1.854477985575647381e+01 8.278029750641152873e+01 2.032086544534709915e+01 6.712987056432136512e+01 1.780345048085583141e+06
1.862331984744404423e+01 8.325189453753668545e+01 2.034036204687852845e+01 6.778698688294304020e+01 1.794726408378408756e+06
1.870185983765884075e+01 8.395632321880337656e+01 2.040711402888914705e+01 6.843469824593542228e+01 1.805718911776527995e+06
1.878039982641934458e+01 8.425646600820736865e+01 2.045946644687423088e+01 6.886090548257040211e+01 1.823716668525701156e+06
1.885893981374372075e+01 8.496715108426195684e+01 2.046877733185401382e+01 6.950632426030955457e+01 1.838939467163847992e+06
1.893747979964983941e+01 8.569516950801006772e+01 2.062381304261747772e+01 7.025852443441272044e+01 1.854359108697582036e+06
1.901601978415527228e+01 8.570840232510174417e+01 2.057681309451777096e+01 7.054833936898803870e+01 1.858809474353966536e+06
1.909455976727730331e+01 8.633050579783056833e+01 2.070921939102155562e+01 7.115891805615108012e+01 1.878765939676662441e+06
1.917309974903293579e+01 8.714894832546623604e+01 2.069299814171300866e+01 7.192364410642953487e+01 1.895423856077657314e+06
1.925163972943889235e+01 8.730027763559915854e+01 2.076417770673637975e+01 7.233243154058982327e+01 1.906001272347350605e+06
1.933017970851161849e+01 8.833010865559076308e+01 2.083455396173425811e+01 7.323965079852868598e+01 1.922590607896562200e+06
1.940871968626730748e+01 8.851231286489840500e+01 2.087970886935996973e+01 7.351498291243281358e+01 1.939706857255644398e+06
1.948725966272188259e+01 8.917859762839751170e+01 2.099120896066690989e+01 7.415935183933478925e+01 1.956903682117476827e+06
1.956579963789100773e+01 8.945249351236509483e+01 2.107338457367329809e+01 7.472486726370085819e+01 1.962411605574642774e+06
1.964433961179010524e+01 9.048424092556905407e+01 2.116651292467090428e+01 7.537907262795090446e+01 1.981801635876714252e+06
1.972287958443434519e+01 9.083240017993024651e+01 2.112388758908760522e+01 7.608401347854048424e+01 1.994533917235121364e+06
1.980141955583865965e+01 9.140499193729255012e+01 2.125179339164539627e+01 7.660421972215061714e+01 2.012782433221842162e+06
1.987995952601774619e+01 9.200982733039876393e+01 2.135370631994655000e+01 7.722499679036916120e+01 2.029580659016103018e+06
1.995849949498606790e+01 9.262143578927594945e+01 2.144428312358064304e+01 7.775402533548918882e+01 2.041890260165890912e+06
2.003703946275786052e+01 9.316170004581374542e+01 2.152468553734372492e+01 7.842593601850077789e+01 2.061121977787111420e+06
2.011557942934713950e+01 9.382369413623932530e+01 2.160981961176665678e+01 7.921401155971646801e+01 2.074702229044905631e+06
2.019411939476770712e+01 9.438761127553487995e+01 2.165060911528798826e+01 7.972258218255115025e+01 2.084630957517025061e+06
2.027265935903314542e+01 9.437210670561377412e+01 2.163761461833076183e+01 7.993826018474216255e+01 2.098536085547214374e+06
2.035119932215682326e+01 9.491771811883261023e+01 2.166527764713510962e+01 8.068638872449355404e+01 2.116123355416873470e+06
2.042973928415191054e+01 9.531670449592002115e+01 2.167848001032113814e+01 8.101666897951101021e+01 2.125026726589603815e+06
2.050827924503137467e+01 9.570182312443660066e+01 2.170429161663944839e+01 8.154917380171517038e+01 2.136876377044287976e+06
2.058681920480798766e+01 9.608093581413228890e+01 2.176360210434194542e+01 8.196843913311920460e+01 2.151103320005660877e+06
2.066535916349431901e+01 9.623888764440279431e+01 2.174011427890153314e+01 8.253960198895492795e+01 2.161546919319035485e+06
2.074389912110275347e+01 9.676642482641972265e+01 2.174722306432670749e+01 8.319966830615133802e+01 2.172091636258891318e+06
2.082243907764548752e+01 9.732874906334170362e+01 2.179206815674854525e+01 8.356374317639421179e+01 2.186826845984593034e+06
2.090097903313453642e+01 9.769842056706710309e+01 2.174398645278976261e+01 8.410229140691205885e+01 2.202272494497657754e+06
2.097951898758173783e+01 9.798701410188402861e+01 2.171875099411331433e+01 8.481443165725464439e+01 2.211742510773009621e+06
2.105805894099874109e+01 9.815836013608885935e+01 2.178197689477779875e+01 8.494568392595179773e+01 2.221703149035725277e+06
2.113659889339703568e+01 9.875545060035759093e+01 2.178415234115809085e+01 8.565070895823504316e+01 2.230671969336395152e+06
2.121513884478793344e+01 9.943057357426303611e+01 2.182765997046275785e+01 8.657021164446965145e+01 2.254528508847242687e+06
2.129367879518258277e+01 9.947258070033299759e+01 2.186019050489696625e+01 8.688926867162579981e+01 2.261008167878869921e+06
2.137221874459196869e+01 9.996021518194247335e+01 2.190946357557178459e+01 8.739192985149287551e+01 2.278486446702541318e+06
2.145075869302691274e+01 1.004809506174203193e+02 2.186463555535339864e+01 8.800238070821947645e+01 2.289886535081387032e+06
2.152929864049807307e+01 1.007937165249840632e+02 2.196255210022231097e+01 8.833666187547488846e+01 2.304719576286162250e+06
2.160783858701596571e+01 1.010218887892323067e+02 2.188658154431375280e+01 8.881452826580087390e+01 2.310730190105559770e+06
2.168637853259094683e+01 1.013819397942959171e+02 2.199643967229642172e+01 8.923052375455250740e+01 2.324837333336140960e+06
2.176491847723321982e+01 1.018402688259854472e+02 2.198487787012648198e+01 8.994252047788573634e+01 2.345923210553593002e+06
2.184345842095285306e+01 1.025498871662447868e+02 2.209766853037766055e+01 9.060381132234208224e+01 2.363499918118248228e+06
2.192199836375975508e+01 1.027256356504921797e+02 2.200169084834672972e+01 9.111288213294915295e+01 2.377529975214277860e+06
2.200053830566371005e+01 1.031939733260457785e+02 2.209538692795133485e+01 9.143664280672129507e+01 2.381540073742872570e+06
2.207907824667434582e+01 1.035478651284998932e+02 2.211151708654334058e+01 9.199055064363759016e+01 2.401768954937674105e+06
2.215761818680116590e+01 1.040337603684785535e+02 2.219417288865791704e+01 9.272957515774686499e+01 2.416591064697040245e+06
2.223615812605353526e+01 1.041492094644186750e+02 2.220885491844290982e+01 9.298313840019898180e+01 2.425926674919412471e+06
2.231469806444068738e+01 1.044937911345697188e+02 2.226670323021286180e+01 9.355216461958089269e+01 2.442489004475311376e+06
2.239323800197172432e+01 1.051040654500766465e+02 2.227995163123389943e+01 9.411349967293212160e+01 2.454631988842700142e+06
2.247177793865562023e+01 1.053934770389387126e+02 2.227903128802198651e+01 9.476240202606217622e+01 2.471108510286865756e+06
2.255031787450123204e+01 1.061167239973544696e+02 2.228202482279430896e+01 9.553686373538806720e+01 2.488936666680902243e+06
2.262885780951728165e+01 1.066588221409473078e+02 2.248607784122210873e+01 9.613815887765116486e+01 2.501017162485206500e+06
2.270739774371238440e+01 1.067120642366423340e+02 2.240450850399171046e+01 9.649707193051474974e+01 2.513492874676489271e+06
2.278593767709502771e+01 1.070561108723731252e+02 2.237577580644512310e+01 9.698209767592636865e+01 2.528115509163223673e+06
2.286447760967358178e+01 1.073358527364947008e+02 2.242377262569970853e+01 9.751730038442258319e+01 2.539310744035601616e+06
2.294301754145629957e+01 1.081475640546128147e+02 2.246905470128406535e+01 9.838758932542090463e+01 2.559477397063980345e+06
2.302155747245133455e+01 1.087718844851113005e+02 2.261853349752770015e+01 9.908543209340994906e+01 2.579122523241000250e+06
2.310009740266672296e+01 1.095259404352307797e+02 2.263275951437455191e+01 9.963034486152155011e+01 2.600362268500277773e+06
2.317863733211038380e+01 1.096444539255796116e+02 2.259394708059924639e+01 1.003818801386264283e+02 2.603670826747260522e+06
2.325717726079013303e+01 1.096063200006124703e+02 2.258197749214194161e+01 1.003856333092706450e+02 2.620780773225743789e+06
2.333571718871368716e+01 1.108679435472772923e+02 2.275123859527304049e+01 1.015410888905547608e+02 2.641935689386540093e+06
2.341425711588865965e+01 1.111256365391704009e+02 2.288419906441954410e+01 1.019128172977342786e+02 2.655840310858975630e+06
2.349279704232255384e+01 1.116617253880371550e+02 2.282606543814285160e+01 1.027857908853116129e+02 2.671876387433674186e+06
2.357133696802278067e+01 1.122293888862282074e+02 2.282789712002398019e+01 1.036152584047777623e+02 2.691831208480138332e+06
2.364987689299664453e+01 1.125677844829778280e+02 2.287102084591370499e+01 1.039344466390863460e+02 2.701682249953713268e+06
2.372841681725136453e+01 1.131636013338039106e+02 2.289695329619269515e+01 1.047138840210843824e+02 2.722347827585430350e+06
2.380695674079405322e+01 1.135037508416984195e+02 2.295790152169626808e+01 1.050790454310283906e+02 2.732502558230180293e+06
2.388549666363174140e+01 1.139885130810760359e+02 2.303916121214165003e+01 1.056823877414917234e+02 2.747314825056734029e+06
2.396403658577134976e+01 1.145308317034592704e+02 2.308886129362241846e+01 1.065738243279710389e+02 2.775737165649914183e+06
2.404257650721972439e+01 1.154450754866510067e+02 2.318648662985639675e+01 1.072456979167967859e+02 2.794781525172628928e+06
2.412111642798362254e+01 1.155524937718824674e+02 2.314993075594960459e+01 1.078204789281892175e+02 2.804506406462632120e+06
2.419965634806970556e+01 1.162892791996736150e+02 2.331903816775389870e+01 1.086632771836250697e+02 2.817545970130070578e+06
2.427819626748454596e+01 1.169914848919593169e+02 2.339455546974442512e+01 1.094215694761921043e+02 2.847182717203983571e+06
2.435673618623464520e+01 1.168881893601600694e+02 2.335001345388668526e+01 1.095995639090727565e+02 2.849316652593285777e+06
2.443527610432640529e+01 1.175829899136789578e+02 2.342037027563123530e+01 1.103257859817647812e+02 2.862125218675503507e+06
2.451381602176616425e+01 1.181661739989363724e+02 2.359065346344076985e+01 1.111306811605747100e+02 2.893045626292616595e+06
2.459235593856016067e+01 1.188402484602654710e+02 2.359646879386766471e+01 1.117459893462631726e+02 2.901079261031618807e+06
2.467089585471456203e+01 1.193387925507486926e+02 2.370767529257249961e+01 1.124049227474098274e+02 2.919355479511393234e+06
2.474943577023546126e+01 1.195916011812975910e+02 2.367171701854652355e+01 1.128561980035575374e+02 2.939339836580157280e+06
2.482797568512887310e+01 1.201658722253420279e+02 2.385613038936734043e+01 1.135934565974000918e+02 2.961021070036475547e+06
2.490651559940072346e+01 1.207736309583965379e+02 2.381816325479588059e+01 1.144714293471529345e+02 2.977775211264896207e+06
2.498505551305688144e+01 1.211603087659502762e+02 2.386165230284842309e+01 1.149167369700110157e+02 2.988820341798588634e+06
2.506359542610313440e+01 1.220205059167207793e+02 2.399185156862479218e+01 1.160310019456456416e+02 3.014161239050907549e+06
2.514213533854519511e+01 1.225539164686901756e+02 2.408196859582621840e+01 1.167128818955853120e+02 3.032482337404517923e+06
2.522067525038871239e+01 1.232907387596410302e+02 2.405684495811770773e+01 1.173215291410526362e+02 3.052958302787429653e+06
2.529921516163925688e+01 1.232994009257641608e+02 2.428227145812012822e+01 1.178528168521699229e+02 3.059490019184065983e+06
2.537775507230233529e+01 1.245121597583466695e+02 2.426314730518539164e+01 1.188158223103490201e+02 3.092301626135377213e+06
2.545629498238338684e+01 1.248617889994568344e+02 2.436786258036409336e+01 1.195566442548542625e+02 3.112116484172387980e+06
2.553483489188777966e+01 1.257747622128899678e+02 2.454414627016901562e+01 1.201565796371165646e+02 3.120858974812289700e+06
2.561337480082082152e+01 1.262997228821061242e+02 2.451838432813573831e+01 1.210691278366447960e+02 3.151173851441068109e+06
2.569191470918774911e+01 1.268243374213336097e+02 2.454611126471542448e+01 1.219504793674875032e+02 3.168272243820380885e+06
2.577045461699373874e+01 1.272147750889786266e+02 2.463014329578903627e+01 1.223002824134719759e+02 3.184157825112709310e+06
2.584899452424390631e+01 1.280931187235862865e+02 2.465012203389612822e+01 1.234896829737796082e+02 3.213813827149006538e+06
2.592753443094329668e+01 1.291510538506708770e+02 2.483395370107120570e+01 1.244164831792135715e+02 3.235775484608386178e+06
2.600607433709690852e+01 1.295098350716107802e+02 2.496451103987043751e+01 1.249963963441904014e+02 3.247053248747634236e+06
2.608461424270966944e+01 1.297845408619520526e+02 2.492594867080560306e+01 1.255980205237819689e+02 3.267464899128104560e+06
2.616315414778644310e+01 1.301699595831239549e+02 2.513073952390863042e+01 1.258064855734856309e+02 3.282127966349540278e+06
2.624169405233205055e+01 1.308631158027586423e+02 2.515829752552867049e+01 1.268393522366473860e+02 3.306814833929856308e+06
2.632023395635124174e+01 1.317029385662438017e+02 2.516997973850885373e+01 1.276005133566249867e+02 3.336806884923639707e+06
2.639877385984871694e+01 1.321319767552205064e+02 2.540084768862281450e+01 1.282459187730210886e+02 3.345449245131962001e+06
2.647731376282911953e+01 1.331119054761057043e+02 2.547308663751185520e+01 1.295588808272711674e+02 3.370676853337536566e+06
2.655585366529703606e+01 1.333076061861348762e+02 2.542634812766110386e+01 1.299740795273996241e+02 3.384311911223549861e+06
2.663439356725699980e+01 1.334843377502308783e+02 2.557749786722769514e+01 1.302697021368298351e+02 3.402168711671893485e+06
2.671293346871349428e+01 1.351394736121208950e+02 2.568733145503296456e+01 1.318252500231137390e+02 3.443138064478498884e+06
2.679147336967094617e+01 1.358086531474008893e+02 2.573766809044746040e+01 1.325423027910743485e+02 3.454951732674928848e+06
2.687001327013372531e+01 1.368313649048582192e+02 2.581354777419301527e+01 1.338384070498247524e+02 3.484960478574877605e+06
2.694855317010616602e+01 1.367175885595586919e+02 2.579453655666147327e+01 1.342280824580541889e+02 3.502465629301982000e+06
2.702709306959254221e+01 1.378334848313759835e+02 2.604730920724471588e+01 1.350924147370447486e+02 3.529774339354812168e+06
2.710563296859707094e+01 1.381343744311505475e+02 2.623873683117051669e+01 1.358090054318281261e+02 3.536722942717948463e+06
2.718417286712393377e+01 1.387355789079846318e+02 2.622652688206579086e+01 1.367536822639607408e+02 3.559068648896668572e+06
2.726271276517725894e+01 1.390946198428747493e+02 2.637766504940073276e+01 1.369099977340947589e+02 3.568563205068627838e+06
2.734125266276112498e+01 1.399365541519816531e+02 2.629805565566047676e+01 1.380490100577178225e+02 3.591030380830175709e+06
2.741979255987956776e+01 1.415336575014235052e+02 2.656969950994312768e+01 1.397347042324548738e+02 3.631100769115926232e+06
2.749833245653658054e+01 1.408618795781045208e+02 2.652665403892659768e+01 1.392217800348899459e+02 3.635521252486691810e+06
2.757687235273609616e+01 1.417327582130555186e+02 2.674708557964164513e+01 1.403857869670088121e+02 3.657696885107020847e+06
2.765541224848202262e+01 1.424690227724208285e+02 2.679201160670090331e+01 1.413973805572802007e+02 3.670524027823860757e+06
2.773395214377820395e+01 1.421602700793394263e+02 2.685165397537847554e+01 1.415374810979520532e+02 3.694213937226183247e+06
2.781249203862845576e+01 1.437646382688521385e+02 2.697267461191441029e+01 1.427083961963408001e+02 3.719465611311658286e+06
2.789103193303654038e+01 1.442034534704986584e+02 2.693698735240300479e+01 1.431680261487826158e+02 3.730215889612885658e+06
2.796957182700618816e+01 1.453130396561927284e+02 2.715974941394160069e+01 1.446583360602224957e+02 3.773682803778003901e+06
2.804811172054107615e+01 1.459507629114942517e+02 2.710539230062454052e+01 1.453464211556782004e+02 3.792791882620557677e+06
2.812665161364485655e+01 1.452114040926130656e+02 2.713051895210001518e+01 1.451217629864007677e+02 3.807587589195641223e+06
2.820519150632112115e+01 1.467583495948756536e+02 2.719681176017201452e+01 1.469386473462380422e+02 3.846971678203478921e+06
2.828373139857343332e+01 1.466160691494187063e+02 2.732194643557090785e+01 1.464980635632045392e+02 3.849386512213046197e+06
2.836227129040531736e+01 1.473981967361714283e+02 2.760886799400622849e+01 1.484568437759708104e+02 3.871313610337567981e+06
2.844081118182025847e+01 1.474281957336341122e+02 2.750169046214615065e+01 1.482163925159404414e+02 3.873948049570991192e+06
2.851935107282169923e+01 1.482832062903384553e+02 2.732453731712881861e+01 1.492846564967878180e+02 3.890720836631237064e+06
2.859789096341304315e+01 1.479195284848317442e+02 2.751100444182728921e+01 1.497519702380770923e+02 3.928694090806372929e+06
2.867643085359765820e+01 1.478674256451777467e+02 2.752520798302695226e+01 1.497561087574751753e+02 3.939101697439342737e+06
2.875497074337888392e+01 1.484110679291663075e+02 2.781784467183775078e+01 1.505777258700114487e+02 3.960703847344224341e+06
2.883351063276001369e+01 1.501961919368499139e+02 2.769609162655276791e+01 1.523354842655536743e+02 4.000098549071204383e+06
2.891205052174430890e+01 1.500232514267892157e+02 2.754558506445583888e+01 1.525796930448834701e+02 3.995799302481282502e+06
2.899059041033499184e+01 1.506391445210802544e+02 2.786291989254654311e+01 1.529351785078183639e+02 3.988584653110847343e+06
2.906913029853525643e+01 1.508353169424104010e+02 2.795641173037857641e+01 1.535124099009158272e+02 4.030124853394893464e+06
2.914767018634825746e+01 1.519382827633311877e+02 2.802346062498177659e+01 1.551461293952562528e+02 4.070719705096289515e+06
2.922621007377712132e+01 1.518825259131634482e+02 2.812308827099960595e+01 1.549118426727614235e+02 4.047377709144468885e+06
2.930474996082492822e+01 1.529398860523043595e+02 2.812914275580970980e+01 1.564376810649400795e+02 4.085758422611607704e+06
2.938328984749474060e+01 1.523614979983967430e+02 2.821650023904875937e+01 1.560379914296931361e+02 4.098191295006362721e+06
2.946182973378957826e+01 1.531346498826606535e+02 2.833585288408479030e+01 1.574308662013533819e+02 4.133095056928762700e+06
2.954036961971243258e+01 1.548205903550637004e+02 2.853608508998708970e+01 1.590460283642146919e+02 4.186005117337892298e+06
2.961890950526625943e+01 1.546736499797544582e+02 2.837339098914984348e+01 1.585921519611486588e+02 4.201007759869138710e+06
2.969744939045398979e+01 1.563943466734619108e+02 2.847024569756467116e+01 1.604153484225622606e+02 4.225723748998536728e+06
2.977598927527852268e+01 1.556340539192608503e+02 2.850540142520388187e+01 1.601342653031314001e+02 4.240098152051719837e+06
2.985452915974272159e+01 1.585178921075918197e+02 2.866055340327338641e+01 1.633804906717610947e+02 4.312039034637091681e+06
2.993306904384942868e+01 1.585795567368986667e+02 2.884018284149773592e+01 1.632642471522941605e+02 4.302498945916181430e+06
3.001160892760143994e+01 1.585985406479968276e+02 2.898381746861937458e+01 1.642099367210899175e+02 4.305518714673397131e+06
3.009014881100154071e+01 1.610966688806997524e+02 2.919353859959751318e+01 1.662139494505218522e+02 4.361072840732090175e+06
3.016868869405248077e+01 1.615971291341133451e+02 2.921414696608669459e+01 1.676880639766164052e+02 4.405667397344667464e+06
3.024722857675697441e+01 1.603882959943726689e+02 2.928947083237248350e+01 1.668665261723798210e+02 4.404425838016385213e+06
3.032576845911771457e+01 1.628324902976535213e+02 2.952469394087776067e+01 1.695131140400625895e+02 4.459866131171423942e+06
3.040430834113736580e+01 1.622530821003139181e+02 2.958754118940177591e+01 1.693894746205364186e+02 4.495927734461169690e+06
3.048284822281856421e+01 1.628572418286878758e+02 2.961984289548736982e+01 1.691528062004025514e+02 4.471497223563862033e+06
3.056138810416392460e+01 1.641051680933662738e+02 2.959966240047659625e+01 1.711373430391831505e+02 4.543455763774498366e+06
3.063992798517602267e+01 1.656020197677165129e+02 3.024773705004905722e+01 1.733808380243443139e+02 4.558039004692343064e+06
3.071846786585741640e+01 1.660083343565044629e+02 3.013975522226980885e+01 1.734755977756520338e+02 4.565338105669249780e+06
3.079700774621063886e+01 1.673685163146494403e+02 3.005189295851715414e+01 1.744497358382798211e+02 4.628003480923220515e+06
3.087554762623818760e+01 1.666624276641489644e+02 3.047094274249528567e+01 1.730382257759880531e+02 4.638747021262803115e+06
3.095408750594254599e+01 1.678500667001715669e+02 3.023536538868616930e+01 1.761152917374094500e+02 4.691592279883798212e+06
3.103262738532617249e+01 1.706905997528565706e+02 3.045590703704645108e+01 1.774065215851290702e+02 4.711859789402892813e+06
3.111116726439149005e+01 1.694227511050029875e+02 3.053090025503499305e+01 1.780545738029715608e+02 4.731876023025607690e+06
3.118970714314090387e+01 1.714558853241937300e+02 3.067252390656807748e+01 1.796701122223352058e+02 4.806511064251139760e+06
3.126824702157679781e+01 1.722477856475811393e+02 3.104423356688339197e+01 1.821981463704192663e+02 4.789053171316364780e+06
3.134678689970152377e+01 1.724949434000223221e+02 3.120177844677592560e+01 1.809098776305762328e+02 4.821669053201989271e+06
3.142532677751741588e+01 1.721798062817419463e+02 3.127529776384452020e+01 1.819250992624516812e+02 4.862457139782760292e+06
3.150386665502678696e+01 1.731534466442878966e+02 3.145748925241296590e+01 1.828838578606057581e+02 4.820602477584728971e+06
3.158240653223192140e+01 1.749836986548159814e+02 3.172625490504469425e+01 1.842966324115852785e+02 4.899292865800261497e+06
3.166094640913508229e+01 1.792133094491057363e+02 3.207441843608258125e+01 1.895257892149410850e+02 4.918532346604694612e+06
3.173948628573851494e+01 1.781338073079644175e+02 3.191320177915121192e+01 1.876731843093985503e+02 4.913865474107095972e+06
3.181802616204443623e+01 1.786936777570842878e+02 3.214921849592149528e+01 1.887288506005572515e+02 4.999106413857392035e+06
3.189656603805504531e+01 1.785656272715903867e+02 3.274594538100706131e+01 1.903914702532550507e+02 4.971202867365474813e+06
3.197510591377251998e+01 1.799723167786485760e+02 3.288070165164933911e+01 1.908055819080198603e+02 5.020910790332239121e+06
3.205364578919900964e+01 1.788233985578899592e+02 3.192071105788620144e+01 1.880942027683742879e+02 5.017278983592015691e+06
3.213218566433665302e+01 1.811444981601384825e+02 3.220486416050984246e+01 1.918241140490146108e+02 5.169370940684852190e+06
3.221072553918755688e+01 1.825297703884566261e+02 3.342193460111744230e+01 1.945087114588641271e+02 5.106353500736465678e+06
3.228926541375382442e+01 1.802336973352795439e+02 3.337647273001436332e+01 1.913330793377730572e+02 5.195915540348175913e+06
3.236780528803751622e+01 1.816254685698368974e+02 3.343010995012951270e+01 1.933032674612894084e+02 5.112917004689806141e+06
3.244634516204068575e+01 1.804667698922158650e+02 3.423162065704125467e+01 1.934125129516136781e+02 5.125980063940011896e+06
3.252488503576537227e+01 1.847242308982425811e+02 3.323448991403871133e+01 1.962781831563129060e+02 5.245844386692149565e+06
3.260342490921358660e+01 1.851403091909568275e+02 3.375014300303719494e+01 1.978397631199628108e+02 5.310143348469938152e+06
3.268196478238731828e+01 1.937782734906133726e+02 3.422022574138592432e+01 2.072646401174349364e+02 5.420637880336929113e+06
3.276050465528854261e+01 1.908344561011692520e+02 3.406315576501177844e+01 2.007083658153142096e+02 5.335467210442284122e+06
3.283904452791921358e+01 1.933254825745517564e+02 3.404320175895400524e+01 2.046972656260579697e+02 5.453794484212427400e+06
3.291758440028127097e+01 1.917000209640017658e+02 3.466918936333277657e+01 2.048493988106503707e+02 5.415353235911684111e+06
3.299612427237663326e+01 1.925947377219094392e+02 3.448463592176055670e+01 2.068209084733929330e+02 5.458810353525268845e+06
3.307466414420719758e+01 1.973819802813077615e+02 3.526211874402681445e+01 2.066684506164036179e+02 5.447645515644387342e+06
3.315320401577483977e+01 1.983748388305587866e+02 3.513178052622810554e+01 2.135703116200154454e+02 5.561733730220763013e+06
3.323174388708143567e+01 1.967083010377983214e+02 3.473027889528449208e+01 2.088214542374967095e+02 5.605276055103031918e+06
3.331028375812883269e+01 1.952518356707489033e+02 3.636602874797198126e+01 2.094726487634156911e+02 5.510178155180182308e+06
3.338882362891884981e+01 1.983388694065610025e+02 3.536541292485239296e+01 2.117937776232124634e+02 5.503682555288038217e+06
3.346736349945329891e+01 2.029321971995167360e+02 3.507528798571097184e+01 2.178719172138860358e+02 5.645034915989048779e+06
3.354590336973399189e+01 2.026959298411914290e+02 3.715525027414491177e+01 2.142694683200937504e+02 5.735625996612532064e+06
3.362444323976268379e+01 2.033649340821217493e+02 3.704861159514352664e+01 2.210143271389100050e+02 5.822543125683695078e+06
3.370298310954115806e+01 1.994416046949278893e+02 3.558965903764698879e+01 2.124704480198719523e+02 5.772668492619268596e+06
3.378152297907114132e+01 2.012462308657556491e+02 3.567916306571520835e+01 2.143124333923928191e+02 5.850726085448842496e+06
3.386006284835436730e+01 2.098078004588037686e+02 3.651707650177340270e+01 2.270735676254136024e+02 6.083208952142218128e+06
3.393860271739255552e+01 2.111939791983869554e+02 3.755076361114137029e+01 2.242598947800738074e+02 5.842224964831529185e+06
3.401714258618739706e+01 2.166025445142565786e+02 3.487236036358003588e+01 2.357266617002638895e+02 6.179271755279107019e+06
3.409568245474058301e+01 2.135259403887732788e+02 3.612767690290546341e+01 2.289875266699975498e+02 5.878859838099093176e+06
3.417422232305376895e+01 2.125108580871845447e+02 4.045982193201304256e+01 2.267351052364525401e+02 6.026333122257251292e+06
3.425276219112861043e+01 2.160396563443081277e+02 3.797321202893842695e+01 2.293352477044651891e+02 6.093354782243215479e+06
3.433130205896674880e+01 2.044631265995793967e+02 4.320582588662207968e+01 2.303721437220372650e+02 5.624260186204363592e+06
3.440984192656979701e+01 2.188440741413251658e+02 3.699030113981932999e+01 2.260434923967717680e+02 6.553847974099094979e+06
3.448838179393936088e+01 2.168599640864378841e+02 3.900095701556410432e+01 2.331904750631406671e+02 6.722808505594465882e+06
3.456692166107702491e+01 2.530299345238023250e+02 3.746816437568620017e+01 2.785572647542465461e+02 7.241580034176127985e+06
3.464546152798438072e+01 2.067494555875476863e+02 2.076972480524324993e+01 2.170794848029880768e+02 5.772405842154451646e+06
3.472400139466299152e+01 1.971710771749263813e+02 3.707262361442526100e+01 1.751801768608534076e+02 5.956638773385698907e+06
