# 0.1627 0.1541
7.871241428633635184e-02 1.249003239295894296e+00 1.437889601043146559e+00 1.216401811824447884e-02 2.934444809653707580e+03
1.618072713909662341e-01 1.939954089893878519e+00 2.532506939738500051e+00 6.500266908498934793e-02 1.180393668761624212e+04
2.418771330418761079e-01 1.962894089382440921e+00 2.552046532705950277e+00 8.515277162584933279e-02 1.630302376084167736e+04
3.211923215201240578e-01 2.829702421133674761e+00 3.811986225082146351e+00 1.863231977566238429e-01 3.123948230209920075e+04
4.002017901256537113e-01 3.203043448607248767e+00 4.516510306766042149e+00 2.793916607056435297e-01 4.476186211034093867e+04
4.790568272527075955e-01 3.636386002310318499e+00 4.625356596690983757e+00 2.874405933555702064e-01 4.373879361215965764e+04
5.578229290343351687e-01 4.499362776006873510e+00 5.807513715549930566e+00 4.330478278408579906e-01 6.515597261577443714e+04
6.365331115321660738e-01 5.023083819494188695e+00 6.286962196595197838e+00 4.957094707054773286e-01 6.967184980886470294e+04
7.152058371535838788e-01 6.653773855126198455e+00 7.831328932179412838e+00 5.756969304326193804e-01 8.089489200358482776e+04
7.938522421846891941e-01 7.260001385314239997e+00 8.144871101780704947e+00 6.370295114535502456e-01 8.218471492424525786e+04
8.724794443688169698e-01 7.921600192682595853e+00 8.539128909947713453e+00 7.356443961783717400e-01 9.179253838694002479e+04
9.510922062407737299e-01 9.083831779609644386e+00 9.680939067912627038e+00 8.224899980021387336e-01 1.010499708333818126e+05
1.029693835175838679e+00 9.538874970617342797e+00 9.920969377084297491e+00 9.061937072092031142e-01 1.049105284717411996e+05
1.108286699878543891e+00 1.094926957749873786e+01 1.109990884913531595e+01 1.014544514696356980e+00 1.123525590459488885e+05
1.186872541411916560e+00 1.149446936612261894e+01 1.147709084384955247e+01 1.074601262126042123e+00 1.181325447741706739e+05
1.265452668213572940e+00 1.238107934862772019e+01 1.180045179652587706e+01 1.137494515338667300e+00 1.240508430093827483e+05
1.344028082638708543e+00 1.247256529555446036e+01 1.185494986827977115e+01 1.278661356467260424e+00 1.342071422389376385e+05
1.422599565533279709e+00 1.296037496417228141e+01 1.204821563575635501e+01 1.343309981609341452e+00 1.365722730894422566e+05
1.501167734229200246e+00 1.335262620628382280e+01 1.199992560529612540e+01 1.492917918484391038e+00 1.439924628218855651e+05
1.579733083222462531e+00 1.443615245124832036e+01 1.271552015410690117e+01 1.625883613984458353e+00 1.563970960371400579e+05
1.658296013281593151e+00 1.358872734805594717e+01 1.201299992364616820e+01 1.675376163869150004e+00 1.574204829575502372e+05
1.736856852652245875e+00 1.449674009067732605e+01 1.251410442206862861e+01 1.838296627599901534e+00 1.624216290978742181e+05
1.815415872753641580e+00 1.436691582265946288e+01 1.215000869136158990e+01 1.854341154508753808e+00 1.663897205517661641e+05
1.893973299967037560e+00 1.514544948465678154e+01 1.260511953186153278e+01 2.030290997191519953e+00 1.768473799546272785e+05
1.972529324606241641e+00 1.460455351666697155e+01 1.198228516680317135e+01 2.163381310525425594e+00 1.834650936968471215e+05
2.051084107826015579e+00 1.497250702518157794e+01 1.224784497339855349e+01 2.262848530033419792e+00 1.901121025214914698e+05
2.129637787001040561e+00 1.542396588605060792e+01 1.217532684515752806e+01 2.490158408168681170e+00 2.030980305979455297e+05
2.208190479956450680e+00 1.567266484155152995e+01 1.254544949162135659e+01 2.598574160995201776e+00 2.068355288595100574e+05
2.286742288326184092e+00 1.560924344094522098e+01 1.244094885791820460e+01 2.625355925743001695e+00 2.082964807179293421e+05
2.365293300241981811e+00 1.600193318038537527e+01 1.279440530590221492e+01 2.684268394816708980e+00 2.065921046328726225e+05
2.443843592503681883e+00 1.621082658613881478e+01 1.266969599377815214e+01 2.862734521811675314e+00 2.173491058643336874e+05
2.522393232343909553e+00 1.622011888156616521e+01 1.253449980787549656e+01 3.037307970496757381e+00 2.271767581717305002e+05
2.600942278872942381e+00 1.667320724414121358e+01 1.258464431879186485e+01 3.252981460849404982e+00 2.389458249692556565e+05
2.679490784269383141e+00 1.691498890760640350e+01 1.283277662793620522e+01 3.337861295627926328e+00 2.404634170852558746e+05
2.758038794767343038e+00 1.732337273439701519e+01 1.305535491726544350e+01 3.515393082756602894e+00 2.500957457910818630e+05
2.836586351479573942e+00 1.739649520189076171e+01 1.273631662375760598e+01 3.753172789333008019e+00 2.609438031981679087e+05
2.915133491087511963e+00 1.683698791686443386e+01 1.265545301701819803e+01 3.806059968460942411e+00 2.595482421914878360e+05
2.993680246422668834e+00 1.728304342433295204e+01 1.288884663325800162e+01 3.940509710451657099e+00 2.627291287677335204e+05
3.072226646958827967e+00 1.761303947419512639e+01 1.276238828949712101e+01 4.207309231923272996e+00 2.768374881496624439e+05
3.150772719230606977e+00 1.805901240624447368e+01 1.301709134684576341e+01 4.330014336319910839e+00 2.804831494801528752e+05
3.229318487190934395e+00 1.805296188268835778e+01 1.300359026074269408e+01 4.376321212630464252e+00 2.812099235517663765e+05
3.307863972517584905e+00 1.830807207147724824e+01 1.304865250819884537e+01 4.542165467238123533e+00 2.875880746395299793e+05
3.386409194877053608e+00 1.858536115803619992e+01 1.303498179996914530e+01 4.743474072647889450e+00 2.978702861532780807e+05
3.464954172152534095e+00 1.853473753430380810e+01 1.298771898385583334e+01 4.934366623513008143e+00 3.054310823556031100e+05
3.543498920641575456e+00 1.910445956452418415e+01 1.324939277629693990e+01 5.145866929464073536e+00 3.132619808662729338e+05
3.622043455228019404e+00 1.943683804901337453e+01 1.337202262742777670e+01 5.239173031773275646e+00 3.201056112649657298e+05
3.700587789532037597e+00 1.971425139462611753e+01 1.329049606570118769e+01 5.474803607672470207e+00 3.258194624466149835e+05
3.779131936041457696e+00 1.969847151242949224e+01 1.329165754295229540e+01 5.624569114142663473e+00 3.284905905248973868e+05
3.857675906227046259e+00 2.024067474710441061e+01 1.358087475367780250e+01 5.739774533340919582e+00 3.325416781571534229e+05
3.936219710643986680e+00 2.029438595752517926e+01 1.338203579181379510e+01 5.933527299473280614e+00 3.458017808050407912e+05
4.014763359021444877e+00 2.042991976599890691e+01 1.341271903480299876e+01 6.168961549165738134e+00 3.473545410338321817e+05
4.093306860341824560e+00 2.062583684844604548e+01 1.337714033879324305e+01 6.383108093376630876e+00 3.587901350720108021e+05
4.171850222911064776e+00 2.077456568073575838e+01 1.343153424150363762e+01 6.502174324885173107e+00 3.607767537945435033e+05
4.250393454421145911e+00 2.132450162534500393e+01 1.378451894462942917e+01 6.645617210617171366e+00 3.638560293407851132e+05
4.328936562005788247e+00 2.161739142235581923e+01 1.350258018881780941e+01 6.928337463024361931e+00 3.755126352228328469e+05
4.407479552290201497e+00 2.149818966745012361e+01 1.360875385156655959e+01 7.084887780214007336e+00 3.807996983965813415e+05
4.486022431435594982e+00 2.203215457034626468e+01 1.381906514424798083e+01 7.239937659283135041e+00 3.824424106269303011e+05
4.564565205179107465e+00 2.224336449579783093e+01 1.365725545792445317e+01 7.497791765172685530e+00 3.958396215860312223e+05
4.643107878869670024e+00 2.263813616019914932e+01 1.399814891090136193e+01 7.620787173187379970e+00 3.985065547539241379e+05
4.721650457500300213e+00 2.276209282449087112e+01 1.377256481166138613e+01 7.819988351328430731e+00 4.068416239412630093e+05
4.800192945737217443e+00 2.315545842428481649e+01 1.401289217894556671e+01 8.073084808915325539e+00 4.135436653552575153e+05
4.878735347946150824e+00 2.330407598469335184e+01 1.401072718437028541e+01 8.254241805674720212e+00 4.139249940629385528e+05
4.957277668216146793e+00 2.363900338380744870e+01 1.405451263574458487e+01 8.478612676708385365e+00 4.239535457556902547e+05
5.035819910381144737e+00 2.386126876409728936e+01 1.411128048598449425e+01 8.669700041142478497e+00 4.313413810490620090e+05
5.114362078039562221e+00 2.430250948974403258e+01 1.424983096173795616e+01 8.861657359177467441e+00 4.400343760075982427e+05
5.192904174572115394e+00 2.449156590262379751e+01 1.419711231034419185e+01 9.076261322851335578e+00 4.422615878182934248e+05
5.271446203158030919e+00 2.457174098190406042e+01 1.423221364462953531e+01 9.244203775062398876e+00 4.494554000831102021e+05
5.349988166789838573e+00 2.511354653213077981e+01 1.434835687841729879e+01 9.580930396552043149e+00 4.595920010449796682e+05
5.428530068286878674e+00 2.540078294455238250e+01 1.450820943244689687e+01 9.721156107773465394e+00 4.656967869983337005e+05
5.507071910307648643e+00 2.541655338945158960e+01 1.438678235853993392e+01 9.926157194829684727e+00 4.693760081119128736e+05
5.585613695361120179e+00 2.589839144529190307e+01 1.439528382176769661e+01 1.020962599078785260e+01 4.777102770815678523e+05
5.664155425817094525e+00 2.636555552981611328e+01 1.450148103341190087e+01 1.053533778308961999e+01 4.911848233244349831e+05
5.742697103915729961e+00 2.634154956318517904e+01 1.443497739606743480e+01 1.068330256130255229e+01 4.909821267073322088e+05
5.821238731776284148e+00 2.682121686434503260e+01 1.464016775041886476e+01 1.095974796901375115e+01 5.019339285775079625e+05
5.899780311405160127e+00 2.673072456384703344e+01 1.456360459217088454e+01 1.111256027424017212e+01 5.030662147915519890e+05
5.978321844703323507e+00 2.714230044878082282e+01 1.461438722454971462e+01 1.133386046517411749e+01 5.097015432494537090e+05
6.056863333473133437e+00 2.756339525994637185e+01 1.466680460281233778e+01 1.156269966790245007e+01 5.145862891592443921e+05
6.135404779424661115e+00 2.793265220726864939e+01 1.475362812890306330e+01 1.180041102748300652e+01 5.239022380181388580e+05
6.213946184181517118e+00 2.816844252258654890e+01 1.486269558444965888e+01 1.208943537491932396e+01 5.341401683171091136e+05
6.292487549286247983e+00 2.870829043859248131e+01 1.486615613275084691e+01 1.225835863006466653e+01 5.359047730653214967e+05
6.371028876205335756e+00 2.859133352394062300e+01 1.482186491622751490e+01 1.253164379366840286e+01 5.462206095056983177e+05
6.449570166333828070e+00 2.915045263884677240e+01 1.488909447450880386e+01 1.285396424154394168e+01 5.566470972624900751e+05
6.528111420999634262e+00 2.917934239573176214e+01 1.489792837728510655e+01 1.296311355060294090e+01 5.591221019433147740e+05
6.606652641467518627e+00 2.971342730449922698e+01 1.503429180534279475e+01 1.324633274504798486e+01 5.674718390907073626e+05
6.685193828942805006e+00 2.989984315928276004e+01 1.490361780764126465e+01 1.367418237067403908e+01 5.750770577907016268e+05
6.763734984574836240e+00 3.017091077882790273e+01 1.500996145513255975e+01 1.369735490272561407e+01 5.803197635632125894e+05
6.842276109460177835e+00 3.036397224598649203e+01 1.502367111165161084e+01 1.406687998708731691e+01 5.842697255457389401e+05
6.920817204645620890e+00 3.039987720055530218e+01 1.509336253462594435e+01 1.413592246413001163e+01 5.849032420767461881e+05
6.999358271130968312e+00 3.108329051636548357e+01 1.516028581970611988e+01 1.449989280220816390e+01 5.994797396459067240e+05
7.077899309871646949e+00 3.153866842468849541e+01 1.528037277126301774e+01 1.480347450760721451e+01 6.095417113747188123e+05
7.156440321781138536e+00 3.158038018449410345e+01 1.512395833191808947e+01 1.495276184803394415e+01 6.088520752760693431e+05
7.234981307733260536e+00 3.190730639521464695e+01 1.522589261777043568e+01 1.526027225618455141e+01 6.207675737460782984e+05
7.313522268564292439e+00 3.216597813968581221e+01 1.522742714607943704e+01 1.543479963969358693e+01 6.224218717646196019e+05
7.392063205074973276e+00 3.235543292247304237e+01 1.518697822323783164e+01 1.585699719786418704e+01 6.343227725646165200e+05
7.470604118032365015e+00 3.309314538947776185e+01 1.544515260804090317e+01 1.604812387969048260e+01 6.404670302784440573e+05
7.549145008171610272e+00 3.305074790290498044e+01 1.536654057915175464e+01 1.621423096676015874e+01 6.419730673409908777e+05
7.627685876197570103e+00 3.321880261383751076e+01 1.528961303735266952e+01 1.654373684215425655e+01 6.485029083279765910e+05
7.706226722786373884e+00 3.389811500907968878e+01 1.546676432527478084e+01 1.684974829565252108e+01 6.635308088826350868e+05
7.784767548586863484e+00 3.405453137976907385e+01 1.541275285798052508e+01 1.722803945174566209e+01 6.698741517699887045e+05
7.863308354221953955e+00 3.431940596928973974e+01 1.545709580324411725e+01 1.728600767905112079e+01 6.692062139341278234e+05
7.941849140289923170e+00 3.463349018304892013e+01 1.554544083049130698e+01 1.759724120468171904e+01 6.772535087804398499e+05
8.020389907365611748e+00 3.507017639496122996e+01 1.547096724027061398e+01 1.801873430600588577e+01 6.905791291674120585e+05
8.098930656001561701e+00 3.503220463286722008e+01 1.554354483044504143e+01 1.819485953950792023e+01 6.953920982270255918e+05
8.177471386729090241e+00 3.528433934330028166e+01 1.547879463540071043e+01 1.835607594621486882e+01 6.980933855847141240e+05
8.256012100059292536e+00 3.571795949920161206e+01 1.552372714481633409e+01 1.878574172306133860e+01 7.075608100056854310e+05
8.334552796484000936e+00 3.585693400483775406e+01 1.552492585144302240e+01 1.890617649655115073e+01 7.086842719129889738e+05
8.413093476476680266e+00 3.644795970282464737e+01 1.565869688376417201e+01 1.926840931092769438e+01 7.232169817224194994e+05
8.491634140493276917e+00 3.656750992253599009e+01 1.566964978134323694e+01 1.940729165902048692e+01 7.243395729138636962e+05
8.570174788973028868e+00 3.700684115137831753e+01 1.562534763064302190e+01 1.977904963833091045e+01 7.348986181432120502e+05
8.648715422339215309e+00 3.747132814208096363e+01 1.566485692250047457e+01 2.014644172398593724e+01 7.446404993453180650e+05
8.727256040999876063e+00 3.766984811294708635e+01 1.576864618203212132e+01 2.038213777678419447e+01 7.463863340213559568e+05
8.805796645348495488e+00 3.784151622803836545e+01 1.570249938527295619e+01 2.066034150084870902e+01 7.547662998688262887e+05
8.884337235764643737e+00 3.826099004724021313e+01 1.587062054891242191e+01 2.096621776676931148e+01 7.638103158266320825e+05
8.962877812614589601e+00 3.845970071829842141e+01 1.585129572658711972e+01 2.117258571259996458e+01 7.668277663785194745e+05
9.041418376251867173e+00 3.906181233387924578e+01 1.583246168078846416e+01 2.164514460541757046e+01 7.789192751860630233e+05
9.119958927017840722e+00 3.909347307893132495e+01 1.591822631518868469e+01 2.178040619928331267e+01 7.796808227153455373e+05
9.198499465242209183e+00 3.956801427809918437e+01 1.584242409442190258e+01 2.211517831532533407e+01 7.925546840289825341e+05
9.277039991243508865e+00 3.967435701468802733e+01 1.597064537611747248e+01 2.236863229894319716e+01 7.937452519984947285e+05
9.355580505329580632e+00 4.026168806969573666e+01 1.595815696112269499e+01 2.274256018787975364e+01 8.055332670330024557e+05
9.434121007798012215e+00 4.016976393187481165e+01 1.593606852386444217e+01 2.284147250740731749e+01 8.058164724879391724e+05
9.512661498936562765e+00 4.053074140398267389e+01 1.579053407356598449e+01 2.330856413674368000e+01 8.156775040894912090e+05
9.591201979023569635e+00 4.086113926933664686e+01 1.597653568820533998e+01 2.353109659032526224e+01 8.230032415834004059e+05
9.669742448328321416e+00 4.117751659586689073e+01 1.589103097625597805e+01 2.391470040307424227e+01 8.307173314059966942e+05
9.748282907111432749e+00 4.147561937064245541e+01 1.595745457370336950e+01 2.409642423659492749e+01 8.356765910966396332e+05
9.826823355625185386e+00 4.179838082267965405e+01 1.590641078835238709e+01 2.442817295659455112e+01 8.442720787970954552e+05
9.905363794113858589e+00 4.215772822150426435e+01 1.599413281439702494e+01 2.476751949606616421e+01 8.523680228707562201e+05
9.983904222814045326e+00 4.245144047537647936e+01 1.596361999389825037e+01 2.515039994304649795e+01 8.607242775455411756e+05
1.006244464195495070e+01 4.279108198761210247e+01 1.590924882671988705e+01 2.539996722297697929e+01 8.651290758672435768e+05
1.014098505175868148e+01 4.276700921469389272e+01 1.591809511111394038e+01 2.553709676629267733e+01 8.737354398705664789e+05
1.021952545244051613e+01 4.315976781849007438e+01 1.596322164188819315e+01 2.598864041598584507e+01 8.797220375493002357e+05
1.029806584420916415e+01 4.361382459968022118e+01 1.588526575075912994e+01 2.629954946966710949e+01 8.879344572122824611e+05
1.037660622726701654e+01 4.386402641910427036e+01 1.599592395981255599e+01 2.656735465228002369e+01 8.935567023619977990e+05
1.045514660181038380e+01 4.401664779636695357e+01 1.596726673802341878e+01 2.675032715967654795e+01 9.007837854406095576e+05
1.053368696802971982e+01 4.437320944652914534e+01 1.606048885574008267e+01 2.712130295041561467e+01 9.011690806007491192e+05
1.061222732610984210e+01 4.490583387057282039e+01 1.602584191178743467e+01 2.760074439428422011e+01 9.212894021068707807e+05
1.069076767623013779e+01 4.514681072669065998e+01 1.603048007619584325e+01 2.784350401151322529e+01 9.249072529760311591e+05
1.076930801856475739e+01 4.522251703096763009e+01 1.596809657200209998e+01 2.802737783561873997e+01 9.327473227590775350e+05
1.084784835328281005e+01 4.570260012104430558e+01 1.606701729115873789e+01 2.835348594420790747e+01 9.363351441716577392e+05
1.092638868054854306e+01 4.610128478332411106e+01 1.600371031189193616e+01 2.884206937941167226e+01 9.451370850021339720e+05
1.100492900052151413e+01 4.601053104343841937e+01 1.591915180225949911e+01 2.887862989568897376e+01 9.511070569459429244e+05
1.108346931335675833e+01 4.646131796947697268e+01 1.599554436028648396e+01 2.931561869597551961e+01 9.604994773448538035e+05
1.116200961920494805e+01 4.685504017794507803e+01 1.603874041305476794e+01 2.970530248040988397e+01 9.658421672004043357e+05
1.124054991821254212e+01 4.713662956259295100e+01 1.603822559540340720e+01 2.991327038967445162e+01 9.737930059936532052e+05
1.131909021052193687e+01 4.741767299770935296e+01 1.611239162301507477e+01 3.030150819642531701e+01 9.827535669220916461e+05
1.139763049627160285e+01 4.782362765640836955e+01 1.606988646723906555e+01 3.064870425176755830e+01 9.891912851346664829e+05
1.147617077559622167e+01 4.811091134608179232e+01 1.603925102213254306e+01 3.098484406855686402e+01 1.001284238189479918e+06
1.155471104862680853e+01 4.852015844076044715e+01 1.612687657361282234e+01 3.133684519495266230e+01 1.009835166351413936e+06
1.163325131549084368e+01 4.867788433884661004e+01 1.607136096039226913e+01 3.173534477237038232e+01 1.013510049058465753e+06
1.171179157631238787e+01 4.901544040696607141e+01 1.604433186917558984e+01 3.193025643145016446e+01 1.018836241411336116e+06
1.179033183121219608e+01 4.937466466178385360e+01 1.608025783513277318e+01 3.216258916826929237e+01 1.028433496662911144e+06
1.186887208030782759e+01 4.930997129536088153e+01 1.596978010622884092e+01 3.242493623242223322e+01 1.031771292513030116e+06
1.194741232371374728e+01 4.972499196468583449e+01 1.598038703636677305e+01 3.297516862235108448e+01 1.042680057366066496e+06
1.202595256154143222e+01 5.000879079458611187e+01 1.605260287515828566e+01 3.316137671464025516e+01 1.047119683903710451e+06
1.210449279389946753e+01 5.070441729914178808e+01 1.607119645666986685e+01 3.361799030716407799e+01 1.058614402499910677e+06
1.218303302089363527e+01 5.062264967007920546e+01 1.597063265467956406e+01 3.393576328788303442e+01 1.064907573048021179e+06
1.226157324262700676e+01 5.102180529987053603e+01 1.604487888330151790e+01 3.421920888181898590e+01 1.072674777207437204e+06
1.234011345920003322e+01 5.118688865400283561e+01 1.604361507770688888e+01 3.444016182222953404e+01 1.075768237382310675e+06
1.241865367071062565e+01 5.157507534870763521e+01 1.602438782089074465e+01 3.480103685195236096e+01 1.082708278542853426e+06
1.249719387725422415e+01 5.193891777602024007e+01 1.603458862962266451e+01 3.513731849880934988e+01 1.094140846632135333e+06
1.257573407892389383e+01 5.227055295127127010e+01 1.605720923235919528e+01 3.550513174134293592e+01 1.106258086233351147e+06
1.265427427581038877e+01 5.246116366285536259e+01 1.610459660325842535e+01 3.571438411703289972e+01 1.104357680842737202e+06
1.273281446800221772e+01 5.270475941208971449e+01 1.597450438108765525e+01 3.627113668152604475e+01 1.117647956917796051e+06
1.281135465558572584e+01 5.324133281693276132e+01 1.602652195372136390e+01 3.661626190000979619e+01 1.130486576164392987e+06
1.288989483864514796e+01 5.326294117110256110e+01 1.595238818162646588e+01 3.690330646636690659e+01 1.129181431140085682e+06
1.296843501726268322e+01 5.361165063426361144e+01 1.596341718135731114e+01 3.712103004673403461e+01 1.139320213340618415e+06
1.304697519151855190e+01 5.385215149332722717e+01 1.600611354187159208e+01 3.739509087841148727e+01 1.145986905063639628e+06
1.312551536149104692e+01 5.457599641598277174e+01 1.599529734786639423e+01 3.806125619206520128e+01 1.159762748952903319e+06
1.320405552725660492e+01 5.481048006638725667e+01 1.600152291090244461e+01 3.825033836155707689e+01 1.168591862831753911e+06
1.328259568888985243e+01 5.508838965323669612e+01 1.597804838809561012e+01 3.873812852623017733e+01 1.177334054103947012e+06
1.336113584646366270e+01 5.522843941632930864e+01 1.601622571210654655e+01 3.891681885439665223e+01 1.181718684028570540e+06
1.343967600004920548e+01 5.542475141666049154e+01 1.592462604958143935e+01 3.923243400509165468e+01 1.189175804725703783e+06
1.351821614971599317e+01 5.589381428612195180e+01 1.595609475642520358e+01 3.967266559479867283e+01 1.199933601465790300e+06
1.359675629553193588e+01 5.618698033068747577e+01 1.598245693918504173e+01 3.990291824204094695e+01 1.204486918464418035e+06
1.367529643756338231e+01 5.642448139137669472e+01 1.595035250715602260e+01 4.032148287680826826e+01 1.216319129127947614e+06
1.375383657587516595e+01 5.704125824783487531e+01 1.605429819917181788e+01 4.080205357419638545e+01 1.222135646157491487e+06
1.383237671053064766e+01 5.687942390893699951e+01 1.594185141432425645e+01 4.097129933474653285e+01 1.227939828524448676e+06
1.391091684159175834e+01 5.750204779783567943e+01 1.599385615541151218e+01 4.135615272540935905e+01 1.236042761692727217e+06
1.398945696911903269e+01 5.778469923731709201e+01 1.601208686243725055e+01 4.184007742761909299e+01 1.248263456021712627e+06
1.406799709317166069e+01 5.801429136614385840e+01 1.585737992519493211e+01 4.224330508343155799e+01 1.257093734748887364e+06
1.414653721380751428e+01 5.829661932070110453e+01 1.587906433765283332e+01 4.264004660692440751e+01 1.269132040685265092e+06
1.422507733108318817e+01 5.847128281661155569e+01 1.587798439701805719e+01 4.287179553011226574e+01 1.273070868911708007e+06
1.430361744505403543e+01 5.891555142197413630e+01 1.588347430593229426e+01 4.327100578030693612e+01 1.285169152078196872e+06
1.438215755577419586e+01 5.908525674614185164e+01 1.589571286838554620e+01 4.353227950475432806e+01 1.289084173400630476e+06
1.446069766329663686e+01 5.962948572650469004e+01 1.592338482132003108e+01 4.403586552657064601e+01 1.305535682773668552e+06
1.453923776767318010e+01 5.980355876750765276e+01 1.590193670770318235e+01 4.425071496441155006e+01 1.306897405640769983e+06
1.461777786895453346e+01 6.036991360553728470e+01 1.599297149265961338e+01 4.482917250643527041e+01 1.319885198211319279e+06
1.469631796719032302e+01 6.097006623376370982e+01 1.585871515288509492e+01 4.546806668061542211e+01 1.332844149434282677e+06
1.477485806242911437e+01 6.092706386169450639e+01 1.592818522609489307e+01 4.534963878879462129e+01 1.332295128419671440e+06
1.485339815471844993e+01 6.110853377832847855e+01 1.596316023629072767e+01 4.573934518548310280e+01 1.346245143606456695e+06
1.493193824410487203e+01 6.149089994293395733e+01 1.590425144543305258e+01 4.621456158093515398e+01 1.356904031108618248e+06
1.501047833063394421e+01 6.220498834370886243e+01 1.590010060127628222e+01 4.688987678740956255e+01 1.372108890481298789e+06
1.508901841435028857e+01 6.202966646387631755e+01 1.590123125054269160e+01 4.687570678222679277e+01 1.371584806138353189e+06
1.516755849529759992e+01 6.243199779898309743e+01 1.589707841516200482e+01 4.741843012852883987e+01 1.381668395061281975e+06
1.524609857351867070e+01 6.315935191825727912e+01 1.596216586840445117e+01 4.782169943684883862e+01 1.396520653464013478e+06
1.532463864905541762e+01 6.335742113437166267e+01 1.592850907446943154e+01 4.834611303963627904e+01 1.404539657684281701e+06
1.540317872194890292e+01 6.355596137899382825e+01 1.586604496221002414e+01 4.860868517622297702e+01 1.409190291130959988e+06
1.548171879223935399e+01 6.382236496224512479e+01 1.588485698508394783e+01 4.902321423140860190e+01 1.419658047322022961e+06
1.556025885996618996e+01 6.421381157354237246e+01 1.588005132332101255e+01 4.938849970193563621e+01 1.435655035400233697e+06
1.563879892516803238e+01 6.440864498049633369e+01 1.585339232445339341e+01 4.975717528544944201e+01 1.437840357111954130e+06
1.571733898788273187e+01 6.476664527745340649e+01 1.590575032452855808e+01 5.008845959142578153e+01 1.446742718846242875e+06
1.579587904814739119e+01 6.512986179547002052e+01 1.590756417148705815e+01 5.047378793655716578e+01 1.451105388781428337e+06
1.587441910599837769e+01 6.562637273945593108e+01 1.588451687453804162e+01 5.113249968225917996e+01 1.469656040557041299e+06
1.595295916147133575e+01 6.592224769904477455e+01 1.590934373100602883e+01 5.143033827734150520e+01 1.482518600174203748e+06
1.603149921460121874e+01 6.618031692688212786e+01 1.589569361268368475e+01 5.170513375120892618e+01 1.487038098217290826e+06
1.611003926542229436e+01 6.663648714765803049e+01 1.592105326903888418e+01 5.208688156357843013e+01 1.500152814445476513e+06
1.618857931396816596e+01 6.713831219070878831e+01 1.592102473829124953e+01 5.281442686066024805e+01 1.516682091578776250e+06
1.626711936027179561e+01 6.742265520901538878e+01 1.598571809311728309e+01 5.308482490843328350e+01 1.518635123628642177e+06
1.634565940436549525e+01 6.800177115086168556e+01 1.591974609154158138e+01 5.360783389063237081e+01 1.534352507803055458e+06
1.642419944628097639e+01 6.831120671523028420e+01 1.596859207077726772e+01 5.402390949184751179e+01 1.544148693450966617e+06
1.650273948604932883e+01 6.847179385269122065e+01 1.588083960576794595e+01 5.436454172306318355e+01 1.551982978749706643e+06
1.658127952370107394e+01 6.890765538377095822e+01 1.594414481930942529e+01 5.483075039407428619e+01 1.563134081760836998e+06
1.665981955926614333e+01 6.910288180836805338e+01 1.593081352339041779e+01 5.529146324314033478e+01 1.573277230097948806e+06
1.673835959277390728e+01 6.957925157204171285e+01 1.594633613157269281e+01 5.578097985050386143e+01 1.586072001715205377e+06
1.681689962425318896e+01 7.005057872873170766e+01 1.594712610475935577e+01 5.620150916242400996e+01 1.597126997032645391e+06
1.689543965373228218e+01 7.051024394200175038e+01 1.601343985659451619e+01 5.669040895326176610e+01 1.610379422166404314e+06
1.697397968123895495e+01 7.056746640081047417e+01 1.599540721202054350e+01 5.687920208311983572e+01 1.616377364103268599e+06
1.705251970680045304e+01 7.138367218402659375e+01 1.603975787390399432e+01 5.762610496621269363e+01 1.629417487876764266e+06
1.713105973044353902e+01 7.159108517846023290e+01 1.599414174005628730e+01 5.789667065082714714e+01 1.640767193242915440e+06
1.720959975219447102e+01 7.207749183092656153e+01 1.605549186163708342e+01 5.849650370553172252e+01 1.653392220659228740e+06
1.728813977207903463e+01 7.236546008044362566e+01 1.604451584517635254e+01 5.877893428357531036e+01 1.666434351354118902e+06
1.736667979012256424e+01 7.277663192531070990e+01 1.608895218153025297e+01 5.933807756171417935e+01 1.675079698416905943e+06
1.744521980634991110e+01 7.322817368370564850e+01 1.608928217781765113e+01 5.984449397209026955e+01 1.690770468741393415e+06
1.752375982078550365e+01 7.369020548913603363e+01 1.610166829765563179e+01 6.035654398675051624e+01 1.702376995163782267e+06
1.760229983345331917e+01 7.394726707863715376e+01 1.612196922341841088e+01 6.064104929821301937e+01 1.708734995518564712e+06
1.768083984437692635e+01 7.436298059495042878e+01 1.612716667838772722e+01 6.116715758651223922e+01 1.721996690434157383e+06
1.775937985357945692e+01 7.481867216193968773e+01 1.614537617609626707e+01 6.163681677276312598e+01 1.734171184204648016e+06
1.783791986108364824e+01 7.532800464398998486e+01 1.615846002976585183e+01 6.229079680197937563e+01 1.746817948603684083e+06
1.791645986691183268e+01 7.579016991836715533e+01 1.613601124938241682e+01 6.268989018454778517e+01 1.764086703450382687e+06
1.799499987108595889e+01 7.613059039995312105e+01 1.623039151015998627e+01 6.324800783089978040e+01 1.770235656224610982e+06
1.807353987362759185e+01 7.669506602090984870e+01 1.623511778803114325e+01 6.373794408667748002e+01 1.786577909852158744e+06
1.815207987455791638e+01 7.699719698293880299e+01 1.629646474340640694e+01 6.405311849937990587e+01 1.797552376048279693e+06
1.823061987389775851e+01 7.742025270026719852e+01 1.636602079528506692e+01 6.464038835897329704e+01 1.807444742531168275e+06
1.830915987166758541e+01 7.798819937255049695e+01 1.635519607098387951e+01 6.521051906388227337e+01 1.827471716045075096e+06
1.838769986788751964e+01 7.828898532767090046e+01 1.635994995173113864e+01 6.565617281765078417e+01 1.835340002515544184e+06
1.846623986257733563e+01 7.886546303051933648e+01 1.644814602099829060e+01 6.623661957901116182e+01 1.847872324179720599e+06
1.854477985575647381e+01 7.930902665789042771e+01 1.645681035065714681e+01 6.666796976187305290e+01 1.865670886109971208e+06
1.862331984744404423e+01 7.979024176170118210e+01 1.645598002358191536e+01 6.731427141571647610e+01 1.879136831960171228e+06
1.870185983765884075e+01 8.042862794758974587e+01 1.648144080074875717e+01 6.783055608876595954e+01 1.890967293905153172e+06
1.878039982641934458e+01 8.080065757220782530e+01 1.656326043048158070e+01 6.828736622130792000e+01 1.910745384945596568e+06
1.885893981374372075e+01 8.147716069183685761e+01 1.657718299302206333e+01 6.896113874028054624e+01 1.926363302116910229e+06
1.893747979964983941e+01 8.215188122343532484e+01 1.673192065983855059e+01 6.964020479006632058e+01 1.942983449504664866e+06
1.901601978415527228e+01 8.220486023089735284e+01 1.665628791460416736e+01 6.989971633092237369e+01 1.947346486729388591e+06
1.909455976727730331e+01 8.287282363527521056e+01 1.675054090525295791e+01 7.056790805939553479e+01 1.969230085624346510e+06
1.917309974903293579e+01 8.363852836222808662e+01 1.676492575626312487e+01 7.127496602108459456e+01 1.985947681673867162e+06
1.925163972943889235e+01 8.385020038573459544e+01 1.680103455416275082e+01 7.168683774798718389e+01 1.998330128394905711e+06
1.933017970851161849e+01 8.484721602138368723e+01 1.685128565769634079e+01 7.263780393876206176e+01 2.016958300718796207e+06
1.940871968626730748e+01 8.500415287204174319e+01 1.691864979650323875e+01 7.292776950809469838e+01 2.032988575883681187e+06
1.948725966272188259e+01 8.570536971087970812e+01 1.697997224193631993e+01 7.347838947425786671e+01 2.050879544085369678e+06
1.956579963789100773e+01 8.606725873880375843e+01 1.706686157800951165e+01 7.410976903691920370e+01 2.058228246590341441e+06
1.964433961179010524e+01 8.702383531936456507e+01 1.711280733517714125e+01 7.479346284271998968e+01 2.077718387188551715e+06
1.972287958443434519e+01 8.732091562461550893e+01 1.710763024481558148e+01 7.540880736768843917e+01 2.089308285573943052e+06
1.980141955583865965e+01 8.792922483152025848e+01 1.721753236175890223e+01 7.589196830097515090e+01 2.110216002210472245e+06
1.987995952601774619e+01 8.849918713814599869e+01 1.728025503318057332e+01 7.660967063800751475e+01 2.128601734471689444e+06
1.995849949498606790e+01 8.909608408712371386e+01 1.735960367657611414e+01 7.706588214357627464e+01 2.142252434389377013e+06
2.003703946275786052e+01 8.973512403745847621e+01 1.741223817185244371e+01 7.778299791979671340e+01 2.162054762824987527e+06
2.011557942934713950e+01 9.030627988839599141e+01 1.750999810765053510e+01 7.854646266038676572e+01 2.175737529552293010e+06
2.019411939476770712e+01 9.086835006514665736e+01 1.750959613415484384e+01 7.903497176011983072e+01 2.188332516583861317e+06
2.027265935903314542e+01 9.091613594784267605e+01 1.750168311282813249e+01 7.928937340114686094e+01 2.201203080751595087e+06
2.035119932215682326e+01 9.140510007110466972e+01 1.751457480758412188e+01 7.991897328022626823e+01 2.221469285096174572e+06
2.042973928415191054e+01 9.182424764986434695e+01 1.753249377816562316e+01 8.030782785668991153e+01 2.229423901247177273e+06
2.050827924503137467e+01 9.227665307686064011e+01 1.756105765779793870e+01 8.091116991203415409e+01 2.241731237640218809e+06
2.058681920480798766e+01 9.261562647516622349e+01 1.760383883134503336e+01 8.127496028323913890e+01 2.257069871913375333e+06
2.066535916349431901e+01 9.290252087950311477e+01 1.759786567928635748e+01 8.186562758124266281e+01 2.270085719019367825e+06
2.074389912110275347e+01 9.342493238316690451e+01 1.755805722990922746e+01 8.251411524574018586e+01 2.280035160711768549e+06
2.082243907764548752e+01 9.393453708313376183e+01 1.761624598002265429e+01 8.285723163208621145e+01 2.295103830067768693e+06
2.090097903313453642e+01 9.429060800535972930e+01 1.758242681420800935e+01 8.331417051008985197e+01 2.310737229435965419e+06
2.097951898758173783e+01 9.462428628983072088e+01 1.757425518521869989e+01 8.400958494236502361e+01 2.321018844738668296e+06
2.105805894099874109e+01 9.477328948097144234e+01 1.761664582887236108e+01 8.416232887102991356e+01 2.330772683338413015e+06
2.113659889339703568e+01 9.540288108801625810e+01 1.763005639973730965e+01 8.484239038797609567e+01 2.343038327278439887e+06
2.121513884478793344e+01 9.614674985259586038e+01 1.768981968491080181e+01 8.583103627285753134e+01 2.367324437489035539e+06
2.129367879518258277e+01 9.621691252179174114e+01 1.767170061752065990e+01 8.604593537275617621e+01 2.373061474041513167e+06
2.137221874459196869e+01 9.674858884970107908e+01 1.775618271477011589e+01 8.664111923364420420e+01 2.391464097369435243e+06
2.145075869302691274e+01 9.734803192020754636e+01 1.770635838160817954e+01 8.724917725167169635e+01 2.404774294724359177e+06
2.152929864049807307e+01 9.745198277672585618e+01 1.779343869866827177e+01 8.746727239643034579e+01 2.418113614403775427e+06
2.160783858701596571e+01 9.779463789300294252e+01 1.776327763818115102e+01 8.802320501501868932e+01 2.426810983118482865e+06
2.168637853259094683e+01 9.815874552839540002e+01 1.781203466610057262e+01 8.846068033186304547e+01 2.440511538583820220e+06
2.176491847723321982e+01 9.860837266414374369e+01 1.781930370936315455e+01 8.911061896394888038e+01 2.463167549268148839e+06
2.184345842095285306e+01 9.930897681409275890e+01 1.790343030985997430e+01 8.980965392497745370e+01 2.483209116174435709e+06
2.192199836375975508e+01 9.953629493942561623e+01 1.781719638662713834e+01 9.027320823908688396e+01 2.495196545654883608e+06
2.200053830566371005e+01 9.991454234284472591e+01 1.794448394967228566e+01 9.054763354459676350e+01 2.500433765728334431e+06
2.207907824667434582e+01 1.003254420068799391e+02 1.788521814300468193e+01 9.109272199352334098e+01 2.521621196728605777e+06
2.215761818680116590e+01 1.008094439581961694e+02 1.798001657804461573e+01 9.172459747868660429e+01 2.535077072610948235e+06
2.223615812605353526e+01 1.010043794975770339e+02 1.800459870587673450e+01 9.207721303327693363e+01 2.546051015355858020e+06
2.231469806444068738e+01 1.014651133390885462e+02 1.806509033444395129e+01 9.262841073270872982e+01 2.566061622669881210e+06
2.239323800197172432e+01 1.019471144756164733e+02 1.805578353013319415e+01 9.331675772338867603e+01 2.578052081247342285e+06
2.247177793865562023e+01 1.023943746594088111e+02 1.809612986173437221e+01 9.387684919444096465e+01 2.595822407867028378e+06
2.255031787450123204e+01 1.029656498164432321e+02 1.805264754669627791e+01 9.458931177575001925e+01 2.612977825053693727e+06
2.262885780951728165e+01 1.035378574262269780e+02 1.820311715863006796e+01 9.519720059563569237e+01 2.628525769805456046e+06
2.270739774371238440e+01 1.036894916454028248e+02 1.815777918582842076e+01 9.557448676968705570e+01 2.639925748426348902e+06
2.278593767709502771e+01 1.038629115455635912e+02 1.810510432743236464e+01 9.589020889646684509e+01 2.653110863597799558e+06
2.286447760967358178e+01 1.043045691514186331e+02 1.818829750761434738e+01 9.653426500225272378e+01 2.668035282845403068e+06
2.294301754145629957e+01 1.050251480381818254e+02 1.822663834199470401e+01 9.722753690524365311e+01 2.688145490482268389e+06
2.302155747245133455e+01 1.056945279403560107e+02 1.831728906579276739e+01 9.803536106102602332e+01 2.707644011189374141e+06
2.310009740266672296e+01 1.063838016236421282e+02 1.829949236361016318e+01 9.857016536597680556e+01 2.728887611727425363e+06
2.317863733211038380e+01 1.065942740150154151e+02 1.830223984014105199e+01 9.933193335624073939e+01 2.734797025511563756e+06
2.325717726079013303e+01 1.067093351623972666e+02 1.834690765296874559e+01 9.930512713102801570e+01 2.752997762694577221e+06
2.333571718871368716e+01 1.078459611136286753e+02 1.844600685641380267e+01 1.004554932738939499e+02 2.774039468733923510e+06
2.341425711588865965e+01 1.081515056174291658e+02 1.855289819570935705e+01 1.008515966377858035e+02 2.787079978747824207e+06
2.349279704232255384e+01 1.085719957479345368e+02 1.849623213890298601e+01 1.015495504347496905e+02 2.806968808840898331e+06
2.357133696802278067e+01 1.091369591477344585e+02 1.853309623374761728e+01 1.023857611037556268e+02 2.823994656160110608e+06
2.364987689299664453e+01 1.095222723100915090e+02 1.853635442869241956e+01 1.027946068691082502e+02 2.836017558732644655e+06
2.372841681725136453e+01 1.102975236619986674e+02 1.858442224837772017e+01 1.036734027813127028e+02 2.861848671200914308e+06
2.380695674079405322e+01 1.105965650130737288e+02 1.867981687889713527e+01 1.040572180894525047e+02 2.870087372518261429e+06
2.388549666363174140e+01 1.110935257706736081e+02 1.870309610262496847e+01 1.045885372555421640e+02 2.887195671425839420e+06
2.396403658577134976e+01 1.116834547125291266e+02 1.872659441440506711e+01 1.053773461746319526e+02 2.914594377894510515e+06
2.404257650721972439e+01 1.125312271596870488e+02 1.877868154978754944e+01 1.061401246186089224e+02 2.936571686279423069e+06
2.412111642798362254e+01 1.127595079463313681e+02 1.879216547798899484e+01 1.067820260046521810e+02 2.948734872611272149e+06
2.419965634806970556e+01 1.134303241222921486e+02 1.886160612231286748e+01 1.075548362297229232e+02 2.963455957864955068e+06
2.427819626748454596e+01 1.141602330647506136e+02 1.896926199260581569e+01 1.084063839050996449e+02 2.995030385397219099e+06
2.435673618623464520e+01 1.142915019621657962e+02 1.894941608755176787e+01 1.086474192175213460e+02 2.998823516559675336e+06
2.443527610432640529e+01 1.148718225135342550e+02 1.903380083639284948e+01 1.092007500418194752e+02 3.011311756945269182e+06
2.451381602176616425e+01 1.153285714835824649e+02 1.913259543797524742e+01 1.097800363770487451e+02 3.042636290282307193e+06
2.459235593856016067e+01 1.160757822330150901e+02 1.918086629999044490e+01 1.106161902167466167e+02 3.055064997775701340e+06
2.467089585471456203e+01 1.165317106571377366e+02 1.923568047546438464e+01 1.112376487728575114e+02 3.071568658585534897e+06
2.474943577023546126e+01 1.168828271978864848e+02 1.927330049632509912e+01 1.117882898734205952e+02 3.093312637060003355e+06
2.482797568512887310e+01 1.173435436763898281e+02 1.939189394840936842e+01 1.124267136523186963e+02 3.114182945206213742e+06
2.490651559940072346e+01 1.179631841659080322e+02 1.931628052514361826e+01 1.132050644731206148e+02 3.134007233682457358e+06
2.498505551305688144e+01 1.184642989865455149e+02 1.935547885932077250e+01 1.137409927827908120e+02 3.146095814301878680e+06
2.506359542610313440e+01 1.193382894519288726e+02 1.944689037205022331e+01 1.148180175544175938e+02 3.172668250006915536e+06
2.514213533854519511e+01 1.197917125009170576e+02 1.952290908415294268e+01 1.154461940179687360e+02 3.191416376354360487e+06
2.522067525038871239e+01 1.205131894711296638e+02 1.951822405052158160e+01 1.159772605409084321e+02 3.212005959951950237e+06
2.529921516163925688e+01 1.204687340062351382e+02 1.966065403504318354e+01 1.164266266432057080e+02 3.217225799910647329e+06
2.537775507230233529e+01 1.217180136003478026e+02 1.970454287025222584e+01 1.174662042329507301e+02 3.249941878131851088e+06
2.545629498238338684e+01 1.220019299188770958e+02 1.970672495045408112e+01 1.179305127147461292e+02 3.274320678835355211e+06
2.553483489188777966e+01 1.230808378600969064e+02 1.987715895278367739e+01 1.189540039683625565e+02 3.282832753280689009e+06
2.561337480082082152e+01 1.236100660987343218e+02 1.990301979779523123e+01 1.197150545582773020e+02 3.314834505067063961e+06
2.569191470918774911e+01 1.242634118819219111e+02 1.993311705152867930e+01 1.207542466769831577e+02 3.333246466074980795e+06
2.577045461699373874e+01 1.245180113682202716e+02 2.002702630296953856e+01 1.208714917487863261e+02 3.351388675471701659e+06
2.584899452424390631e+01 1.254532805736370165e+02 2.000249754398720725e+01 1.221528763049468438e+02 3.386892727443100419e+06
2.592753443094329668e+01 1.263472220553682348e+02 2.017471468003718726e+01 1.229621297851772539e+02 3.406109334287167061e+06
2.600607433709690852e+01 1.266856392424494686e+02 2.027250336782674722e+01 1.233816542276865960e+02 3.416242776342577301e+06
2.608461424270966944e+01 1.271050928344289730e+02 2.026209643185043063e+01 1.240510964037277404e+02 3.440705625472079497e+06
2.616315414778644310e+01 1.276098775055551044e+02 2.039215589139812934e+01 1.244269792250861428e+02 3.459605663872860372e+06
2.624169405233205055e+01 1.281816186477344957e+02 2.043074023698681074e+01 1.253571357761415754e+02 3.485283258821722120e+06
2.632023395635124174e+01 1.289796438099899945e+02 2.050513958219417532e+01 1.261135292129899312e+02 3.514023454329247586e+06
2.639877385984871694e+01 1.295111253421046342e+02 2.061801880350608585e+01 1.268710084317977760e+02 3.528994854787377175e+06
2.647731376282911953e+01 1.304281083427024726e+02 2.070781395389222013e+01 1.278187775672276985e+02 3.548673376687752083e+06
2.655585366529703606e+01 1.305836745340640448e+02 2.068478466230671842e+01 1.285024913913945852e+02 3.568437400845359545e+06
2.663439356725699980e+01 1.309772252982233169e+02 2.075595003159068952e+01 1.289036963425701856e+02 3.584749497169566341e+06
2.671293346871349428e+01 1.326386325681461926e+02 2.086330931075911010e+01 1.304546230265779627e+02 3.627195231362311170e+06
2.679147336967094617e+01 1.331975964990363082e+02 2.093074927406071950e+01 1.311410592838580556e+02 3.641245541048339102e+06
2.687001327013372531e+01 1.342833327316124610e+02 2.094617415694439089e+01 1.323383532716439959e+02 3.678270359275774099e+06
2.694855317010616602e+01 1.343242174352817813e+02 2.096459928619057678e+01 1.328283894062547574e+02 3.690563431426735129e+06
2.702709306959254221e+01 1.353233264769427819e+02 2.111055669323698680e+01 1.335088887780021878e+02 3.718653457345338538e+06
2.710563296859707094e+01 1.355595767761797106e+02 2.128655954612220924e+01 1.342702764988871422e+02 3.722741212664862629e+06
2.718417286712393377e+01 1.362017292519009288e+02 2.129155661165208713e+01 1.349924004328315732e+02 3.757508273719693534e+06
2.726271276517725894e+01 1.365020467003922136e+02 2.145205536742624375e+01 1.353516191953208647e+02 3.758972908944235649e+06
2.734125266276112498e+01 1.374369986464348870e+02 2.133985206576667792e+01 1.365097072169911030e+02 3.784824669036728330e+06
2.741979255987956776e+01 1.389902213154732067e+02 2.158658276622535155e+01 1.381015287402149170e+02 3.828506278979852330e+06
2.749833245653658054e+01 1.383205492865037911e+02 2.163738128879026945e+01 1.374215349322672068e+02 3.831819579490673263e+06
2.757687235273609616e+01 1.392614681098772564e+02 2.173756912338198433e+01 1.389144258534027472e+02 3.860634124032222666e+06
2.765541224848202262e+01 1.402360072202541801e+02 2.172741276922208797e+01 1.399855785258083074e+02 3.876612303208275698e+06
2.773395214377820395e+01 1.397897527291506208e+02 2.186886301632092255e+01 1.398262713212153585e+02 3.894865982919405214e+06
2.781249203862845576e+01 1.413703243516324335e+02 2.196064413195773923e+01 1.411412888421054674e+02 3.916076385474082083e+06
2.789103193303654038e+01 1.417268172331507685e+02 2.194475583906645966e+01 1.415320811700350703e+02 3.932081395475919824e+06
2.796957182700618816e+01 1.429124095597853170e+02 2.203269969474025203e+01 1.432268411175194558e+02 3.979004840112913400e+06
2.804811172054107615e+01 1.434460014596116935e+02 2.210553923993025904e+01 1.435887660097036758e+02 4.000333597903321031e+06
2.812665161364485655e+01 1.429148542770422807e+02 2.206188473762508551e+01 1.435160592254288758e+02 4.009975499215546064e+06
2.820519150632112115e+01 1.442512511326941933e+02 2.220073173147609324e+01 1.453123628119718944e+02 4.045578195774056483e+06
2.828373139857343332e+01 1.441402569849615816e+02 2.217080110512318925e+01 1.446907656356282814e+02 4.062739327802510932e+06
2.836227129040531736e+01 1.453644930272739373e+02 2.240971921312059578e+01 1.466978198481355662e+02 4.085996289593942463e+06
2.844081118182025847e+01 1.453128774755469124e+02 2.239269089291532921e+01 1.465357686951364542e+02 4.096227496533303056e+06
2.851935107282169923e+01 1.459793189474916346e+02 2.231773628514352481e+01 1.479764500297063137e+02 4.112065252001869027e+06
2.859789096341304315e+01 1.456134374788828723e+02 2.234304333301449574e+01 1.479711893798518929e+02 4.151100664833941031e+06
2.867643085359765820e+01 1.458271595045241042e+02 2.228686803393600258e+01 1.478406741122938683e+02 4.163851317529223859e+06
2.875497074337888392e+01 1.463847799217604688e+02 2.243868177545521903e+01 1.483225815299772137e+02 4.178193129303934053e+06
2.883351063276001369e+01 1.476514460774527606e+02 2.251249730594851073e+01 1.504635509198947432e+02 4.216752639225461520e+06
2.891205052174430890e+01 1.474916422009884229e+02 2.246955557446153762e+01 1.504902240863018790e+02 4.207672036900837906e+06
2.899059041033499184e+01 1.488289746454612441e+02 2.272539371741432390e+01 1.514388070229512948e+02 4.234192865656062961e+06
2.906913029853525643e+01 1.487835946509004827e+02 2.261907971872243550e+01 1.517359402693757886e+02 4.256356871785392985e+06
2.914767018634825746e+01 1.495696754914244195e+02 2.282819745512455967e+01 1.531088325476482339e+02 4.299075035143748857e+06
2.922621007377712132e+01 1.500279276515787217e+02 2.279232664785714491e+01 1.533498708366168444e+02 4.276586385233583860e+06
2.930474996082492822e+01 1.504939196588063055e+02 2.293852439179101665e+01 1.544178681195664922e+02 4.310176294304464944e+06
2.938328984749474060e+01 1.502841470591904454e+02 2.304398814322268052e+01 1.539756499750119758e+02 4.316962079453570768e+06
2.946182973378957826e+01 1.515169238083919936e+02 2.308392850595081569e+01 1.551255138170380974e+02 4.354920075932578184e+06
2.954036961971243258e+01 1.525840289135218768e+02 2.307953979124425103e+01 1.567982501438420115e+02 4.415751007740563713e+06
2.961890950526625943e+01 1.525730549809483705e+02 2.311075354508261626e+01 1.568523396320638881e+02 4.436926012929681689e+06
2.969744939045398979e+01 1.541620267957576687e+02 2.314195906977310102e+01 1.585215478002008638e+02 4.459211380460738204e+06
2.977598927527852268e+01 1.536971980227113761e+02 2.313630940213970533e+01 1.576682672320746406e+02 4.470683615878351033e+06
2.985452915974272159e+01 1.563923510523192988e+02 2.328992621797104690e+01 1.609775652734610958e+02 4.547757360060022213e+06
2.993306904384942868e+01 1.565187795809979718e+02 2.332594054430799702e+01 1.608969128495613177e+02 4.538035595157315023e+06
3.001160892760143994e+01 1.564080465352919589e+02 2.356461850289655047e+01 1.618818239936363170e+02 4.544358963460030034e+06
3.009014881100154071e+01 1.591265501521338308e+02 2.365934372432069566e+01 1.638207087779563551e+02 4.601662474523879588e+06
3.016868869405248077e+01 1.592154597863835193e+02 2.390498373011778455e+01 1.652144106917730539e+02 4.647410758008326404e+06
3.024722857675697441e+01 1.591347706576930818e+02 2.402325302243694338e+01 1.648843675827008326e+02 4.657168393732775003e+06
3.032576845911771457e+01 1.606386451177330912e+02 2.403232084422268855e+01 1.663816784334180454e+02 4.696857602047207765e+06
3.040430834113736580e+01 1.605058126970993726e+02 2.411790215802975013e+01 1.670740510460145742e+02 4.745165507810224779e+06
3.048284822281856421e+01 1.614288125862017580e+02 2.419014600816672100e+01 1.673544285559709408e+02 4.712321418494414538e+06
3.056138810416392460e+01 1.621206512639303980e+02 2.431186884692585437e+01 1.686534942235409744e+02 4.764425514882481657e+06
3.063992798517602267e+01 1.639293811114596906e+02 2.458374692752959589e+01 1.708896963300237815e+02 4.807382858592729084e+06
3.071846786585741640e+01 1.636514766509193919e+02 2.446094959829427751e+01 1.709286444846752602e+02 4.810315217279084027e+06
3.079700774621063886e+01 1.650096961765937351e+02 2.477924737038634362e+01 1.722997716616560808e+02 4.868254293698841706e+06
3.087554762623818760e+01 1.650378349387302706e+02 2.491408965189524949e+01 1.709670299357482293e+02 4.867192490452316590e+06
3.095408750594254599e+01 1.663458496529095498e+02 2.483629865193561059e+01 1.740459356046975756e+02 4.953824865133356303e+06
3.103262738532617249e+01 1.684799404226687614e+02 2.493067793823501788e+01 1.750677774959286808e+02 4.963592676095652394e+06
3.111116726439149005e+01 1.675575816223220897e+02 2.494655040180703054e+01 1.752077723444644448e+02 4.976161144107728265e+06
3.118970714314090387e+01 1.692833963523162026e+02 2.503549545123035003e+01 1.770924306638538326e+02 5.036644200812747702e+06
3.126824702157679781e+01 1.706289461489852215e+02 2.515871752399424111e+01 1.791790919636783599e+02 5.043887835750135593e+06
3.134678689970152377e+01 1.708619008156343284e+02 2.543992006460336697e+01 1.790165681529493327e+02 5.074032664959637448e+06
3.142532677751741588e+01 1.699674239344523130e+02 2.543813057368126707e+01 1.783986473105650248e+02 5.124690534658975899e+06
3.150386665502678696e+01 1.705047450857443323e+02 2.580614986419967138e+01 1.794539829821141552e+02 5.072812941103070974e+06
3.158240653223192140e+01 1.730454603631925181e+02 2.592691798578613316e+01 1.809545639840070805e+02 5.160031476721215993e+06
3.166094640913508229e+01 1.771923889349047840e+02 2.576807539526770441e+01 1.867188773242131958e+02 5.190217444209193811e+06
3.173948628573851494e+01 1.753610126439226633e+02 2.602296829068315986e+01 1.839785651578782790e+02 5.155896736754227430e+06
3.181802616204443623e+01 1.758992886871736516e+02 2.616993970700123739e+01 1.853403563613896097e+02 5.245833460557264276e+06
3.189656603805504531e+01 1.769190662334271451e+02 2.636100516895881896e+01 1.860735939538434423e+02 5.278764255152157508e+06
3.197510591377251998e+01 1.778081679961567829e+02 2.663070612471899778e+01 1.871252059746058194e+02 5.287761553036564030e+06
3.205364578919900964e+01 1.765080163393336932e+02 2.628921111028337165e+01 1.865900774354055613e+02 5.288845631456186995e+06
3.213218566433665302e+01 1.791118560761923106e+02 2.650562861785278201e+01 1.887605616677601859e+02 5.427635191512351856e+06
3.221072553918755688e+01 1.800609294704085528e+02 2.736120630890538763e+01 1.909240662613710811e+02 5.370754959921481088e+06
3.228926541375382442e+01 1.771028095521899388e+02 2.700359437424922149e+01 1.877220141542936460e+02 5.467509306828861125e+06
3.236780528803751622e+01 1.779265132806424958e+02 2.717632736163214702e+01 1.895403722786737148e+02 5.381820129689916037e+06
3.244634516204068575e+01 1.795954908055282147e+02 2.819158708039748973e+01 1.911834176641028762e+02 5.423483599166296422e+06
3.252488503576537227e+01 1.822128576930489601e+02 2.740543917686097686e+01 1.934531814532530518e+02 5.490666652575005777e+06
3.260342490921358660e+01 1.828265516693064399e+02 2.757455029605598185e+01 1.937241215476233265e+02 5.592497628734210506e+06
3.268196478238731828e+01 1.902332756751151237e+02 2.776840586131138267e+01 2.017809360849565223e+02 5.667847375926169567e+06
3.276050465528854261e+01 1.891130584649925765e+02 2.743067539441813807e+01 1.995327535812080839e+02 5.633538784221304581e+06
3.283904452791921358e+01 1.918846729109997966e+02 2.782349629581421979e+01 2.011539862227740798e+02 5.720590184308011085e+06
3.291758440028127097e+01 1.925599671715464467e+02 2.828809557338752256e+01 2.042154628803007768e+02 5.738373661540148780e+06
3.299612427237663326e+01 1.890341963000476824e+02 2.777614625042681951e+01 2.009979158104852388e+02 5.694649322458251379e+06
3.307466414420719758e+01 1.957293679381713503e+02 2.837272857262220427e+01 2.046935822278386468e+02 5.771645705076224171e+06
3.315320401577483977e+01 1.953340330840174772e+02 2.846482639480742449e+01 2.095426630048123400e+02 5.813759133638899773e+06
3.323174388708143567e+01 1.946340352999545757e+02 2.815197632153698848e+01 2.054087259071847029e+02 5.766609478876191191e+06
3.331028375812883269e+01 1.933514994456688498e+02 2.893099793146245347e+01 2.048580439891287313e+02 5.730051321875503287e+06
3.338882362891884981e+01 1.983516462808809138e+02 2.959637621654514561e+01 2.105996057342414360e+02 5.808042071391608566e+06
3.346736349945329891e+01 2.016510192076803492e+02 2.856369049428827367e+01 2.150824236834226895e+02 5.866960215737401508e+06
3.354590336973399189e+01 2.041196601177246919e+02 2.959758753141096221e+01 2.171326281150601858e+02 6.115811718105828390e+06
3.362444323976268379e+01 2.006689885717645723e+02 3.015872394188003724e+01 2.161416353401794765e+02 6.121841126808131114e+06
3.370298310954115806e+01 2.005237640106430490e+02 2.982559769176939923e+01 2.125188537887908069e+02 6.008795800174464472e+06
3.378152297907114132e+01 2.020544084236849471e+02 2.998696686969600833e+01 2.161639369174663159e+02 6.145156994116891176e+06
3.386006284835436730e+01 2.074786282453027297e+02 2.975978173009434258e+01 2.247349256344763262e+02 6.356874816390359774e+06
3.393860271739255552e+01 2.103056085102545296e+02 3.019170473090890638e+01 2.214758085128299001e+02 6.172056951264529489e+06
3.401714258618739706e+01 2.162871202740375054e+02 3.022796785927421581e+01 2.325106822863978380e+02 6.639408086493297480e+06
3.409568245474058301e+01 2.118438178713911668e+02 3.057813458290128850e+01 2.264226775205211766e+02 6.383058590115007013e+06
3.417422232305376895e+01 2.112108841139442461e+02 3.144249186277402686e+01 2.265237484035763487e+02 6.567654945621436462e+06
3.425276219112861043e+01 2.184875607684538181e+02 3.231788271087686581e+01 2.321019910724704403e+02 6.334948935928300954e+06
3.433130205896674880e+01 1.999224478718766136e+02 3.391500321487961855e+01 2.130166055524312867e+02 5.616091888184512965e+06
3.440984192656979701e+01 2.123894390671419501e+02 3.305704160790492807e+01 2.269170577767038708e+02 6.656015912701851688e+06
3.448838179393936088e+01 2.114453248761552970e+02 3.182405202150921752e+01 2.280062783383534963e+02 6.846231278453924693e+06
3.456692166107702491e+01 2.575909399618562361e+02 2.652578505742093640e+01 2.718002960893232398e+02 7.577995457524404861e+06
3.464546152798438072e+01 1.980542181693469104e+02 2.171134151440737270e+01 2.084221791987115751e+02 6.317466964536928572e+06
3.472400139466299152e+01 1.854472766633604408e+02 3.454392267601527777e+01 1.625072748570957515e+02 5.736554139229394495e+06
