# 0.355 0.3786
7.871241428633635184e-02 1.847740396053010103e+00 2.106521458112295964e+00 1.298637374306337196e-02 2.715609772808244998e+03
1.618072713909662341e-01 3.787102287863965966e+00 4.714955554629296941e+00 6.811328331626446964e-02 1.091622507529930590e+04
2.418771330418761079e-01 3.982066145677975122e+00 4.961761339145845717e+00 9.008512464827581057e-02 1.506519271870814737e+04
3.211923215201240578e-01 5.201727037544389809e+00 6.812430914262392889e+00 1.952074102246602605e-01 2.891760666176003724e+04
4.002017901256537113e-01 6.057257950872565466e+00 8.289074441861137288e+00 2.918970418446502624e-01 4.138233104831106903e+04
4.790568272527075955e-01 6.286430050515110501e+00 8.250769699987086980e+00 3.017965147841504825e-01 4.041935261239050305e+04
5.578229290343351687e-01 7.607446481181518116e+00 1.020076514031977766e+01 4.481339493661814499e-01 6.007005949390582100e+04
6.365331115321660738e-01 9.477049151295833695e+00 1.238425163685590746e+01 5.151348054598743342e-01 6.419262480456676712e+04
7.152058371535838788e-01 1.152466544917117908e+01 1.435809022955730185e+01 5.946918340516138546e-01 7.450711331627528125e+04
7.938522421846891941e-01 1.175096506748270642e+01 1.432317122159245137e+01 6.616123296305508328e-01 7.583412714430830965e+04
8.724794443688169698e-01 1.402506849307300563e+01 1.645307530496913273e+01 7.564670794464785075e-01 8.438907525081824861e+04
9.510922062407737299e-01 1.701781027014531844e+01 1.971095621975799617e+01 8.514048862132469475e-01 9.284295477492586360e+04
1.029693835175838679e+00 1.761118328035209757e+01 2.009546869299661509e+01 9.345524237524469591e-01 9.622484986742744513e+04
1.108286699878543891e+00 2.016619399904140408e+01 2.249099087524400176e+01 1.040654565286107447e+00 1.025815434894561768e+05
1.186872541411916560e+00 2.190709873145240039e+01 2.399969764755177692e+01 1.095274261097664681e+00 1.080440854604863562e+05
1.265452668213572940e+00 2.349947392302932769e+01 2.494267842031248250e+01 1.158007354742716322e+00 1.134052263950806373e+05
1.344028082638708543e+00 2.491966743265010109e+01 2.637208059176551345e+01 1.310724359067902745e+00 1.227962733077070880e+05
1.422599565533279709e+00 2.563458696938367254e+01 2.659665828666307164e+01 1.365678191550231846e+00 1.244697812304784020e+05
1.501167734229200246e+00 2.794926476730093157e+01 2.858145348745844316e+01 1.521023568428078843e+00 1.312018841877690284e+05
1.579733083222462531e+00 2.871506149970552713e+01 2.878786034536725680e+01 1.653843893201013993e+00 1.426288272938512673e+05
1.658296013281593151e+00 2.937760898872839377e+01 2.922324803701133433e+01 1.712586125945615878e+00 1.434045218984241365e+05
1.736856852652245875e+00 3.045781054466475624e+01 2.974614374751741863e+01 1.859887619740157927e+00 1.475461126213200041e+05
1.815415872753641580e+00 3.051650555273395682e+01 2.943251921696814222e+01 1.889015455879429872e+00 1.512637492102379911e+05
1.893973299967037560e+00 3.199448003536040375e+01 3.050836330838574995e+01 2.065682462544851550e+00 1.605446791944956931e+05
1.972529324606241641e+00 3.112046967483993498e+01 2.919642671040242377e+01 2.183684880113678339e+00 1.666141973130228580e+05
2.051084107826015579e+00 3.200791507411788217e+01 3.002910397621944583e+01 2.288898086279552491e+00 1.724020703298570006e+05
2.129637787001040561e+00 3.210241041920412641e+01 2.934764739782393050e+01 2.519004364464330514e+00 1.838624875194456545e+05
2.208190479956450680e+00 3.220765100920364432e+01 2.925883558681164232e+01 2.626386048410237706e+00 1.868879999891462503e+05
2.286742288326184092e+00 3.247202342782713913e+01 2.945282746328956591e+01 2.642315215493918679e+00 1.879847193866622110e+05
2.365293300241981811e+00 3.256536024740407953e+01 2.961179955031646926e+01 2.725173168233644638e+00 1.867680270160060027e+05
2.443843592503681883e+00 3.301418013447242572e+01 2.929659314561344985e+01 2.893097452924720869e+00 1.962857687743100105e+05
2.522393232343909553e+00 3.316201952990361690e+01 2.901555988029822686e+01 3.081925325523433568e+00 2.051823218854998413e+05
2.600942278872942381e+00 3.349575783842163190e+01 2.906945205995234360e+01 3.301950062226832738e+00 2.154768840747228242e+05
2.679490784269383141e+00 3.410770444804910539e+01 2.958094388524799356e+01 3.368489421386135163e+00 2.163755979511171463e+05
2.758038794767343038e+00 3.480557049417978988e+01 2.984199468088092644e+01 3.547612685334454508e+00 2.247050242888706562e+05
2.836586351479573942e+00 3.452525354916681266e+01 2.910095019365195412e+01 3.813256885922370110e+00 2.344564867482910631e+05
2.915133491087511963e+00 3.484799111796223059e+01 2.968385630016507903e+01 3.844360773912820495e+00 2.325807833170715021e+05
2.993680246422668834e+00 3.519517197319705559e+01 3.001873724264407528e+01 4.004139605433971738e+00 2.356937122785762767e+05
3.072226646958827967e+00 3.550958055817520176e+01 2.966614311004954985e+01 4.262360635749180560e+00 2.482608395394530671e+05
3.150772719230606977e+00 3.653987124215363025e+01 3.037077964581127887e+01 4.391752999790446310e+00 2.513469867094134970e+05
3.229318487190934395e+00 3.624809257290098685e+01 3.018113107057196842e+01 4.426527759229218262e+00 2.512603665454610600e+05
3.307863972517584905e+00 3.679758641023860832e+01 3.052078417550360356e+01 4.590460549245464428e+00 2.569553271732384455e+05
3.386409194877053608e+00 3.722957868493861611e+01 3.066403216525004538e+01 4.806867581960626801e+00 2.656860561831428204e+05
3.464954172152534095e+00 3.785860164360905600e+01 3.117108194748397665e+01 5.011796927074196439e+00 2.725822393692500773e+05
3.543498920641575456e+00 3.787721844498371837e+01 3.084793340031083275e+01 5.211858551238848669e+00 2.789892824815847562e+05
3.622043455228019404e+00 3.856951681032844448e+01 3.122542311906070012e+01 5.349280454535456641e+00 2.850820158592038206e+05
3.700587789532037597e+00 3.857500739142282242e+01 3.106264117624779075e+01 5.574855934201467633e+00 2.904243062423967058e+05
3.779131936041457696e+00 3.904781307115697331e+01 3.134414280717015799e+01 5.738810064736182603e+00 2.920742985034328885e+05
3.857675906227046259e+00 3.951813412120193192e+01 3.175407015758745288e+01 5.834832894995169106e+00 2.954007079741986236e+05
3.936219710643986680e+00 3.955429686619872598e+01 3.151563583884443887e+01 6.043094638554716624e+00 3.072289353593986598e+05
4.014763359021444877e+00 4.002610627281837452e+01 3.146088228265976383e+01 6.270851382050565803e+00 3.079061008628992131e+05
4.093306860341824560e+00 4.008804035390800635e+01 3.138984484327071911e+01 6.484332444951590446e+00 3.179894510701749823e+05
4.171850222911064776e+00 3.994901018645824564e+01 3.125723773094494362e+01 6.638852872948532102e+00 3.197976345280450769e+05
4.250393454421145911e+00 4.044926938022266683e+01 3.179314274574856825e+01 6.772718058070484659e+00 3.211224156405499089e+05
4.328936562005788247e+00 4.173076836899506503e+01 3.221116192750124441e+01 7.031520413158262706e+00 3.320213263663770049e+05
4.407479552290201497e+00 4.138369586636469677e+01 3.192605835319742980e+01 7.263313260281879735e+00 3.370406352705596946e+05
4.486022431435594982e+00 4.169849348342965101e+01 3.221891041254182397e+01 7.396326135668173762e+00 3.374240396424004575e+05
4.564565205179107465e+00 4.239688418990511565e+01 3.241194094199803288e+01 7.654490757570969528e+00 3.486342438416262739e+05
4.643107878869670024e+00 4.255723607910962869e+01 3.264622867783739224e+01 7.827224547234487240e+00 3.516172724952878198e+05
4.721650457500300213e+00 4.301364622708990026e+01 3.242942912688562984e+01 7.961451972124834242e+00 3.583423597797094262e+05
4.800192945737217443e+00 4.353135084772838326e+01 3.276329884922981250e+01 8.253847077834342016e+00 3.639832752808543737e+05
4.878735347946150824e+00 4.354549051903151025e+01 3.268329437649555302e+01 8.473634644434181240e+00 3.648671249712962890e+05
4.957277668216146793e+00 4.355814213226258147e+01 3.270234687734942014e+01 8.681488169943728295e+00 3.722963840143638081e+05
5.035819910381144737e+00 4.456775076701482163e+01 3.328182999623506078e+01 8.865597407414940179e+00 3.784444294770229608e+05
5.114362078039562221e+00 4.470169119639795241e+01 3.302698678262157728e+01 9.105808524472820409e+00 3.861778512552089524e+05
5.192904174572115394e+00 4.486134266236489765e+01 3.310281403942661171e+01 9.330791855368891774e+00 3.879008524153619073e+05
5.271446203158030919e+00 4.559990633811744232e+01 3.338142279120377509e+01 9.492902006571444673e+00 3.945555897922556615e+05
5.349988166789838573e+00 4.635531425540936112e+01 3.387189234652015557e+01 9.771873774606536500e+00 4.021073071850598790e+05
5.428530068286878674e+00 4.643398943125415457e+01 3.377278188940380943e+01 9.980298133018052908e+00 4.071899374691543053e+05
5.507071910307648643e+00 4.654698943802253552e+01 3.366163731455795727e+01 1.019865880939049951e+01 4.106250165350881289e+05
5.585613695361120179e+00 4.691368355024957282e+01 3.383570762857993230e+01 1.053440982526852743e+01 4.176320874115098268e+05
5.664155425817094525e+00 4.760635667331638388e+01 3.401084550466227086e+01 1.080606218323296730e+01 4.284732199438781827e+05
5.742697103915729961e+00 4.789411762019574326e+01 3.420799641517881895e+01 1.093908178554882760e+01 4.281734991663304972e+05
5.821238731776284148e+00 4.829614976431767559e+01 3.433648859344832971e+01 1.121918905353927798e+01 4.366499668679991155e+05
5.899780311405160127e+00 4.861531944784202608e+01 3.441380695517045041e+01 1.143676850969491454e+01 4.385924195590386516e+05
5.978321844703323507e+00 4.892203454327994905e+01 3.444209103877366118e+01 1.163208971447713047e+01 4.427704343818252673e+05
6.056863333473133437e+00 4.910336506774146415e+01 3.441228492295315533e+01 1.184311751982984262e+01 4.471741534454523935e+05
6.135404779424661115e+00 4.992450246230448130e+01 3.481545588799270519e+01 1.212472416637386097e+01 4.572628396944891429e+05
6.213946184181517118e+00 4.992910925911202469e+01 3.485341481646378270e+01 1.242229198637467746e+01 4.627917812652291032e+05
6.292487549286247983e+00 5.068810022833465467e+01 3.495081977562210795e+01 1.256650323489599863e+01 4.657455706296291901e+05
6.371028876205335756e+00 5.080473926563544040e+01 3.512922557316492345e+01 1.290279007070890671e+01 4.738112666788140777e+05
6.449570166333828070e+00 5.130749022820893401e+01 3.513029657120084437e+01 1.319696773157741987e+01 4.823472799543008441e+05
6.528111420999634262e+00 5.146166690873869243e+01 3.501467264466523943e+01 1.333843214768381991e+01 4.845128700537368422e+05
6.606652641467518627e+00 5.196885291586077216e+01 3.528140342157426090e+01 1.361840738659090988e+01 4.912100817880067043e+05
6.685193828942805006e+00 5.258498177220159420e+01 3.547072610457240671e+01 1.406215419478182227e+01 4.970156112118102610e+05
6.763734984574836240e+00 5.250449334740929430e+01 3.539507872706666092e+01 1.407123427046541231e+01 5.005288787841810845e+05
6.842276109460177835e+00 5.268993209680348144e+01 3.544198681340667179e+01 1.447337318119291005e+01 5.039687091242776369e+05
6.920817204645620890e+00 5.298953052454670853e+01 3.557190844264739127e+01 1.458766861177218210e+01 5.046826595023161499e+05
6.999358271130968312e+00 5.349593353901534698e+01 3.560191483527612633e+01 1.487856464792485056e+01 5.173185653696788941e+05
7.077899309871646949e+00 5.423108527228428954e+01 3.576254276426122658e+01 1.528766412956537835e+01 5.258791519692975562e+05
7.156440321781138536e+00 5.440035898324020991e+01 3.576029485830368060e+01 1.542988435940526948e+01 5.245595853028341662e+05
7.234981307733260536e+00 5.500732615329098252e+01 3.618916261919481769e+01 1.574786807260314525e+01 5.338480766902810428e+05
7.313522268564292439e+00 5.521774357646047093e+01 3.600100423176342446e+01 1.592762850317971690e+01 5.352948457915841136e+05
7.392063205074973276e+00 5.535234009992345960e+01 3.601893713672182429e+01 1.637053878524297801e+01 5.445299335637525655e+05
7.470604118032365015e+00 5.617742739898076820e+01 3.631040546186661544e+01 1.649281423751841302e+01 5.490590331944739446e+05
7.549145008171610272e+00 5.600025278432230635e+01 3.627806258957697594e+01 1.671300660259415594e+01 5.501394642565958202e+05
7.627685876197570103e+00 5.633823041492383510e+01 3.611323780424351781e+01 1.710430686795160327e+01 5.558213398056144360e+05
7.706226722786373884e+00 5.739041678108152666e+01 3.662264197861663462e+01 1.740034203416434977e+01 5.687696245390682016e+05
7.784767548586863484e+00 5.737857816967826352e+01 3.662264334769452745e+01 1.776701759043955064e+01 5.726240914931375301e+05
7.863308354221953955e+00 5.755915857133049229e+01 3.658671881771643086e+01 1.780491214073011363e+01 5.722930630699542817e+05
7.941849140289923170e+00 5.798081096050413663e+01 3.668073650406194730e+01 1.815715442650404654e+01 5.784200001036549220e+05
8.020389907365611748e+00 5.886129984970223461e+01 3.688613357372438628e+01 1.862704913421701747e+01 5.899695060058897361e+05
8.098930656001561701e+00 5.830073562559666556e+01 3.651460789293457054e+01 1.880102800332832658e+01 5.936675137745076790e+05
8.177471386729090241e+00 5.867043468368618875e+01 3.659331266120271664e+01 1.898001443520913156e+01 5.957662130911505083e+05
8.256012100059292536e+00 5.922385463706085318e+01 3.686027669067420476e+01 1.943560795126533236e+01 6.032828007598918630e+05
8.334552796484000936e+00 5.941057060896882547e+01 3.676986901008991993e+01 1.955123953329546893e+01 6.037767363769573858e+05
8.413093476476680266e+00 5.985738047897919500e+01 3.688571155791812828e+01 1.992598783534604934e+01 6.156990564713106724e+05
8.491634140493276917e+00 5.995265733619231696e+01 3.692917970483762957e+01 2.009282793937673262e+01 6.163973024089640239e+05
8.570174788973028868e+00 6.095132858168935996e+01 3.721530758222183266e+01 2.053605465135161978e+01 6.234845270477531012e+05
8.648715422339215309e+00 6.129613249565500865e+01 3.702263619240127923e+01 2.089657242649785474e+01 6.328061382483436028e+05
8.727256040999876063e+00 6.117005567208226324e+01 3.709741159342818406e+01 2.112668544916684255e+01 6.333027737671181094e+05
8.805796645348495488e+00 6.173175796719112896e+01 3.720990318488603776e+01 2.141770628306671753e+01 6.404256990945334546e+05
8.884337235764643737e+00 6.214039016629579493e+01 3.744618488198809558e+01 2.176408597512918064e+01 6.464992333320523612e+05
8.962877812614589601e+00 6.241660191363404664e+01 3.754491433304423254e+01 2.194632793626020373e+01 6.477486319150152849e+05
9.041418376251867173e+00 6.276968228810793704e+01 3.738255787877090341e+01 2.244687104356037821e+01 6.588578285633624764e+05
9.119958927017840722e+00 6.291352759633929281e+01 3.735038660477506767e+01 2.265221984930305155e+01 6.592603192106394563e+05
9.198499465242209183e+00 6.352745454827022797e+01 3.761918270845601597e+01 2.291925089143705563e+01 6.689595599047612632e+05
9.277039991243508865e+00 6.371174094587917835e+01 3.763232351094306694e+01 2.320816679669564309e+01 6.703555021976445569e+05
9.355580505329580632e+00 6.451294985235290369e+01 3.779172174862769396e+01 2.360277000844312312e+01 6.788461388631399022e+05
9.434121007798012215e+00 6.407184219914735479e+01 3.737906344977280071e+01 2.374961787609498742e+01 6.795781124430131167e+05
9.512661498936562765e+00 6.462406536841123739e+01 3.764249275432230490e+01 2.421114141741161063e+01 6.869280781882200390e+05
9.591201979023569635e+00 6.506847625801701440e+01 3.782877241829321946e+01 2.442407002827154017e+01 6.927543463351320243e+05
9.669742448328321416e+00 6.539062164021419221e+01 3.776569972003222375e+01 2.481265289741228841e+01 6.984193400868709432e+05
9.748282907111432749e+00 6.564450372229137542e+01 3.801305828038196921e+01 2.506387485270532167e+01 7.037756904876724584e+05
9.826823355625185386e+00 6.579546461238381028e+01 3.759083248288192181e+01 2.537131389000531811e+01 7.078173076593574369e+05
9.905363794113858589e+00 6.639609027242198636e+01 3.787800799388202222e+01 2.575163415776534137e+01 7.159786349293972598e+05
9.983904222814045326e+00 6.664416044552926621e+01 3.791542549695316211e+01 2.613598913966677628e+01 7.233040790015404345e+05
1.006244464195495070e+01 6.680367766769758475e+01 3.784943055885229768e+01 2.643075253278649583e+01 7.249595804041901138e+05
1.014098505175868148e+01 6.702629219248038339e+01 3.791384745386387323e+01 2.660587509803601591e+01 7.319367458279536804e+05
1.021952545244051613e+01 6.763843319043431279e+01 3.815434933796558425e+01 2.701995912219300067e+01 7.369442877393292729e+05
1.029806584420916415e+01 6.773968496929178684e+01 3.784716011433039284e+01 2.729459614140612800e+01 7.420337844924291130e+05
1.037660622726701654e+01 6.795862698815895442e+01 3.788362252929276508e+01 2.759137325746896607e+01 7.472700062266138848e+05
1.045514660181038380e+01 6.811453858973260367e+01 3.793844094797381672e+01 2.781353719451580631e+01 7.522071015324376058e+05
1.053368696802971982e+01 6.870549397097346400e+01 3.824481027685789059e+01 2.823972757350242446e+01 7.522393955411409261e+05
1.061222732610984210e+01 6.921739126669736208e+01 3.799899698727497821e+01 2.882357947927022224e+01 7.702387955742657650e+05
1.069076767623013779e+01 6.950136428369363273e+01 3.822585287447550684e+01 2.895653991990158005e+01 7.706838550828096922e+05
1.076930801856475739e+01 6.945034765617499772e+01 3.803640143994529410e+01 2.913485000787904511e+01 7.754117651438615285e+05
1.084784835328281005e+01 6.990711747373596552e+01 3.817866336730096322e+01 2.959100775567524266e+01 7.797882692748180125e+05
1.092638868054854306e+01 7.013223320490178025e+01 3.805926268530251377e+01 3.003826796471705052e+01 7.860768981474214233e+05
1.100492900052151413e+01 7.009631080965753824e+01 3.804585410065649143e+01 3.017075257564932045e+01 7.908394368236802984e+05
1.108346931335675833e+01 7.096937497585469146e+01 3.825073809084222631e+01 3.054094885693707084e+01 7.978017830614673439e+05
1.116200961920494805e+01 7.119675329016095588e+01 3.821333451757005406e+01 3.101543383928129671e+01 8.034488453349295305e+05
1.124054991821254212e+01 7.128934915283460327e+01 3.822420594741544164e+01 3.121903513432116029e+01 8.080370226449363399e+05
1.131909021052193687e+01 7.187753891732798195e+01 3.831667367049946904e+01 3.164439191815479546e+01 8.155138297342407750e+05
1.139763049627160285e+01 7.192290594606544119e+01 3.821020490757713617e+01 3.197967112648337462e+01 8.188139981194144348e+05
1.147617077559622167e+01 7.228587713096962375e+01 3.825636612069737907e+01 3.231975756040323944e+01 8.287353687924813712e+05
1.155471104862680853e+01 7.298972352050023460e+01 3.838357301181405745e+01 3.276078515043285222e+01 8.340568832225189544e+05
1.163325131549084368e+01 7.268030010275396080e+01 3.810831372672959105e+01 3.313364817000370266e+01 8.361192526403728407e+05
1.171179157631238787e+01 7.300707948119162438e+01 3.819920288840878442e+01 3.337690851278807713e+01 8.427374309326704824e+05
1.179033183121219608e+01 7.362970996166403381e+01 3.840741819465266360e+01 3.358586106778890468e+01 8.483309531324512791e+05
1.186887208030782759e+01 7.360305638810591233e+01 3.837754649287174402e+01 3.388296703091349116e+01 8.497915221939000767e+05
1.194741232371374728e+01 7.357495215738396155e+01 3.818534319662072818e+01 3.445359558459374938e+01 8.587684227365539409e+05
1.202595256154143222e+01 7.419991359422927246e+01 3.830928032852432352e+01 3.475617283334324270e+01 8.633015170109594474e+05
1.210449279389946753e+01 7.469581049002199791e+01 3.829160430462128772e+01 3.516591756053009732e+01 8.714121015419939067e+05
1.218303302089363527e+01 7.469444994678863736e+01 3.822984724483797692e+01 3.531425089837050280e+01 8.753644317395390244e+05
1.226157324262700676e+01 7.538062982322749406e+01 3.844452856568225485e+01 3.587354393329822244e+01 8.840271669894360239e+05
1.234011345920003322e+01 7.522111346281606359e+01 3.836604497457325635e+01 3.614174595660417566e+01 8.854924988159398781e+05
1.241865367071062565e+01 7.557162578003374165e+01 3.824040463399209244e+01 3.648153532167802382e+01 8.902710765460989205e+05
1.249719387725422415e+01 7.626011791906890380e+01 3.847737110620908396e+01 3.687815863106949621e+01 8.991916620165177155e+05
1.257573407892389383e+01 7.613283882403514724e+01 3.824475161402420298e+01 3.715445531943301205e+01 9.063204318395956652e+05
1.265427427581038877e+01 7.640162854008286786e+01 3.830366471485465496e+01 3.736039985236065064e+01 9.058876929196460405e+05
1.273281446800221772e+01 7.664013412876805376e+01 3.807431890541669617e+01 3.805445026641164219e+01 9.158594373000327032e+05
1.281135465558572584e+01 7.719330203765686349e+01 3.836236614636047193e+01 3.841827285317528151e+01 9.259629519611761207e+05
1.288989483864514796e+01 7.718754287161095817e+01 3.831984752543083061e+01 3.864689742344977930e+01 9.255516116899059853e+05
1.296843501726268322e+01 7.727978912852407234e+01 3.819871638958626647e+01 3.891192144048184076e+01 9.323491750631751493e+05
1.304697519151855190e+01 7.742770399215871180e+01 3.817172628363383780e+01 3.920366816597917392e+01 9.354549505187139148e+05
1.312551536149104692e+01 7.811639740110896923e+01 3.806935212139645586e+01 3.996315394275990940e+01 9.496496358095640317e+05
1.320405552725660492e+01 7.846314290800846436e+01 3.823608746769373568e+01 4.010193516771605005e+01 9.548252244661975419e+05
1.328259568888985243e+01 7.888080552637022436e+01 3.824638063405613053e+01 4.080657491494635281e+01 9.606436950524755521e+05
1.336113584646366270e+01 7.919413910811307744e+01 3.822846869878863174e+01 4.087766359100985625e+01 9.634378626638352871e+05
1.343967600004920548e+01 7.914480660868458983e+01 3.823467114555824509e+01 4.117454580818471754e+01 9.705505190349539043e+05
1.351821614971599317e+01 7.972106581300934636e+01 3.823796747776675886e+01 4.169884326516486084e+01 9.794629016306819394e+05
1.359675629553193588e+01 7.957820326341955308e+01 3.819010930340276389e+01 4.199756657365868051e+01 9.803002464595824713e+05
1.367529643756338231e+01 7.989695365041680475e+01 3.829917455108856927e+01 4.234197767336938512e+01 9.882025118146185996e+05
1.375383657587516595e+01 8.037786685050726021e+01 3.829082925958993400e+01 4.288516889619577199e+01 9.942906627235643100e+05
1.383237671053064766e+01 8.050936245027955351e+01 3.831722539671799410e+01 4.304703487609722146e+01 9.959828352203874383e+05
1.391091684159175834e+01 8.099079620526021017e+01 3.814093446092675066e+01 4.361484131346575310e+01 1.004643496368237305e+06
1.398945696911903269e+01 8.106982069159781190e+01 3.830118590689279756e+01 4.404411609117979509e+01 1.013375084333417471e+06
1.406799709317166069e+01 8.128651725425390850e+01 3.810841167117280293e+01 4.436031350397646378e+01 1.018873601958174608e+06
1.414653721380751428e+01 8.161495482017053860e+01 3.811581841027975059e+01 4.481149544354366299e+01 1.028862313940495835e+06
1.422507733108318817e+01 8.193632375663484879e+01 3.806446453711887301e+01 4.521918587079989038e+01 1.031492865176019492e+06
1.430361744505403543e+01 8.240378174073578066e+01 3.817067017865420553e+01 4.560830017762755517e+01 1.041952991745098378e+06
1.438215755577419586e+01 8.245693085682752610e+01 3.821507877673389686e+01 4.601532664734948952e+01 1.044226616153105628e+06
1.446069766329663686e+01 8.295093947495557529e+01 3.824520514779261759e+01 4.647793913888352080e+01 1.055557494573852047e+06
1.453923776767318010e+01 8.296136776427812265e+01 3.813605756514518674e+01 4.681594948296496739e+01 1.057144706490345532e+06
1.461777786895453346e+01 8.332546861589868570e+01 3.819766906971258891e+01 4.734673606903868404e+01 1.064756981141922297e+06
1.469631796719032302e+01 8.387048780767790390e+01 3.812112442090898412e+01 4.774910094449467834e+01 1.074129638683043886e+06
1.477485806242911437e+01 8.350689357303035365e+01 3.806990800654901363e+01 4.773144129925238843e+01 1.074088215184359113e+06
1.485339815471844993e+01 8.397786556352414777e+01 3.818237316538580473e+01 4.825550226876889326e+01 1.084165749491594033e+06
1.493193824410487203e+01 8.437126612800139469e+01 3.811875930557994252e+01 4.876327507762544400e+01 1.090866246049499605e+06
1.501047833063394421e+01 8.501957198816181460e+01 3.817781440440295171e+01 4.950820019770964819e+01 1.104210620722413762e+06
1.508901841435028857e+01 8.499350105414205814e+01 3.810160672724731512e+01 4.951044240583883038e+01 1.102764267248023767e+06
1.516755849529759992e+01 8.505332515944253657e+01 3.815630848582966195e+01 5.001984591368879052e+01 1.109078425942006521e+06
1.524609857351867070e+01 8.588236179454128205e+01 3.808496332353365688e+01 5.056888897351637979e+01 1.121375327443347778e+06
1.532463864905541762e+01 8.597745002303733486e+01 3.827704782169480779e+01 5.101700755291911804e+01 1.124475503394584637e+06
1.540317872194890292e+01 8.620731045178753504e+01 3.819623265266127277e+01 5.144539592538307460e+01 1.130926483140183147e+06
1.548171879223935399e+01 8.642494299968601013e+01 3.821028701858793397e+01 5.183029664223511190e+01 1.138661962029183051e+06
1.556025885996618996e+01 8.694763683527290254e+01 3.814729860569908482e+01 5.231575132855697063e+01 1.147514986266053049e+06
1.563879892516803238e+01 8.691190367296566421e+01 3.804486534739582737e+01 5.277404001548788415e+01 1.152858380904906429e+06
1.571733898788273187e+01 8.710540972835798357e+01 3.808587867752072498e+01 5.298696025633796580e+01 1.157156893503968604e+06
1.579587904814739119e+01 8.731335333094415319e+01 3.812023717810955503e+01 5.345290186085340167e+01 1.162194022151908837e+06
1.587441910599837769e+01 8.816999704637879631e+01 3.815266278960378799e+01 5.405302100119332920e+01 1.175534600447118515e+06
1.595295916147133575e+01 8.852503161710406232e+01 3.814325573528414992e+01 5.452432434927568039e+01 1.186584233595339349e+06
1.603149921460121874e+01 8.865016522366801155e+01 3.829572018104479980e+01 5.480810131330723323e+01 1.186830684383561136e+06
1.611003926542229436e+01 8.890482503327524455e+01 3.825913494301558160e+01 5.540136399596751460e+01 1.196967415601631626e+06
1.618857931396816596e+01 8.946590824212839266e+01 3.818948253916980207e+01 5.594447739409012144e+01 1.207433719453377882e+06
1.626711936027179561e+01 8.944112928051470135e+01 3.821233745498649625e+01 5.622965385236563662e+01 1.212574701983565697e+06
1.634565940436549525e+01 9.043561365124837437e+01 3.836303868439486564e+01 5.683079380480180731e+01 1.223315487522620941e+06
1.642419944628097639e+01 9.048063118392899185e+01 3.832248224667900871e+01 5.732274755142057643e+01 1.230036341199287446e+06
1.650273948604932883e+01 9.039171817930221664e+01 3.828843564964206081e+01 5.758630019405312339e+01 1.233971330030565616e+06
1.658127952370107394e+01 9.103166959443839801e+01 3.833836023088546341e+01 5.829710446974419114e+01 1.245461318351011490e+06
1.665981955926614333e+01 9.120469433692259997e+01 3.838737211238495917e+01 5.867653503773912860e+01 1.248643791733227670e+06
1.673835959277390728e+01 9.146781319450472836e+01 3.831055200893181478e+01 5.928260053546075170e+01 1.263388838132333243e+06
1.681689962425318896e+01 9.203568144280065155e+01 3.834729035367143268e+01 5.966091850272046315e+01 1.267948734090563841e+06
1.689543965373228218e+01 9.253220635892499502e+01 3.836615688602394414e+01 6.020147118666650954e+01 1.275852716558762593e+06
1.697397968123895495e+01 9.238631492042472360e+01 3.832267764958725564e+01 6.056734517877532653e+01 1.284208078222374432e+06
1.705251970680045304e+01 9.336784019750584207e+01 3.857462390049285972e+01 6.136615055253295026e+01 1.294464809163207887e+06
1.713105973044353902e+01 9.343724870125345205e+01 3.850614348157868960e+01 6.154999488802177154e+01 1.301685618475381518e+06
1.720959975219447102e+01 9.380588385660544759e+01 3.847350425681266017e+01 6.223746999493845777e+01 1.310665139897101093e+06
1.728813977207903463e+01 9.407674173436483045e+01 3.858418577276079020e+01 6.260432416542163736e+01 1.317860781666821800e+06
1.736667979012256424e+01 9.441135786219498982e+01 3.863654579329805472e+01 6.318046883121499491e+01 1.325748924104246311e+06
1.744521980634991110e+01 9.495974426600895413e+01 3.867105312734699396e+01 6.385714910414185397e+01 1.339035800864883466e+06
1.752375982078550365e+01 9.508087726889019109e+01 3.868642998613596262e+01 6.411685474017613728e+01 1.343068676882342901e+06
1.760229983345331917e+01 9.546903060938950603e+01 3.885890129199134435e+01 6.453299949734095264e+01 1.347331943982393946e+06
1.768083984437692635e+01 9.592529078324086811e+01 3.878067059626436475e+01 6.527390513708772346e+01 1.362766700049328851e+06
1.775937985357945692e+01 9.664978550605150076e+01 3.881068457950730277e+01 6.592661768326385641e+01 1.370953578404936241e+06
1.783791986108364824e+01 9.693085410691821835e+01 3.894138918604431154e+01 6.651444948089454101e+01 1.381210285621132934e+06
1.791645986691183268e+01 9.738054924992418648e+01 3.899455481090949860e+01 6.703272824664810514e+01 1.392408780408481369e+06
1.799499987108595889e+01 9.774621391050060026e+01 3.915768359878733662e+01 6.760275152217218420e+01 1.396270358064925764e+06
1.807353987362759185e+01 9.827689844091463556e+01 3.925542834198517284e+01 6.796590806182800293e+01 1.409525723602302838e+06
1.815207987455791638e+01 9.841322251640710306e+01 3.928070825720395476e+01 6.846559669673114001e+01 1.416231692219577963e+06
1.823061987389775851e+01 9.883493931399985399e+01 3.931166397613790053e+01 6.905134381920751707e+01 1.422505213236721000e+06
1.830915987166758541e+01 9.951769949509920821e+01 3.940532593179759857e+01 6.964197833926611736e+01 1.436022882957204944e+06
1.838769986788751964e+01 9.995475538761866119e+01 3.948758448398255183e+01 7.025023611716176219e+01 1.444022796206776984e+06
1.846623986257733563e+01 1.003786566586100975e+02 3.963788939817521850e+01 7.076260322376856493e+01 1.454635890552347293e+06
1.854477985575647381e+01 1.006276202903056571e+02 3.969021853344027306e+01 7.108732437248474412e+01 1.464227909464554628e+06
1.862331984744404423e+01 1.011462650691813252e+02 3.971067267749204888e+01 7.190717547675583887e+01 1.477471674408234656e+06
1.870185983765884075e+01 1.019621868422778164e+02 3.975642258714886879e+01 7.264115621633121123e+01 1.487696150109161157e+06
1.878039982641934458e+01 1.024008818562040375e+02 3.995728223591274286e+01 7.316139760598574071e+01 1.500808601220724871e+06
1.885893981374372075e+01 1.029333019365704445e+02 4.004174206887195453e+01 7.382740329575135263e+01 1.513840918860349339e+06
1.893747979964983941e+01 1.036384452156636939e+02 4.016177148988665380e+01 7.460821482641246405e+01 1.522516563489783090e+06
1.901601978415527228e+01 1.038897531717775422e+02 4.020978242185974239e+01 7.507260624889781297e+01 1.530795327090799110e+06
1.909455976727730331e+01 1.045451412114315559e+02 4.039819059505325072e+01 7.552557917635660090e+01 1.540891834589891601e+06
1.917309974903293579e+01 1.049782599018557363e+02 4.035316397803870814e+01 7.641007396464844703e+01 1.557564856380023528e+06
1.925163972943889235e+01 1.050683519162882504e+02 4.053009560238208309e+01 7.673158495143934488e+01 1.561607506408832734e+06
1.933017970851161849e+01 1.062652767375037968e+02 4.060642084583829359e+01 7.775698017845854793e+01 1.574812545376339462e+06
1.940871968626730748e+01 1.065315518007458309e+02 4.084585928751688044e+01 7.804256161872130804e+01 1.591590680972570553e+06
1.948725966272188259e+01 1.073559352730297007e+02 4.100232596351453651e+01 7.887847389493032324e+01 1.605956416856119642e+06
1.956579963789100773e+01 1.074273158044140217e+02 4.100523851903012940e+01 7.944634385490323325e+01 1.611054477366900072e+06
1.964433961179010524e+01 1.083628756326104963e+02 4.120966579387692263e+01 7.992546309689687689e+01 1.625353993168403860e+06
1.972287958443434519e+01 1.088557714254638000e+02 4.118372709343190508e+01 8.108488457526460991e+01 1.637827359031837666e+06
1.980141955583865965e+01 1.094691352502694173e+02 4.142482689721907008e+01 8.146409622611221835e+01 1.647648598753199913e+06
1.987995952601774619e+01 1.100897916705992117e+02 4.152829534480523677e+01 8.221641978482344371e+01 1.658955374038563110e+06
1.995849949498606790e+01 1.109053500337746385e+02 4.188666346985356626e+01 8.299410748451293784e+01 1.672592256572232349e+06
2.003703946275786052e+01 1.112546267456730931e+02 4.194625160538974740e+01 8.333580737808686933e+01 1.684326128914987436e+06
2.011557942934713950e+01 1.120517778306034700e+02 4.213739892861602243e+01 8.429013665482079887e+01 1.697634169586413773e+06
2.019411939476770712e+01 1.123159732741566046e+02 4.221645613962434140e+01 8.479700951136936737e+01 1.702922792656805599e+06
2.027265935903314542e+01 1.125157716887964057e+02 4.226178032438232179e+01 8.520058703447048742e+01 1.717506070047578076e+06
2.035119932215682326e+01 1.130000492860919081e+02 4.237308465229398990e+01 8.587664443836526118e+01 1.727298319904363481e+06
2.042973928415191054e+01 1.132891613024131914e+02 4.226535606918437793e+01 8.657111390890349867e+01 1.735950038429224631e+06
2.050827924503137467e+01 1.136631109192029214e+02 4.250029509140993866e+01 8.692834768648037880e+01 1.744080061941720545e+06
2.058681920480798766e+01 1.137713944414683738e+02 4.230672860175096872e+01 8.746059905055804506e+01 1.751084714630150236e+06
2.066535916349431901e+01 1.140055389367960004e+02 4.237555715508501919e+01 8.799277635735472813e+01 1.761059829689843347e+06
2.074389912110275347e+01 1.145490180984848081e+02 4.245946200341607835e+01 8.876292321120197926e+01 1.770294472841755953e+06
2.082243907764548752e+01 1.149721966956101937e+02 4.248256387944611134e+01 8.909529912547456831e+01 1.783351645402368158e+06
2.090097903313453642e+01 1.153016809874633850e+02 4.240167062343491722e+01 8.988557268333781280e+01 1.793163204717035405e+06
2.097951898758173783e+01 1.157039443527013276e+02 4.251692940041221647e+01 9.038545485904725751e+01 1.801036339704883751e+06
2.105805894099874109e+01 1.158502217243914885e+02 4.257938192280612810e+01 9.061626129718942479e+01 1.807156163576849969e+06
2.113659889339703568e+01 1.162950429324023531e+02 4.262752160526206779e+01 9.135035084091090596e+01 1.815992127974150470e+06
2.121513884478793344e+01 1.165704073837199530e+02 4.259155195840538255e+01 9.205986370836407673e+01 1.829526776141364593e+06
2.129367879518258277e+01 1.169225004758507112e+02 4.279334728780315089e+01 9.269225257650720096e+01 1.836615504195991904e+06
2.137221874459196869e+01 1.173884613439970650e+02 4.275423516028980231e+01 9.310906520968717359e+01 1.848882524909333093e+06
2.145075869302691274e+01 1.174671718252841259e+02 4.268915820242466452e+01 9.369046043980588934e+01 1.861456927599234739e+06
2.152929864049807307e+01 1.181976112041342759e+02 4.283697950423945855e+01 9.439020408797212269e+01 1.870243962727521779e+06
2.160783858701596571e+01 1.180588288940890322e+02 4.291025565670599917e+01 9.482473680286523177e+01 1.876432514156787889e+06
2.168637853259094683e+01 1.187527385223613976e+02 4.298572584670005625e+01 9.556658959046336577e+01 1.891546047327935463e+06
2.176491847723321982e+01 1.187690400680773593e+02 4.303637936899443872e+01 9.624056421080787516e+01 1.900343272219421109e+06
2.184345842095285306e+01 1.195195196745695938e+02 4.303977889079784802e+01 9.680040241749954077e+01 1.913556507990985410e+06
2.192199836375975508e+01 1.197511020073888375e+02 4.305235669293444545e+01 9.753881690278140582e+01 1.924195854443109129e+06
2.200053830566371005e+01 1.202053467916756802e+02 4.320518966837484243e+01 9.823878759806061112e+01 1.932937264755168464e+06
2.207907824667434582e+01 1.205045345235788830e+02 4.316132377817064025e+01 9.868125550591707906e+01 1.946639536287243012e+06
2.215761818680116590e+01 1.210400563677150814e+02 4.321960843248591289e+01 9.935541518263944738e+01 1.957252210046165856e+06
2.223615812605353526e+01 1.211229964739860350e+02 4.344170138260362535e+01 9.985856500364333499e+01 1.966993046167005785e+06
2.231469806444068738e+01 1.214064776671752384e+02 4.339794268445416492e+01 1.005638171244990957e+02 1.978279689030619804e+06
2.239323800197172432e+01 1.218837020212020548e+02 4.346023769649627866e+01 1.011707406466316996e+02 1.991835260680174688e+06
2.247177793865562023e+01 1.222233622189037021e+02 4.357274135943145410e+01 1.016653533465470218e+02 2.000533739533201791e+06
2.255031787450123204e+01 1.229196210015625752e+02 4.364836909100807816e+01 1.027670205617602051e+02 2.009778227649519918e+06
2.262885780951728165e+01 1.230708846853861189e+02 4.383481035535234582e+01 1.027984317902297846e+02 2.017988828967024805e+06
2.270739774371238440e+01 1.235036740062935081e+02 4.382722730690955615e+01 1.037318584160604047e+02 2.034028823985726573e+06
2.278593767709502771e+01 1.239941281608104049e+02 4.374756697363416436e+01 1.044314889402951110e+02 2.045663538185196696e+06
2.286447760967358178e+01 1.239147096305201359e+02 4.390037180482844548e+01 1.050431880557866293e+02 2.054723424270029180e+06
2.294301754145629957e+01 1.250180673566853358e+02 4.394509321758742004e+01 1.057746477011190223e+02 2.068506297429727390e+06
2.302155747245133455e+01 1.252844458969442769e+02 4.414425157235945107e+01 1.065962380144091668e+02 2.082732363402084215e+06
2.310009740266672296e+01 1.260487436361055273e+02 4.427113226483424313e+01 1.073796749226288512e+02 2.097158937709706835e+06
2.317863733211038380e+01 1.260064287458991714e+02 4.425888544310259931e+01 1.079964031973443213e+02 2.102692526377987117e+06
2.325717726079013303e+01 1.258389221691836610e+02 4.431932170671281312e+01 1.079919655225214541e+02 2.109445708238325547e+06
2.333571718871368716e+01 1.271915287934744612e+02 4.436768155998284868e+01 1.091972456844995065e+02 2.129206803810679354e+06
2.341425711588865965e+01 1.272641440551144854e+02 4.463359135355937468e+01 1.097138970785207874e+02 2.143478791542008519e+06
2.349279704232255384e+01 1.279358968794079487e+02 4.469714283364238838e+01 1.107376899350626900e+02 2.156829152411864139e+06
2.357133696802278067e+01 1.283926459693969377e+02 4.476484299644016573e+01 1.115355733924444337e+02 2.166515805144240148e+06
2.364987689299664453e+01 1.288693503940921516e+02 4.479740168344925166e+01 1.118482994758972211e+02 2.178260213895163033e+06
2.372841681725136453e+01 1.290020863843515997e+02 4.486118463206655349e+01 1.125828465149673150e+02 2.186288890351572074e+06
2.380695674079405322e+01 1.294405719540151836e+02 4.497247769755166047e+01 1.134513531854486388e+02 2.196989643043929711e+06
2.388549666363174140e+01 1.301112815840836276e+02 4.524419732009888406e+01 1.139204993403389636e+02 2.216565257944837213e+06
2.396403658577134976e+01 1.306445971413982363e+02 4.530481214737400819e+01 1.148925426929663729e+02 2.229669938747243024e+06
2.404257650721972439e+01 1.314198032690083551e+02 4.533337027733644220e+01 1.153405091527405659e+02 2.245409528910472058e+06
2.412111642798362254e+01 1.309810536587241359e+02 4.535348154296537615e+01 1.160449971091292554e+02 2.255231535671456717e+06
2.419965634806970556e+01 1.320992738129512531e+02 4.551955238007317917e+01 1.169898186479626503e+02 2.264994182911672164e+06
2.427819626748454596e+01 1.326961441219871460e+02 4.574745735586748907e+01 1.177337112429083845e+02 2.277349935989974998e+06
2.435673618623464520e+01 1.326697149989828119e+02 4.581711671387820672e+01 1.181546684639215385e+02 2.287101960927252658e+06
2.443527610432640529e+01 1.332588771933370140e+02 4.598694370309426205e+01 1.189747870524876276e+02 2.299583594220057596e+06
2.451381602176616425e+01 1.339678163095570653e+02 4.603617110486235475e+01 1.200060480888943601e+02 2.324856299733806867e+06
2.459235593856016067e+01 1.345142402274900064e+02 4.619744522907480899e+01 1.205971952205573956e+02 2.334256501645670272e+06
2.467089585471456203e+01 1.350704543063326071e+02 4.642301382323688586e+01 1.215092074520363639e+02 2.340371631387396250e+06
2.474943577023546126e+01 1.352212928776573904e+02 4.647332042707792965e+01 1.220770436423940168e+02 2.358459152702552732e+06
2.482797568512887310e+01 1.357514880814871958e+02 4.657096697525992113e+01 1.226596386121288731e+02 2.372832203989985399e+06
2.490651559940072346e+01 1.365242582282821502e+02 4.655961944706476174e+01 1.237812177263530060e+02 2.383533769855587743e+06
2.498505551305688144e+01 1.369376503577542792e+02 4.681384981124863032e+01 1.247395500696212451e+02 2.399002124909211881e+06
2.506359542610313440e+01 1.374836381265656371e+02 4.700972637981696778e+01 1.252057351721012992e+02 2.417474273082536180e+06
2.514213533854519511e+01 1.380680880176205960e+02 4.725895398133192060e+01 1.260915135710457520e+02 2.427147532636683434e+06
2.522067525038871239e+01 1.387744138445443127e+02 4.718097310380166221e+01 1.273720044243895018e+02 2.445864191682810429e+06
2.529921516163925688e+01 1.390355065412442173e+02 4.742391328586792554e+01 1.278672038024694331e+02 2.454126026259603444e+06
2.537775507230233529e+01 1.401610623578661148e+02 4.754198677170158760e+01 1.288188367249092039e+02 2.472460210437085945e+06
2.545629498238338684e+01 1.408786313613430252e+02 4.775094596698887983e+01 1.298290173951028237e+02 2.482403244778505992e+06
2.553483489188777966e+01 1.412527557007477981e+02 4.783879813035083828e+01 1.301152646694815473e+02 2.494606596390151419e+06
2.561337480082082152e+01 1.414468652878431953e+02 4.806716303226371423e+01 1.308536474458052794e+02 2.511358103534567636e+06
2.569191470918774911e+01 1.420162570454369870e+02 4.789154069197622476e+01 1.320678438772069114e+02 2.530510480762296822e+06
2.577045461699373874e+01 1.430170532228295883e+02 4.819091861439880375e+01 1.326578492887144876e+02 2.545996081843632273e+06
2.584899452424390631e+01 1.433584531360980634e+02 4.827069262085004198e+01 1.337698032475614696e+02 2.561819938744684681e+06
2.592753443094329668e+01 1.443465616081548433e+02 4.840965770012417124e+01 1.346069043823274001e+02 2.581597063195160124e+06
2.600607433709690852e+01 1.447554602722611037e+02 4.864450934237660107e+01 1.355776787145785818e+02 2.592606611885247286e+06
2.608461424270966944e+01 1.452774632381049003e+02 4.891622572092890664e+01 1.364136081039633268e+02 2.607340487130218185e+06
2.616315414778644310e+01 1.457437515314186385e+02 4.922103349087731061e+01 1.370683174549389776e+02 2.624997554970042780e+06
2.624169405233205055e+01 1.464887709993625435e+02 4.910571206836365121e+01 1.382091453099712339e+02 2.643872378548006993e+06
2.632023395635124174e+01 1.472850791201464915e+02 4.946856815044345979e+01 1.389336114131680233e+02 2.661200774835112039e+06
2.639877385984871694e+01 1.470425826744094593e+02 4.944463959289488031e+01 1.393999523318353795e+02 2.665898184651885182e+06
2.647731376282911953e+01 1.485672911117145247e+02 4.978445446073171610e+01 1.408714802816641338e+02 2.695711914413189981e+06
2.655585366529703606e+01 1.483573475900144274e+02 4.995995557192349423e+01 1.409991453193372593e+02 2.687248854748778977e+06
2.663439356725699980e+01 1.490539538472016829e+02 5.016571163252966414e+01 1.420378404857550265e+02 2.721172649145270698e+06
2.671293346871349428e+01 1.504545369852887688e+02 5.063856806338382910e+01 1.428958576082719958e+02 2.744614305731683969e+06
2.679147336967094617e+01 1.508868523934209236e+02 5.048700976691122122e+01 1.439531157470359801e+02 2.758935879689426627e+06
2.687001327013372531e+01 1.514522785850016930e+02 5.059237843566435089e+01 1.455956484471387000e+02 2.782596218880774453e+06
2.694855317010616602e+01 1.513911103740774706e+02 5.063179667192667921e+01 1.452819010957814498e+02 2.786927785212497693e+06
2.702709306959254221e+01 1.529109693744087792e+02 5.117579906062051975e+01 1.472791060131208383e+02 2.814897565288781654e+06
2.710563296859707094e+01 1.535758165218627767e+02 5.137629661584958995e+01 1.479305427758750398e+02 2.826861034462031908e+06
2.718417286712393377e+01 1.540384225803996117e+02 5.143037177522732151e+01 1.492332422174418411e+02 2.842386497688079253e+06
2.726271276517725894e+01 1.537299875062532521e+02 5.169457979850630380e+01 1.489276833060792455e+02 2.832367693275177851e+06
2.734125266276112498e+01 1.548782582652153224e+02 5.158506954623511120e+01 1.502299048567914497e+02 2.866979893992971163e+06
2.741979255987956776e+01 1.562926053161382072e+02 5.184705028851648478e+01 1.518964984995510008e+02 2.891124944703930523e+06
2.749833245653658054e+01 1.557745068217934659e+02 5.180344134107881615e+01 1.512979926880009032e+02 2.886188998117920477e+06
2.757687235273609616e+01 1.567802860244976557e+02 5.236601985041060203e+01 1.527213805697402620e+02 2.920424280027430039e+06
2.765541224848202262e+01 1.566222260629870675e+02 5.221733450822249978e+01 1.531453858071735681e+02 2.926287043456809130e+06
2.773395214377820395e+01 1.574796813272090503e+02 5.240628521318600974e+01 1.545486366553119524e+02 2.943416892365625128e+06
2.781249203862845576e+01 1.590415071531984381e+02 5.268641812465700980e+01 1.562185087180903906e+02 2.973035738053936511e+06
2.789103193303654038e+01 1.588813166927517102e+02 5.292085213328725501e+01 1.558121358372924590e+02 2.982556519176493865e+06
2.796957182700618816e+01 1.603459585741803437e+02 5.302439389842787421e+01 1.582475958467441899e+02 3.008548765509833582e+06
2.804811172054107615e+01 1.598798659226345364e+02 5.322971057348013346e+01 1.575870047052030714e+02 3.004307801273575984e+06
2.812665161364485655e+01 1.598150117453398593e+02 5.336410975278701585e+01 1.581049149571770727e+02 3.017249110969925299e+06
2.820519150632112115e+01 1.605444394124830296e+02 5.331120524967428764e+01 1.594318666241887001e+02 3.051799370962504297e+06
2.828373139857343332e+01 1.609699409145959521e+02 5.348077064107854994e+01 1.598341166774999351e+02 3.062649718943833373e+06
2.836227129040531736e+01 1.613170583432590490e+02 5.367837216202409678e+01 1.608461786858634923e+02 3.067684781846696977e+06
2.844081118182025847e+01 1.613629154132437691e+02 5.377959979502282550e+01 1.615388622505651597e+02 3.072871803690237924e+06
2.851935107282169923e+01 1.624336257804442027e+02 5.354114960403052237e+01 1.627604654234902739e+02 3.101850039134019054e+06
2.859789096341304315e+01 1.624521248551358497e+02 5.365861107039216904e+01 1.632061790556365963e+02 3.126498362289338373e+06
2.867643085359765820e+01 1.616609764514229539e+02 5.381170744387330274e+01 1.635308077541411933e+02 3.136250870251446497e+06
2.875497074337888392e+01 1.628452801454043026e+02 5.410145395683980496e+01 1.653019029882343602e+02 3.135198406324066687e+06
2.883351063276001369e+01 1.634983850898909452e+02 5.418429694739221247e+01 1.651346600306162031e+02 3.173510226060522720e+06
2.891205052174430890e+01 1.637479631137296110e+02 5.373694799836422220e+01 1.663929694434794158e+02 3.188674554910254665e+06
2.899059041033499184e+01 1.631956837701117990e+02 5.442075278963639562e+01 1.667964452991186306e+02 3.170270969455398154e+06
2.906913029853525643e+01 1.638633330327392912e+02 5.460993117300045441e+01 1.673810464580149642e+02 3.181061229392709676e+06
2.914767018634825746e+01 1.648393537172192396e+02 5.468644483814026103e+01 1.689790389186132131e+02 3.193281844220425002e+06
2.922621007377712132e+01 1.648686043462857072e+02 5.472722906287715716e+01 1.690449380507719752e+02 3.209599927541757002e+06
2.930474996082492822e+01 1.659008632944418196e+02 5.517015611761465266e+01 1.704944745009689768e+02 3.249594179795343895e+06
2.938328984749474060e+01 1.652527434232245298e+02 5.502344704789282304e+01 1.696909678967186039e+02 3.249239928639766760e+06
2.946182973378957826e+01 1.648251749649010094e+02 5.537649886470033067e+01 1.712020809662888610e+02 3.272452929700706620e+06
2.954036961971243258e+01 1.672356897922688290e+02 5.541945078836182148e+01 1.729178522580878621e+02 3.297279006606779993e+06
2.961890950526625943e+01 1.667551972580461666e+02 5.590398022012617218e+01 1.736110068006854874e+02 3.296983971136205830e+06
2.969744939045398979e+01 1.689623836146593021e+02 5.581288565957405012e+01 1.762253148452079188e+02 3.325428732075515669e+06
2.977598927527852268e+01 1.682734549975943992e+02 5.598768355313560363e+01 1.754804706925985727e+02 3.345693934613955207e+06
2.985452915974272159e+01 1.706878260090591937e+02 5.639002002219252319e+01 1.782314087067028936e+02 3.391577394351044670e+06
2.993306904384942868e+01 1.702078738267795188e+02 5.670225172151928206e+01 1.779676402362007934e+02 3.374043328499139752e+06
3.001160892760143994e+01 1.712815019314885490e+02 5.658095108087153591e+01 1.790034557191459896e+02 3.385132265937553253e+06
3.009014881100154071e+01 1.731460965352871995e+02 5.754908830913326767e+01 1.818884442529647458e+02 3.411439686204350553e+06
3.016868869405248077e+01 1.738377567520216189e+02 5.698182036685551566e+01 1.822439489825709416e+02 3.443687844100902323e+06
3.024722857675697441e+01 1.718983107362901990e+02 5.719598012883336224e+01 1.802905200571860860e+02 3.411316737375844270e+06
3.032576845911771457e+01 1.735858665514493850e+02 5.773505317269907522e+01 1.834334694721169683e+02 3.477722233586585149e+06
3.040430834113736580e+01 1.751321396444548668e+02 5.750040682484062415e+01 1.850224327332448979e+02 3.512224573986298405e+06
3.048284822281856421e+01 1.741589624819405344e+02 5.802062411228275352e+01 1.852896716710559701e+02 3.498988401012729388e+06
3.056138810416392460e+01 1.759167992726393948e+02 5.814348065705308244e+01 1.858602733033132210e+02 3.558086746167397127e+06
3.063992798517602267e+01 1.762372094267119280e+02 5.894732904434364684e+01 1.864606679978426769e+02 3.540538551857342944e+06
3.071846786585741640e+01 1.775390353158592802e+02 5.851060787210099789e+01 1.881232905090879228e+02 3.563148178614141420e+06
3.079700774621063886e+01 1.782391567864246724e+02 5.908365384054565794e+01 1.899428243998589494e+02 3.596145345096360892e+06
3.087554762623818760e+01 1.787545175171778737e+02 5.871936124457424455e+01 1.897148442247879245e+02 3.613336196542880032e+06
3.095408750594254599e+01 1.784932874006422878e+02 5.978192087680678668e+01 1.923023814516994605e+02 3.620034284763009287e+06
3.103262738532617249e+01 1.808967109997603018e+02 6.010637454752480124e+01 1.921856182008091878e+02 3.670819969499300700e+06
3.111116726439149005e+01 1.802653119546602909e+02 5.968040474525241024e+01 1.931771399040133588e+02 3.628164452491481788e+06
3.118970714314090387e+01 1.829713103705888386e+02 5.983069677094119498e+01 1.948250166981686107e+02 3.695929836292987224e+06
3.126824702157679781e+01 1.824199899529110667e+02 6.059793455288451725e+01 1.974323563993812911e+02 3.745766914652992971e+06
3.134678689970152377e+01 1.832144379598698265e+02 6.150963227839356051e+01 1.966459824649689949e+02 3.736464741810576525e+06
3.142532677751741588e+01 1.842154305720648608e+02 6.142282044004789299e+01 1.984905924333870360e+02 3.772679007624053396e+06
3.150386665502678696e+01 1.845231091131258268e+02 6.100539613724537702e+01 1.992217270284822348e+02 3.795687759905406274e+06
3.158240653223192140e+01 1.856133618675280275e+02 6.145599534769036154e+01 2.028888123114344637e+02 3.836779697858126368e+06
3.166094640913508229e+01 1.874300748177771538e+02 6.255384164842828909e+01 2.055766314823079881e+02 3.790561033681145869e+06
3.173948628573851494e+01 1.900072400081741648e+02 6.202305058225908851e+01 2.054903896941307266e+02 3.857334586541103199e+06
3.181802616204443623e+01 1.908452203688047746e+02 6.250860240529713252e+01 2.061978235826638581e+02 3.867488548965977505e+06
3.189656603805504531e+01 1.890288906476519344e+02 6.381762347288918846e+01 2.069110685664853122e+02 3.826518587843394373e+06
3.197510591377251998e+01 1.916074819961641822e+02 6.418186606731329391e+01 2.099362832119591360e+02 3.834268425687806215e+06
3.205364578919900964e+01 1.918998132996147774e+02 6.359905478623486630e+01 2.102429759990147602e+02 3.885705367451839149e+06
3.213218566433665302e+01 1.926520866823958045e+02 6.343316608978873461e+01 2.101657536361072971e+02 3.932584192439233419e+06
3.221072553918755688e+01 1.956521326842134272e+02 6.617898156903888207e+01 2.129781289031837161e+02 3.994196514491631649e+06
3.228926541375382442e+01 1.926709390339592289e+02 6.453584537291811785e+01 2.087659539995215994e+02 3.958270301896283869e+06
3.236780528803751622e+01 1.953722412091818796e+02 6.420546808864379784e+01 2.119736521174020538e+02 3.991161990292460192e+06
3.244634516204068575e+01 1.933846037268387761e+02 6.656145384062598680e+01 2.109084954652492172e+02 3.961581799499168061e+06
3.252488503576537227e+01 1.954011034534085809e+02 6.764378314426680561e+01 2.148287698589480783e+02 4.020067695041580126e+06
3.260342490921358660e+01 1.970943140936843463e+02 6.612902923876345085e+01 2.162909904421834710e+02 4.096891263170545455e+06
3.268196478238731828e+01 2.041426636747309260e+02 6.722804590546641634e+01 2.208677004701162048e+02 4.153123146857292857e+06
3.276050465528854261e+01 1.997026045379519132e+02 6.617717424294825435e+01 2.182248024893837055e+02 4.148752941360361874e+06
3.283904452791921358e+01 1.996341000640146888e+02 6.840880731619374444e+01 2.194395556086439854e+02 4.083485367322363891e+06
3.291758440028127097e+01 2.042014930709932798e+02 6.954452036383703728e+01 2.253402085264133063e+02 4.152159551527871750e+06
3.299612427237663326e+01 2.057425872759395986e+02 6.826953966112137095e+01 2.223216454505343336e+02 4.197067213274495676e+06
3.307466414420719758e+01 2.037969978191697180e+02 6.850572872579310513e+01 2.218951421962555912e+02 4.177164294832214247e+06
3.315320401577483977e+01 2.047648314568760668e+02 6.866814185841975871e+01 2.256783296115220310e+02 4.220864036860306747e+06
3.323174388708143567e+01 2.132737951539322978e+02 7.003943333624529544e+01 2.332167222526790624e+02 4.433200158434386365e+06
3.331028375812883269e+01 2.069237715524898533e+02 7.087472762935833259e+01 2.333897584456258301e+02 4.330708013762083836e+06
3.338882362891884981e+01 2.136075740193109311e+02 6.964825312677598390e+01 2.304355960682159434e+02 4.416295239952764474e+06
3.346736349945329891e+01 2.111225321318626982e+02 7.057575235896503330e+01 2.369720535193900162e+02 4.474074785744124092e+06
3.354590336973399189e+01 2.075088078738207855e+02 7.020818759595846359e+01 2.320223771129046213e+02 4.374775784069599584e+06
3.362444323976268379e+01 2.154444794120742301e+02 7.240517654841866602e+01 2.414995971588678856e+02 4.593894004094136879e+06
3.370298310954115806e+01 2.145013495300547959e+02 7.640593766977400492e+01 2.429049918246269044e+02 4.531979756133558229e+06
3.378152297907114132e+01 2.266287166430424520e+02 7.276200371267465528e+01 2.418940959826316259e+02 4.535300142931686714e+06
3.386006284835436730e+01 2.209910090539972600e+02 7.162707743562974372e+01 2.434933648122755301e+02 4.718721779965135269e+06
3.393860271739255552e+01 2.270259555742479733e+02 7.159101990320476716e+01 2.410764571327151486e+02 4.623909486992574297e+06
3.401714258618739706e+01 2.174450505729195129e+02 7.086619151825971130e+01 2.486569931827946505e+02 4.592476556065111421e+06
3.409568245474058301e+01 2.319858779296978071e+02 7.418587533320516059e+01 2.461272992310687471e+02 4.599483623739250004e+06
3.417422232305376895e+01 2.282309010366640507e+02 7.592811799896709601e+01 2.394733113460644631e+02 4.519099080077241175e+06
3.425276219112861043e+01 2.399305384047393943e+02 7.448304636780359544e+01 2.566246588337545518e+02 4.947551153515687212e+06
3.433130205896674880e+01 2.427333826296230654e+02 7.629131936886115284e+01 2.763650882372780870e+02 4.836257558502606116e+06
3.440984192656979701e+01 2.408143520060546052e+02 8.066467829486747121e+01 2.655733150170265731e+02 4.965453095506358892e+06
3.448838179393936088e+01 2.215254017995025322e+02 7.739222854575341159e+01 2.584818654541930414e+02 5.032950924156204797e+06
3.456692166107702491e+01 2.657252083139590013e+02 8.149290841410392261e+01 2.881208699380183589e+02 4.980962216817148030e+06
3.464546152798438072e+01 2.107152776105452006e+02 5.921127208341027881e+01 2.284810211092387817e+02 4.965089138307109475e+06
3.472400139466299152e+01 2.386332002260965908e+02 8.324995015573995261e+01 2.864776301579104825e+02 4.056141754447270650e+06
