# 0.4009 0.4302
7.871241428633635184e-02 1.733321836600278276e+00 1.989660182818352663e+00 1.319760376408079562e-02 2.674212381945339075e+03
1.618072713909662341e-01 3.744132556256107858e+00 4.680941010718726147e+00 6.913800380622160680e-02 1.074840802966733645e+04
2.418771330418761079e-01 4.007803405092187354e+00 4.996290339828147964e+00 9.128467873981842284e-02 1.483137148583311318e+04
3.211923215201240578e-01 5.213086204844857185e+00 6.842786591560748199e+00 1.977216623610134061e-01 2.847843979010809562e+04
4.002017901256537113e-01 6.065155793758170155e+00 8.327602260827941194e+00 2.950698064176976443e-01 4.074354853472183459e+04
4.790568272527075955e-01 6.393698396046377574e+00 8.424143663951571881e+00 3.049254493046352210e-01 3.979288451544964482e+04
5.578229290343351687e-01 7.763385378396348457e+00 1.045064327723155451e+01 4.527820242362473602e-01 5.911062893771418749e+04
6.365331115321660738e-01 9.855753228856423576e+00 1.293510300232275867e+01 5.215455753408188011e-01 6.316072000993625261e+04
7.152058371535838788e-01 1.183542564293761856e+01 1.483614421556423046e+01 6.017715088421208280e-01 7.330319415089003451e+04
7.938522421846891941e-01 1.210924793487794204e+01 1.487764790139300786e+01 6.694996929551421116e-01 7.463842764165635162e+04
8.724794443688169698e-01 1.454954322973561176e+01 1.722579332730589385e+01 7.642576605652010580e-01 8.299731135639402783e+04
9.510922062407737299e-01 1.796637104151995246e+01 2.096687348535611761e+01 8.609353371242969288e-01 9.130325729143497301e+04
1.029693835175838679e+00 1.850375566473670119e+01 2.131752785590815691e+01 9.458296434694927202e-01 9.459735137325525284e+04
1.108286699878543891e+00 2.110867767499745540e+01 2.380510276073168185e+01 1.052152197527995270e+00 1.007609176591110299e+05
1.186872541411916560e+00 2.318247824838456950e+01 2.565336442693040908e+01 1.106402462136217624e+00 1.061555723541870248e+05
1.265452668213572940e+00 2.485368612192782933e+01 2.668865682005833051e+01 1.167838198228398738e+00 1.114170524837554403e+05
1.344028082638708543e+00 2.673816596189658057e+01 2.861014621152391157e+01 1.323647889086627671e+00 1.206568049893842108e+05
1.422599565533279709e+00 2.742258500635359297e+01 2.876490264763819482e+01 1.376784084541046171e+00 1.222179539186934417e+05
1.501167734229200246e+00 3.044334670919899821e+01 3.155005237322004064e+01 1.535416439806882360e+00 1.288252891309409315e+05
1.579733083222462531e+00 3.110416188979147023e+01 3.165033460937089060e+01 1.671633948419977145e+00 1.400617549011061201e+05
1.658296013281593151e+00 3.212669121752445278e+01 3.236152656655231397e+01 1.731077460559573789e+00 1.408008887937109394e+05
1.736856852652245875e+00 3.328056672033626029e+01 3.297843797695431078e+01 1.876801049898003448e+00 1.447859634540808911e+05
1.815415872753641580e+00 3.365925272617268860e+01 3.296754158639649290e+01 1.909611658426460634e+00 1.484511460464910779e+05
1.893973299967037560e+00 3.524733741968267964e+01 3.412695016735563769e+01 2.080945097985309022e+00 1.575237015403073165e+05
1.972529324606241641e+00 3.459707617817489478e+01 3.301518632750534721e+01 2.205115405906004078e+00 1.634928747876249545e+05
2.051084107826015579e+00 3.533836489169526374e+01 3.365289635260546675e+01 2.305840979096959842e+00 1.691170231874189049e+05
2.129637787001040561e+00 3.560794605566168514e+01 3.310300267932198182e+01 2.534733857781338973e+00 1.802845297502139001e+05
2.208190479956450680e+00 3.558289610039744844e+01 3.286445573952616428e+01 2.648449670789424282e+00 1.831800865068403364e+05
2.286742288326184092e+00 3.618801454335694245e+01 3.335559125724322627e+01 2.661905640611063273e+00 1.842297361817317433e+05
2.365293300241981811e+00 3.608071864392557160e+01 3.332650395733243442e+01 2.757487673474420031e+00 1.831056153573736374e+05
2.443843592503681883e+00 3.652874395201756386e+01 3.289506417376729530e+01 2.917438596703443299e+00 1.924336505882397760e+05
2.522393232343909553e+00 3.666443360692737485e+01 3.254133008092632906e+01 3.106060598579560850e+00 2.011473790462290053e+05
2.600942278872942381e+00 3.688015739118036862e+01 3.251732074238498882e+01 3.328183325938896875e+00 2.111576733900590043e+05
2.679490784269383141e+00 3.755654884048701092e+01 3.301923995701896075e+01 3.393414729014056608e+00 2.119414586712488963e+05
2.758038794767343038e+00 3.823270930921446364e+01 3.322766713623517632e+01 3.567162344221139314e+00 2.200381821628838370e+05
2.836586351479573942e+00 3.787836527910965145e+01 3.240326039425010407e+01 3.834373691739098700e+00 2.296088479560313281e+05
2.915133491087511963e+00 3.844602130025943865e+01 3.311327447240991972e+01 3.866171837265277134e+00 2.276431878754428180e+05
2.993680246422668834e+00 3.879356966501370607e+01 3.348496902203869752e+01 4.035728847851540735e+00 2.307381184014930914e+05
3.072226646958827967e+00 3.908767984431218423e+01 3.306996170236224941e+01 4.289780283901222013e+00 2.430016018421966291e+05
3.150772719230606977e+00 4.013777575614535209e+01 3.374316450951398139e+01 4.417169285697082337e+00 2.459834159642688464e+05
3.229318487190934395e+00 3.985346266099937651e+01 3.356743596293660659e+01 4.458711678113785659e+00 2.457926248635209049e+05
3.307863972517584905e+00 4.057931110665447960e+01 3.412030826545576190e+01 4.622284227320879957e+00 2.513107488022741745e+05
3.386409194877053608e+00 4.105833606133807478e+01 3.422309930883126583e+01 4.843667513525338642e+00 2.598182623520271154e+05
3.464954172152534095e+00 4.175244046920859375e+01 3.477306313975696384e+01 5.036620128040610211e+00 2.665665858085223590e+05
3.543498920641575456e+00 4.157464360123480418e+01 3.421821096686185371e+01 5.246273134256539628e+00 2.727685920706738834e+05
3.622043455228019404e+00 4.261507977061268093e+01 3.491029408744865492e+01 5.391006777722430421e+00 2.786796301732388674e+05
3.700587789532037597e+00 4.258132480240341522e+01 3.476494215006887600e+01 5.607904794728599818e+00 2.839496663839227404e+05
3.779131936041457696e+00 4.298662728716662684e+01 3.504201649548963360e+01 5.775100245649841924e+00 2.854154817643865827e+05
3.857675906227046259e+00 4.341801145840250342e+01 3.539973190126656277e+01 5.884209580378047200e+00 2.886837540919347084e+05
3.936219710643986680e+00 4.381414732758362618e+01 3.543531207650301695e+01 6.089637249935251795e+00 3.001651854011208634e+05
4.014763359021444877e+00 4.416355161449679656e+01 3.522095883906557390e+01 6.315095139528023260e+00 3.007286158100916073e+05
4.093306860341824560e+00 4.427460930462099498e+01 3.520318473829167516e+01 6.525014908005620562e+00 3.105346763610200142e+05
4.171850222911064776e+00 4.399173600957888652e+01 3.501803630578582727e+01 6.683656460972208890e+00 3.123358660789727583e+05
4.250393454421145911e+00 4.458999994127887589e+01 3.558526186103710387e+01 6.812353828462407002e+00 3.134163442870163126e+05
4.328936562005788247e+00 4.592691470566959566e+01 3.608686674747679746e+01 7.073651890449036195e+00 3.241276764496940887e+05
4.407479552290201497e+00 4.576883053028767989e+01 3.595575096196299114e+01 7.324707129415691576e+00 3.290384543956028647e+05
4.486022431435594982e+00 4.587494388260822120e+01 3.608796919876572673e+01 7.456775391935932973e+00 3.292823293654374429e+05
4.564565205179107465e+00 4.664305600882642722e+01 3.635475392205202638e+01 7.716727143015752688e+00 3.400433891788897454e+05
4.643107878869670024e+00 4.687403420971978818e+01 3.659818904085241087e+01 7.903594684311668672e+00 3.431669943352422561e+05
4.721650457500300213e+00 4.742383000565482121e+01 3.639978152826798663e+01 8.025581198700820096e+00 3.495459470232008607e+05
4.800192945737217443e+00 4.787829063549700948e+01 3.677814214379141333e+01 8.328026844119033711e+00 3.550072005121998955e+05
4.878735347946150824e+00 4.788988808497589389e+01 3.668852046168687053e+01 8.546118155090969282e+00 3.559965965176555910e+05
4.957277668216146793e+00 4.795671352366183271e+01 3.675158089213282153e+01 8.755144327466016563e+00 3.629969877616200247e+05
5.035819910381144737e+00 4.902691784158584198e+01 3.733214838006374947e+01 8.951226235255109742e+00 3.689056841822476708e+05
5.114362078039562221e+00 4.914280728863601411e+01 3.704449466848121375e+01 9.177586845126203485e+00 3.765226405125911697e+05
5.192904174572115394e+00 4.935105293044405528e+01 3.721836213903811341e+01 9.410077683189197018e+00 3.781060044909119024e+05
5.271446203158030919e+00 5.003087035449062370e+01 3.737417246461281195e+01 9.581948696230368157e+00 3.846998246362925856e+05
5.349988166789838573e+00 5.100746441061870939e+01 3.814908514741161838e+01 9.865652087510595081e+00 3.918123309833050589e+05
5.428530068286878674e+00 5.104258987829633298e+01 3.789241366247569687e+01 1.008143655724005683e+01 3.967488631344051100e+05
5.507071910307648643e+00 5.117296131638020995e+01 3.783939197812632926e+01 1.028699457619619118e+01 4.000376727366339182e+05
5.585613695361120179e+00 5.139494362460982302e+01 3.788876328361486401e+01 1.063647085280661209e+01 4.068924386876425124e+05
5.664155425817094525e+00 5.226965812971290148e+01 3.819780262919090319e+01 1.091420686530012496e+01 4.172503022553149494e+05
5.742697103915729961e+00 5.253892493653132334e+01 3.843672070117444406e+01 1.103630228024070270e+01 4.169036693148071645e+05
5.821238731776284148e+00 5.295218726689633826e+01 3.851724400916515378e+01 1.133607601026007039e+01 4.250473055311110220e+05
5.899780311405160127e+00 5.337798328464204189e+01 3.867782758145278166e+01 1.155747062811387593e+01 4.269627744771849830e+05
5.978321844703323507e+00 5.371283285782702421e+01 3.874505898805941939e+01 1.173883248701447179e+01 4.308925527653272729e+05
6.056863333473133437e+00 5.374388413160617262e+01 3.861831115512703860e+01 1.195515484914664306e+01 4.351094252187298262e+05
6.135404779424661115e+00 5.476664636059127389e+01 3.921032260678631332e+01 1.224775664302902989e+01 4.452183293556329445e+05
6.213946184181517118e+00 5.478274502866334217e+01 3.915100779855396951e+01 1.254640439187578060e+01 4.501799771357043064e+05
6.292487549286247983e+00 5.566258443382536569e+01 3.942073123818807545e+01 1.269014509341815433e+01 4.532005767252097139e+05
6.371028876205335756e+00 5.576418905551322780e+01 3.961310494861407250e+01 1.304095605510891609e+01 4.608882533896589302e+05
6.449570166333828070e+00 5.619917909907260878e+01 3.947448488542402600e+01 1.333769227731305840e+01 4.690189006682522013e+05
6.528111420999634262e+00 5.628879456871532483e+01 3.934984258258304379e+01 1.347426260162511014e+01 4.711892966012879624e+05
6.606652641467518627e+00 5.683506278648590637e+01 3.969996002069842689e+01 1.374921302237538434e+01 4.774974630621287506e+05
6.685193828942805006e+00 5.733943135636162225e+01 3.971767123080209672e+01 1.420759366341898833e+01 4.831758535370831960e+05
6.763734984574836240e+00 5.751998017703188282e+01 3.983452403226147709e+01 1.421848249176471590e+01 4.863371811023564660e+05
6.842276109460177835e+00 5.770773800911247520e+01 3.989143405479035920e+01 1.461900923543003650e+01 4.897424444068202865e+05
6.920817204645620890e+00 5.795935488754363263e+01 3.994564374064857049e+01 1.475455597717892431e+01 4.904525189290920971e+05
6.999358271130968312e+00 5.849576235278716752e+01 4.004648079744935529e+01 1.502582811876622593e+01 5.026988235023374436e+05
7.077899309871646949e+00 5.935235985534959724e+01 4.027356367159348594e+01 1.546470557746527241e+01 5.110331301951097557e+05
7.156440321781138536e+00 5.955781720095506415e+01 4.027638963981390674e+01 1.559924289159418720e+01 5.095830979546303861e+05
7.234981307733260536e+00 5.998316403510968087e+01 4.062237611317105745e+01 1.590701051725512016e+01 5.184801879885011585e+05
7.313522268564292439e+00 6.027161405531843741e+01 4.053804850954110606e+01 1.608355524955986127e+01 5.198621498579106992e+05
7.392063205074973276e+00 6.037185974949851897e+01 4.046116815469510186e+01 1.652831633625834939e+01 5.286165913817854598e+05
7.470604118032365015e+00 6.130130559491998099e+01 4.083626423539900685e+01 1.666661190100434453e+01 5.329464407539484091e+05
7.549145008171610272e+00 6.124471715341574907e+01 4.094686730677238984e+01 1.688686117573954704e+01 5.340245393482086947e+05
7.627685876197570103e+00 6.151712453543546388e+01 4.074961960094709212e+01 1.728432036008811679e+01 5.393855481637864141e+05
7.706226722786373884e+00 6.248308144485687876e+01 4.113313980158113026e+01 1.759422914683092287e+01 5.522001438001119532e+05
7.784767548586863484e+00 6.243830171160107767e+01 4.113469551095878529e+01 1.794105684387190891e+01 5.553494664071266307e+05
7.863308354221953955e+00 6.269083756852451472e+01 4.116691866546239709e+01 1.797726604322123478e+01 5.551862412017150782e+05
7.941849140289923170e+00 6.327643235705754421e+01 4.139559798803250601e+01 1.834695965457258637e+01 5.608726616325692739e+05
8.020389907365611748e+00 6.407293865489472751e+01 4.154004858695469693e+01 1.879902930567261521e+01 5.721716489442795282e+05
8.098930656001561701e+00 6.362382929129794462e+01 4.121962034939527086e+01 1.901748666841695012e+01 5.757445034597852500e+05
8.177471386729090241e+00 6.384524057655653451e+01 4.116423502452663286e+01 1.920564401879747152e+01 5.779596187125215074e+05
8.256012100059292536e+00 6.450475771375815270e+01 4.164090011760929855e+01 1.965042321744328646e+01 5.849797306860057870e+05
8.334552796484000936e+00 6.467281799663824415e+01 4.143427500421887544e+01 1.978466338058396445e+01 5.854151836502656806e+05
8.413093476476680266e+00 6.519362949742829016e+01 4.161525468415138818e+01 2.014381482065704887e+01 5.968995787332223263e+05
8.491634140493276917e+00 6.514813769292256040e+01 4.161338529157629296e+01 2.031581204301344457e+01 5.975014678397576790e+05
8.570174788973028868e+00 6.628988363623183488e+01 4.196128226552563945e+01 2.077007978179521075e+01 6.039491752469630446e+05
8.648715422339215309e+00 6.676220170375626140e+01 4.183896778340497491e+01 2.112122696197458893e+01 6.131898677182688843e+05
8.727256040999876063e+00 6.650948563110560485e+01 4.180329916721703398e+01 2.135155356786448166e+01 6.137871946749013150e+05
8.805796645348495488e+00 6.706477020746798701e+01 4.194295256735171051e+01 2.167917814356536610e+01 6.204216070571555756e+05
8.884337235764643737e+00 6.758736922759852916e+01 4.233696963599974339e+01 2.197439797725174060e+01 6.261051094143014634e+05
8.962877812614589601e+00 6.794483591890966068e+01 4.246103210584485055e+01 2.220794013893807772e+01 6.270171392737714341e+05
9.041418376251867173e+00 6.812748176267712097e+01 4.214950104530623776e+01 2.270616389289773807e+01 6.381367991142311366e+05
9.119958927017840722e+00 6.836205931215182829e+01 4.210729599294954539e+01 2.290356662600937554e+01 6.384902200420652516e+05
9.198499465242209183e+00 6.897700755171052833e+01 4.242411586774638010e+01 2.320153274833580070e+01 6.474700101497517899e+05
9.277039991243508865e+00 6.924611990738152656e+01 4.253048589437511851e+01 2.349508708929592871e+01 6.490522842694845749e+05
9.355580505329580632e+00 7.009086807161489219e+01 4.279793790108838181e+01 2.386558507660610573e+01 6.569693676739400253e+05
9.434121007798012215e+00 6.954074042436641889e+01 4.222212926406632505e+01 2.404591132115103846e+01 6.576501941967908060e+05
9.512661498936562765e+00 7.007559140183963109e+01 4.256190512366893586e+01 2.446783009895195704e+01 6.643502705390835181e+05
9.591201979023569635e+00 7.045073916740541620e+01 4.265116243071893365e+01 2.472383038376191067e+01 6.700116414054877823e+05
9.669742448328321416e+00 7.081241567076340004e+01 4.258306796334769473e+01 2.511756155831725223e+01 6.756518041145907482e+05
9.748282907111432749e+00 7.121015943588591313e+01 4.299650785270084441e+01 2.536727750443163387e+01 6.810209401485042181e+05
9.826823355625185386e+00 7.133894871155268902e+01 4.259800860324845928e+01 2.569818984145203800e+01 6.840553339916014811e+05
9.905363794113858589e+00 7.198165216871767313e+01 4.285626265069679164e+01 2.607814254880855742e+01 6.922770285993686412e+05
9.983904222814045326e+00 7.209775264566184205e+01 4.278992353529717008e+01 2.647273560592049435e+01 6.993259324239707785e+05
1.006244464195495070e+01 7.240076143439148382e+01 4.283269327572027407e+01 2.676001359998766560e+01 7.005702544244668679e+05
1.014098505175868148e+01 7.271051324197787835e+01 4.282777578902879867e+01 2.694014231949659788e+01 7.074201459325515898e+05
1.021952545244051613e+01 7.318582977334342843e+01 4.306694998458991108e+01 2.735296712585073919e+01 7.121080082027682802e+05
1.029806584420916415e+01 7.326882029288860565e+01 4.280147494924735696e+01 2.765185431060904619e+01 7.170414869943421800e+05
1.037660622726701654e+01 7.352089829918652697e+01 4.287599034880140891e+01 2.794633802329257577e+01 7.219186412832505303e+05
1.045514660181038380e+01 7.363662092549779459e+01 4.283782652916380584e+01 2.820467084064659247e+01 7.265573283888397273e+05
1.053368696802971982e+01 7.414840857513524952e+01 4.315871332378515035e+01 2.863653356164040886e+01 7.266357915668539936e+05
1.061222732610984210e+01 7.472473620062331179e+01 4.299869576053553999e+01 2.921095471526531639e+01 7.438539837056888500e+05
1.069076767623013779e+01 7.505699124361635199e+01 4.322591444603529709e+01 2.932845667215178409e+01 7.440522528869333910e+05
1.076930801856475739e+01 7.500170522791523808e+01 4.298394358906917034e+01 2.952109385113933726e+01 7.485867701229767408e+05
1.084784835328281005e+01 7.549499042052107711e+01 4.313544425720657927e+01 2.994284754233225243e+01 7.528334690472446382e+05
1.092638868054854306e+01 7.579490511835108180e+01 4.307849290125168551e+01 3.039552318181250712e+01 7.587797661025787238e+05
1.100492900052151413e+01 7.569648847572959482e+01 4.302723964151163472e+01 3.057480479674591578e+01 7.636380768347301055e+05
1.108346931335675833e+01 7.653183727866016284e+01 4.325470683929084714e+01 3.096012724735365396e+01 7.699086651301392121e+05
1.116200961920494805e+01 7.669574775261601474e+01 4.322751814677335602e+01 3.145193443028366431e+01 7.753580466896527214e+05
1.124054991821254212e+01 7.696326113357757492e+01 4.334154229971881733e+01 3.168392028966979979e+01 7.797884000211777166e+05
1.131909021052193687e+01 7.751910241414191205e+01 4.340748212618473900e+01 3.208166252862825019e+01 7.870189675518316217e+05
1.139763049627160285e+01 7.756382825992822916e+01 4.331373986549012045e+01 3.239225638750026093e+01 7.899101521466927370e+05
1.147617077559622167e+01 7.786318846397179527e+01 4.322222881746750289e+01 3.274978887885657031e+01 7.992951103279438103e+05
1.155471104862680853e+01 7.850763048726018667e+01 4.339909572439016472e+01 3.319755002687779921e+01 8.045055406184622552e+05
1.163325131549084368e+01 7.824994790792365507e+01 4.321797004459806857e+01 3.357020160812199094e+01 8.057710109600715805e+05
1.171179157631238787e+01 7.863706784853444276e+01 4.319636102134364108e+01 3.384331111440761930e+01 8.123495482411752455e+05
1.179033183121219608e+01 7.908533012858956113e+01 4.345883736242154782e+01 3.403244995727781941e+01 8.174039797640606994e+05
1.186887208030782759e+01 7.913188673246932581e+01 4.331918429764640877e+01 3.437952165408160710e+01 8.192719824268434895e+05
1.194741232371374728e+01 7.911295418441864058e+01 4.322787172589278271e+01 3.492842790565264721e+01 8.276482028682035161e+05
1.202595256154143222e+01 7.972331172174374103e+01 4.333038209318392830e+01 3.519971949036543180e+01 8.318086720272138482e+05
1.210449279389946753e+01 8.013831787018510511e+01 4.325018194363498480e+01 3.565712721750521297e+01 8.397121910243562888e+05
1.218303302089363527e+01 8.023566651443437081e+01 4.335475672413533488e+01 3.580061397053587768e+01 8.432059788438404212e+05
1.226157324262700676e+01 8.100718371812520502e+01 4.354066986779162818e+01 3.638729427149507245e+01 8.516686356081697159e+05
1.234011345920003322e+01 8.077859714156375048e+01 4.338760214351107436e+01 3.667626050106994740e+01 8.530891137994788587e+05
1.241865367071062565e+01 8.106974749232244903e+01 4.330801661498519195e+01 3.700944587390875284e+01 8.574056969454113860e+05
1.249719387725422415e+01 8.180078583915081936e+01 4.356646242782834832e+01 3.744531361190600904e+01 8.658347431419175118e+05
1.257573407892389383e+01 8.159372810128972731e+01 4.323174581269848460e+01 3.769161471606408753e+01 8.724780764260996366e+05
1.265427427581038877e+01 8.190644052413185250e+01 4.338201134690430649e+01 3.793368924254792773e+01 8.729065677747945301e+05
1.273281446800221772e+01 8.213827355542868247e+01 4.307727871840197054e+01 3.864511170975188037e+01 8.819771012759830337e+05
1.281135465558572584e+01 8.276627270266456549e+01 4.347738302601055693e+01 3.897596650829341769e+01 8.909395875923170242e+05
1.288989483864514796e+01 8.268090955467371828e+01 4.335281182184382232e+01 3.922110195202984784e+01 8.911423816744805081e+05
1.296843501726268322e+01 8.281032837244295308e+01 4.331711211232877190e+01 3.952941702685134118e+01 8.975183188616529806e+05
1.304697519151855190e+01 8.284284836109959826e+01 4.312461691353012583e+01 3.984488891277628397e+01 8.998903714674599469e+05
1.312551536149104692e+01 8.358938760409725433e+01 4.306772743763565359e+01 4.058069139837228789e+01 9.137734308564926032e+05
1.320405552725660492e+01 8.389274790694830131e+01 4.332267757299551647e+01 4.075432542105961886e+01 9.185823272303106496e+05
1.328259568888985243e+01 8.446483924005922006e+01 4.332103705679219985e+01 4.137740573591605653e+01 9.242912897232023533e+05
1.336113584646366270e+01 8.469763708266616220e+01 4.332718775563731128e+01 4.150829691923114950e+01 9.264220312643080251e+05
1.343967600004920548e+01 8.458671135561836252e+01 4.330006485425095519e+01 4.178356582342127723e+01 9.333605614341445034e+05
1.351821614971599317e+01 8.516908369337369322e+01 4.325770442676572713e+01 4.236370731952564483e+01 9.420435638398036826e+05
1.359675629553193588e+01 8.502162605790182681e+01 4.327623987168464481e+01 4.264442691104500227e+01 9.422387021442897385e+05
1.367529643756338231e+01 8.535510025656957112e+01 4.336476456670686019e+01 4.300131733300756309e+01 9.496478114534536144e+05
1.375383657587516595e+01 8.563187066088993049e+01 4.330869759338686720e+01 4.359980876602866573e+01 9.555288012372642988e+05
1.383237671053064766e+01 8.584107617215929054e+01 4.335646089048412932e+01 4.379302903307403483e+01 9.567973350834643934e+05
1.391091684159175834e+01 8.648889314531739103e+01 4.325587998396871825e+01 4.430729396911342377e+01 9.658200369934480404e+05
1.398945696911903269e+01 8.647624748614950363e+01 4.335808433246632632e+01 4.474638726647653186e+01 9.738803904983203392e+05
1.406799709317166069e+01 8.655656269603814224e+01 4.316043062139611663e+01 4.506753121392593187e+01 9.786572332330422942e+05
1.414653721380751428e+01 8.706543974301145283e+01 4.323902134168546496e+01 4.552226681483544013e+01 9.879625101754191564e+05
1.422507733108318817e+01 8.735431492167560918e+01 4.310254898065235096e+01 4.598029781379240433e+01 9.908533840549754677e+05
1.430361744505403543e+01 8.787960030381964316e+01 4.333348877697996926e+01 4.635433452434418200e+01 1.000857911235523992e+06
1.438215755577419586e+01 8.779292074328225226e+01 4.323896744951639448e+01 4.674670581484092224e+01 1.002580052099773311e+06
1.446069766329663686e+01 8.835464532311500818e+01 4.338285680886425411e+01 4.726994052589780182e+01 1.013866964894395554e+06
1.453923776767318010e+01 8.830645420045325977e+01 4.322883876745900977e+01 4.758434932590234467e+01 1.015554053882624139e+06
1.461777786895453346e+01 8.866725386456329261e+01 4.331265648475167040e+01 4.816547435069475824e+01 1.021519414976136759e+06
1.469631796719032302e+01 8.916592978180605655e+01 4.322866882281898171e+01 4.849234872955764786e+01 1.030453328948362963e+06
1.477485806242911437e+01 8.889351290896688340e+01 4.329136837537926397e+01 4.856642760978040485e+01 1.030387449266907177e+06
1.485339815471844993e+01 8.937891046174203780e+01 4.334547529077165962e+01 4.905259646429169607e+01 1.040092204041629331e+06
1.493193824410487203e+01 8.974000802063609683e+01 4.328222208648647040e+01 4.954620978398182274e+01 1.046631442046021810e+06
1.501047833063394421e+01 9.025310021923212389e+01 4.324145110295733474e+01 5.028653210306740817e+01 1.058749445197134977e+06
1.508901841435028857e+01 9.029176384671082189e+01 4.320534300141530082e+01 5.033484949695063193e+01 1.057622559491804335e+06
1.516755849529759992e+01 9.032823026660221899e+01 4.329246225769318812e+01 5.088125970377943474e+01 1.063581810591333080e+06
1.524609857351867070e+01 9.116640543894467896e+01 4.319781593319875412e+01 5.143304660832151853e+01 1.075460902858377434e+06
1.532463864905541762e+01 9.132934954805382688e+01 4.343412645153026830e+01 5.187136039961152534e+01 1.077627579142888077e+06
1.540317872194890292e+01 9.152377123102684209e+01 4.328675534325540752e+01 5.236293079058354039e+01 1.084438955656706821e+06
1.548171879223935399e+01 9.177747870603043623e+01 4.340677905401559400e+01 5.273312978051713173e+01 1.092075257088347571e+06
1.556025885996618996e+01 9.230278891084505233e+01 4.327580375312348338e+01 5.323306096203396010e+01 1.099537062277034856e+06
1.563879892516803238e+01 9.220418527283152343e+01 4.316141630495999948e+01 5.367997735945328230e+01 1.105230401393592823e+06
1.571733898788273187e+01 9.230513637917034941e+01 4.328937824660947342e+01 5.394906361291219810e+01 1.109259496053104987e+06
1.579587904814739119e+01 9.252314085156913848e+01 4.327242307020362944e+01 5.444078275505903974e+01 1.113901821601595962e+06
1.587441910599837769e+01 9.342509940508065824e+01 4.331533535658157774e+01 5.501995043673288421e+01 1.126012342300680000e+06
1.595295916147133575e+01 9.382555203955878653e+01 4.331320646327752399e+01 5.547424231105320303e+01 1.137352473734432599e+06
1.603149921460121874e+01 9.392303058524520054e+01 4.347464604301472946e+01 5.578268319193512070e+01 1.136009094524032669e+06
1.611003926542229436e+01 9.417748576366231816e+01 4.347315436611487627e+01 5.634575563890911809e+01 1.146010430057199206e+06
1.618857931396816596e+01 9.473327415654047456e+01 4.344083231958398272e+01 5.694048993866995545e+01 1.156438634177932981e+06
1.626711936027179561e+01 9.463045496109435817e+01 4.339173802723675522e+01 5.723179161168712170e+01 1.161419856725095771e+06
1.634565940436549525e+01 9.565703472221512982e+01 4.353304422094611681e+01 5.793989655236131853e+01 1.171687624770801049e+06
1.642419944628097639e+01 9.567895417354276333e+01 4.349149253165337825e+01 5.836122368970376328e+01 1.178056608450737782e+06
1.650273948604932883e+01 9.555768837731818621e+01 4.350678277492642110e+01 5.864593839679334053e+01 1.182230991727782646e+06
1.658127952370107394e+01 9.630743344486025137e+01 4.352414961205943911e+01 5.939377423009726442e+01 1.192088003036466893e+06
1.665981955926614333e+01 9.645864059607932006e+01 4.360188180046624495e+01 5.973330299607385996e+01 1.195174571976904292e+06
1.673835959277390728e+01 9.664569615346907483e+01 4.346883040709320056e+01 6.036764705960905530e+01 1.209176770219130674e+06
1.681689962425318896e+01 9.716378609105757391e+01 4.356501830318998003e+01 6.076727877792156818e+01 1.213815903147431556e+06
1.689543965373228218e+01 9.761264120648711184e+01 4.352173073897200339e+01 6.136529056589314024e+01 1.220679091260792688e+06
1.697397968123895495e+01 9.755553124602946014e+01 4.360159099500476998e+01 6.182642943675893576e+01 1.228450270406759577e+06
1.705251970680045304e+01 9.855806770585327570e+01 4.382161725204524316e+01 6.253148459327758957e+01 1.239535954659166513e+06
1.713105973044353902e+01 9.862533780429517094e+01 4.380553147961381200e+01 6.279879852513047211e+01 1.245603924309537513e+06
1.720959975219447102e+01 9.890441013310386609e+01 4.374606617197063230e+01 6.345350354557199068e+01 1.253623581485416507e+06
1.728813977207903463e+01 9.924536311477164929e+01 4.380607424655946147e+01 6.371110614631052016e+01 1.259129987935659243e+06
1.736667979012256424e+01 9.960540668451299950e+01 4.389614623093181933e+01 6.435529824306733815e+01 1.267875840688349446e+06
1.744521980634991110e+01 1.001422730047029575e+02 4.389667345124264841e+01 6.503114969875791473e+01 1.280390021898382576e+06
1.752375982078550365e+01 1.001195868234085680e+02 4.401265349031537255e+01 6.531772319940846216e+01 1.283761833171608625e+06
1.760229983345331917e+01 1.005934365652976510e+02 4.415255770761620369e+01 6.583934044222542070e+01 1.288252620014138753e+06
1.768083984437692635e+01 1.010956768855697590e+02 4.409111822634432087e+01 6.662857857510779525e+01 1.303769714084286243e+06
1.775937985357945692e+01 1.018684757248081354e+02 4.415230475244435127e+01 6.724108381134935541e+01 1.311906589963909471e+06
1.783791986108364824e+01 1.019421080204933361e+02 4.427898675309810983e+01 6.782267877391397803e+01 1.320676877922261599e+06
1.791645986691183268e+01 1.024926393945525831e+02 4.436227515877829575e+01 6.837362767128301755e+01 1.330138240548569011e+06
1.799499987108595889e+01 1.028896948028761926e+02 4.452552053879620075e+01 6.885038360244806199e+01 1.334518175739676692e+06
1.807353987362759185e+01 1.033314574016277589e+02 4.456963972401887730e+01 6.929510141732335171e+01 1.347113599965255708e+06
1.815207987455791638e+01 1.034518992849331056e+02 4.464170006761730747e+01 6.987355455331844212e+01 1.352544465207409579e+06
1.823061987389775851e+01 1.039461266333958491e+02 4.464395506267169367e+01 7.044687627657803830e+01 1.359418999123253394e+06
1.830915987166758541e+01 1.046562791510669541e+02 4.481274556641911033e+01 7.111113082898040716e+01 1.372470753708229866e+06
1.838769986788751964e+01 1.050046704041622121e+02 4.477982526737208246e+01 7.167424060274296949e+01 1.380288047802341636e+06
1.846623986257733563e+01 1.053805571714084266e+02 4.497696317197468829e+01 7.212906535043315159e+01 1.389589159780433401e+06
1.854477985575647381e+01 1.056776840194915508e+02 4.511505195865890272e+01 7.249438012942123066e+01 1.398731786244416842e+06
1.862331984744404423e+01 1.062632001797758505e+02 4.507962385881511835e+01 7.332877261727772122e+01 1.411784052088374738e+06
1.870185983765884075e+01 1.071695645937990946e+02 4.535449536775499269e+01 7.401216236662696701e+01 1.420102243062019115e+06
1.878039982641934458e+01 1.074866030479658860e+02 4.540200402286338033e+01 7.455657448150981281e+01 1.433255549297192832e+06
1.885893981374372075e+01 1.081005714116263903e+02 4.555358136997186591e+01 7.533368652628500683e+01 1.444444078032759717e+06
1.893747979964983941e+01 1.087854760481138783e+02 4.570868644703952555e+01 7.606035773405866962e+01 1.452585422816552687e+06
1.901601978415527228e+01 1.089886544337637986e+02 4.572008490356805765e+01 7.658031539248388242e+01 1.461486302775733173e+06
1.909455976727730331e+01 1.097322305430811440e+02 4.588993160753848599e+01 7.699319206058818565e+01 1.471898054919652874e+06
1.917309974903293579e+01 1.100743377132929623e+02 4.589673558281019439e+01 7.795358044772875417e+01 1.487198738692858489e+06
1.925163972943889235e+01 1.101514727817839940e+02 4.608123412796236806e+01 7.830196324206586667e+01 1.489925201312565245e+06
1.933017970851161849e+01 1.114286816781406486e+02 4.628014638327509545e+01 7.937449958259504967e+01 1.502482494293705095e+06
1.940871968626730748e+01 1.115630076432136093e+02 4.639911534637481338e+01 7.961782271393407484e+01 1.519466020952267107e+06
1.948725966272188259e+01 1.125166799923174210e+02 4.664367777382905444e+01 8.046737216401369608e+01 1.533117491778542753e+06
1.956579963789100773e+01 1.126000073779082129e+02 4.664501388388799796e+01 8.105856799686608838e+01 1.537057650500893360e+06
1.964433961179010524e+01 1.135445271586068117e+02 4.693248151167441762e+01 8.168355342087335202e+01 1.550725580199767835e+06
1.972287958443434519e+01 1.140391386120982560e+02 4.687401438293886713e+01 8.277456021886705173e+01 1.562863135859877802e+06
1.980141955583865965e+01 1.146645242869787324e+02 4.715472219897191053e+01 8.327831779487321739e+01 1.572180243964846944e+06
1.987995952601774619e+01 1.151835495474332731e+02 4.726745172283288809e+01 8.399209036727701516e+01 1.583470985298166517e+06
1.995849949498606790e+01 1.161365193541955279e+02 4.767374014258658832e+01 8.482887528897390439e+01 1.595995123714533634e+06
2.003703946275786052e+01 1.164647866197866222e+02 4.782936221452435177e+01 8.518614857189589884e+01 1.606708114699954400e+06
2.011557942934713950e+01 1.172053083451102538e+02 4.799753116422184718e+01 8.603149452375096473e+01 1.619651987798030954e+06
2.019411939476770712e+01 1.174337650819164338e+02 4.807690331748205637e+01 8.658624860459552508e+01 1.623935571568477666e+06
2.027265935903314542e+01 1.176867388037066746e+02 4.801871826479110439e+01 8.714774951365551203e+01 1.639356831852506148e+06
2.035119932215682326e+01 1.181854436372925647e+02 4.823840940786840292e+01 8.774499882329305933e+01 1.647575201373311924e+06
2.042973928415191054e+01 1.184528506064469582e+02 4.804498973437539178e+01 8.855855636082686999e+01 1.655930583686772035e+06
2.050827924503137467e+01 1.188397049773555523e+02 4.842293429256534409e+01 8.882054209513825072e+01 1.662959260644160910e+06
2.058681920480798766e+01 1.188931749774263409e+02 4.820154710011793497e+01 8.944194824363844987e+01 1.668867079034529394e+06
2.066535916349431901e+01 1.191207653365419645e+02 4.818726718771258533e+01 8.988643172807286419e+01 1.678908155905210413e+06
2.074389912110275347e+01 1.196690454789807632e+02 4.832614906805135746e+01 9.077816091664475096e+01 1.688291863960325252e+06
2.082243907764548752e+01 1.199677078724805170e+02 4.832756858544554035e+01 9.105474129270673700e+01 1.700118155619708356e+06
2.090097903313453642e+01 1.203468430053450362e+02 4.833449166776727424e+01 9.184150442326433961e+01 1.709336553955526557e+06
2.097951898758173783e+01 1.207439201024282482e+02 4.844112685995918355e+01 9.245583564151442602e+01 1.716635230011554435e+06
2.105805894099874109e+01 1.209833773859666479e+02 4.853103934711013068e+01 9.266765847984444804e+01 1.721889278931509936e+06
2.113659889339703568e+01 1.213651106389369403e+02 4.841903348030184162e+01 9.341041131991769930e+01 1.731341597176535986e+06
2.121513884478793344e+01 1.215891878741407623e+02 4.852690993437025924e+01 9.418677703453155914e+01 1.741965180594844511e+06
2.129367879518258277e+01 1.219652286337824165e+02 4.869871990737719614e+01 9.483495712177396797e+01 1.751511585340202088e+06
2.137221874459196869e+01 1.223622502891592490e+02 4.864114454754557926e+01 9.524219155076967525e+01 1.761248263783946866e+06
2.145075869302691274e+01 1.224845240249393044e+02 4.869640639402933147e+01 9.584769062995945887e+01 1.773636182719813194e+06
2.152929864049807307e+01 1.231486708047410588e+02 4.871890538154622874e+01 9.657735365459998889e+01 1.782318771876397077e+06
2.160783858701596571e+01 1.230219147308765599e+02 4.891145306491846867e+01 9.707069983378086420e+01 1.787598722586873220e+06
2.168637853259094683e+01 1.236636036732133164e+02 4.893170386878785649e+01 9.781300144060270441e+01 1.802336437664904865e+06
2.176491847723321982e+01 1.236745588835230478e+02 4.906921566363666898e+01 9.847188945053891018e+01 1.810410407695327187e+06
2.184345842095285306e+01 1.244815114719569493e+02 4.909947633119001154e+01 9.906512610792400153e+01 1.822234510513796471e+06
2.192199836375975508e+01 1.247686855015982132e+02 4.902154430203229651e+01 9.977875839928741186e+01 1.832392779693144606e+06
2.200053830566371005e+01 1.250495594060244429e+02 4.921941511305384154e+01 1.004755930092564142e+02 1.840163380456303945e+06
2.207907824667434582e+01 1.254021653727201482e+02 4.919146827766748942e+01 1.010460777464990940e+02 1.854027599472670350e+06
2.215761818680116590e+01 1.258381609765139615e+02 4.931137651038063296e+01 1.017111469760714755e+02 1.861949365339519223e+06
2.223615812605353526e+01 1.259133747022236065e+02 4.953922134152996648e+01 1.022551403104755536e+02 1.872618300294140354e+06
2.231469806444068738e+01 1.263913475311820207e+02 4.946397737058064337e+01 1.031784226145275056e+02 1.884308389255726244e+06
2.239323800197172432e+01 1.267357504661728598e+02 4.939424608660862503e+01 1.035955139630040236e+02 1.894478467207758455e+06
2.247177793865562023e+01 1.269984686591956944e+02 4.961683311324536305e+01 1.041525783166206622e+02 1.901600739190119086e+06
2.255031787450123204e+01 1.276863196397550126e+02 4.969672932725345760e+01 1.051725110938043031e+02 1.911077549314386910e+06
2.262885780951728165e+01 1.277902170664402206e+02 4.978679158291043194e+01 1.053654219409148851e+02 1.919786618674609577e+06
2.270739774371238440e+01 1.282537114342509597e+02 4.992596441025168019e+01 1.060773880609091435e+02 1.934216379146340536e+06
2.278593767709502771e+01 1.288499139600176591e+02 4.984563447102276967e+01 1.069506589021682572e+02 1.944867629954804434e+06
2.286447760967358178e+01 1.288078035379969890e+02 5.008729766829226548e+01 1.076767775425699085e+02 1.954297216291197576e+06
2.294301754145629957e+01 1.298343695716709760e+02 4.999439839372104188e+01 1.084485129623169684e+02 1.968676366750562098e+06
2.302155747245133455e+01 1.299704995427664187e+02 5.029632874404189380e+01 1.090779749727934416e+02 1.977862806664992357e+06
2.310009740266672296e+01 1.306886686574026157e+02 5.037876524642818765e+01 1.097441625762580060e+02 1.990706460128595820e+06
2.317863733211038380e+01 1.306176636420179307e+02 5.050759526340615935e+01 1.105544919685693515e+02 1.997457108395181829e+06
2.325717726079013303e+01 1.305981936638111733e+02 5.052986156660078620e+01 1.106251514224384351e+02 2.005615528813708108e+06
2.333571718871368716e+01 1.318446520364085472e+02 5.058734269780132564e+01 1.119151838129430843e+02 2.022897719730210491e+06
2.341425711588865965e+01 1.319671982328538036e+02 5.086525425801018940e+01 1.124460337326757866e+02 2.035981945344412467e+06
2.349279704232255384e+01 1.325435590989762886e+02 5.091361971524428753e+01 1.134129606022149233e+02 2.048388069293329725e+06
2.357133696802278067e+01 1.330114783905086711e+02 5.111513850998590414e+01 1.142996766428647959e+02 2.057583877354888013e+06
2.364987689299664453e+01 1.335506273592684465e+02 5.108456046010135054e+01 1.145958574254570550e+02 2.070550079558550846e+06
2.372841681725136453e+01 1.335627231176514158e+02 5.110069170809948957e+01 1.152409017502624806e+02 2.075342500726027414e+06
2.380695674079405322e+01 1.340908281615681972e+02 5.120609755321040524e+01 1.161538873758907329e+02 2.086460888101281598e+06
2.388549666363174140e+01 1.347367283755694984e+02 5.157769420568128282e+01 1.167768323789864695e+02 2.103977601942175534e+06
2.396403658577134976e+01 1.353458933313435466e+02 5.163604338234791413e+01 1.178024957817668366e+02 2.116395366644229274e+06
2.404257650721972439e+01 1.359447605500924112e+02 5.168143121948197205e+01 1.183019494062166928e+02 2.130530974362044130e+06
2.412111642798362254e+01 1.355441739677725934e+02 5.177478684110674578e+01 1.190853950051993877e+02 2.140118674649460707e+06
2.419965634806970556e+01 1.366740256013743249e+02 5.198408134991816354e+01 1.198420096971153015e+02 2.147313157438128255e+06
2.427819626748454596e+01 1.371828751433857860e+02 5.222396762727107955e+01 1.207563928168721645e+02 2.157863254682767205e+06
2.435673618623464520e+01 1.372294444042129840e+02 5.208722389603958902e+01 1.211368318872420389e+02 2.167823335778118577e+06
2.443527610432640529e+01 1.377864143925289966e+02 5.249580426670190292e+01 1.220905122853660600e+02 2.181989246349894442e+06
2.451381602176616425e+01 1.384765753355841582e+02 5.252157699851684214e+01 1.229940907549808315e+02 2.204269757803760469e+06
2.459235593856016067e+01 1.390113736676017311e+02 5.276165008823767977e+01 1.235958357552585909e+02 2.213624897451004013e+06
2.467089585471456203e+01 1.397393269548410331e+02 5.301835737283933980e+01 1.248030698312388580e+02 2.220682923585400917e+06
2.474943577023546126e+01 1.397395707216330436e+02 5.297303865633503506e+01 1.252161302779685883e+02 2.235098736754788551e+06
2.482797568512887310e+01 1.402544171526512002e+02 5.301258844568964435e+01 1.258705297361719175e+02 2.248741725873881485e+06
2.490651559940072346e+01 1.411117281398883847e+02 5.328759929360790437e+01 1.269954679296482567e+02 2.258977200289455242e+06
2.498505551305688144e+01 1.414609180053190585e+02 5.328012461807641387e+01 1.278170213519144340e+02 2.274010759031230118e+06
2.506359542610313440e+01 1.421027296874011654e+02 5.360262257101136640e+01 1.284283724718912367e+02 2.290875542345342226e+06
2.514213533854519511e+01 1.426796223640020287e+02 5.380955596910842331e+01 1.294910528560074567e+02 2.300414397288976237e+06
2.522067525038871239e+01 1.433730231926060696e+02 5.376342759101387969e+01 1.307675875538141099e+02 2.318267564617510419e+06
2.529921516163925688e+01 1.434113408720146765e+02 5.399734713489836935e+01 1.311227088074423932e+02 2.325041320234355517e+06
2.537775507230233529e+01 1.446405083851139750e+02 5.414046803065804880e+01 1.321953007044251933e+02 2.341862720898992382e+06
2.545629498238338684e+01 1.452920195131868866e+02 5.441839905719027115e+01 1.329622789501171098e+02 2.351285639926132280e+06
2.553483489188777966e+01 1.458352186079905550e+02 5.464664724483871794e+01 1.335139526149496305e+02 2.364910584389197640e+06
2.561337480082082152e+01 1.457415515384044511e+02 5.483676768507878307e+01 1.341781105974820889e+02 2.376283685257799458e+06
2.569191470918774911e+01 1.466104913270341683e+02 5.477094623085475433e+01 1.355770478899016780e+02 2.397873001006782521e+06
2.577045461699373874e+01 1.474116145995622560e+02 5.494762892078715311e+01 1.361482994970702123e+02 2.413297551299157087e+06
2.584899452424390631e+01 1.478705898725080772e+02 5.504627607829736036e+01 1.371248452083650022e+02 2.426959491629965603e+06
2.592753443094329668e+01 1.487251779367218774e+02 5.524395391597229121e+01 1.382597990202752101e+02 2.444192233900795225e+06
2.600607433709690852e+01 1.490068038361243907e+02 5.551853352222878613e+01 1.390673500235480446e+02 2.456071797184305731e+06
2.608461424270966944e+01 1.498266592419013818e+02 5.574045635956861844e+01 1.399444105368389444e+02 2.466894045197923202e+06
2.616315414778644310e+01 1.502616699318820395e+02 5.604616995102141175e+01 1.407578127976664462e+02 2.485445987515391316e+06
2.624169405233205055e+01 1.509039872292720759e+02 5.604168201692753115e+01 1.418251887039072017e+02 2.502959083061081823e+06
2.632023395635124174e+01 1.517724651681025705e+02 5.657333993960723717e+01 1.425440349562805125e+02 2.519600276916630566e+06
2.639877385984871694e+01 1.514632811645836910e+02 5.633222927346798059e+01 1.431797585110704176e+02 2.524888239751494490e+06
2.647731376282911953e+01 1.529080951108864781e+02 5.673822199333793748e+01 1.445883183811117476e+02 2.551077433027607389e+06
2.655585366529703606e+01 1.527246832527231390e+02 5.685580442816733893e+01 1.447779577005551914e+02 2.544920334221288562e+06
2.663439356725699980e+01 1.539261354379618183e+02 5.732873563351559199e+01 1.461232418340263166e+02 2.579664881752900779e+06
2.671293346871349428e+01 1.547562194005215019e+02 5.770044883025978777e+01 1.467575972135899747e+02 2.597664891144596506e+06
2.679147336967094617e+01 1.553423247672114371e+02 5.751098081331021206e+01 1.479597844312536949e+02 2.612631509071110282e+06
2.687001327013372531e+01 1.556389809911607642e+02 5.782260004462924030e+01 1.493001937116431463e+02 2.632840328348662704e+06
2.694855317010616602e+01 1.558711171909699260e+02 5.795143204401061610e+01 1.492771122678596498e+02 2.641346699673776515e+06
2.702709306959254221e+01 1.573976151347679604e+02 5.833694561351905605e+01 1.511788242655030103e+02 2.664151151895233896e+06
2.710563296859707094e+01 1.582842081833890404e+02 5.878612668904180794e+01 1.523363824092617733e+02 2.681973789098911453e+06
2.718417286712393377e+01 1.587258453292247964e+02 5.868812713537332826e+01 1.532384433129707872e+02 2.692823038059076760e+06
2.726271276517725894e+01 1.583581319295479091e+02 5.894003783484186698e+01 1.533892543722734843e+02 2.682918415593264159e+06
2.734125266276112498e+01 1.594361483333447893e+02 5.899964675464285335e+01 1.544879763212073840e+02 2.720337832444416825e+06
2.741979255987956776e+01 1.605497051095250072e+02 5.909611083373733464e+01 1.560119639972510299e+02 2.737592381595768034e+06
2.749833245653658054e+01 1.601976768396901321e+02 5.929415852433955791e+01 1.558336886423943213e+02 2.735238387953012716e+06
2.757687235273609616e+01 1.611780119141886871e+02 5.956616805599411890e+01 1.569126301100658623e+02 2.769695482685645577e+06
2.765541224848202262e+01 1.610393645833462131e+02 5.963747319874973840e+01 1.577376413229663683e+02 2.772245134079400916e+06
2.773395214377820395e+01 1.622163182715016490e+02 6.004832575770360137e+01 1.594770066122494256e+02 2.788844889371559490e+06
2.781249203862845576e+01 1.636297425268009249e+02 6.023419093301973959e+01 1.603802244006293165e+02 2.813066070243125316e+06
2.789103193303654038e+01 1.633620897109692010e+02 6.048275844433605641e+01 1.606575116208979637e+02 2.826037068701928947e+06
2.796957182700618816e+01 1.645982465369518479e+02 6.056987005828840864e+01 1.628586076606443953e+02 2.849277526942158584e+06
2.804811172054107615e+01 1.642226354978650988e+02 6.066098849423403294e+01 1.622657358729185830e+02 2.842680910990705248e+06
2.812665161364485655e+01 1.640747921353291474e+02 6.105279782581782655e+01 1.626323247130283676e+02 2.856458700683566276e+06
2.820519150632112115e+01 1.645043338325167497e+02 6.093386621191433505e+01 1.639485954263034273e+02 2.879782643275340553e+06
2.828373139857343332e+01 1.654400133582868193e+02 6.130867243785686327e+01 1.647258066173218083e+02 2.901369529724702239e+06
2.836227129040531736e+01 1.657419249878779794e+02 6.127156070304725688e+01 1.656306292492704983e+02 2.899864630784925539e+06
2.844081118182025847e+01 1.657788659456119262e+02 6.117282004757605307e+01 1.659667532377354178e+02 2.911048066775818821e+06
2.851935107282169923e+01 1.669662923115932074e+02 6.115831586720288016e+01 1.676385520645267775e+02 2.935632045639095828e+06
2.859789096341304315e+01 1.667872253030086256e+02 6.160166050583134023e+01 1.682047981828235095e+02 2.951723656914492603e+06
2.867643085359765820e+01 1.661352174906893424e+02 6.159266582357614084e+01 1.683227809974649460e+02 2.970341989885879681e+06
2.875497074337888392e+01 1.671165550507697333e+02 6.169683861622453946e+01 1.703731048432124169e+02 2.964133486943398137e+06
2.883351063276001369e+01 1.676729259136487826e+02 6.200465181333740361e+01 1.700405077071910398e+02 3.000256051873497199e+06
2.891205052174430890e+01 1.680598137611480922e+02 6.166509447712479641e+01 1.718409550461653623e+02 3.018187667379151098e+06
2.899059041033499184e+01 1.673916340095297244e+02 6.242393464476580078e+01 1.722053477000242765e+02 3.003539674620544538e+06
2.906913029853525643e+01 1.678334494142794142e+02 6.267679772139283045e+01 1.722890863708527434e+02 3.010083071323466487e+06
2.914767018634825746e+01 1.687759260608323189e+02 6.260564202621677765e+01 1.737549868463039502e+02 3.020767909887430258e+06
2.922621007377712132e+01 1.683833991689668039e+02 6.253979971017530914e+01 1.737746365159831328e+02 3.035201784492117353e+06
2.930474996082492822e+01 1.698845549639992214e+02 6.309980230104134336e+01 1.754462320556564237e+02 3.065649900016064290e+06
2.938328984749474060e+01 1.694642506564819655e+02 6.310577965745764573e+01 1.753969597464098342e+02 3.065425516451004893e+06
2.946182973378957826e+01 1.691467092949683604e+02 6.308400142113571007e+01 1.765889769347474214e+02 3.089746034945961554e+06
2.954036961971243258e+01 1.707917273050697986e+02 6.322593821669019576e+01 1.776942783976116971e+02 3.110394489576412831e+06
2.961890950526625943e+01 1.711021281856646965e+02 6.405508156277021214e+01 1.795343600491836469e+02 3.114850689971343614e+06
2.969744939045398979e+01 1.725483224409564968e+02 6.394173200313737482e+01 1.811421224826631828e+02 3.134433392327820882e+06
2.977598927527852268e+01 1.721571906862217247e+02 6.422720211097920640e+01 1.816093500199853850e+02 3.150013206808744464e+06
2.985452915974272159e+01 1.745232690919435470e+02 6.428939840278880524e+01 1.827973979525541779e+02 3.195180611362334341e+06
2.993306904384942868e+01 1.740006952599371459e+02 6.500606865248813904e+01 1.836134075775071324e+02 3.187802944563907105e+06
3.001160892760143994e+01 1.758047266863159734e+02 6.496365019702103893e+01 1.849886795837718410e+02 3.197692226874235086e+06
3.009014881100154071e+01 1.766387153568616952e+02 6.567963451970608446e+01 1.869797954339913417e+02 3.220037668479607906e+06
3.016868869405248077e+01 1.773511211260651521e+02 6.543360955815252566e+01 1.881913391561137985e+02 3.251790080480293836e+06
3.024722857675697441e+01 1.756314127224690651e+02 6.513913886205989456e+01 1.863369875198245609e+02 3.211431333004020620e+06
3.032576845911771457e+01 1.767694773755568463e+02 6.614779701926391908e+01 1.882286657298008095e+02 3.267099241330884397e+06
3.040430834113736580e+01 1.792329876017587083e+02 6.575128023947614508e+01 1.903433659603717558e+02 3.309402913315213285e+06
3.048284822281856421e+01 1.782214164318748999e+02 6.653446976494163323e+01 1.915715455669374592e+02 3.299592281002074014e+06
3.056138810416392460e+01 1.793307332672980863e+02 6.644236346269185844e+01 1.918276350383829367e+02 3.349459315393597353e+06
3.063992798517602267e+01 1.801657413515628718e+02 6.741734870231032062e+01 1.917531082439467696e+02 3.337132809973632917e+06
3.071846786585741640e+01 1.808986521619320911e+02 6.685719533918246782e+01 1.944620007440512097e+02 3.354853260294537060e+06
3.079700774621063886e+01 1.818939025604068149e+02 6.749023030041666971e+01 1.952064834869182448e+02 3.375746135569864418e+06
3.087554762623818760e+01 1.830393687798574263e+02 6.762983512945126563e+01 1.965845372665611706e+02 3.397755214568427298e+06
3.095408750594254599e+01 1.824488920302868848e+02 6.854040811247843124e+01 1.981046789465013660e+02 3.404537408501331694e+06
3.103262738532617249e+01 1.851007501562476421e+02 6.863533552346011390e+01 1.986649905266389169e+02 3.451145718580179382e+06
3.111116726439149005e+01 1.843834368096171659e+02 6.817913871896199396e+01 2.001960352303325976e+02 3.423865136080188211e+06
3.118970714314090387e+01 1.867014068577489354e+02 6.880023663546425894e+01 2.021479511150315034e+02 3.498559415654867422e+06
3.126824702157679781e+01 1.864610140299664351e+02 6.923029492067404078e+01 2.036382203155816626e+02 3.526263571373793297e+06
3.134678689970152377e+01 1.860513804902639663e+02 7.012215842838280366e+01 2.019023124120369346e+02 3.507911162138794549e+06
3.142532677751741588e+01 1.875571337432774897e+02 7.048271769890695282e+01 2.051430979179271219e+02 3.542621901731967460e+06
3.150386665502678696e+01 1.883469292040283563e+02 6.946769809217359182e+01 2.048039373869565907e+02 3.576297515510981902e+06
3.158240653223192140e+01 1.904478626680087814e+02 7.077315481979246670e+01 2.090531156025951134e+02 3.597841440899032634e+06
3.166094640913508229e+01 1.905167981774056614e+02 7.145939462872084391e+01 2.106179001840166904e+02 3.570357782984205987e+06
3.173948628573851494e+01 1.939039632550349666e+02 7.151826101219508303e+01 2.133001511129247660e+02 3.621614246517118998e+06
3.181802616204443623e+01 1.945506934556768499e+02 7.137582211557858614e+01 2.120802748140109486e+02 3.628587618158863857e+06
3.189656603805504531e+01 1.930579242443920691e+02 7.224866151861583319e+01 2.129137208150243623e+02 3.594282248044718523e+06
3.197510591377251998e+01 1.957274170629482342e+02 7.362972440065871638e+01 2.156248181572336478e+02 3.622885437815872021e+06
3.205364578919900964e+01 1.964918596729313265e+02 7.315631470929052682e+01 2.197441686467633701e+02 3.678975045651026536e+06
3.213218566433665302e+01 1.960039739251571405e+02 7.267601806336531922e+01 2.161873147732487723e+02 3.685736234703599475e+06
3.221072553918755688e+01 1.987146460776241383e+02 7.536454298314525602e+01 2.186379599858452991e+02 3.752204868585306685e+06
3.228926541375382442e+01 1.962530811716295887e+02 7.345347800213862399e+01 2.157731271562583686e+02 3.712799885601647664e+06
3.236780528803751622e+01 2.002564106694540271e+02 7.372048163134006415e+01 2.185889087566371245e+02 3.788771750023246743e+06
3.244634516204068575e+01 1.976959349044124963e+02 7.560913536079851838e+01 2.182097326981645722e+02 3.760026350632607006e+06
3.252488503576537227e+01 1.983117086095113279e+02 7.649319234294317482e+01 2.208800474449923570e+02 3.756421517440415919e+06
3.260342490921358660e+01 2.007893676377636041e+02 7.672206340569159977e+01 2.234580862128007368e+02 3.835935195781724527e+06
3.268196478238731828e+01 2.077064040650448362e+02 7.638930662097392599e+01 2.254246616051367482e+02 3.879983698102049995e+06
3.276050465528854261e+01 2.046866947949131657e+02 7.562859277272832514e+01 2.262736087263487263e+02 3.904253250393101014e+06
3.283904452791921358e+01 2.020500415849342914e+02 7.867075444597216460e+01 2.261049085868963289e+02 3.805187816093574278e+06
3.291758440028127097e+01 2.081970025071398425e+02 7.877835537744178396e+01 2.309680314773188456e+02 3.930377111664708238e+06
3.299612427237663326e+01 2.098804829642758136e+02 7.775464397792875104e+01 2.295755572361572092e+02 3.937094538773793261e+06
3.307466414420719758e+01 2.078252719516950435e+02 7.923242582489380936e+01 2.296447226600335227e+02 3.897120082689841278e+06
3.315320401577483977e+01 2.084795565545992986e+02 8.100703550550792897e+01 2.345095282267369328e+02 3.935686539873136207e+06
3.323174388708143567e+01 2.177220075416114184e+02 8.077242676883258810e+01 2.400040778694159371e+02 4.167324789270909503e+06
3.331028375812883269e+01 2.116715471442620355e+02 8.101882175641503636e+01 2.427610901398876990e+02 4.064220757114863954e+06
3.338882362891884981e+01 2.170249089305955579e+02 8.053361267374202725e+01 2.389177476269509555e+02 4.133638268595139496e+06
3.346736349945329891e+01 2.145246950641768251e+02 8.117281509665818362e+01 2.407786853475408577e+02 4.214881617955668829e+06
3.354590336973399189e+01 2.115254363930961006e+02 8.064391358693791290e+01 2.390076524846863322e+02 4.072426445362058468e+06
3.362444323976268379e+01 2.208502440602244974e+02 8.290753905820531600e+01 2.523626024351713397e+02 4.316884601586477831e+06
3.370298310954115806e+01 2.174614643128189186e+02 8.759303984887424122e+01 2.450078940117286379e+02 4.148630774344632402e+06
3.378152297907114132e+01 2.315567232969372071e+02 8.131765404517595641e+01 2.453162686458798873e+02 4.270387090664449148e+06
3.386006284835436730e+01 2.270513437381231654e+02 7.996037471303218069e+01 2.455495319154960896e+02 4.446301169903221540e+06
3.393860271739255552e+01 2.304042300854297025e+02 8.301366422799286227e+01 2.511623111581989463e+02 4.304872210775432177e+06
3.401714258618739706e+01 2.164457594598329990e+02 7.793707848513705017e+01 2.473654161109690222e+02 4.185308844270595349e+06
3.409568245474058301e+01 2.350603549456390056e+02 8.533369943054809426e+01 2.553894349734791547e+02 4.360587948841655627e+06
3.417422232305376895e+01 2.309313323394395354e+02 8.578716066320281186e+01 2.497563963083595411e+02 4.315179062384732068e+06
3.425276219112861043e+01 2.380214618091375200e+02 8.625409353803037504e+01 2.557929354122667576e+02 4.691255063401683234e+06
3.433130205896674880e+01 2.558125713032835620e+02 9.006305599101716552e+01 3.013858090786058028e+02 4.716169315373174846e+06
3.440984192656979701e+01 2.421967583638534620e+02 8.883128478000821815e+01 2.662233860094974602e+02 4.588319338790887035e+06
3.448838179393936088e+01 2.175515852521860722e+02 8.658033402285171576e+01 2.502627503899670671e+02 4.486222973620230332e+06
3.456692166107702491e+01 2.435801363351278042e+02 9.191225792213009527e+01 2.570959283836140798e+02 4.204247058267556131e+06
3.464546152798438072e+01 2.298430986934256737e+02 9.092428005694327453e+01 2.284595968207120507e+02 4.393332923505507410e+06
3.472400139466299152e+01 2.416879648614315954e+02 8.343688050493153696e+01 2.635380521183353153e+02 4.264929356950978749e+06
