# 0.4476 0.482
7.871241428633635184e-02 1.553076911670863591e+00 1.801713001421696214e+00 1.346924902604655638e-02 2.633546033098503813e+03
1.618072713909662341e-01 3.534520863500506760e+00 4.453798668923601767e+00 7.003781795563776558e-02 1.058357340800862403e+04
2.418771330418761079e-01 3.866558085002037792e+00 4.833879643893016720e+00 9.243119750022001091e-02 1.460182157234553415e+04
3.211923215201240578e-01 5.029209620757873367e+00 6.630012010868597372e+00 1.999717014422457695e-01 2.804724141416072234e+04
4.002017901256537113e-01 5.847194108083906272e+00 8.073316118764552130e+00 2.988455900850689462e-01 4.011662481214165018e+04
4.790568272527075955e-01 6.327944908653704736e+00 8.362080620183334645e+00 3.087122273124098260e-01 3.917806164964248455e+04
5.578229290343351687e-01 7.740572604104232646e+00 1.044278835563481067e+01 4.571843901946303079e-01 5.817049284412168345e+04
6.365331115321660738e-01 9.940062181939223862e+00 1.309864380345529256e+01 5.273472448529846757e-01 6.214854715830430359e+04
7.152058371535838788e-01 1.185330398111936034e+01 1.492167828300971344e+01 6.085169384280882943e-01 7.212243967275986506e+04
7.938522421846891941e-01 1.224729079589383218e+01 1.511642497216384662e+01 6.759148651990910528e-01 7.346424457030413032e+04
8.724794443688169698e-01 1.474864320480285329e+01 1.758436470508860694e+01 7.716291256184479863e-01 8.163210052536199510e+04
9.510922062407737299e-01 1.847468431954858659e+01 2.169657455054704087e+01 8.740412259364295222e-01 8.979296468060872576e+04
1.029693835175838679e+00 1.906324206616385908e+01 2.211081555285724676e+01 9.595642986567701760e-01 9.300382727648424043e+04
1.108286699878543891e+00 2.161135494808070945e+01 2.459442491360108463e+01 1.063027392621576084e+00 9.897985778328923334e+04
1.186872541411916560e+00 2.395320803627540940e+01 2.672523819648479204e+01 1.119970778441974346e+00 1.043060098652547167e+05
1.265452668213572940e+00 2.576265106616108014e+01 2.791982271239075786e+01 1.183315483758760056e+00 1.094746488487195893e+05
1.344028082638708543e+00 2.800060613187979186e+01 3.024359373904621151e+01 1.340617679013609287e+00 1.185746833207716991e+05
1.422599565533279709e+00 2.872158222406746120e+01 3.039573428499216234e+01 1.390670478910524865e+00 1.200218470590401266e+05
1.501167734229200246e+00 3.239520096575311925e+01 3.392388313707522940e+01 1.551112899172734982e+00 1.265054284841354965e+05
1.579733083222462531e+00 3.305261376058830081e+01 3.403887041010572290e+01 1.687143126586480912e+00 1.375548878690347192e+05
1.658296013281593151e+00 3.439120168451175630e+01 3.499359703761972185e+01 1.749383120164887284e+00 1.382533865583380975e+05
1.736856852652245875e+00 3.565647573725443209e+01 3.575423199798284202e+01 1.895481359198339044e+00 1.420964491978323204e+05
1.815415872753641580e+00 3.641246784245945634e+01 3.613229635298144160e+01 1.929001478810770775e+00 1.457130459863801952e+05
1.893973299967037560e+00 3.815492122167636069e+01 3.741509146711418055e+01 2.103783918831771516e+00 1.545771710640447563e+05
1.972529324606241641e+00 3.784214806977045953e+01 3.666954772753500436e+01 2.229095358529916027e+00 1.604531574281630747e+05
2.051084107826015579e+00 3.834262073143614202e+01 3.698538709476632391e+01 2.334174671448226324e+00 1.659183496652835165e+05
2.129637787001040561e+00 3.892186714686592808e+01 3.674159345320273218e+01 2.558321106089163521e+00 1.767947155962501711e+05
2.208190479956450680e+00 3.880044915989246590e+01 3.636376068135307094e+01 2.674199248207469903e+00 1.795738591312585631e+05
2.286742288326184092e+00 3.984552845483855066e+01 3.720251409324774983e+01 2.692102950184539711e+00 1.805623132273122610e+05
2.365293300241981811e+00 3.949303594329853695e+01 3.697900812691057126e+01 2.790513471180780414e+00 1.795389822256829357e+05
2.443843592503681883e+00 3.995158294818170930e+01 3.644074312560722717e+01 2.943753772136443292e+00 1.886783185457217915e+05
2.522393232343909553e+00 4.013147234615240677e+01 3.610936080804361836e+01 3.134251242528834247e+00 1.972012811722015322e+05
2.600942278872942381e+00 4.031173762089270696e+01 3.606222551109451757e+01 3.365729185431893367e+00 2.069469543070967484e+05
2.679490784269383141e+00 4.083552758202117872e+01 3.635876774113440035e+01 3.430370016620430729e+00 2.076270999610151048e+05
2.758038794767343038e+00 4.159265502344309340e+01 3.657982525279766151e+01 3.597566114068750487e+00 2.155088143815666263e+05
2.836586351479573942e+00 4.113894687899178848e+01 3.565173249694509394e+01 3.875226918180526336e+00 2.248862761896112643e+05
2.915133491087511963e+00 4.184770723647014279e+01 3.637042662241726987e+01 3.897625779619390052e+00 2.228238537464097899e+05
2.993680246422668834e+00 4.211788413507727569e+01 3.669263015547263507e+01 4.066874395637652739e+00 2.259149119003795786e+05
3.072226646958827967e+00 4.245827908822445096e+01 3.629552354704060235e+01 4.322126776875301779e+00 2.378955815768516331e+05
3.150772719230606977e+00 4.350917989681582299e+01 3.694286533469795586e+01 4.453958451928319739e+00 2.407532553920196369e+05
3.229318487190934395e+00 4.324703768051814734e+01 3.678074430645093429e+01 4.496470010315146482e+00 2.404439805299016880e+05
3.307863972517584905e+00 4.410537012943267143e+01 3.742922124462484135e+01 4.666639198531757238e+00 2.458616149563263461e+05
3.386409194877053608e+00 4.474117552357588323e+01 3.759920377650821166e+01 4.883091331952445380e+00 2.541098710792004422e+05
3.464954172152534095e+00 4.527773575901535708e+01 3.797123323047183874e+01 5.075861450457012758e+00 2.607382400347256626e+05
3.543498920641575456e+00 4.515010051289846160e+01 3.745632654841907794e+01 5.293322759878262396e+00 2.667252506166975363e+05
3.622043455228019404e+00 4.642650937895464835e+01 3.833905310949680967e+01 5.430864829913470970e+00 2.724249468292965903e+05
3.700587789532037597e+00 4.637447142178818638e+01 3.817989887361829915e+01 5.656001347127845413e+00 2.776509512688798713e+05
3.779131936041457696e+00 4.673311397265196376e+01 3.848846859450853231e+01 5.821562739435660383e+00 2.789614635504878825e+05
3.857675906227046259e+00 4.712078095065587746e+01 3.875744242550566554e+01 5.948594403710781187e+00 2.821517091883579269e+05
3.936219710643986680e+00 4.787388026931692764e+01 3.908801371145761294e+01 6.147189903272349376e+00 2.932891460457823705e+05
4.014763359021444877e+00 4.806160764226367377e+01 3.878522390757145644e+01 6.372812584333901853e+00 2.937318192688373383e+05
4.093306860341824560e+00 4.835885220745005597e+01 3.886112920194690901e+01 6.581767785130475445e+00 3.033459967850654502e+05
4.171850222911064776e+00 4.789477788848940776e+01 3.853806977743182216e+01 6.757251467963940605e+00 3.051183841895127553e+05
4.250393454421145911e+00 4.856235254923003453e+01 3.916564935779198464e+01 6.874356920614859590e+00 3.059785147217674530e+05
4.328936562005788247e+00 4.994813745067948929e+01 3.973027053488916494e+01 7.135316844262043823e+00 3.165185903869725880e+05
4.407479552290201497e+00 5.003750351002509689e+01 3.985467435678355486e+01 7.403142249500437977e+00 3.213009438797478215e+05
4.486022431435594982e+00 4.983855710409603290e+01 3.972152990981173559e+01 7.546160342188819037e+00 3.213406941246200586e+05
4.564565205179107465e+00 5.072676368107081402e+01 4.003995605142914371e+01 7.782540815032320758e+00 3.317478503805054934e+05
4.643107878869670024e+00 5.097799471242686309e+01 4.025537122276408297e+01 7.982511160054331256e+00 3.349889139427616610e+05
4.721650457500300213e+00 5.169892473491582763e+01 4.018932863446957526e+01 8.096366138954977032e+00 3.410267171112495707e+05
4.800192945737217443e+00 5.210079995908718331e+01 4.060618672488197234e+01 8.401659048326216350e+00 3.462755278283024090e+05
4.878735347946150824e+00 5.205796450012432075e+01 4.049077814105018547e+01 8.626900674964716131e+00 3.474093966054346529e+05
4.957277668216146793e+00 5.227254119162134316e+01 4.063246657272210172e+01 8.834703892861364594e+00 3.539488915890615899e+05
5.035819910381144737e+00 5.327574559935183629e+01 4.116278775276048663e+01 9.025623151505477892e+00 3.596589105569774401e+05
5.114362078039562221e+00 5.357380404409649088e+01 4.102061510233885144e+01 9.281301359509543047e+00 3.671465286279038992e+05
5.192904174572115394e+00 5.371915922354097717e+01 4.113349763152181282e+01 9.512098184445967775e+00 3.685531842864368227e+05
5.271446203158030919e+00 5.432087711293353749e+01 4.124139807040343442e+01 9.697082446820193269e+00 3.751593875408770400e+05
5.349988166789838573e+00 5.549270777298263368e+01 4.221252361988980084e+01 9.974485628667741466e+00 3.817968572495082044e+05
5.428530068286878674e+00 5.549936774263723294e+01 4.184836655830998353e+01 1.017235253692292396e+01 3.866632634545147303e+05
5.507071910307648643e+00 5.572181127000797574e+01 4.190587324985875739e+01 1.040585361279958931e+01 3.898232415389872040e+05
5.585613695361120179e+00 5.587853041004415644e+01 4.186530976460758069e+01 1.075122858614635923e+01 3.964960303023626911e+05
5.664155425817094525e+00 5.691560579868001923e+01 4.231992525446885622e+01 1.102594283584944002e+01 4.063382668784187408e+05
5.742697103915729961e+00 5.701881673992858168e+01 4.246836574437708833e+01 1.116720033945154178e+01 4.059439909940528451e+05
5.821238731776284148e+00 5.751142774970850269e+01 4.260615126343723347e+01 1.146628419591742443e+01 4.137757601151972776e+05
5.899780311405160127e+00 5.791052896957664586e+01 4.271851039347419743e+01 1.169423582412777485e+01 4.157322141634952277e+05
5.978321844703323507e+00 5.839098686340544475e+01 4.293694609092489856e+01 1.186453531838070319e+01 4.194630537351850071e+05
6.056863333473133437e+00 5.836512950689800761e+01 4.269969171440024525e+01 1.210222978189961296e+01 4.235034669037564308e+05
6.135404779424661115e+00 5.951992504550306506e+01 4.339386317615584687e+01 1.239794866329125789e+01 4.334930835189723875e+05
6.213946184181517118e+00 5.953547375593143443e+01 4.330538585601257040e+01 1.269920787382713812e+01 4.379088729949200060e+05
6.292487549286247983e+00 6.053902112532625068e+01 4.374211090136211766e+01 1.285257567491796493e+01 4.411329227270554984e+05
6.371028876205335756e+00 6.050081133275283207e+01 4.379191771685643886e+01 1.321843084532020285e+01 4.483091554093705490e+05
6.449570166333828070e+00 6.101940801592466812e+01 4.369775390557841632e+01 1.351007661593846798e+01 4.560985308825258398e+05
6.528111420999634262e+00 6.108748500796469472e+01 4.362037090526582261e+01 1.364917980141261999e+01 4.582710837582767708e+05
6.606652641467518627e+00 6.161055742642199817e+01 4.397501257809550879e+01 1.392031476165677795e+01 4.641890355861991993e+05
6.685193828942805006e+00 6.203205209599165926e+01 4.387691964213561846e+01 1.437039074452637699e+01 4.696971068329594564e+05
6.763734984574836240e+00 6.251078780605537588e+01 4.415911792315371542e+01 1.438902769628719014e+01 4.726842231616522186e+05
6.842276109460177835e+00 6.260600244532343339e+01 4.412953290903300285e+01 1.479055133158276192e+01 4.758759728100639768e+05
6.920817204645620890e+00 6.280031622949820758e+01 4.420281598066817708e+01 1.493521786525165318e+01 4.766239245042462135e+05
6.999358271130968312e+00 6.340681378611319730e+01 4.439969908077996052e+01 1.520639303354409755e+01 4.885573060768435244e+05
7.077899309871646949e+00 6.445308752195974478e+01 4.471979141905240596e+01 1.564253405575148825e+01 4.966033089469607221e+05
7.156440321781138536e+00 6.465791986790850387e+01 4.474787782356923316e+01 1.579400305580060149e+01 4.950919217139562243e+05
7.234981307733260536e+00 6.481808219372157964e+01 4.489571005430441630e+01 1.610397234990445625e+01 5.035058270582096884e+05
7.313522268564292439e+00 6.536557755496689026e+01 4.502305479126205512e+01 1.627906370160208382e+01 5.049595632576885982e+05
7.392063205074973276e+00 6.541917939161974971e+01 4.491462116525381987e+01 1.673597665021356917e+01 5.131452079079115065e+05
7.470604118032365015e+00 6.640491570706902280e+01 4.537827380345225237e+01 1.687043416674881868e+01 5.174285667331301956e+05
7.549145008171610272e+00 6.641703272074799713e+01 4.550470423392271613e+01 1.712426276937264902e+01 5.184464301086727646e+05
7.627685876197570103e+00 6.658187092545519192e+01 4.518299413730763092e+01 1.750634817132083043e+01 5.235319346875943593e+05
7.706226722786373884e+00 6.758308006994802497e+01 4.557606713512906538e+01 1.786184537927512039e+01 5.359694497058608104e+05
7.784767548586863484e+00 6.748851952572306345e+01 4.559637870932798620e+01 1.820421511330890851e+01 5.385923919212969486e+05
7.863308354221953955e+00 6.782991209506258201e+01 4.561336087089151192e+01 1.820060980936076334e+01 5.385332181694327155e+05
7.941849140289923170e+00 6.851439126691518311e+01 4.599756405866799724e+01 1.858891272634608427e+01 5.438352607761815889e+05
8.020389907365611748e+00 6.916967988473044215e+01 4.601276060446961935e+01 1.905333334843537685e+01 5.549006775319760200e+05
8.098930656001561701e+00 6.893137736280067429e+01 4.588208856146344061e+01 1.923763909046229870e+01 5.584616104500078363e+05
8.177471386729090241e+00 6.906415090628296127e+01 4.573270194108611975e+01 1.945004891304922978e+01 5.606501435732687823e+05
8.256012100059292536e+00 6.975205435336597759e+01 4.634040252765321810e+01 1.990359335375804406e+01 5.673354006447410211e+05
8.334552796484000936e+00 6.999205119045821277e+01 4.602355566188066405e+01 2.003484010058536668e+01 5.675355278057737742e+05
8.413093476476680266e+00 7.048346038412034886e+01 4.625623854138373048e+01 2.043574871513841273e+01 5.785563745414261939e+05
8.491634140493276917e+00 7.037532185560482390e+01 4.624989495052203381e+01 2.062326770405889320e+01 5.790998840103240218e+05
8.570174788973028868e+00 7.157394986449243390e+01 4.662538631596076755e+01 2.106692319308291061e+01 5.850719058438650100e+05
8.648715422339215309e+00 7.216323959802095089e+01 4.656764517270379855e+01 2.142934025836048306e+01 5.940696121257734485e+05
8.727256040999876063e+00 7.189017449784715552e+01 4.654774302310443801e+01 2.159818974284952731e+01 5.945626706852017669e+05
8.805796645348495488e+00 7.234852302664364743e+01 4.660365887436059751e+01 2.193674771499982157e+01 6.008267330161039717e+05
8.884337235764643737e+00 7.295738902164397643e+01 4.702655648966214841e+01 2.223380034211584189e+01 6.062015392824102892e+05
8.962877812614589601e+00 7.336150366417250268e+01 4.717159556764218564e+01 2.254090172699601169e+01 6.069018759507684736e+05
9.041418376251867173e+00 7.354724160083038953e+01 4.691171103548430210e+01 2.301424297439246303e+01 6.177551848032845883e+05
9.119958927017840722e+00 7.388381490211472169e+01 4.697897786469743409e+01 2.322293505268008929e+01 6.179978416648225393e+05
9.198499465242209183e+00 7.440005049948082672e+01 4.722048830619269211e+01 2.348914070891946082e+01 6.264847523320817854e+05
9.277039991243508865e+00 7.483595703740554939e+01 4.743016689074478620e+01 2.384005246387313903e+01 6.283455680285545532e+05
9.355580505329580632e+00 7.558350979347102339e+01 4.764212600688374266e+01 2.421858875697686742e+01 6.355264459248963976e+05
9.434121007798012215e+00 7.501994087532096955e+01 4.705688094827949186e+01 2.442385485763140096e+01 6.363235247916432563e+05
9.512661498936562765e+00 7.558275299119173951e+01 4.738229266123702388e+01 2.483062787943382332e+01 6.423715413111492526e+05
9.591201979023569635e+00 7.588014302472872430e+01 4.744549687522394521e+01 2.505453142059855409e+01 6.479658226614666637e+05
9.669742448328321416e+00 7.622535095652693826e+01 4.732154016691352894e+01 2.552262072755677380e+01 6.532485829512388445e+05
9.748282907111432749e+00 7.686195309887924054e+01 4.794734477213098955e+01 2.571656944413330592e+01 6.587249292277217610e+05
9.826823355625185386e+00 7.694634269254783021e+01 4.753145180036414530e+01 2.603413266611076438e+01 6.609365570097160526e+05
9.905363794113858589e+00 7.754779212960548307e+01 4.775814504929802240e+01 2.646948864564069481e+01 6.691655434766686521e+05
9.983904222814045326e+00 7.764059571715769437e+01 4.761792540412651675e+01 2.688022930749345107e+01 6.757693761812942103e+05
1.006244464195495070e+01 7.805056133665588902e+01 4.780021979361369233e+01 2.711266964734755547e+01 6.769791952288812026e+05
1.014098505175868148e+01 7.832727802414041207e+01 4.769076565384062860e+01 2.729022113441934749e+01 6.833590069077195367e+05
1.021952545244051613e+01 7.870766842975444888e+01 4.794596218236079466e+01 2.775554751019124566e+01 6.882240954795187572e+05
1.029806584420916415e+01 7.871773377454657350e+01 4.763826856562963741e+01 2.807269099000905044e+01 6.924803545237074140e+05
1.037660622726701654e+01 7.906807036828386970e+01 4.779943120752464125e+01 2.839075232131609283e+01 6.971966830405684887e+05
1.045514660181038380e+01 7.923219727254415545e+01 4.767731194317408239e+01 2.861838662403375011e+01 7.016913184530113358e+05
1.053368696802971982e+01 7.956712735069591247e+01 4.799402700687955559e+01 2.905899719640004264e+01 7.016758675058161607e+05
1.061222732610984210e+01 8.024759262561553896e+01 4.793391925837777023e+01 2.966470448659974934e+01 7.178262350476373686e+05
1.069076767623013779e+01 8.067183179784061053e+01 4.816065756610213100e+01 2.978878468891378972e+01 7.180729687513686949e+05
1.076930801856475739e+01 8.058617734108993602e+01 4.792409507661944446e+01 3.000908533181089055e+01 7.221216628405118827e+05
1.084784835328281005e+01 8.108769727823614915e+01 4.802955008632059730e+01 3.041983456901965965e+01 7.265906812232347438e+05
1.092638868054854306e+01 8.139852611483851774e+01 4.806839288086109718e+01 3.082732677963557322e+01 7.318533951544867596e+05
1.100492900052151413e+01 8.138510448045151691e+01 4.803405293721033331e+01 3.104677611353309530e+01 7.367435630325791426e+05
1.108346931335675833e+01 8.196959234791076199e+01 4.813830570413070831e+01 3.143248783948018499e+01 7.422728905173853273e+05
1.116200961920494805e+01 8.226603270960319492e+01 4.823494444629684352e+01 3.196959481017412585e+01 7.479215215172077296e+05
1.124054991821254212e+01 8.256902685573591327e+01 4.839155652719554723e+01 3.219669499232127663e+01 7.517792264850733336e+05
1.131909021052193687e+01 8.321583111073691441e+01 4.845446171887055442e+01 3.262023395206715293e+01 7.592777623197073117e+05
1.139763049627160285e+01 8.318377541151025412e+01 4.830757211255838257e+01 3.289335228391753674e+01 7.611046443927520886e+05
1.147617077559622167e+01 8.342524078404508714e+01 4.818616728541008598e+01 3.327728524209093308e+01 7.702756470650512492e+05
1.155471104862680853e+01 8.408047500253259443e+01 4.834072626751250823e+01 3.370913096160509070e+01 7.753877067127129994e+05
1.163325131549084368e+01 8.384594339641576255e+01 4.828792560091637398e+01 3.411910948079515293e+01 7.763975472521097399e+05
1.171179157631238787e+01 8.433032814233840213e+01 4.830307988016480181e+01 3.439302967567917335e+01 7.825226969288486289e+05
1.179033183121219608e+01 8.454348931722014981e+01 4.845175020228837326e+01 3.457152387458882714e+01 7.872612252116814489e+05
1.186887208030782759e+01 8.467255329390326324e+01 4.830873368419372582e+01 3.491583710602593271e+01 7.892928252188612241e+05
1.194741232371374728e+01 8.464344392108638715e+01 4.815778507622029281e+01 3.548851974459137182e+01 7.971336870912626619e+05
1.202595256154143222e+01 8.528533711979684995e+01 4.833381818732104307e+01 3.577773278653855726e+01 8.010141482347024139e+05
1.210449279389946753e+01 8.562593663729036564e+01 4.823158197826332128e+01 3.625128210024374908e+01 8.084551795936977724e+05
1.218303302089363527e+01 8.577243514181499506e+01 4.835279833337096989e+01 3.642206624002383109e+01 8.118326178345683729e+05
1.226157324262700676e+01 8.660450047568056675e+01 4.856220273084285566e+01 3.700261182654913483e+01 8.198722197873096447e+05
1.234011345920003322e+01 8.633374181408642301e+01 4.839664091589008166e+01 3.725407649202389848e+01 8.209181890906679910e+05
1.241865367071062565e+01 8.661728359684416034e+01 4.831588229590394690e+01 3.760370907783995875e+01 8.257694869005935034e+05
1.249719387725422415e+01 8.733442707322180354e+01 4.864244356756766763e+01 3.806655101958278209e+01 8.332023210444408469e+05
1.257573407892389383e+01 8.698992614339873342e+01 4.813690217493047641e+01 3.831315584289317400e+01 8.393533055905817309e+05
1.265427427581038877e+01 8.744418309753763197e+01 4.840599968518282736e+01 3.859013503361602915e+01 8.401806798766498687e+05
1.273281446800221772e+01 8.763174935898774720e+01 4.800430843065215925e+01 3.933487876342261558e+01 8.491492116273718420e+05
1.281135465558572584e+01 8.834452119415487914e+01 4.856964444938549974e+01 3.963948067248888663e+01 8.568827383926993934e+05
1.288989483864514796e+01 8.816119602384698339e+01 4.836966889309159257e+01 3.986793779404808191e+01 8.573519024839113699e+05
1.296843501726268322e+01 8.835093171785540278e+01 4.838339142275572158e+01 4.019951253039897665e+01 8.633014745752087329e+05
1.304697519151855190e+01 8.830171892505302367e+01 4.812110780872599491e+01 4.052209665020414775e+01 8.650584838845881168e+05
1.312551536149104692e+01 8.903291007042143690e+01 4.810889396714521382e+01 4.126372950250014071e+01 8.787994311798166018e+05
1.320405552725660492e+01 8.934136372364518763e+01 4.832395120898890895e+01 4.154137156373617046e+01 8.824491543962326832e+05
1.328259568888985243e+01 9.001121051044110288e+01 4.829098580364604487e+01 4.209818647398417824e+01 8.884110122491925722e+05
1.336113584646366270e+01 9.024005429468311945e+01 4.837192595899496439e+01 4.229910955715229193e+01 8.901627219150579767e+05
1.343967600004920548e+01 9.000963581701756766e+01 4.826976247377477591e+01 4.249843489767650340e+01 8.963007508234723937e+05
1.351821614971599317e+01 9.068099779373936542e+01 4.830909766596792565e+01 4.315451555031416575e+01 9.052975587393039605e+05
1.359675629553193588e+01 9.047156503284263351e+01 4.831263560465356477e+01 4.342807441767274668e+01 9.049596455632819561e+05
1.367529643756338231e+01 9.081331433086371874e+01 4.836558964758749113e+01 4.379055363107327992e+01 9.118601577946561156e+05
1.375383657587516595e+01 9.095732664092753339e+01 4.830731114119956970e+01 4.439430142023703496e+01 9.170889907531492645e+05
1.383237671053064766e+01 9.119344021317634486e+01 4.840796015658181517e+01 4.453719224640826013e+01 9.178045718367903028e+05
1.391091684159175834e+01 9.201713500297056214e+01 4.834174835292449757e+01 4.516894674452839098e+01 9.272739709048515651e+05
1.398945696911903269e+01 9.193735848781683728e+01 4.841687401613597075e+01 4.562843616512571998e+01 9.347890437147940975e+05
1.406799709317166069e+01 9.196707268095551058e+01 4.832951120024863201e+01 4.588852037402200068e+01 9.385090504504054552e+05
1.414653721380751428e+01 9.243328762048263059e+01 4.830181917732116403e+01 4.635603063786308553e+01 9.476391650491111213e+05
1.422507733108318817e+01 9.275698211125990156e+01 4.822982375935603017e+01 4.680431825761956333e+01 9.507513513293404831e+05
1.430361744505403543e+01 9.334209886044075688e+01 4.847449179374206807e+01 4.721076157101263249e+01 9.600462194526413223e+05
1.438215755577419586e+01 9.317720949730914981e+01 4.834390044628216998e+01 4.758073293270949478e+01 9.612585163830051897e+05
1.446069766329663686e+01 9.376644053084376651e+01 4.846126020550371294e+01 4.807642801014289091e+01 9.722642315444429405e+05
1.453923776767318010e+01 9.371944517669922448e+01 4.826080321553673969e+01 4.840943088249677828e+01 9.736721930467778584e+05
1.461777786895453346e+01 9.404062274896732276e+01 4.840371712025257267e+01 4.904658813696185859e+01 9.787925341155853821e+05
1.469631796719032302e+01 9.447887357411909193e+01 4.829391211802202122e+01 4.938144384200295178e+01 9.876037785968333483e+05
1.477485806242911437e+01 9.426233365823776467e+01 4.850467540549338707e+01 4.948428483056300564e+01 9.870590447723865509e+05
1.485339815471844993e+01 9.480367472160473596e+01 4.850790359386879658e+01 4.997213538303588365e+01 9.966903793194614118e+05
1.493193824410487203e+01 9.510127926160039635e+01 4.842389403990974728e+01 5.048962929312033054e+01 1.002769875411410932e+06
1.501047833063394421e+01 9.550290338496282061e+01 4.829379064856524906e+01 5.124440487135406386e+01 1.014012520551031688e+06
1.508901841435028857e+01 9.563008163819714014e+01 4.829645394808390080e+01 5.127061780187280249e+01 1.012612870608608355e+06
1.516755849529759992e+01 9.572985017685465436e+01 4.841088216101394437e+01 5.186112139729256398e+01 1.018603459114391357e+06
1.524609857351867070e+01 9.646673077161284482e+01 4.836143752041731858e+01 5.239547368472968714e+01 1.029590306865836727e+06
1.532463864905541762e+01 9.671894106847175010e+01 4.858910502082686378e+01 5.289654737654972649e+01 1.031451718330029282e+06
1.540317872194890292e+01 9.692121167176520657e+01 4.847010155775965501e+01 5.333055557668109969e+01 1.038700090854197973e+06
1.548171879223935399e+01 9.705034328110841102e+01 4.851261027554276950e+01 5.375001932386415859e+01 1.045787820008635521e+06
1.556025885996618996e+01 9.759187305772539389e+01 4.841862363758391297e+01 5.430006102783391242e+01 1.052135865264629712e+06
1.563879892516803238e+01 9.753142881949128196e+01 4.826388780332318618e+01 5.478472177506914420e+01 1.057417305289226351e+06
1.571733898788273187e+01 9.751757026764454395e+01 4.844089266985377407e+01 5.494575603979064482e+01 1.062031593563423259e+06
1.579587904814739119e+01 9.776253802842578011e+01 4.845069827873686563e+01 5.554206910534700370e+01 1.065768398220825009e+06
1.587441910599837769e+01 9.871206374648095050e+01 4.855837385542628226e+01 5.607708823867048409e+01 1.076274050250683678e+06
1.595295916147133575e+01 9.916341792764494301e+01 4.849737631097342216e+01 5.655383738903646673e+01 1.087921847680015955e+06
1.603149921460121874e+01 9.909566606968162716e+01 4.859619767775532750e+01 5.688317058434574847e+01 1.085826065430127084e+06
1.611003926542229436e+01 9.949068723338331210e+01 4.867066598628257879e+01 5.746989626264049633e+01 1.095425262428248068e+06
1.618857931396816596e+01 1.000306172036493422e+02 4.864334101060663329e+01 5.809543983644862664e+01 1.105999226207572268e+06
1.626711936027179561e+01 9.989223494758154231e+01 4.861190435072708027e+01 5.845403574208798148e+01 1.110335787274168804e+06
1.634565940436549525e+01 1.009323017427192752e+02 4.884651461035384301e+01 5.908731938861566135e+01 1.119963599111552583e+06
1.642419944628097639e+01 1.009048642631803148e+02 4.868766669487007448e+01 5.947945103853368209e+01 1.125192065513294423e+06
1.650273948604932883e+01 1.007844424375288810e+02 4.869192153619361818e+01 5.978819066600284060e+01 1.129677026683721691e+06
1.658127952370107394e+01 1.015926403372872500e+02 4.871769314237823068e+01 6.065189055242739613e+01 1.138760528777715517e+06
1.665981955926614333e+01 1.016993403831341425e+02 4.885256591729373810e+01 6.098891281810077913e+01 1.141240839875676902e+06
1.673835959277390728e+01 1.018600265653712285e+02 4.874290706541583518e+01 6.161105699446159178e+01 1.154325207713079173e+06
1.681689962425318896e+01 1.023764547021404070e+02 4.874545656610223432e+01 6.207549134691369375e+01 1.158583347225491190e+06
1.689543965373228218e+01 1.027295152896318626e+02 4.878285564978938282e+01 6.257761915785616935e+01 1.164837542937038466e+06
1.697397968123895495e+01 1.027120058613405007e+02 4.894733305154402814e+01 6.305634519850079300e+01 1.171732010180721758e+06
1.705251970680045304e+01 1.037682998238568075e+02 4.909033448597416793e+01 6.380358592827261077e+01 1.182697409247209784e+06
1.713105973044353902e+01 1.038667410814010879e+02 4.912741531577889731e+01 6.405903749038584749e+01 1.187978616225134348e+06
1.720959975219447102e+01 1.040392031667860095e+02 4.898261575604402651e+01 6.482427029162522558e+01 1.195793261889698682e+06
1.728813977207903463e+01 1.044121214096456924e+02 4.905630560418428843e+01 6.498733022965807038e+01 1.200229810911646811e+06
1.736667979012256424e+01 1.047654158267564526e+02 4.914132898523384085e+01 6.571088414295000746e+01 1.209191641285941238e+06
1.744521980634991110e+01 1.052971460812689912e+02 4.921209727401756595e+01 6.641510119729588268e+01 1.220731499609135790e+06
1.752375982078550365e+01 1.052048982965025345e+02 4.929711183050593348e+01 6.673889933611022229e+01 1.223405589055885328e+06
1.760229983345331917e+01 1.057459241535436973e+02 4.948197203861452920e+01 6.722222000836413258e+01 1.227372805676053511e+06
1.768083984437692635e+01 1.063271664903349460e+02 4.946426130252664422e+01 6.822617539055356417e+01 1.243009983650523238e+06
1.775937985357945692e+01 1.070749601143324838e+02 4.951208126692810652e+01 6.866142628325738428e+01 1.250740470216501271e+06
1.783791986108364824e+01 1.069755664566920785e+02 4.961210886471939574e+01 6.931275134160433993e+01 1.259457415860548848e+06
1.791645986691183268e+01 1.075797294416910859e+02 4.968803762738130558e+01 6.986187660590336179e+01 1.267152357339578215e+06
1.799499987108595889e+01 1.079881815367364197e+02 4.979394799790270554e+01 7.025727453043370474e+01 1.271620818949962268e+06
1.807353987362759185e+01 1.084408945726960951e+02 4.996187211307848486e+01 7.078020507255270388e+01 1.283724115803075954e+06
1.815207987455791638e+01 1.085280501349173221e+02 4.998825244662694445e+01 7.138973929463442403e+01 1.287040493246854516e+06
1.823061987389775851e+01 1.091281521514859350e+02 5.006899125089125135e+01 7.197294935544681493e+01 1.295070244928456144e+06
1.830915987166758541e+01 1.098058781982154244e+02 5.024414900463857236e+01 7.269931255602070053e+01 1.307462652191069443e+06
1.838769986788751964e+01 1.100884129323541316e+02 5.020975843170091935e+01 7.328264013395583731e+01 1.315197517669599503e+06
1.846623986257733563e+01 1.104317220130138963e+02 5.040415976565473954e+01 7.370338743923915104e+01 1.322795260785976658e+06
1.854477985575647381e+01 1.108796648280061845e+02 5.057686756522271310e+01 7.420312828499389468e+01 1.331353608618388884e+06
1.862331984744404423e+01 1.114592025849145500e+02 5.053961723154429819e+01 7.492710515754245648e+01 1.344429626925711753e+06
1.870185983765884075e+01 1.123512398024235779e+02 5.086975530434953185e+01 7.562605879010763488e+01 1.351075063746232074e+06
1.878039982641934458e+01 1.126001393283552261e+02 5.096849754423018197e+01 7.624748918472052139e+01 1.363152723083727993e+06
1.885893981374372075e+01 1.133001638521842835e+02 5.110484832386530485e+01 7.700423920618406726e+01 1.373921508075564168e+06
1.893747979964983941e+01 1.139440637611097884e+02 5.132314291622974167e+01 7.768676555712416132e+01 1.381259666490527336e+06
1.901601978415527228e+01 1.140790916675834126e+02 5.133310308952741963e+01 7.824768854168242171e+01 1.389461984336126130e+06
1.909455976727730331e+01 1.148522684327667349e+02 5.151672545808537507e+01 7.875948075903684753e+01 1.400201209162111394e+06
1.917309974903293579e+01 1.151407808955386400e+02 5.144301506972831106e+01 7.972244823840860306e+01 1.415171599363249727e+06
1.925163972943889235e+01 1.152690390780511791e+02 5.174534740086886586e+01 8.001047609089951607e+01 1.416122578467150452e+06
1.933017970851161849e+01 1.166030528636781156e+02 5.192208061921810724e+01 8.107384975608653122e+01 1.428047668464516755e+06
1.940871968626730748e+01 1.166932886504040283e+02 5.213458240402315624e+01 8.144777073445688131e+01 1.444751157327084336e+06
1.948725966272188259e+01 1.176765667478740056e+02 5.235256251269827743e+01 8.235740096157779533e+01 1.457951553821195150e+06
1.956579963789100773e+01 1.177953510349424135e+02 5.236457665982749887e+01 8.296746104079508655e+01 1.461539941199931549e+06
1.964433961179010524e+01 1.186787364995797560e+02 5.269683798414823883e+01 8.354459735858728209e+01 1.472912248789360514e+06
1.972287958443434519e+01 1.193604909339505582e+02 5.264513936023355711e+01 8.469024188718117330e+01 1.485823396533597726e+06
1.980141955583865965e+01 1.198631338822625594e+02 5.298592388740033954e+01 8.515438198804538672e+01 1.494185710889358073e+06
1.987995952601774619e+01 1.203156065472495442e+02 5.309815553806520683e+01 8.597017777029898866e+01 1.504417516121600289e+06
1.995849949498606790e+01 1.213181244037250934e+02 5.350083157735465278e+01 8.671698868217316658e+01 1.515529287283149082e+06
2.003703946275786052e+01 1.216739434672094404e+02 5.368565251655141424e+01 8.713101275515764144e+01 1.526692037239634665e+06
2.011557942934713950e+01 1.223865819883695849e+02 5.384812233660269953e+01 8.792672241584521942e+01 1.538408780781358713e+06
2.019411939476770712e+01 1.225608045676759019e+02 5.394558979697692536e+01 8.854015713750911232e+01 1.541984645275519229e+06
2.027265935903314542e+01 1.229603581565214228e+02 5.392941573128947397e+01 8.926038092027633297e+01 1.557826473905595951e+06
2.035119932215682326e+01 1.233873217550448373e+02 5.423068857991393088e+01 8.975358436905483472e+01 1.563582901048468426e+06
2.042973928415191054e+01 1.237063196785933030e+02 5.401256030906613148e+01 9.071058653417983919e+01 1.572469892079371726e+06
2.050827924503137467e+01 1.240005399316563057e+02 5.441609933164500035e+01 9.092518995091360523e+01 1.578533882429369725e+06
2.058681920480798766e+01 1.240449151547867075e+02 5.417904697682545390e+01 9.162518460387660468e+01 1.583583077606494073e+06
2.066535916349431901e+01 1.243784317082361639e+02 5.422255231740442127e+01 9.214455168175946653e+01 1.593201338870353997e+06
2.074389912110275347e+01 1.247603779630240837e+02 5.426699592390048821e+01 9.294915328301247825e+01 1.601775099591427483e+06
2.082243907764548752e+01 1.250074654863708759e+02 5.433130837444720385e+01 9.317334979037272547e+01 1.613529245271435473e+06
2.090097903313453642e+01 1.254540236281332568e+02 5.439329783936769758e+01 9.413100851600670183e+01 1.621717852021621773e+06
2.097951898758173783e+01 1.258101618523490828e+02 5.442662614459582215e+01 9.470986943439643824e+01 1.628297544452770380e+06
2.105805894099874109e+01 1.261225437297404426e+02 5.454801141080692872e+01 9.512143641758576962e+01 1.634484380400492111e+06
2.113659889339703568e+01 1.264083642767957230e+02 5.448261315436133145e+01 9.567678661162382525e+01 1.643039115821071668e+06
2.121513884478793344e+01 1.267330725036891437e+02 5.464031366604976370e+01 9.646054658583616970e+01 1.651417176730652340e+06
2.129367879518258277e+01 1.270004219622463069e+02 5.468824001879692531e+01 9.723605978138502337e+01 1.660226895286786370e+06
2.137221874459196869e+01 1.274046125545131787e+02 5.472073715108720648e+01 9.754996479312912072e+01 1.669680947323814034e+06
2.145075869302691274e+01 1.275217823419034602e+02 5.480725165563571011e+01 9.823599453138591286e+01 1.681258287484218832e+06
2.152929864049807307e+01 1.281429906435274120e+02 5.483211176554154775e+01 9.890703550611763717e+01 1.688525485540018184e+06
2.160783858701596571e+01 1.280234860823029521e+02 5.501597665980693819e+01 9.941659941340816431e+01 1.692835811297504464e+06
2.168637853259094683e+01 1.285473544477250698e+02 5.501320537307103820e+01 1.002088254426250700e+02 1.707184902823763434e+06
2.176491847723321982e+01 1.286429936700682219e+02 5.509134019540688598e+01 1.009155358449903588e+02 1.714502694520581514e+06
2.184345842095285306e+01 1.294150113933706052e+02 5.518376912829564418e+01 1.015637450813796647e+02 1.725008395751389675e+06
2.192199836375975508e+01 1.297936410665525955e+02 5.524978854113383875e+01 1.022849946408443742e+02 1.734041220396581572e+06
2.200053830566371005e+01 1.299187088966221779e+02 5.530524025155943235e+01 1.029632270118516573e+02 1.741040314011520008e+06
2.207907824667434582e+01 1.303152194262779915e+02 5.533424730557690197e+01 1.035546322154460768e+02 1.753291780771238031e+06
2.215761818680116590e+01 1.307365391027689441e+02 5.539895450928511167e+01 1.043035944840748783e+02 1.761260676271978300e+06
2.223615812605353526e+01 1.307565328489510250e+02 5.566384482039292436e+01 1.048157577600787107e+02 1.770062346345182043e+06
2.231469806444068738e+01 1.314339694099424491e+02 5.568680273194297570e+01 1.058210829416564422e+02 1.782797762591242092e+06
2.239323800197172432e+01 1.316306435126142844e+02 5.563179452775929690e+01 1.062060355542662933e+02 1.789786394384166459e+06
2.247177793865562023e+01 1.319261898585615995e+02 5.583808683654148552e+01 1.069419238902793694e+02 1.796659394534908002e+06
2.255031787450123204e+01 1.324568303487279763e+02 5.597600980879546029e+01 1.077764627848489738e+02 1.804434229882865446e+06
2.262885780951728165e+01 1.325833173632387911e+02 5.598350126505751234e+01 1.081731073781555779e+02 1.814349056906268699e+06
2.270739774371238440e+01 1.331262720037515805e+02 5.628474802620856110e+01 1.088405205417192576e+02 1.825780779177209130e+06
2.278593767709502771e+01 1.336514584581719305e+02 5.615972732434548931e+01 1.096867569220928402e+02 1.836658927984534996e+06
2.286447760967358178e+01 1.336730410965483600e+02 5.634167365269744465e+01 1.105417907790460106e+02 1.847743949525732780e+06
2.294301754145629957e+01 1.347713182182966420e+02 5.634204021987279276e+01 1.112878586843022362e+02 1.860472514671453275e+06
2.302155747245133455e+01 1.347299333677868560e+02 5.663782009207154999e+01 1.119549462746655735e+02 1.865811045761830872e+06
2.310009740266672296e+01 1.353559292586949425e+02 5.678899489313620563e+01 1.123787316146003548e+02 1.876742711152542848e+06
2.317863733211038380e+01 1.352717828380593801e+02 5.671699699012908980e+01 1.133121996012785644e+02 1.883081253137270221e+06
2.325717726079013303e+01 1.353702593970573957e+02 5.689682975330700287e+01 1.136412653540864426e+02 1.894327199297621148e+06
2.333571718871368716e+01 1.366056106085114266e+02 5.697194047955363061e+01 1.148156079784696857e+02 1.908473768384722061e+06
2.341425711588865965e+01 1.366210228723838895e+02 5.717688408954308699e+01 1.153382739593553481e+02 1.918122851858393988e+06
2.349279704232255384e+01 1.371662089512831244e+02 5.724989973701246981e+01 1.162903585932379826e+02 1.930840208552544471e+06
2.357133696802278067e+01 1.376795262980789971e+02 5.748926614293160497e+01 1.171424635679410500e+02 1.939316547399237519e+06
2.364987689299664453e+01 1.381022708649436765e+02 5.746221855308314019e+01 1.174678788926764526e+02 1.950903198555615265e+06
2.372841681725136453e+01 1.382022189421767564e+02 5.747339649584262844e+01 1.180863560959085987e+02 1.956057888201622525e+06
2.380695674079405322e+01 1.387860704332833564e+02 5.756687811937822374e+01 1.193425548499700852e+02 1.967354433777936269e+06
2.388549666363174140e+01 1.393765365734663533e+02 5.819437302489264141e+01 1.199155160823494413e+02 1.984180255326651502e+06
2.396403658577134976e+01 1.400930754808615575e+02 5.823959730559375458e+01 1.210549082679349056e+02 1.995799416052215267e+06
2.404257650721972439e+01 1.404112652082173440e+02 5.823742319044394122e+01 1.213514848002629236e+02 2.006460751828977140e+06
2.412111642798362254e+01 1.401879862193273709e+02 5.824323819127518220e+01 1.222501677073175301e+02 2.015127162542581558e+06
2.419965634806970556e+01 1.411579337970814549e+02 5.848824883246926731e+01 1.229521919849094331e+02 2.021740081323645776e+06
2.427819626748454596e+01 1.417577757321403737e+02 5.867372734897280395e+01 1.238987907590600344e+02 2.030201275881686946e+06
2.435673618623464520e+01 1.417826902242629785e+02 5.870081977085931157e+01 1.244538114016238382e+02 2.039145239377954742e+06
2.443527610432640529e+01 1.424461740370406915e+02 5.907736207205265089e+01 1.254846936008262333e+02 2.053995785322346259e+06
2.451381602176616425e+01 1.430121202047723727e+02 5.911285341048555608e+01 1.261579859462117810e+02 2.073210544387046481e+06
2.459235593856016067e+01 1.435337632257269718e+02 5.932265265321779424e+01 1.270463146551132780e+02 2.082485882386172656e+06
2.467089585471456203e+01 1.443285799829923235e+02 5.964538965043476537e+01 1.282459892509026531e+02 2.090033495775225107e+06
2.474943577023546126e+01 1.441736094587797083e+02 5.972194689959428615e+01 1.285720977933804079e+02 2.103781975398409646e+06
2.482797568512887310e+01 1.448100879214536292e+02 5.979107799782145349e+01 1.294894688757303527e+02 2.116928276816294529e+06
2.490651559940072346e+01 1.456970661051860247e+02 5.998334877053110148e+01 1.304470480601669635e+02 2.126364983551088721e+06
2.498505551305688144e+01 1.460724051532808687e+02 5.999267879116285940e+01 1.314939813097759895e+02 2.139395136048583779e+06
2.506359542610313440e+01 1.467486955248997162e+02 6.040977639198185756e+01 1.321694069738906308e+02 2.154608318061084021e+06
2.514213533854519511e+01 1.471823893375632508e+02 6.066370360615577084e+01 1.330591529677835467e+02 2.163824477899237070e+06
2.522067525038871239e+01 1.479615843661993324e+02 6.073162537006891881e+01 1.344564336474041113e+02 2.179205906777644530e+06
2.529921516163925688e+01 1.478907565368374719e+02 6.091534075105703749e+01 1.346566501276568886e+02 2.187938475949115586e+06
2.537775507230233529e+01 1.491820043087722070e+02 6.103271788078728832e+01 1.358450687825375098e+02 2.203371558277142700e+06
2.545629498238338684e+01 1.497759662249607402e+02 6.134489349343454734e+01 1.368436428900890007e+02 2.210352125993249472e+06
2.553483489188777966e+01 1.504441228104205379e+02 6.160183795490095093e+01 1.373154984455299825e+02 2.222993206496075261e+06
2.561337480082082152e+01 1.502272235911688369e+02 6.204258410658454892e+01 1.379791482796877062e+02 2.232864725730236620e+06
2.569191470918774911e+01 1.511048058493522035e+02 6.184588536441719242e+01 1.394690138564490951e+02 2.253083508156033233e+06
2.577045461699373874e+01 1.517516087160739744e+02 6.214011604286375956e+01 1.398367441964697093e+02 2.267395141139041632e+06
2.584899452424390631e+01 1.525125490714896159e+02 6.231737129973153344e+01 1.412039824999102393e+02 2.281515040728098713e+06
2.592753443094329668e+01 1.533212283247594314e+02 6.257458373946638375e+01 1.422309077340326553e+02 2.296857842551988084e+06
2.600607433709690852e+01 1.534039505669715311e+02 6.275402914195433368e+01 1.432946855639534647e+02 2.307329407186227851e+06
2.608461424270966944e+01 1.543395064238956991e+02 6.302168472392396836e+01 1.439753038874023900e+02 2.313732602069384884e+06
2.616315414778644310e+01 1.546867997898964973e+02 6.331534564905756213e+01 1.448617330513832542e+02 2.332652514552229084e+06
2.624169405233205055e+01 1.553951883642619123e+02 6.326069811251261399e+01 1.461090484265626230e+02 2.350524106861355249e+06
2.632023395635124174e+01 1.562520954653930971e+02 6.399161401110271896e+01 1.466710966014942130e+02 2.364808691101264674e+06
2.639877385984871694e+01 1.558800740157874145e+02 6.374287622318540514e+01 1.473175579078794044e+02 2.371632956103104632e+06
2.647731376282911953e+01 1.574482223582003542e+02 6.421788886895009796e+01 1.489975500185836097e+02 2.392723694803425577e+06
2.655585366529703606e+01 1.571668238450155854e+02 6.418466911885542459e+01 1.488907760626712218e+02 2.389619439309439622e+06
2.663439356725699980e+01 1.587722353025883137e+02 6.482308277103146565e+01 1.505743257535647217e+02 2.421999105945386458e+06
2.671293346871349428e+01 1.589030180191559793e+02 6.525021078386710371e+01 1.513370028288832714e+02 2.434246633982542437e+06
2.679147336967094617e+01 1.598899590625562723e+02 6.508023741440922549e+01 1.526188230156305963e+02 2.451837793941955548e+06
2.687001327013372531e+01 1.598090902729393576e+02 6.535531329991773930e+01 1.536592048598380984e+02 2.465596636055601295e+06
2.694855317010616602e+01 1.604096283050416503e+02 6.552853194997723563e+01 1.538447441626850321e+02 2.478928248169040773e+06
2.702709306959254221e+01 1.617161154789838520e+02 6.574416032046264036e+01 1.557147816275119396e+02 2.494614982488999609e+06
2.710563296859707094e+01 1.627095437049254372e+02 6.606218482130441316e+01 1.567922106433171336e+02 2.516224950295741204e+06
2.718417286712393377e+01 1.630995374340222668e+02 6.627534209321426317e+01 1.576910828313198749e+02 2.525019301980607677e+06
2.726271276517725894e+01 1.627709730975977322e+02 6.655947865670653130e+01 1.581040834879493957e+02 2.519380072782507166e+06
2.734125266276112498e+01 1.639730479683590545e+02 6.663129449686874750e+01 1.590770734308292731e+02 2.552181197829953395e+06
2.741979255987956776e+01 1.650940720464033689e+02 6.690537149042464193e+01 1.605885493124195023e+02 2.563983371306802146e+06
2.749833245653658054e+01 1.646743418171022029e+02 6.712366397711565469e+01 1.608986684886401122e+02 2.565206151269251481e+06
2.757687235273609616e+01 1.654278879640015703e+02 6.732718952628945885e+01 1.618449759574819495e+02 2.594836673209176399e+06
2.765541224848202262e+01 1.654919810824011108e+02 6.716545613410497140e+01 1.625032918321140301e+02 2.596197435720115900e+06
2.773395214377820395e+01 1.669884653815392426e+02 6.782542852147354040e+01 1.644614193803178352e+02 2.611018097006936092e+06
2.781249203862845576e+01 1.679523870653004565e+02 6.803882289680858264e+01 1.652100384176789873e+02 2.630609459884144366e+06
2.789103193303654038e+01 1.675259621762446329e+02 6.838402323421949802e+01 1.654999363151982266e+02 2.644516046233423054e+06
2.796957182700618816e+01 1.687325628631913901e+02 6.856923547807112129e+01 1.679250689539500172e+02 2.670228844306972343e+06
2.804811172054107615e+01 1.685223422144063079e+02 6.885628240188880511e+01 1.675960116454112097e+02 2.659747276155461557e+06
2.812665161364485655e+01 1.682311755798849902e+02 6.891971804721151784e+01 1.677644238659588609e+02 2.671719597600810695e+06
2.820519150632112115e+01 1.684500859118272444e+02 6.884895088641721372e+01 1.687916600783075864e+02 2.686752894948839210e+06
2.828373139857343332e+01 1.698235959297898887e+02 6.926005768661606510e+01 1.700803216988155953e+02 2.712572511750957929e+06
2.836227129040531736e+01 1.702730696519327296e+02 6.921666263472215519e+01 1.710217434369284035e+02 2.714768299297860824e+06
2.844081118182025847e+01 1.701472375459777595e+02 6.947296783740083015e+01 1.715878873895779293e+02 2.725736973014860414e+06
2.851935107282169923e+01 1.710969255962787940e+02 6.931770425633214927e+01 1.727087281449150282e+02 2.745260675129877869e+06
2.859789096341304315e+01 1.708107839471329612e+02 6.975725006305226827e+01 1.735247230869435668e+02 2.756765678148013540e+06
2.867643085359765820e+01 1.703841306997396146e+02 6.986264679524647647e+01 1.739259941662127460e+02 2.772562076909133233e+06
2.875497074337888392e+01 1.708738705038813350e+02 6.967747676467720908e+01 1.756316291120581070e+02 2.766662660897351801e+06
2.883351063276001369e+01 1.716625279535942354e+02 7.021508792631782114e+01 1.758676851919484534e+02 2.805840877149201930e+06
2.891205052174430890e+01 1.721490813598016700e+02 7.002323900268326895e+01 1.772353560711767386e+02 2.824437512484842911e+06
2.899059041033499184e+01 1.717372989592640806e+02 7.046259436730501591e+01 1.774769388599675324e+02 2.814139962426320650e+06
2.906913029853525643e+01 1.719313081743269152e+02 7.104579352170341622e+01 1.777398241961884082e+02 2.815915129678754602e+06
2.914767018634825746e+01 1.726085873311849070e+02 7.085288886042540923e+01 1.794261858153941489e+02 2.830688556937155314e+06
2.922621007377712132e+01 1.721110709451937453e+02 7.098021940631581117e+01 1.797695334439897863e+02 2.838047819656876381e+06
2.930474996082492822e+01 1.738663730707566799e+02 7.130281462652435209e+01 1.815603650998295677e+02 2.869657122199420352e+06
2.938328984749474060e+01 1.736585136743915712e+02 7.112976398662831912e+01 1.808399139784178828e+02 2.868762792151571717e+06
2.946182973378957826e+01 1.737674419755779809e+02 7.166181245582836823e+01 1.827854533197483420e+02 2.881002989908947144e+06
2.954036961971243258e+01 1.741532985149308672e+02 7.132167998158033129e+01 1.833433856484499245e+02 2.903562187680158764e+06
2.961890950526625943e+01 1.753090131726708876e+02 7.247648747033638017e+01 1.852028666776183456e+02 2.912604701299229637e+06
2.969744939045398979e+01 1.761741591643998959e+02 7.236760499909526345e+01 1.861186181418514991e+02 2.934062499489794020e+06
2.977598927527852268e+01 1.761607160676457795e+02 7.268521131281221415e+01 1.877190282081341195e+02 2.941426350499426946e+06
2.985452915974272159e+01 1.783298498823607758e+02 7.242375001659281963e+01 1.894492223965407902e+02 2.993840607943300623e+06
2.993306904384942868e+01 1.775083001197530734e+02 7.319105419797018897e+01 1.887865733693022889e+02 2.979488209879032336e+06
3.001160892760143994e+01 1.799491370293358159e+02 7.342336629950237636e+01 1.906215420142883090e+02 3.000353250300578773e+06
3.009014881100154071e+01 1.807171727384378812e+02 7.448001907726202830e+01 1.933217833993979866e+02 3.009625143710747827e+06
3.016868869405248077e+01 1.807830723766231245e+02 7.382215748856138759e+01 1.934483222809603262e+02 3.037147095955911092e+06
3.024722857675697441e+01 1.794728571361502816e+02 7.362457325048931978e+01 1.928255076050000980e+02 3.000729716837247834e+06
3.032576845911771457e+01 1.800117161175897138e+02 7.441497374402528919e+01 1.934867678455798341e+02 3.041451755119616166e+06
3.040430834113736580e+01 1.832950602087869356e+02 7.471979040828610152e+01 1.966708086947320737e+02 3.081246352956018876e+06
3.048284822281856421e+01 1.824082355998341427e+02 7.534730867653759390e+01 1.976750950828338773e+02 3.077793403232029639e+06
3.056138810416392460e+01 1.829595251177626665e+02 7.603661000465370989e+01 1.987810078433078615e+02 3.122358369994002394e+06
3.063992798517602267e+01 1.843702391996630467e+02 7.635120522012074673e+01 1.984469617294118677e+02 3.114388790483719204e+06
3.071846786585741640e+01 1.841549455324179689e+02 7.560915094004130310e+01 2.011881815467410490e+02 3.128842120136540849e+06
3.079700774621063886e+01 1.855378217185511005e+02 7.605828726050681610e+01 2.011308977153389890e+02 3.138780888291883748e+06
3.087554762623818760e+01 1.869263819654242980e+02 7.673973345821440262e+01 2.038416223653964323e+02 3.164308019020316657e+06
3.095408750594254599e+01 1.860573564861745410e+02 7.728181702194905256e+01 2.044916516569996077e+02 3.162398305850266479e+06
3.103262738532617249e+01 1.886264372796982798e+02 7.734821444363008425e+01 2.064424644521110963e+02 3.219323770372906234e+06
3.111116726439149005e+01 1.886527135710559833e+02 7.716532291676242039e+01 2.073661705702650409e+02 3.196420890102797188e+06
3.118970714314090387e+01 1.906127660788376090e+02 7.729355353827102704e+01 2.100570990522716386e+02 3.263359812032487243e+06
3.126824702157679781e+01 1.901557199147993629e+02 7.812258783970719378e+01 2.097786235445053933e+02 3.276627890351864509e+06
3.134678689970152377e+01 1.886798189494290909e+02 7.842108892720774804e+01 2.069234229874956554e+02 3.264213814616606105e+06
3.142532677751741588e+01 1.918492066480357607e+02 7.929411610702513258e+01 2.109068679303401836e+02 3.289675738237686455e+06
3.150386665502678696e+01 1.925277725840061009e+02 7.858475578296139474e+01 2.127269742661751195e+02 3.334498329862437677e+06
3.158240653223192140e+01 1.948589441761349406e+02 8.038847632282849531e+01 2.166701664241350329e+02 3.350975618658702355e+06
3.166094640913508229e+01 1.934499990470803255e+02 7.947054491265204490e+01 2.151877623938134150e+02 3.317157634026145563e+06
3.173948628573851494e+01 1.973317035029323563e+02 8.073540422512559189e+01 2.216097596484341921e+02 3.363773572892852128e+06
3.181802616204443623e+01 1.976461670527937713e+02 7.989832921674218369e+01 2.192924202440460704e+02 3.362311638050306123e+06
3.189656603805504531e+01 1.973216632064289229e+02 8.158131222692510676e+01 2.206303073367550382e+02 3.337726046835494228e+06
3.197510591377251998e+01 1.997140943073613926e+02 8.280693970862708397e+01 2.235532229641219999e+02 3.391881264809461776e+06
3.205364578919900964e+01 2.006244730931194056e+02 8.338300737971208321e+01 2.291815930223312989e+02 3.424460191895214841e+06
3.213218566433665302e+01 1.991522642363137265e+02 8.235566185071003531e+01 2.223717857392080077e+02 3.411026872239919845e+06
3.221072553918755688e+01 2.012409530746095925e+02 8.417482553370572873e+01 2.235099438023950995e+02 3.449675588974083308e+06
3.228926541375382442e+01 2.001192540789250245e+02 8.252300266746861723e+01 2.234459465045828210e+02 3.443153086076886393e+06
3.236780528803751622e+01 2.052248149628368310e+02 8.345203197979220988e+01 2.262728630836425339e+02 3.525715552094480954e+06
3.244634516204068575e+01 2.030361901119921129e+02 8.547918119845570573e+01 2.257166888827617299e+02 3.502743407075111754e+06
3.252488503576537227e+01 2.021337932697945234e+02 8.659937033939253581e+01 2.286505565979115602e+02 3.483606630321355537e+06
3.260342490921358660e+01 2.046454131934829093e+02 8.592198025211338575e+01 2.286783156555860330e+02 3.556165279308748432e+06
3.268196478238731828e+01 2.112313159801302334e+02 8.675081985883990399e+01 2.333749733860054221e+02 3.570260430056075100e+06
3.276050465528854261e+01 2.090640464952103059e+02 8.576197226521647110e+01 2.336916097261842253e+02 3.605499560088672675e+06
3.283904452791921358e+01 2.060504911381971453e+02 8.830859901986528371e+01 2.341354734931104531e+02 3.570543864260603674e+06
3.291758440028127097e+01 2.117010718558951510e+02 8.850335443571437111e+01 2.382551918371250110e+02 3.628491374400033150e+06
3.299612427237663326e+01 2.151258979165807830e+02 8.864397059012560476e+01 2.401763873545165495e+02 3.683780120543056168e+06
3.307466414420719758e+01 2.124078481358182557e+02 8.941214284438098048e+01 2.373299271187270847e+02 3.594339383860811591e+06
3.315320401577483977e+01 2.132522119663846070e+02 9.193963854717512163e+01 2.402264850617915783e+02 3.661344340226315428e+06
3.323174388708143567e+01 2.218407933666496206e+02 9.101101132160447094e+01 2.498998949812321655e+02 3.833002655375363305e+06
3.331028375812883269e+01 2.171775262453069502e+02 9.239470859392314139e+01 2.494540942326982247e+02 3.760069504382870626e+06
3.338882362891884981e+01 2.211320469198138881e+02 8.987583405815887261e+01 2.443745989536126899e+02 3.823450082869283855e+06
3.346736349945329891e+01 2.194585013352681813e+02 9.180882719710233175e+01 2.486574257644715544e+02 3.897218283730514348e+06
3.354590336973399189e+01 2.150651367011749358e+02 9.121845559768635781e+01 2.508086252183777276e+02 3.804994847943793051e+06
3.362444323976268379e+01 2.239507428511943772e+02 9.433397660808839191e+01 2.567806889271798241e+02 3.970214113036409486e+06
3.370298310954115806e+01 2.222850929559929511e+02 9.700656077551776946e+01 2.552778634670365818e+02 3.804733084615283180e+06
3.378152297907114132e+01 2.328903649815511017e+02 9.185175379968434584e+01 2.627958766927143301e+02 3.973952621408664156e+06
3.386006284835436730e+01 2.297784861454842371e+02 9.415160032294220116e+01 2.560714151418919755e+02 4.085904326835568529e+06
3.393860271739255552e+01 2.330126734425494988e+02 9.877466599065444086e+01 2.627258308992055049e+02 3.998605993523244746e+06
3.401714258618739706e+01 2.190936027785877229e+02 9.057106625948138401e+01 2.526515170315398109e+02 3.849875456535251811e+06
3.409568245474058301e+01 2.412949482090086804e+02 9.493923996355707118e+01 2.593156788811915021e+02 4.059281536615902558e+06
3.417422232305376895e+01 2.315721507783347874e+02 9.360062404060930419e+01 2.546789390764539007e+02 4.039944305517942179e+06
3.425276219112861043e+01 2.389743041791285805e+02 9.822665938084320203e+01 2.663389652924655593e+02 4.215664838092341088e+06
3.433130205896674880e+01 2.553446365295195903e+02 9.314649291642022888e+01 2.943680601474923151e+02 4.154807577125492506e+06
3.440984192656979701e+01 2.463508544136845160e+02 1.012625530332461921e+02 2.765434083745984708e+02 4.016656894100099336e+06
3.448838179393936088e+01 2.108039992464962040e+02 1.000690845465782388e+02 2.539454388421475244e+02 3.766677132739807013e+06
3.456692166107702491e+01 2.404448157801259072e+02 1.021632997396189637e+02 2.879537165003659993e+02 3.794999873593493830e+06
3.464546152798438072e+01 2.349702468905930175e+02 8.493246895361842519e+01 2.594859018738950454e+02 3.588596539872217458e+06
3.472400139466299152e+01 2.585670713126364149e+02 1.007045054070012355e+02 2.925997295582447464e+02 4.283334044693585485e+06
