# 0.4944 0.5331
7.871241428633635184e-02 1.326755396824405908e+00 1.560673080621403308e+00 1.366315821724268034e-02 2.593613577969967992e+03
1.618072713909662341e-01 3.182582023710146757e+00 4.059671936511689339e+00 7.074127392539067416e-02 1.042176782295046542e+04
2.418771330418761079e-01 3.581075515984962099e+00 4.498143886569801353e+00 9.317934711188739783e-02 1.437647855306972451e+04
3.211923215201240578e-01 4.674677409492715263e+00 6.197251722313477984e+00 2.018861052365268915e-01 2.762360204290740876e+04
4.002017901256537113e-01 5.439642014322676467e+00 7.560227655908078326e+00 3.018203779749140669e-01 3.950077167204454599e+04
4.790568272527075955e-01 6.107813185548256030e+00 8.077435036455510087e+00 3.121711411078792464e-01 3.857462198693188839e+04
5.578229290343351687e-01 7.543153058094200780e+00 1.017273002880451926e+01 4.608964954492492661e-01 5.724820314049511944e+04
6.365331115321660738e-01 9.734772671179763748e+00 1.287006694079629199e+01 5.322466707042112777e-01 6.115613249880359945e+04
7.152058371535838788e-01 1.159742814095621810e+01 1.462932773454270041e+01 6.149888897345071603e-01 7.096448560651208390e+04
7.938522421846891941e-01 1.217199092166480945e+01 1.504432773980632554e+01 6.830171797119291011e-01 7.231350360946582805e+04
8.724794443688169698e-01 1.463934551470785195e+01 1.754310474139575859e+01 7.808790378760563922e-01 8.029361206262957421e+04
9.510922062407737299e-01 1.850401284119630319e+01 2.181028621586335703e+01 8.842927084866510912e-01 8.831570157331960218e+04
1.029693835175838679e+00 1.928100344359837948e+01 2.244699954193042402e+01 9.695858783325300712e-01 9.144614396222187497e+04
1.108286699878543891e+00 2.169609368181553677e+01 2.485779138949413891e+01 1.074200807917815359e+00 9.723684590304183075e+04
1.186872541411916560e+00 2.421574271170835502e+01 2.718394493323911121e+01 1.133400709485691493e+00 1.024985676141676668e+05
1.265452668213572940e+00 2.621142609067772966e+01 2.862944589220357727e+01 1.203822008949628541e+00 1.075749608967231470e+05
1.344028082638708543e+00 2.864706237757747331e+01 3.116121487222664044e+01 1.355939707701443231e+00 1.165389821914838685e+05
1.422599565533279709e+00 2.948562463879377304e+01 3.142482109403061941e+01 1.410316230184796238e+00 1.178689934200138377e+05
1.501167734229200246e+00 3.366833097751278814e+01 3.555348731982848420e+01 1.570211677876636402e+00 1.242376804080687725e+05
1.579733083222462531e+00 3.443854887401836606e+01 3.582468561558479792e+01 1.711494068259598489e+00 1.350965349638483603e+05
1.658296013281593151e+00 3.604939409476120460e+01 3.697412857005785725e+01 1.767300442449337261e+00 1.357631081605512591e+05
1.736856852652245875e+00 3.743689687222459384e+01 3.790359704453519640e+01 1.916524522981142065e+00 1.394591580478475662e+05
1.815415872753641580e+00 3.864088564278436877e+01 3.873693381964948657e+01 1.946542313750132314e+00 1.430362403605168220e+05
1.893973299967037560e+00 4.052775907350387996e+01 4.013554353938116748e+01 2.131398776659010341e+00 1.517040422775411280e+05
1.972529324606241641e+00 4.065321356143343223e+01 3.987952486661982476e+01 2.258138914593672553e+00 1.574811878186998074e+05
2.051084107826015579e+00 4.090108292747056140e+01 3.985048325266225788e+01 2.364985714243290182e+00 1.627937704365579702e+05
2.129637787001040561e+00 4.188337485872487775e+01 4.005935686905031901e+01 2.585491942963504375e+00 1.733815635628721793e+05
2.208190479956450680e+00 4.174479590104254356e+01 3.963291996080111090e+01 2.697557262449704396e+00 1.760578151781869819e+05
2.286742288326184092e+00 4.324736058691898677e+01 4.083808165428758485e+01 2.717585504424007148e+00 1.769969447380916390e+05
2.365293300241981811e+00 4.265933453730728075e+01 4.036373459121612939e+01 2.824569906909061956e+00 1.760778118892533530e+05
2.443843592503681883e+00 4.316603383558906870e+01 3.983906201048128537e+01 2.972030921810556503e+00 1.849974490091865882e+05
2.522393232343909553e+00 4.349098484850784274e+01 3.961792041744733694e+01 3.172171340869287981e+00 1.933616947470433661e+05
2.600942278872942381e+00 4.366433159226193794e+01 3.952469132360677406e+01 3.404379163345272907e+00 2.028423350847210677e+05
2.679490784269383141e+00 4.386042456234140019e+01 3.952108814834596728e+01 3.466000683298757767e+00 2.034086226063743816e+05
2.758038794767343038e+00 4.481738902324401863e+01 3.984683137162601696e+01 3.643773557503919402e+00 2.110834309579183464e+05
2.836586351479573942e+00 4.429350442114600384e+01 3.882580714297438362e+01 3.912563319664639216e+00 2.202569812078301911e+05
2.915133491087511963e+00 4.503289456682624348e+01 3.953303735105445327e+01 3.930425114230749362e+00 2.181562104459035327e+05
2.993680246422668834e+00 4.513340651852513474e+01 3.962679774489368612e+01 4.108015041722191008e+00 2.212156714663625753e+05
3.072226646958827967e+00 4.561358801153387077e+01 3.933064621073872047e+01 4.354995038398279839e+00 2.329024632987206569e+05
3.150772719230606977e+00 4.666580913637896089e+01 3.999420714863604331e+01 4.482606559509330957e+00 2.356719408894367807e+05
3.229318487190934395e+00 4.643666556244980370e+01 3.982513849521897242e+01 4.541452070296525534e+00 2.352580692275198817e+05
3.307863972517584905e+00 4.729657466798939680e+01 4.045759463864703775e+01 4.708216846898774399e+00 2.405737569584069424e+05
3.386409194877053608e+00 4.824689822465137468e+01 4.084360122048723696e+01 4.929816618923651639e+00 2.485522776987380348e+05
3.464954172152534095e+00 4.838783129472084710e+01 4.080290413091388757e+01 5.108741753913212058e+00 2.550734085059408972e+05
3.543498920641575456e+00 4.852456908441817518e+01 4.051348213064140680e+01 5.352436835991809083e+00 2.608630147246016713e+05
3.622043455228019404e+00 4.997701630285988728e+01 4.153826377728041308e+01 5.473922893764255448e+00 2.663692350416918634e+05
3.700587789532037597e+00 4.991234359482121619e+01 4.136500867046104446e+01 5.704240093123885025e+00 2.715308133142833249e+05
3.779131936041457696e+00 5.020912224377283195e+01 4.161508416194935478e+01 5.878403289312787550e+00 2.727214676021502819e+05
3.857675906227046259e+00 5.059463494768155556e+01 4.185253037144530452e+01 6.004298516821859444e+00 2.758070910613716114e+05
3.936219710643986680e+00 5.164795331954373125e+01 4.246402256105188400e+01 6.198958290635037116e+00 2.866451156571676838e+05
4.014763359021444877e+00 5.165298595545975502e+01 4.200138391331384469e+01 6.438168245008334623e+00 2.869602811073871562e+05
4.093306860341824560e+00 5.226142252860282156e+01 4.236384959393842564e+01 6.652125636185225233e+00 2.964224616850439925e+05
4.171850222911064776e+00 5.161535193072127470e+01 4.185612918218789957e+01 6.825055430599776152e+00 2.981061798992179683e+05
4.250393454421145911e+00 5.231159841873745364e+01 4.245377504000953905e+01 6.943513467711245113e+00 2.987296444074867177e+05
4.328936562005788247e+00 5.375294761473134031e+01 4.309229308150531068e+01 7.217479688966219165e+00 3.091001955985238310e+05
4.407479552290201497e+00 5.412197241486976651e+01 4.354931993500047582e+01 7.476436769345785827e+00 3.137926719129320700e+05
4.486022431435594982e+00 5.360531793490006436e+01 4.307772772296004860e+01 7.609266564506264707e+00 3.137031582471806323e+05
4.564565205179107465e+00 5.459995666427960970e+01 4.342107669334106390e+01 7.859541957316322325e+00 3.236702646152308444e+05
4.643107878869670024e+00 5.481426246846579886e+01 4.358913690188781231e+01 8.061926264505864026e+00 3.270378669321456109e+05
4.721650457500300213e+00 5.573572353061241813e+01 4.378043468208271349e+01 8.180144050310925508e+00 3.327523142273513367e+05
4.800192945737217443e+00 5.609973602478309829e+01 4.415369971888874545e+01 8.489235304390641446e+00 3.378980768163923640e+05
4.878735347946150824e+00 5.596171733750560406e+01 4.400068543479214611e+01 8.710128273586100534e+00 3.390395855835823459e+05
4.957277668216146793e+00 5.640843811923686957e+01 4.427820133408150127e+01 8.913754433186099391e+00 3.451876370638206718e+05
5.035819910381144737e+00 5.726556653426352028e+01 4.462808013112245931e+01 9.117052017494668092e+00 3.507573807036785875e+05
5.114362078039562221e+00 5.790239933005952366e+01 4.480884907579719112e+01 9.380336024334992473e+00 3.580053256305967225e+05
5.192904174572115394e+00 5.786390398488967435e+01 4.480107772739734884e+01 9.602898224059766008e+00 3.593425958446078585e+05
5.271446203158030919e+00 5.837389536864491646e+01 4.483748284642543069e+01 9.800360566050803968e+00 3.659009556188204442e+05
5.349988166789838573e+00 5.966210818322559817e+01 4.597189024344934438e+01 1.007910738830620190e+01 3.720481620109858341e+05
5.428530068286878674e+00 5.973070318487626906e+01 4.556838896960502439e+01 1.027992400759381830e+01 3.768639196525878506e+05
5.507071910307648643e+00 6.003296215260683510e+01 4.577287219711091382e+01 1.052476454855314714e+01 3.798596521228295751e+05
5.585613695361120179e+00 6.024784966681757226e+01 4.561036400193489726e+01 1.086054952559845610e+01 3.864553415423479164e+05
5.664155425817094525e+00 6.145232702461601804e+01 4.623464705050060530e+01 1.114797311547366476e+01 3.957936186842261232e+05
5.742697103915729961e+00 6.117303930540677470e+01 4.618635646511071968e+01 1.128314915338592428e+01 3.953899338248822023e+05
5.821238731776284148e+00 6.185367454886940664e+01 4.642075815219589430e+01 1.157418782644854893e+01 4.029038090728450916e+05
5.899780311405160127e+00 6.216078501456509287e+01 4.644768460029052903e+01 1.181527596481024567e+01 4.048524304175449652e+05
5.978321844703323507e+00 6.283224359923257651e+01 4.685756472652937532e+01 1.200754375998886125e+01 4.082803282575461781e+05
6.056863333473133437e+00 6.286472856270471254e+01 4.667063798447149026e+01 1.223159387574486345e+01 4.123107014513986069e+05
6.135404779424661115e+00 6.405196424416877221e+01 4.734016733482160078e+01 1.254036703838169586e+01 4.221861427720477222e+05
6.213946184181517118e+00 6.405794122908021393e+01 4.722667773059643537e+01 1.283869426182841522e+01 4.260650344038608018e+05
6.292487549286247983e+00 6.514694629189894215e+01 4.782287834723769748e+01 1.301512329837319726e+01 4.294068485368902329e+05
6.371028876205335756e+00 6.499274437392406867e+01 4.766104675281699343e+01 1.339533741733157157e+01 4.361158107941367780e+05
6.449570166333828070e+00 6.563968342733130612e+01 4.770663835506856998e+01 1.367731541142605778e+01 4.436542265547839343e+05
6.528111420999634262e+00 6.578733422078127546e+01 4.774333065671051202e+01 1.379618140707802176e+01 4.457359190788560663e+05
6.606652641467518627e+00 6.620048021710420016e+01 4.800253683452224607e+01 1.409033534051129521e+01 4.513759493936050567e+05
6.685193828942805006e+00 6.662920093374053465e+01 4.784412226904650112e+01 1.452863842115131909e+01 4.566695576211351436e+05
6.763734984574836240e+00 6.726523563593107724e+01 4.830100706618755169e+01 1.453984713764836023e+01 4.595111590062889736e+05
6.842276109460177835e+00 6.733155526169798577e+01 4.818583028453005568e+01 1.497208689220345512e+01 4.625297032863462227e+05
6.920817204645620890e+00 6.745273981267199304e+01 4.829810807848551946e+01 1.509874552007230086e+01 4.632246079883417697e+05
6.999358271130968312e+00 6.814872107973742743e+01 4.852861946702387286e+01 1.540389696680936638e+01 4.749404889003762510e+05
7.077899309871646949e+00 6.937931291083260987e+01 4.901253213589438218e+01 1.581651585340504695e+01 4.825703534381830250e+05
7.156440321781138536e+00 6.954952318080366069e+01 4.904648035437413256e+01 1.598125750844433313e+01 4.810723100491160876e+05
7.234981307733260536e+00 6.947176749570768095e+01 4.904175841378907563e+01 1.630757626794279602e+01 4.889827753796121688e+05
7.313522268564292439e+00 7.033957932378923772e+01 4.932728958438347178e+01 1.649110862205900929e+01 4.905468777421310078e+05
7.392063205074973276e+00 7.032761240036188610e+01 4.917186928282480807e+01 1.692261857120483626e+01 4.981955871003553038e+05
7.470604118032365015e+00 7.139587947965641490e+01 4.977320448722716861e+01 1.712024653634009042e+01 5.024663725598816527e+05
7.549145008171610272e+00 7.133334931535118528e+01 4.980567972348941908e+01 1.732057261689728023e+01 5.032353620148662012e+05
7.627685876197570103e+00 7.149166080113917587e+01 4.947970300510203145e+01 1.774250881015758097e+01 5.082781620708950795e+05
7.706226722786373884e+00 7.262523638964081840e+01 4.996902632231510211e+01 1.809421667111778120e+01 5.202967134218325373e+05
7.784767548586863484e+00 7.248007264915045766e+01 4.995009798754184516e+01 1.844412404469536426e+01 5.223589702548579662e+05
7.863308354221953955e+00 7.285756581720417557e+01 4.999007773947680988e+01 1.842411269234543525e+01 5.225562900288590463e+05
7.941849140289923170e+00 7.354655120908250865e+01 5.043407479436631036e+01 1.882210841380425492e+01 5.274164177872665459e+05
8.020389907365611748e+00 7.412520282465419541e+01 5.033848986183448204e+01 1.930417126474203116e+01 5.381322898536436260e+05
8.098930656001561701e+00 7.406795505710807959e+01 5.040677238361632106e+01 1.945210823365107800e+01 5.417102185817940626e+05
8.177471386729090241e+00 7.421367140893399039e+01 5.024210629041241560e+01 1.970866159664120687e+01 5.439075659897320438e+05
8.256012100059292536e+00 7.481730974513584442e+01 5.079175386010005866e+01 2.017944854976263969e+01 5.499791825357108610e+05
8.334552796484000936e+00 7.519031239551623003e+01 5.047834835437093659e+01 2.034108969090554453e+01 5.500024688386588823e+05
8.413093476476680266e+00 7.561634966537869218e+01 5.071914537063670281e+01 2.071204028963840926e+01 5.606895818154416047e+05
8.491634140493276917e+00 7.555140591746565804e+01 5.079286682406605991e+01 2.093184881083415405e+01 5.614307236050757347e+05
8.570174788973028868e+00 7.669974129989668654e+01 5.109826657624213908e+01 2.132667959780533451e+01 5.667264713032309664e+05
8.648715422339215309e+00 7.739346055826328552e+01 5.116929028127378842e+01 2.169879448520417142e+01 5.754388641846863320e+05
8.727256040999876063e+00 7.709442202423157653e+01 5.110681123423106698e+01 2.187108479129830485e+01 5.759979625759765040e+05
8.805796645348495488e+00 7.749571840297201675e+01 5.111326437263102918e+01 2.224469931393381472e+01 5.817012724990996066e+05
8.884337235764643737e+00 7.810436353267029119e+01 5.156786639816743900e+01 2.252558956316875793e+01 5.866585202795158839e+05
8.962877812614589601e+00 7.853036202865391147e+01 5.168683713728314899e+01 2.287503631973765650e+01 5.872925100733221043e+05
9.041418376251867173e+00 7.886620614079714642e+01 5.152428374176950143e+01 2.335689424101666845e+01 5.980986273421512451e+05
9.119958927017840722e+00 7.925116033278264638e+01 5.159750462963959450e+01 2.355347839503291851e+01 5.981558839594058227e+05
9.198499465242209183e+00 7.966125532634217166e+01 5.185355341039354471e+01 2.381152311478127359e+01 6.064113631399838487e+05
9.277039991243508865e+00 8.028528668401256141e+01 5.214840159589788726e+01 2.415939051336938448e+01 6.083941102051410126e+05
9.355580505329580632e+00 8.080566764620539288e+01 5.223224960436299824e+01 2.455247883413911225e+01 6.149562072619330138e+05
9.434121007798012215e+00 8.032598820076968593e+01 5.166182046344763279e+01 2.476193607330419511e+01 6.156459203122524777e+05
9.512661498936562765e+00 8.097909170184276206e+01 5.211202395173920365e+01 2.523198469744408357e+01 6.211603684259840520e+05
9.591201979023569635e+00 8.121607463982168440e+01 5.211733442658174909e+01 2.542890110423622829e+01 6.266979893035521964e+05
9.669742448328321416e+00 8.156473644948809465e+01 5.201570007987709232e+01 2.586956466974660884e+01 6.316482223654126283e+05
9.748282907111432749e+00 8.243193795378167010e+01 5.274560224373935569e+01 2.610245383893806093e+01 6.370477343706387328e+05
9.826823355625185386e+00 8.232132520789103580e+01 5.224359625023338083e+01 2.640959566990771634e+01 6.388493398617655039e+05
9.905363794113858589e+00 8.295076395678337633e+01 5.247951193816394522e+01 2.685248832116874240e+01 6.468795579667949351e+05
9.983904222814045326e+00 8.319519635707895588e+01 5.243572938757230872e+01 2.727451669521231636e+01 6.530690678263452137e+05
1.006244464195495070e+01 8.355191868850977244e+01 5.258293084342504642e+01 2.750462161813755557e+01 6.543440355300443480e+05
1.014098505175868148e+01 8.368000286514538288e+01 5.237317602217414247e+01 2.772641628513993695e+01 6.601791320950231748e+05
1.021952545244051613e+01 8.405043307441033562e+01 5.262465182822897702e+01 2.817774955001389969e+01 6.651030457740786951e+05
1.029806584420916415e+01 8.400579960218945530e+01 5.228114251149889213e+01 2.852765972975966946e+01 6.690566969433327904e+05
1.037660622726701654e+01 8.442567684083596191e+01 5.257240781542211749e+01 2.880919895931861774e+01 6.732161594181839610e+05
1.045514660181038380e+01 8.468999220257836669e+01 5.243422376610917013e+01 2.907314118314040741e+01 6.775789108968613436e+05
1.053368696802971982e+01 8.488693754534963887e+01 5.266150249748159240e+01 2.949886786707720177e+01 6.777616302038726863e+05
1.061222732610984210e+01 8.555282895820450051e+01 5.262501091570919698e+01 3.008917046101840853e+01 6.929667925457021920e+05
1.069076767623013779e+01 8.613136175388589777e+01 5.297408398328575885e+01 3.024215013431023635e+01 6.934307360691971844e+05
1.076930801856475739e+01 8.606345235524955228e+01 5.274654639646253429e+01 3.047347051314383393e+01 6.970494672567935195e+05
1.084784835328281005e+01 8.653059092053496215e+01 5.279223386771526094e+01 3.088814210979219865e+01 7.014305697989254259e+05
1.092638868054854306e+01 8.683297897186032799e+01 5.289902979028954633e+01 3.127096022852827772e+01 7.063748402600890258e+05
1.100492900052151413e+01 8.685037693064762720e+01 5.283238909092939650e+01 3.156298133300765230e+01 7.111194089871117612e+05
1.108346931335675833e+01 8.734535578993212823e+01 5.287039345001694102e+01 3.193641585946256001e+01 7.162192333808920812e+05
1.116200961920494805e+01 8.775982851219259828e+01 5.313039921601362181e+01 3.245756813894647763e+01 7.215321005513723940e+05
1.124054991821254212e+01 8.799858621212884202e+01 5.328543768735836039e+01 3.269321545137786700e+01 7.247561633281724062e+05
1.131909021052193687e+01 8.866782323485828954e+01 5.332109601513231922e+01 3.316130631884480806e+01 7.324522256685906323e+05
1.139763049627160285e+01 8.865359763353805533e+01 5.314125290434764537e+01 3.343013712358308709e+01 7.337206605753212934e+05
1.147617077559622167e+01 8.889096968707292490e+01 5.302202583791682144e+01 3.382613249034064751e+01 7.424505305897425860e+05
1.155471104862680853e+01 8.952438854468562113e+01 5.317985899838463126e+01 3.425226654528606929e+01 7.471850225979224779e+05
1.163325131549084368e+01 8.926683777882115578e+01 5.323685599022130077e+01 3.467258423001366907e+01 7.483681781307987403e+05
1.171179157631238787e+01 8.980265103479661093e+01 5.313052642487862443e+01 3.495616193599639843e+01 7.542017144216750748e+05
1.179033183121219608e+01 8.996547730522459574e+01 5.320460430556479281e+01 3.514344553606667176e+01 7.582024232486862456e+05
1.186887208030782759e+01 9.013610506450000059e+01 5.311767485512782372e+01 3.547418731738895303e+01 7.603190577622473938e+05
1.194741232371374728e+01 9.006110708989284319e+01 5.298355863203939009e+01 3.607544095351117619e+01 7.680604439111422980e+05
1.202595256154143222e+01 9.068889314814991565e+01 5.324656715640544036e+01 3.636989582678186395e+01 7.713225452913384652e+05
1.210449279389946753e+01 9.107408771997833696e+01 5.316985790752368501e+01 3.686072463267849031e+01 7.785632033829668071e+05
1.218303302089363527e+01 9.117233388570286934e+01 5.323069504955966380e+01 3.703266714908761514e+01 7.815517082006093115e+05
1.226157324262700676e+01 9.199418063478614727e+01 5.343800390084485485e+01 3.760475132651484387e+01 7.892169443271271884e+05
1.234011345920003322e+01 9.173598009401361253e+01 5.328204678640195624e+01 3.786580384197899463e+01 7.904325692821644479e+05
1.241865367071062565e+01 9.217444715857955373e+01 5.325820994225934868e+01 3.829295057029851534e+01 7.952036926422254182e+05
1.249719387725422415e+01 9.274794922237413175e+01 5.354290805213893378e+01 3.872144280965299146e+01 8.018457392494160449e+05
1.257573407892389383e+01 9.233151097139587193e+01 5.303345562335464081e+01 3.899292526057896424e+01 8.074447359612947330e+05
1.265427427581038877e+01 9.281623610483687514e+01 5.332041433852283063e+01 3.929849474264332798e+01 8.085892060701465234e+05
1.273281446800221772e+01 9.309157144996356692e+01 5.296333272347758481e+01 4.007331892014479990e+01 8.176815628953870619e+05
1.281135465558572584e+01 9.375620323979870818e+01 5.347556571749843357e+01 4.032433208451907092e+01 8.242521211514737224e+05
1.288989483864514796e+01 9.356363307052465927e+01 5.327372613901010823e+01 4.063507671076292382e+01 8.246590185955439229e+05
1.296843501726268322e+01 9.376336524315806287e+01 5.337668904073579057e+01 4.092229222617246620e+01 8.303157641836382682e+05
1.304697519151855190e+01 9.371000855312271938e+01 5.307999043556725383e+01 4.120941602523436842e+01 8.314744828873241786e+05
1.312551536149104692e+01 9.444181427289517217e+01 5.308288634653562355e+01 4.203124497765538337e+01 8.449891458850785857e+05
1.320405552725660492e+01 9.478194678604415913e+01 5.326136670091670311e+01 4.229212002906368895e+01 8.478959461519458564e+05
1.328259568888985243e+01 9.535903761589956673e+01 5.319750775594192049e+01 4.283440833252556956e+01 8.535616371561388951e+05
1.336113584646366270e+01 9.561640890500926560e+01 5.336027471515194520e+01 4.300936949220210437e+01 8.554146602660997305e+05
1.343967600004920548e+01 9.540870917154558128e+01 5.329226102734024551e+01 4.328390082082012924e+01 8.605498550532889785e+05
1.351821614971599317e+01 9.615502743282830522e+01 5.335593882795464538e+01 4.393107708134793654e+01 8.697774636243713321e+05
1.359675629553193588e+01 9.586215449296331315e+01 5.332416544742715558e+01 4.426147849026826009e+01 8.693821147547792643e+05
1.367529643756338231e+01 9.618864716905721934e+01 5.329188678458058348e+01 4.462385678172330472e+01 8.752638508443031460e+05
1.375383657587516595e+01 9.623035181878398703e+01 5.320290552833662900e+01 4.519835770879623027e+01 8.801450936763240024e+05
1.383237671053064766e+01 9.651690401900420113e+01 5.348743795164367043e+01 4.535835036372859719e+01 8.806326082767260959e+05
1.391091684159175834e+01 9.740215362703314383e+01 5.326514080571822518e+01 4.599769139286154740e+01 8.904923973002611892e+05
1.398945696911903269e+01 9.733778851814790301e+01 5.342399731195906298e+01 4.648009646779178894e+01 8.974620860194843262e+05
1.406799709317166069e+01 9.725237673855434650e+01 5.335984209770662545e+01 4.671817826150122954e+01 9.005774771948296111e+05
1.414653721380751428e+01 9.764796813838624701e+01 5.327977333262375481e+01 4.723403414416175394e+01 9.089402831524297362e+05
1.422507733108318817e+01 9.806551815361542879e+01 5.325427490324815238e+01 4.769725933219995540e+01 9.123277531388769858e+05
1.430361744505403543e+01 9.865477413280017061e+01 5.355853325836490342e+01 4.810705724137300621e+01 9.210136471791991498e+05
1.438215755577419586e+01 9.846119965238484895e+01 5.332688583008929584e+01 4.852463414806412345e+01 9.221112612289475510e+05
1.446069766329663686e+01 9.910821929464033531e+01 5.348087803980664745e+01 4.899011762697004713e+01 9.323636547514107078e+05
1.453923776767318010e+01 9.899676412513288426e+01 5.325651670695098261e+01 4.938390908914556832e+01 9.337507249631119194e+05
1.461777786895453346e+01 9.941629544058567092e+01 5.348277382459072982e+01 4.991632921466464978e+01 9.381338688342215028e+05
1.469631796719032302e+01 9.968760059830330533e+01 5.326324698378751776e+01 5.031514468614418689e+01 9.469834121352778748e+05
1.477485806242911437e+01 9.961019511839134566e+01 5.360316240124905107e+01 5.045102721443917915e+01 9.459642428540418623e+05
1.485339815471844993e+01 1.001336040310066124e+02 5.358795937414271293e+01 5.100414818646952142e+01 9.550367899015446892e+05
1.493193824410487203e+01 1.003167220575475653e+02 5.355162806668532482e+01 5.141742371657487354e+01 9.607536723340753233e+05
1.501047833063394421e+01 1.006707041165431491e+02 5.331095969003862223e+01 5.222413984648321872e+01 9.713920009866056498e+05
1.508901841435028857e+01 1.008656489329063675e+02 5.336327553453627104e+01 5.221284860854490972e+01 9.700145660074270563e+05
1.516755849529759992e+01 1.010427049426298396e+02 5.355700681883240577e+01 5.288555076346931116e+01 9.759035125356419012e+05
1.524609857351867070e+01 1.017154872960056622e+02 5.345201275221101156e+01 5.337423387665546670e+01 9.858655083225847920e+05
1.532463864905541762e+01 1.019848899399790838e+02 5.360678124619589369e+01 5.390061358508943812e+01 9.872785440447707660e+05
1.540317872194890292e+01 1.022217274673034240e+02 5.362746797800856768e+01 5.436991504934671582e+01 9.952461944143935107e+05
1.548171879223935399e+01 1.023033573147982054e+02 5.364855828175595320e+01 5.489959567423556308e+01 1.002103599925440853e+06
1.556025885996618996e+01 1.027318805679399247e+02 5.351584611352465259e+01 5.541788203342988339e+01 1.007593482071567327e+06
1.563879892516803238e+01 1.027718364825629465e+02 5.341112779717671089e+01 5.588969959977192303e+01 1.012025315121470601e+06
1.571733898788273187e+01 1.027112003627880199e+02 5.366177584837572567e+01 5.607060910045191804e+01 1.016977835502067581e+06
1.579587904814739119e+01 1.029305677729809076e+02 5.361083258854728228e+01 5.668365630592825966e+01 1.020026439799545798e+06
1.587441910599837769e+01 1.039214083445259718e+02 5.375714985986352445e+01 5.727650961417634790e+01 1.029898986304427264e+06
1.595295916147133575e+01 1.044489938457989524e+02 5.370102788458682852e+01 5.780607409806734154e+01 1.041281774425975629e+06
1.603149921460121874e+01 1.042216915910949950e+02 5.371230161316164242e+01 5.807279597740441801e+01 1.038970776929157320e+06
1.611003926542229436e+01 1.047032269255466588e+02 5.377476633814660545e+01 5.866819908889529245e+01 1.047784498930132831e+06
1.618857931396816596e+01 1.051583187773485548e+02 5.380685135369046179e+01 5.929868547470456974e+01 1.058328257361552445e+06
1.626711936027179561e+01 1.050890408888740950e+02 5.381082884080787920e+01 5.975824915750581567e+01 1.062260703354940051e+06
1.634565940436549525e+01 1.060574408411644924e+02 5.402119158959139611e+01 6.033985076478747800e+01 1.070992290170274675e+06
1.642419944628097639e+01 1.059857694721514463e+02 5.389013939813188614e+01 6.069449339324591364e+01 1.075598828841889277e+06
1.650273948604932883e+01 1.058873740511913581e+02 5.387874621992475710e+01 6.111823226865217862e+01 1.080232998846275266e+06
1.658127952370107394e+01 1.066935893549306513e+02 5.399316967034700099e+01 6.195791678668414448e+01 1.088062449346156325e+06
1.665981955926614333e+01 1.067825296432979911e+02 5.405902175954766875e+01 6.228987696197173562e+01 1.090876754364576424e+06
1.673835959277390728e+01 1.069889767547547308e+02 5.395801519290694159e+01 6.290257886718730873e+01 1.102662716919871978e+06
1.681689962425318896e+01 1.074437181528396650e+02 5.387613771580983268e+01 6.337752808458665044e+01 1.106698426418212941e+06
1.689543965373228218e+01 1.078208793141973700e+02 5.401215612544439182e+01 6.398068740702480284e+01 1.112405555922871223e+06
1.697397968123895495e+01 1.077282441888392697e+02 5.418559745814286543e+01 6.434768288525405922e+01 1.119075739436297677e+06
1.705251970680045304e+01 1.088778624094254752e+02 5.430052098411470496e+01 6.520270737233853708e+01 1.129399127385612577e+06
1.713105973044353902e+01 1.090698642457685708e+02 5.448320554694091555e+01 6.540358348474262584e+01 1.134007070729946019e+06
1.720959975219447102e+01 1.090833675676719849e+02 5.422192394577308505e+01 6.624112405971993667e+01 1.141589475896833232e+06
1.728813977207903463e+01 1.094610606988941015e+02 5.431305163822290893e+01 6.647228141851302041e+01 1.146305705496631097e+06
1.736667979012256424e+01 1.098461771824001119e+02 5.442894116512837854e+01 6.720694926034136074e+01 1.154960068779696012e+06
1.744521980634991110e+01 1.103357626869459125e+02 5.446567232422327720e+01 6.780436330149916557e+01 1.164506311178877717e+06
1.752375982078550365e+01 1.102299275352743990e+02 5.456389256451480207e+01 6.814478832940454822e+01 1.167264668870483758e+06
1.760229983345331917e+01 1.108519552467912064e+02 5.485143869983233600e+01 6.874204379911950014e+01 1.171088833199723158e+06
1.768083984437692635e+01 1.114113224051620961e+02 5.474645398626950055e+01 6.974429112422508581e+01 1.186973774579655845e+06
1.775937985357945692e+01 1.121313835828773477e+02 5.480869690736565758e+01 7.022785290674198677e+01 1.193924845591599355e+06
1.783791986108364824e+01 1.119771660681210648e+02 5.492862257987247432e+01 7.080889366771106097e+01 1.202310079180935863e+06
1.791645986691183268e+01 1.125586764518724152e+02 5.502499089878176619e+01 7.139046561733954377e+01 1.208899197232729523e+06
1.799499987108595889e+01 1.129616300394512223e+02 5.513401325635018679e+01 7.189476556615936431e+01 1.213487294254076434e+06
1.807353987362759185e+01 1.135048717012269179e+02 5.536737713438731134e+01 7.235372306297990974e+01 1.224985168945038924e+06
1.815207987455791638e+01 1.135671043809451390e+02 5.536700394167227302e+01 7.294028753789616815e+01 1.227424146899193292e+06
1.823061987389775851e+01 1.141837846948178310e+02 5.553861858748318525e+01 7.355081299241665249e+01 1.235604620309307706e+06
1.830915987166758541e+01 1.149007002852687123e+02 5.573166901999620393e+01 7.440778179234307288e+01 1.247057415164015954e+06
1.838769986788751964e+01 1.151925434331886606e+02 5.571837638907196322e+01 7.492461619449599652e+01 1.254855903730790131e+06
1.846623986257733563e+01 1.154763697946307843e+02 5.597439832659625125e+01 7.536889899205164056e+01 1.261481643589047249e+06
1.854477985575647381e+01 1.159688275291974406e+02 5.615128814436013727e+01 7.594895401075139318e+01 1.269377929568597348e+06
1.862331984744404423e+01 1.165596007006887191e+02 5.609784252022786433e+01 7.668569031563126259e+01 1.281985125180022093e+06
1.870185983765884075e+01 1.173431708519814691e+02 5.639575457021717853e+01 7.727228739808720093e+01 1.287981747463217005e+06
1.878039982641934458e+01 1.176316249033188086e+02 5.648936982835318332e+01 7.808200393146535134e+01 1.298988313115997240e+06
1.885893981374372075e+01 1.183390765431667688e+02 5.675167741522718501e+01 7.881151735807866032e+01 1.309191251011468703e+06
1.893747979964983941e+01 1.189704674937878366e+02 5.692349005775102455e+01 7.938677010748023122e+01 1.316682023229816696e+06
1.901601978415527228e+01 1.190104059869024979e+02 5.685065915067722386e+01 8.004702962534199173e+01 1.323778126869840315e+06
1.909455976727730331e+01 1.198024161026743570e+02 5.706745954280680166e+01 8.057560672328136775e+01 1.333993289458090439e+06
1.917309974903293579e+01 1.201866142509534257e+02 5.700925065348548770e+01 8.176566699604701682e+01 1.349134136061061872e+06
1.925163972943889235e+01 1.203035238546404599e+02 5.743525799024298806e+01 8.192574537789397482e+01 1.348586820711771026e+06
1.933017970851161849e+01 1.215868215250803388e+02 5.761035038346845738e+01 8.292260896464473774e+01 1.359635263952255249e+06
1.940871968626730748e+01 1.218671482562671713e+02 5.783967678133324597e+01 8.337444028381509042e+01 1.375265213596258778e+06
1.948725966272188259e+01 1.227501165419758991e+02 5.802463008636666331e+01 8.439082749645113779e+01 1.388731026968234219e+06
1.956579963789100773e+01 1.229332641615638977e+02 5.816972731082604042e+01 8.495043165027955467e+01 1.392569033850098494e+06
1.964433961179010524e+01 1.237674760902979187e+02 5.846081786240684153e+01 8.561506280004498137e+01 1.401999638037754921e+06
1.972287958443434519e+01 1.245723918905806897e+02 5.851810995154314554e+01 8.662649749918456621e+01 1.414710037166782655e+06
1.980141955583865965e+01 1.249875848677488648e+02 5.887293807028028425e+01 8.720003398014435447e+01 1.422413234832958551e+06
1.987995952601774619e+01 1.254247399346280645e+02 5.894400316925177918e+01 8.800427174854584678e+01 1.432200258977033896e+06
1.995849949498606790e+01 1.263740058534231281e+02 5.935392399738419300e+01 8.884818278253200674e+01 1.442179373935263604e+06
2.003703946275786052e+01 1.268055319729585335e+02 5.951714663671078398e+01 8.917258378609507474e+01 1.453128875943229534e+06
2.011557942934713950e+01 1.275539013733335310e+02 5.980893429779901993e+01 9.005524570660118400e+01 1.464017584390125237e+06
2.019411939476770712e+01 1.276502147277134753e+02 5.991261219962213858e+01 9.059381668864459414e+01 1.467906528631696012e+06
2.027265935903314542e+01 1.280821639348695840e+02 5.990239112055411397e+01 9.137474027931466480e+01 1.482455882177958265e+06
2.035119932215682326e+01 1.285368835957310409e+02 6.018474751427182667e+01 9.188395834829644571e+01 1.487591126588100567e+06
2.042973928415191054e+01 1.288625635235123639e+02 6.004260022385411588e+01 9.292456113085546576e+01 1.496949219605187420e+06
2.050827924503137467e+01 1.290202675282697555e+02 6.039753228451600364e+01 9.320445074521435913e+01 1.501659501833298476e+06
2.058681920480798766e+01 1.291388721716517693e+02 6.012505784932892539e+01 9.387640881702427009e+01 1.506821890756096458e+06
2.066535916349431901e+01 1.295145110533411525e+02 6.032168888844413601e+01 9.447970102627495237e+01 1.515549072504041949e+06
2.074389912110275347e+01 1.299107560642174519e+02 6.032322505027861581e+01 9.517697396380444275e+01 1.524157527359031141e+06
2.082243907764548752e+01 1.300851490755984230e+02 6.035623179557328655e+01 9.553795077827378179e+01 1.534819497563125798e+06
2.090097903313453642e+01 1.304295137626298242e+02 6.042279967769525939e+01 9.640404610587444267e+01 1.541592674259986728e+06
2.097951898758173783e+01 1.308167792963903366e+02 6.047958715736251634e+01 9.708274325164759944e+01 1.549125299215767765e+06
2.105805894099874109e+01 1.311343560332089453e+02 6.066729184927097407e+01 9.754871124915629821e+01 1.555426324335676385e+06
2.113659889339703568e+01 1.314090241120848646e+02 6.057274197881395139e+01 9.822516302615932204e+01 1.564144696772084571e+06
2.121513884478793344e+01 1.316760784873888213e+02 6.071269033494340306e+01 9.898517731747919868e+01 1.571145059501355048e+06
2.129367879518258277e+01 1.319427993848159417e+02 6.068850708119125414e+01 9.963995786446834302e+01 1.578244884468729608e+06
2.137221874459196869e+01 1.323225058723928953e+02 6.081492304326275189e+01 9.995327829633406225e+01 1.587741959475756157e+06
2.145075869302691274e+01 1.324826932940010522e+02 6.099383262935471350e+01 1.007259739657888105e+02 1.599315686000931310e+06
2.152929864049807307e+01 1.330723277445946735e+02 6.103951112700023884e+01 1.013653340391421409e+02 1.604857703178883065e+06
2.160783858701596571e+01 1.329526155000422420e+02 6.122546918813579708e+01 1.020433944283377343e+02 1.609016999532471877e+06
2.168637853259094683e+01 1.335076404639762870e+02 6.111997716704321704e+01 1.028950417443303422e+02 1.623320467672462808e+06
2.176491847723321982e+01 1.334735689627956390e+02 6.128566126812059878e+01 1.035790361764102130e+02 1.629947205280325375e+06
2.184345842095285306e+01 1.342403393926355761e+02 6.128809844217392566e+01 1.041222899607306260e+02 1.638825682336534839e+06
2.192199836375975508e+01 1.347059240971659051e+02 6.148180381470832145e+01 1.048978468910550248e+02 1.648101834291205741e+06
2.200053830566371005e+01 1.347630322000545959e+02 6.154962217668897750e+01 1.056421505334038073e+02 1.654332683161690831e+06
2.207907824667434582e+01 1.351276893547092754e+02 6.159256360736204527e+01 1.062799033982546462e+02 1.666031465029686922e+06
2.215761818680116590e+01 1.355350564353957168e+02 6.168241572441838372e+01 1.071118833258603473e+02 1.673210094518873375e+06
2.223615812605353526e+01 1.355227617172055261e+02 6.186165341097810000e+01 1.077116706259893704e+02 1.680730381472778972e+06
2.231469806444068738e+01 1.363102461045700977e+02 6.192555524798916622e+01 1.085675876949802330e+02 1.695033625163511140e+06
2.239323800197172432e+01 1.364549788504681374e+02 6.199282318258930502e+01 1.089442536652032629e+02 1.698373681898396928e+06
2.247177793865562023e+01 1.367093727108007215e+02 6.207640820558950878e+01 1.098270884451396370e+02 1.706523572717209812e+06
2.255031787450123204e+01 1.371740090429685495e+02 6.225424891299962837e+01 1.106201032266910715e+02 1.712549340119856177e+06
2.262885780951728165e+01 1.374861469921364403e+02 6.238515751804220599e+01 1.109829739196714229e+02 1.722746603091197787e+06
2.270739774371238440e+01 1.378934348644692420e+02 6.261103535691032107e+01 1.118128238010380358e+02 1.732930979552397039e+06
2.278593767709502771e+01 1.383968048211235100e+02 6.250562147677119640e+01 1.126697014497213303e+02 1.744391806163394591e+06
2.286447760967358178e+01 1.384735999611870056e+02 6.274600637196143538e+01 1.135857252838431464e+02 1.755793402594806859e+06
2.294301754145629957e+01 1.395084798116392051e+02 6.272565936099894657e+01 1.143414951827766117e+02 1.766071812179357046e+06
2.302155747245133455e+01 1.393285843820483763e+02 6.310115271355745392e+01 1.149147546595107912e+02 1.770736888784253737e+06
2.310009740266672296e+01 1.399102794393542979e+02 6.317545570894017715e+01 1.153974101094673017e+02 1.779076338211715221e+06
2.317863733211038380e+01 1.398624351369289229e+02 6.318135183289201962e+01 1.164089679948244793e+02 1.784707476458100602e+06
2.325717726079013303e+01 1.401440424923083299e+02 6.331263391527514983e+01 1.168775844931372632e+02 1.798186992767589167e+06
2.333571718871368716e+01 1.412520944933864371e+02 6.342796508103618436e+01 1.180294351546828722e+02 1.809172162857049145e+06
2.341425711588865965e+01 1.411822215749456291e+02 6.369704688701506257e+01 1.185760916830307963e+02 1.817950001082628034e+06
2.349279704232255384e+01 1.417480509868211698e+02 6.385408064112605331e+01 1.193910205957098327e+02 1.829988555879576132e+06
2.357133696802278067e+01 1.422873706344614391e+02 6.402094391619084490e+01 1.204496691649990510e+02 1.838856921671316726e+06
2.364987689299664453e+01 1.428053109587497147e+02 6.390680248236231620e+01 1.207111850715249375e+02 1.847263918145674281e+06
2.372841681725136453e+01 1.427008599275883682e+02 6.404618682352955261e+01 1.213310176302067589e+02 1.851765247021874180e+06
2.380695674079405322e+01 1.434102090634179376e+02 6.422131458141844007e+01 1.226183409271140050e+02 1.866063991708069108e+06
2.388549666363174140e+01 1.440251817553827891e+02 6.476617970688982950e+01 1.232601065665336790e+02 1.880525136468221899e+06
2.396403658577134976e+01 1.447670464330512630e+02 6.489418023513843536e+01 1.243674566667713748e+02 1.891065073169175070e+06
2.404257650721972439e+01 1.448654640307554757e+02 6.479803795340718864e+01 1.246421456109880666e+02 1.899555396851134952e+06
2.412111642798362254e+01 1.447153666828112080e+02 6.490740418733106765e+01 1.257715889965714950e+02 1.909210427774107084e+06
2.419965634806970556e+01 1.456688928955390736e+02 6.523255644085227800e+01 1.264582283710075643e+02 1.914469699880807428e+06
2.427819626748454596e+01 1.461573698676961328e+02 6.537784671955280658e+01 1.275269411367099650e+02 1.923089411735519301e+06
2.435673618623464520e+01 1.463476843135962042e+02 6.540153230213051927e+01 1.281122350578118301e+02 1.931583146872505546e+06
2.443527610432640529e+01 1.470692396571980680e+02 6.585281597272891929e+01 1.290739586502704412e+02 1.945971447619031882e+06
2.451381602176616425e+01 1.475027188802836520e+02 6.591822115302434781e+01 1.296855728667640619e+02 1.962366470702360850e+06
2.459235593856016067e+01 1.479643630363055706e+02 6.606454852721724080e+01 1.306605115667642565e+02 1.971850142870063195e+06
2.467089585471456203e+01 1.487689372591351002e+02 6.622840293035410753e+01 1.318977085887819669e+02 1.978557382225838257e+06
2.474943577023546126e+01 1.486691588259994319e+02 6.638181103384694381e+01 1.321502262197662105e+02 1.992969738784059417e+06
2.482797568512887310e+01 1.493476839927155311e+02 6.673688506207663806e+01 1.333730519390772997e+02 2.003984125796912238e+06
2.490651559940072346e+01 1.501644573152126441e+02 6.688321216260283109e+01 1.343513613712230210e+02 2.014649207859032089e+06
2.498505551305688144e+01 1.506290278454841030e+02 6.698305989270457417e+01 1.353711650523525236e+02 2.027515910485211061e+06
2.506359542610313440e+01 1.513651498438089789e+02 6.741863597980292866e+01 1.361671803058914065e+02 2.038776060097379843e+06
2.514213533854519511e+01 1.515464056737533554e+02 6.754365606121226051e+01 1.368616609880679107e+02 2.048741570476606023e+06
2.522067525038871239e+01 1.525542511783888528e+02 6.777885142595835077e+01 1.383925834215986299e+02 2.063525361326222774e+06
2.529921516163925688e+01 1.523938343509898345e+02 6.794209720082385218e+01 1.386432849003682577e+02 2.071776257962256204e+06
2.537775507230233529e+01 1.536032146228791646e+02 6.819108444067599351e+01 1.398147223198085101e+02 2.086816956914524548e+06
2.545629498238338684e+01 1.541469860530571907e+02 6.849122416669858637e+01 1.409197797465353972e+02 2.090642568933087867e+06
2.553483489188777966e+01 1.549550346093756445e+02 6.866225318227958496e+01 1.412699999598501961e+02 2.101267866905683652e+06
2.561337480082082152e+01 1.545726105168927802e+02 6.916053875215560254e+01 1.419848147697998968e+02 2.109741426736108493e+06
2.569191470918774911e+01 1.555383556899714392e+02 6.907248904723964245e+01 1.433612685162038076e+02 2.127741000073848758e+06
2.577045461699373874e+01 1.561268470557379828e+02 6.911280107015012675e+01 1.438009591530071418e+02 2.143391151843038853e+06
2.584899452424390631e+01 1.570455970160244306e+02 6.956077228768106124e+01 1.454299008146024619e+02 2.156878354992024601e+06
2.592753443094329668e+01 1.580248509109080146e+02 6.978810002158807890e+01 1.463020250301742635e+02 2.172229889289736748e+06
2.600607433709690852e+01 1.577550557167090517e+02 6.999910070044333565e+01 1.473328728730347734e+02 2.179415279844332952e+06
2.608461424270966944e+01 1.587229363745524040e+02 7.044520859953289005e+01 1.482727058384285499e+02 2.184783446540386882e+06
2.616315414778644310e+01 1.591418719003630429e+02 7.048818286364863184e+01 1.489139459210952907e+02 2.204961644517732784e+06
2.624169405233205055e+01 1.597710301224728084e+02 7.080994346559184294e+01 1.503602662554636709e+02 2.221281347282458562e+06
2.632023395635124174e+01 1.607747136814200246e+02 7.146423019218592287e+01 1.512189206860285253e+02 2.233266469561331905e+06
2.639877385984871694e+01 1.603271432779417580e+02 7.112751773246989728e+01 1.516660130183064155e+02 2.243052189250939991e+06
2.647731376282911953e+01 1.618943007527867337e+02 7.163379327761916215e+01 1.531241113903464850e+02 2.257819129739944823e+06
2.655585366529703606e+01 1.616508296370374751e+02 7.160078625321546042e+01 1.534595290628377882e+02 2.259360496691291220e+06
2.663439356725699980e+01 1.633601925384204776e+02 7.233235252391295944e+01 1.553764408230353240e+02 2.289592659198489040e+06
2.671293346871349428e+01 1.631856387907700707e+02 7.267096009873392859e+01 1.556398899868069634e+02 2.294026796360814478e+06
2.679147336967094617e+01 1.641359847631465243e+02 7.263565873328836631e+01 1.572264788287363899e+02 2.313395669848501682e+06
2.687001327013372531e+01 1.641237061209538410e+02 7.297977539234571509e+01 1.582198311059048592e+02 2.328567443368695676e+06
2.694855317010616602e+01 1.647321573505346635e+02 7.312805223978114100e+01 1.583866968451453943e+02 2.340327179275039118e+06
2.702709306959254221e+01 1.660380328615846395e+02 7.322573922029074822e+01 1.600710408631986184e+02 2.350114352131706197e+06
2.710563296859707094e+01 1.670254979513420324e+02 7.367817148133775618e+01 1.613031364411745585e+02 2.377586755299435928e+06
2.718417286712393377e+01 1.672596277563879141e+02 7.395321710327549170e+01 1.621231898370965894e+02 2.383019743972231168e+06
2.726271276517725894e+01 1.671818018077067620e+02 7.446521135308792338e+01 1.630311817348282659e+02 2.382552369468034245e+06
2.734125266276112498e+01 1.685173042945720567e+02 7.443235702956192767e+01 1.636056745632565139e+02 2.409704688583439682e+06
2.741979255987956776e+01 1.695054904388499324e+02 7.477691556893920222e+01 1.655073130246609310e+02 2.422107869381018449e+06
2.749833245653658054e+01 1.691856886001214946e+02 7.466031567105196132e+01 1.659862931100602168e+02 2.424553770348768216e+06
2.757687235273609616e+01 1.696566756429762961e+02 7.507099949473659706e+01 1.664980530327476913e+02 2.450366654040049762e+06
2.765541224848202262e+01 1.698906412324421922e+02 7.506360136467513655e+01 1.674096879564483231e+02 2.448924767619675491e+06
2.773395214377820395e+01 1.716054565948246307e+02 7.586453628575303298e+01 1.696135462621779482e+02 2.465619093512670603e+06
2.781249203862845576e+01 1.721789502954549960e+02 7.580098750529873541e+01 1.699259506854406823e+02 2.481654803751405794e+06
2.789103193303654038e+01 1.717194956998063162e+02 7.664165966893069992e+01 1.706690362468173703e+02 2.496320627941260114e+06
2.796957182700618816e+01 1.730544954740184949e+02 7.633664499302228990e+01 1.726863228264925851e+02 2.521636764553990215e+06
2.804811172054107615e+01 1.727822123509133405e+02 7.668515029163683039e+01 1.731129036902797509e+02 2.511365335630522110e+06
2.812665161364485655e+01 1.723085119651814807e+02 7.691390035908955269e+01 1.732837978873579345e+02 2.523602950312002096e+06
2.820519150632112115e+01 1.725367589120636183e+02 7.706396823514974415e+01 1.741462354645507844e+02 2.533056407725753728e+06
2.828373139857343332e+01 1.742237757950157686e+02 7.764997636939459369e+01 1.754907555803611672e+02 2.556637560821305029e+06
2.836227129040531736e+01 1.745597705059712723e+02 7.733774874937662958e+01 1.763431492607650739e+02 2.563399970216831192e+06
2.844081118182025847e+01 1.744828301192164020e+02 7.735556255697298411e+01 1.770323070579227931e+02 2.568465098788693547e+06
2.851935107282169923e+01 1.750008311081629699e+02 7.756387694427581891e+01 1.783533453133484556e+02 2.589530918838016689e+06
2.859789096341304315e+01 1.751110723745643156e+02 7.770415707005592765e+01 1.789543931034384343e+02 2.601492841255913023e+06
2.867643085359765820e+01 1.744197319838890223e+02 7.780584161719144731e+01 1.797357595079224950e+02 2.609603064149382059e+06
2.875497074337888392e+01 1.749476132837516502e+02 7.827763976790321010e+01 1.809431363208524033e+02 2.607710046602027025e+06
2.883351063276001369e+01 1.757404585575236240e+02 7.822612844999910919e+01 1.814588715559288516e+02 2.642658584080556873e+06
2.891205052174430890e+01 1.762963272333917644e+02 7.840857466135855702e+01 1.831374467657707612e+02 2.659562993123508524e+06
2.899059041033499184e+01 1.762086413089479322e+02 7.856504933020937642e+01 1.833366567581294646e+02 2.655525547010196373e+06
2.906913029853525643e+01 1.761324071688639776e+02 7.941655258509962323e+01 1.837166943675630080e+02 2.656500243245137855e+06
2.914767018634825746e+01 1.767993787232335308e+02 7.918557085738530077e+01 1.854176218216642837e+02 2.677605709262419492e+06
2.922621007377712132e+01 1.764221498836658952e+02 7.947442949999248185e+01 1.857415298979492206e+02 2.676991848414960317e+06
2.930474996082492822e+01 1.782633491863909683e+02 7.988490114941374998e+01 1.878614154322617367e+02 2.713006905614305288e+06
2.938328984749474060e+01 1.774773940275057953e+02 7.901303812283636319e+01 1.867771062515234917e+02 2.708895704095537309e+06
2.946182973378957826e+01 1.781792320143794370e+02 7.994024361830744851e+01 1.890885765409249473e+02 2.713979850036371034e+06
2.954036961971243258e+01 1.780893256125691266e+02 7.963362668752829165e+01 1.890127530449869084e+02 2.737479742116097827e+06
2.961890950526625943e+01 1.793968951308794146e+02 8.124100181940529808e+01 1.918781405340930348e+02 2.751817802540676203e+06
2.969744939045398979e+01 1.802601647640086071e+02 8.111980362123159694e+01 1.920445141937455276e+02 2.772049927975074854e+06
2.977598927527852268e+01 1.801561895520706571e+02 8.130930138601524959e+01 1.936616375108301895e+02 2.780600311046527699e+06
2.985452915974272159e+01 1.826704475770384022e+02 8.122296369778226222e+01 1.951150212344528256e+02 2.827884354924927466e+06
2.993306904384942868e+01 1.813285809348623161e+02 8.148850600710854053e+01 1.947024718539537957e+02 2.814899371505582705e+06
3.001160892760143994e+01 1.841629971139057886e+02 8.237759249648354398e+01 1.968466246359675438e+02 2.846017358192096464e+06
3.009014881100154071e+01 1.849533934349943252e+02 8.287230789308345891e+01 2.003622499614944275e+02 2.856681913160298951e+06
3.016868869405248077e+01 1.845594465503926358e+02 8.249609921218457487e+01 2.000494905170306481e+02 2.871065823464165442e+06
3.024722857675697441e+01 1.837375600295276001e+02 8.289488424773530539e+01 1.993190226729093126e+02 2.844951228379075415e+06
3.032576845911771457e+01 1.838772276408218147e+02 8.300217406905873929e+01 1.998626218916053006e+02 2.877628291199489962e+06
3.040430834113736580e+01 1.877339335938232807e+02 8.367295418754240188e+01 2.029397062821255417e+02 2.917648950641945470e+06
3.048284822281856421e+01 1.868057796581760215e+02 8.402525837184387569e+01 2.037377153786276551e+02 2.916286332121302374e+06
3.056138810416392460e+01 1.866857113752924135e+02 8.421568119561180765e+01 2.051162439115980476e+02 2.959251070799725596e+06
3.063992798517602267e+01 1.884279259953701740e+02 8.541146322231604415e+01 2.057141604412898914e+02 2.944745981798900757e+06
3.071846786585741640e+01 1.877412834753367008e+02 8.475896017828399920e+01 2.070722366367135692e+02 2.960774434663658496e+06
3.079700774621063886e+01 1.900046482798963439e+02 8.514770273519100385e+01 2.074910795551472802e+02 2.967192847805615980e+06
3.087554762623818760e+01 1.908445233786611652e+02 8.650423152738135002e+01 2.103406975230024045e+02 3.001018529772898648e+06
3.095408750594254599e+01 1.901952312260767144e+02 8.663096747281072396e+01 2.119789538671614082e+02 2.993732310071297921e+06
3.103262738532617249e+01 1.922467780758426272e+02 8.633140117673526959e+01 2.124730185229842334e+02 3.050557288212889805e+06
3.111116726439149005e+01 1.925051094915309022e+02 8.662379804968985297e+01 2.151015964848066346e+02 3.034430699857654516e+06
3.118970714314090387e+01 1.948079609526633647e+02 8.672598560528422240e+01 2.167779093974121736e+02 3.088359038019820582e+06
3.126824702157679781e+01 1.941027060624968215e+02 8.783461757198628561e+01 2.168175290669324511e+02 3.087025304320103489e+06
3.134678689970152377e+01 1.925532247076873773e+02 8.877321785210843075e+01 2.147181952527388660e+02 3.098432271529005840e+06
3.142532677751741588e+01 1.960686827176120914e+02 8.805870078649223842e+01 2.169488609397741357e+02 3.118007738111882936e+06
3.150386665502678696e+01 1.970156854377256934e+02 8.817299348968792572e+01 2.197380126989783093e+02 3.162291577926942613e+06
3.158240653223192140e+01 1.995967900126180155e+02 9.030417439997306417e+01 2.250459375574443186e+02 3.172040869056447409e+06
3.166094640913508229e+01 1.961980411776781352e+02 8.926788457303834434e+01 2.226103688336590949e+02 3.145865346840883605e+06
3.173948628573851494e+01 2.007165536620612443e+02 9.003933049179926229e+01 2.296199026685690114e+02 3.185170004758239724e+06
3.181802616204443623e+01 2.009286888847519492e+02 8.968680509186198435e+01 2.266936710910454735e+02 3.196553481968382373e+06
3.189656603805504531e+01 2.017967429147305438e+02 9.019072765726336627e+01 2.284749715932672416e+02 3.170514772961540148e+06
3.197510591377251998e+01 2.050786272125768335e+02 9.132488206856839952e+01 2.299892942231454356e+02 3.229754545868098270e+06
3.205364578919900964e+01 2.044950200239725291e+02 9.263079203193188960e+01 2.362489280640606353e+02 3.260743930571301840e+06
3.213218566433665302e+01 2.029648332588932931e+02 9.203871405051224031e+01 2.301082885151473647e+02 3.232530465730737429e+06
3.221072553918755688e+01 2.046512771100076122e+02 9.220024688840076976e+01 2.308748358883553067e+02 3.232832601564306766e+06
3.228926541375382442e+01 2.042545368368539584e+02 9.211563060896907018e+01 2.309264730010553990e+02 3.267009013227650896e+06
3.236780528803751622e+01 2.105787451977786588e+02 9.455804850976578280e+01 2.345107027209354555e+02 3.351819921809945256e+06
3.244634516204068575e+01 2.090458954309642934e+02 9.625711691768729850e+01 2.354508965456619194e+02 3.326454426178924739e+06
3.252488503576537227e+01 2.065482968037590581e+02 9.673668651374771343e+01 2.369873087280868731e+02 3.318843749748839531e+06
3.260342490921358660e+01 2.098974969533624062e+02 9.508389677349137514e+01 2.362775751099976844e+02 3.364178981137320865e+06
3.268196478238731828e+01 2.160133730209196301e+02 9.637135270833481115e+01 2.418811856948777290e+02 3.371985624438688625e+06
3.276050465528854261e+01 2.144187700246767179e+02 9.744285115233780914e+01 2.435694185297448087e+02 3.408974273107581772e+06
3.283904452791921358e+01 2.112202709946159587e+02 9.790711608554369150e+01 2.453087833983212533e+02 3.422258369794759434e+06
3.291758440028127097e+01 2.150009680658949094e+02 9.715840015903266647e+01 2.473726758872166442e+02 3.439847434486936312e+06
3.299612427237663326e+01 2.211519952535765299e+02 9.927756121261057842e+01 2.504019522642845743e+02 3.505224672427153680e+06
3.307466414420719758e+01 2.175483079613992459e+02 1.005534181771669324e+02 2.511018894228118938e+02 3.407278574557985179e+06
3.315320401577483977e+01 2.180596120488085035e+02 1.031796755481191497e+02 2.494256682578207744e+02 3.457615922961128876e+06
3.323174388708143567e+01 2.257058480226464212e+02 1.018669474943195041e+02 2.617923879195327572e+02 3.626319957814852707e+06
3.331028375812883269e+01 2.210697381179991510e+02 1.020021483274322094e+02 2.580374357465878461e+02 3.563355068151872139e+06
3.338882362891884981e+01 2.271204782599090777e+02 1.014917308307794457e+02 2.599741009400044049e+02 3.656301699441466946e+06
3.346736349945329891e+01 2.283491066655700763e+02 1.031887515585136157e+02 2.589671818888224379e+02 3.712679430274281651e+06
3.354590336973399189e+01 2.202621587013192652e+02 1.000700199088176419e+02 2.610476918343374564e+02 3.623308844541857019e+06
3.362444323976268379e+01 2.290469849289745525e+02 1.037581044765934593e+02 2.654852221661568024e+02 3.752718639225012623e+06
3.370298310954115806e+01 2.250752663850488489e+02 1.024340410342573335e+02 2.587688377867123108e+02 3.618455689987855498e+06
3.378152297907114132e+01 2.377874085937951065e+02 1.049655069666515459e+02 2.782723215470303444e+02 3.749863044714737218e+06
3.386006284835436730e+01 2.340843641260248944e+02 1.058310525257651733e+02 2.689595078333459810e+02 3.823250062488998286e+06
3.393860271739255552e+01 2.383350073064554522e+02 1.122891460157162271e+02 2.797337392033410310e+02 3.763192260816943832e+06
3.401714258618739706e+01 2.253309841810457215e+02 1.029412583466428970e+02 2.694583799286170915e+02 3.643663484629158862e+06
3.409568245474058301e+01 2.452087084115923119e+02 1.081328210822829021e+02 2.671902486598461905e+02 3.795073520482898224e+06
3.417422232305376895e+01 2.395861096248378033e+02 1.067114399717990665e+02 2.687807347888321488e+02 3.776729376586287282e+06
3.425276219112861043e+01 2.372085383744967828e+02 1.130555237729839604e+02 2.861547515875705017e+02 3.988096409022641834e+06
3.433130205896674880e+01 2.455529338736774889e+02 1.075129733055401715e+02 3.000326227783131685e+02 3.798357065347438678e+06
3.440984192656979701e+01 2.543283111295409924e+02 1.132357941138118775e+02 2.902305344758455021e+02 3.745054296628784388e+06
3.448838179393936088e+01 2.161411046946659553e+02 1.094847166495563755e+02 2.652416976170733847e+02 3.546286346909123473e+06
3.456692166107702491e+01 2.431608119407270010e+02 1.260730552484948532e+02 3.114613837610917813e+02 3.746249418876517098e+06
3.464546152798438072e+01 2.418851909786828003e+02 1.156479579132135740e+02 2.870861129757783488e+02 3.279859448304516263e+06
3.472400139466299152e+01 2.807586914525353450e+02 1.259807577857950065e+02 3.215303523999884305e+02 3.888917807297545020e+06
