# 0.5406 0.5827
7.871241428633635184e-02 1.076842436321380658e+00 1.291560388090883693e+00 1.387919728907863713e-02 2.554396307367933787e+03
1.618072713909662341e-01 2.729467585396222251e+00 3.540303668467956744e+00 7.113804710547697030e-02 1.026291644296053528e+04
2.418771330418761079e-01 3.194304499698523703e+00 4.032986011753741273e+00 9.374592890335811668e-02 1.415524149532848423e+04
3.211923215201240578e-01 4.196079551636053395e+00 5.594569525048382452e+00 2.033512790671748172e-01 2.720707004175224938e+04
4.002017901256537113e-01 4.900304730308532974e+00 6.852903030895688197e+00 3.048077549423711674e-01 3.889650001572142355e+04
4.790568272527075955e-01 5.763950252553932785e+00 7.600117681974054129e+00 3.132191750631389549e-01 3.798250325855361007e+04
5.578229290343351687e-01 7.197510390278913484e+00 9.673572630329831057e+00 4.639086089083218623e-01 5.634207877280000685e+04
6.365331115321660738e-01 9.296909897494016306e+00 1.230076064502976863e+01 5.360207319539991300e-01 6.018368533143116656e+04
7.152058371535838788e-01 1.113083905668302087e+01 1.401720380999363869e+01 6.211634512010559828e-01 6.983129982294532238e+04
7.938522421846891941e-01 1.191934517064262700e+01 1.469844704565215032e+01 6.886794497953477867e-01 7.118474032446456840e+04
8.724794443688169698e-01 1.428539253759569938e+01 1.714424199247665115e+01 7.878528065491656740e-01 7.898360108061997744e+04
9.510922062407737299e-01 1.809428351180541839e+01 2.136698808777722647e+01 8.940686946431388726e-01 8.686617982864637452e+04
1.029693835175838679e+00 1.917208560441312670e+01 2.234339546678066668e+01 9.779871143978906556e-01 8.992147039478772786e+04
1.108286699878543891e+00 2.142297352255767962e+01 2.464119563636268495e+01 1.084648778776017952e+00 9.553467211644975760e+04
1.186872541411916560e+00 2.402298294655305710e+01 2.706695062496227422e+01 1.143136610787642393e+00 1.007299844336615934e+05
1.265452668213572940e+00 2.622015220381718947e+01 2.877864065102476943e+01 1.216972493482569417e+00 1.057202571143749956e+05
1.344028082638708543e+00 2.869720716400043159e+01 3.136448927302383538e+01 1.367724069755419603e+00 1.145423810240258899e+05
1.422599565533279709e+00 2.973729579816038182e+01 3.185723706087479812e+01 1.425484547602827057e+00 1.157656257620481483e+05
1.501167734229200246e+00 3.422989266089630433e+01 3.639694593284185231e+01 1.589153320506036859e+00 1.220201116191876354e+05
1.579733083222462531e+00 3.518357822218707298e+01 3.687285096892032499e+01 1.729771528648431200e+00 1.326939240254515025e+05
1.658296013281593151e+00 3.704351233509149210e+01 3.822739615282139169e+01 1.785135238744304020e+00 1.333315037619167997e+05
1.736856852652245875e+00 3.853614413440721620e+01 3.932561623305227982e+01 1.935029083740951839e+00 1.368825416763216781e+05
1.815415872753641580e+00 4.021748536547632114e+01 4.065035805801728941e+01 1.960604618841390812e+00 1.404304135567267367e+05
1.893973299967037560e+00 4.223804551841259780e+01 4.217688001739735171e+01 2.148410167267427617e+00 1.488955835289634415e+05
1.972529324606241641e+00 4.282681175266257867e+01 4.242020406479878858e+01 2.281399805468808495e+00 1.545780556688615470e+05
2.051084107826015579e+00 4.291261175634634384e+01 4.213129275869866319e+01 2.389309219866275757e+00 1.597524564520416898e+05
2.129637787001040561e+00 4.430906754565226890e+01 4.282048862205440543e+01 2.608524815292989185e+00 1.700537493794636684e+05
2.208190479956450680e+00 4.426734089159218399e+01 4.248153376162358796e+01 2.723319473378569278e+00 1.726255441831998760e+05
2.286742288326184092e+00 4.620977680243777996e+01 4.407120935959687102e+01 2.741989392537399706e+00 1.735332436663154513e+05
2.365293300241981811e+00 4.539687328829455026e+01 4.335068609189828948e+01 2.860955869448230438e+00 1.727021774102531781e+05
2.443843592503681883e+00 4.599640827943714783e+01 4.286006711142243830e+01 2.995847993746228788e+00 1.814210383812514774e+05
2.522393232343909553e+00 4.658656818950990441e+01 4.294329499670544692e+01 3.197126386334870229e+00 1.896214325306901883e+05
2.600942278872942381e+00 4.674232327306952328e+01 4.273332717997858055e+01 3.427773842824407780e+00 1.988406638769705023e+05
2.679490784269383141e+00 4.661201726135842449e+01 4.245828976587935699e+01 3.496843281815048332e+00 1.993048875915109238e+05
2.758038794767343038e+00 4.782563070606378375e+01 4.294588081162297044e+01 3.673762358163791042e+00 2.067532144270890567e+05
2.836586351479573942e+00 4.730578370510085762e+01 4.189497643567234064e+01 3.934226417546063725e+00 2.157502127643895219e+05
2.915133491087511963e+00 4.799848326536736920e+01 4.253585964015098142e+01 3.963301268067560112e+00 2.136110976552103530e+05
2.993680246422668834e+00 4.786287125450841273e+01 4.236149873773900509e+01 4.137793178951628015e+00 2.166224567415846104e+05
3.072226646958827967e+00 4.853399507963057857e+01 4.218760259331973828e+01 4.381413923012666523e+00 2.280523252074259508e+05
3.150772719230606977e+00 4.964072541366231661e+01 4.295048093926811106e+01 4.508145747939988013e+00 2.307289719279229466e+05
3.229318487190934395e+00 4.939647960329911314e+01 4.269292957335333938e+01 4.576055941728092158e+00 2.302115435714529012e+05
3.307863972517584905e+00 5.017637158209581116e+01 4.323600685315008008e+01 4.736687626785922589e+00 2.354444080785503611e+05
3.386409194877053608e+00 5.146205533452593528e+01 4.385857699695389300e+01 4.967501905302319720e+00 2.431801066492416430e+05
3.464954172152534095e+00 5.112304908003320492e+01 4.329439866541404314e+01 5.145854718148624052e+00 2.495806389293192187e+05
3.543498920641575456e+00 5.162278779565912146e+01 4.337979179444761968e+01 5.398353948268380442e+00 2.551243496794355451e+05
3.622043455228019404e+00 5.325747914067164146e+01 4.449113101186073749e+01 5.509706270399497008e+00 2.604803480707049312e+05
3.700587789532037597e+00 5.319706102142497883e+01 4.431094011528563925e+01 5.749019320194640237e+00 2.655914231233077007e+05
3.779131936041457696e+00 5.332584959872954755e+01 4.438377677425364709e+01 5.928392205405640603e+00 2.667124894800343900e+05
3.857675906227046259e+00 5.380827141947124659e+01 4.465379837686705855e+01 6.035503591787535704e+00 2.696785924114225199e+05
3.936219710643986680e+00 5.507595390992688777e+01 4.555731527124454061e+01 6.243144391975076424e+00 2.801816231175085413e+05
4.014763359021444877e+00 5.494793167421924096e+01 4.498399030259355413e+01 6.471077412134767393e+00 2.803938524790524389e+05
4.093306860341824560e+00 5.589832001115693316e+01 4.561258771866739181e+01 6.701237919416190181e+00 2.896818974663091940e+05
4.171850222911064776e+00 5.512708534032651642e+01 4.497884513409880469e+01 6.881671725596921085e+00 2.912921372458484257e+05
4.250393454421145911e+00 5.579303147210418246e+01 4.549488711724710299e+01 6.984749369452280199e+00 2.916902790462645935e+05
4.328936562005788247e+00 5.732919851689946000e+01 4.623063401827322139e+01 7.283118015600584805e+00 3.018670316122986260e+05
4.407479552290201497e+00 5.794879459519758313e+01 4.699293565610255996e+01 7.522488736342040738e+00 3.065091921212504385e+05
4.486022431435594982e+00 5.718554720868877439e+01 4.625652211511050638e+01 7.676862891610977790e+00 3.062829975337944925e+05
4.564565205179107465e+00 5.827702602227564199e+01 4.661112069814581815e+01 7.889962705672637355e+00 3.158663588496709126e+05
4.643107878869670024e+00 5.841700380352839517e+01 4.670217983968726116e+01 8.125078530792814391e+00 3.193244075729210745e+05
4.721650457500300213e+00 5.948877312398084882e+01 4.711780246287313645e+01 8.245722357313876927e+00 3.247003041287192609e+05
4.800192945737217443e+00 5.983413763801657126e+01 4.739518958851964214e+01 8.550227588467729234e+00 3.297924832616911153e+05
4.878735347946150824e+00 5.966267101176833165e+01 4.725169887739512120e+01 8.799761456229909129e+00 3.309394930255524232e+05
4.957277668216146793e+00 6.030390800932606510e+01 4.766363169345945749e+01 8.968466267228555111e+00 3.367435501538658282e+05
5.035819910381144737e+00 6.102591176526622974e+01 4.786070342743812489e+01 9.200607417461190707e+00 3.421447533088464406e+05
5.114362078039562221e+00 6.208019621304630675e+01 4.841209411533981921e+01 9.446300962152200498e+00 3.491902000705831451e+05
5.192904174572115394e+00 6.177160680740163201e+01 4.818865545440099396e+01 9.678866521731785966e+00 3.504140773228370235e+05
5.271446203158030919e+00 6.223679624443013836e+01 4.822521530094969933e+01 9.906061884083758429e+00 3.569056345337367384e+05
5.349988166789838573e+00 6.348440119583234065e+01 4.928343019189837548e+01 1.018455827370174838e+01 3.625755213424718240e+05
5.428530068286878674e+00 6.369277602781790648e+01 4.901916154695889816e+01 1.036934433448807980e+01 3.673757064134796383e+05
5.507071910307648643e+00 6.402667370825396631e+01 4.926376966177085137e+01 1.062223035951847194e+01 3.702869282819469809e+05
5.585613695361120179e+00 6.441498061328978508e+01 4.916730020441487170e+01 1.096319096805459914e+01 3.767169288812871091e+05
5.664155425817094525e+00 6.570666947113191725e+01 4.991580769475119439e+01 1.124706163289198280e+01 3.855915887022023089e+05
5.742697103915729961e+00 6.504645758368609165e+01 4.958991495147491690e+01 1.138673925200271952e+01 3.852168288700350095e+05
5.821238731776284148e+00 6.596009326821614138e+01 5.001298438776326094e+01 1.167781599510681190e+01 3.924441835783129209e+05
5.899780311405160127e+00 6.620716539032562764e+01 4.996266449582791580e+01 1.192848014723083239e+01 3.943583176698173047e+05
5.978321844703323507e+00 6.699169210838448407e+01 5.048862026618706977e+01 1.213156190858946104e+01 3.974175241432718467e+05
6.056863333473133437e+00 6.712183216567630950e+01 5.036631667614217633e+01 1.235314440480905240e+01 4.014323282493472216e+05
6.135404779424661115e+00 6.832257787720844533e+01 5.104300119167483274e+01 1.267037074357586768e+01 4.112188178465868696e+05
6.213946184181517118e+00 6.833702478290425120e+01 5.094434689905423852e+01 1.297450122197117928e+01 4.146266478768817615e+05
6.292487549286247983e+00 6.947299918707570043e+01 5.164977844951933150e+01 1.312217324841281219e+01 4.180474396993661649e+05
6.371028876205335756e+00 6.933477584809817529e+01 5.135863300985865720e+01 1.355386008789436936e+01 4.243898157282167231e+05
6.449570166333828070e+00 7.004025235246115244e+01 5.141224783971908607e+01 1.381444906324244215e+01 4.315921518466650741e+05
6.528111420999634262e+00 7.031013954366656549e+01 5.163062026173364671e+01 1.393054189945551791e+01 4.338383145650938968e+05
6.606652641467518627e+00 7.059859623986906740e+01 5.178390685831205076e+01 1.426541242276403665e+01 4.389854476937841391e+05
6.685193828942805006e+00 7.106236527788973945e+01 5.166838023816165304e+01 1.467588987225236608e+01 4.439861840262106271e+05
6.763734984574836240e+00 7.166619115447781496e+01 5.211328826912306056e+01 1.467933385377323852e+01 4.468035591065902263e+05
6.842276109460177835e+00 7.186047566795022590e+01 5.205008710541839179e+01 1.512728157861976719e+01 4.497377444714951562e+05
6.920817204645620890e+00 7.185865910521505384e+01 5.219018151812899475e+01 1.526596232918546825e+01 4.502182110292185680e+05
6.999358271130968312e+00 7.264868883636961527e+01 5.242813583842424663e+01 1.557488609336795271e+01 4.617363731358865043e+05
7.077899309871646949e+00 7.398985324784715090e+01 5.298087117516148226e+01 1.597716000103830147e+01 4.691264868709517759e+05
7.156440321781138536e+00 7.414479297585562279e+01 5.304908494049947620e+01 1.616141774525829433e+01 4.675832231456092559e+05
7.234981307733260536e+00 7.395192353782977079e+01 5.298028911503502059e+01 1.647701152032927396e+01 4.749639757551598595e+05
7.313522268564292439e+00 7.503039035822924063e+01 5.336621154795390964e+01 1.670016174508591078e+01 4.767753393898553913e+05
7.392063205074973276e+00 7.497561654790602859e+01 5.321883158597526631e+01 1.710994968425916340e+01 4.837628698053946719e+05
7.470604118032365015e+00 7.609051781570894946e+01 5.380862527587339628e+01 1.734811356778339331e+01 4.880759005435605650e+05
7.549145008171610272e+00 7.590291526919091325e+01 5.376989454138733038e+01 1.752429592248389767e+01 4.886380165588390082e+05
7.627685876197570103e+00 7.625320928012278898e+01 5.362437124626212892e+01 1.794649609267990442e+01 4.936489515097982367e+05
7.706226722786373884e+00 7.743011642620308521e+01 5.414430525238965686e+01 1.828314919548177997e+01 5.053174962115556700e+05
7.784767548586863484e+00 7.725545979998211976e+01 5.403208950863400872e+01 1.861803183276426310e+01 5.067086219451930956e+05
7.863308354221953955e+00 7.766947558914144167e+01 5.416482177839328926e+01 1.863053319601516833e+01 5.073027919532960514e+05
7.941849140289923170e+00 7.829911983468309700e+01 5.461558183998376848e+01 1.906703204160038112e+01 5.115652901464177994e+05
8.020389907365611748e+00 7.893546021023317394e+01 5.447332200421639214e+01 1.952373070774263297e+01 5.221189432245901553e+05
8.098930656001561701e+00 7.890802260378245592e+01 5.461534824422411560e+01 1.967880783627113317e+01 5.255370852959635668e+05
8.177471386729090241e+00 7.914871166510603473e+01 5.452368188124555104e+01 1.995023297779975735e+01 5.275980375335472636e+05
8.256012100059292536e+00 7.959075349805709720e+01 5.487965542393212104e+01 2.039880535758012314e+01 5.332464260288175428e+05
8.334552796484000936e+00 8.011116206669957762e+01 5.469819574939575801e+01 2.058683547824397664e+01 5.333524681637830799e+05
8.413093476476680266e+00 8.053772364801592687e+01 5.495321768964078757e+01 2.096765164781369606e+01 5.436697875723891193e+05
8.491634140493276917e+00 8.053410244805272100e+01 5.510853173192221277e+01 2.119036127062839014e+01 5.443604084156381432e+05
8.570174788973028868e+00 8.152584809856956838e+01 5.524053032494667548e+01 2.157062049835721851e+01 5.491433002129530068e+05
8.648715422339215309e+00 8.237629724388378349e+01 5.552840949143545402e+01 2.192701927670848860e+01 5.576040695186115336e+05
8.727256040999876063e+00 8.198186808331010411e+01 5.550024262584215506e+01 2.212983494469951040e+01 5.582676208461371716e+05
8.805796645348495488e+00 8.235982327283721816e+01 5.534673792808133186e+01 2.252294526416833165e+01 5.636501199583207490e+05
8.884337235764643737e+00 8.300152912033753694e+01 5.579959236363308150e+01 2.280192762716182031e+01 5.681030214886032045e+05
8.962877812614589601e+00 8.342125412753328817e+01 5.594773152089733514e+01 2.315418089003849644e+01 5.685048561703594169e+05
9.041418376251867173e+00 8.394797636898792348e+01 5.588864875600305027e+01 2.365061957745416521e+01 5.792552978103486821e+05
9.119958927017840722e+00 8.431908632416849514e+01 5.600508385941255085e+01 2.382116085463653832e+01 5.793923697090211790e+05
9.198499465242209183e+00 8.462681817959403929e+01 5.621819219345561436e+01 2.413259701680875935e+01 5.869730823215642013e+05
9.277039991243508865e+00 8.535891424695171281e+01 5.654618738923809929e+01 2.444891984024803477e+01 5.891865559630254284e+05
9.355580505329580632e+00 8.575642504434023294e+01 5.658768934027254005e+01 2.489181122774574817e+01 5.952686598753015278e+05
9.434121007798012215e+00 8.537810255942171977e+01 5.601761806863009241e+01 2.508125465716542735e+01 5.959442816474413266e+05
9.512661498936562765e+00 8.609223807847310184e+01 5.661833367090368085e+01 2.555809155327772686e+01 6.009470396556506166e+05
9.591201979023569635e+00 8.628244449922777903e+01 5.666420604124695615e+01 2.576868204851630395e+01 6.065572931533076335e+05
9.669742448328321416e+00 8.673661776412679103e+01 5.652079293497503443e+01 2.617887956702778851e+01 6.110804826649880270e+05
9.748282907111432749e+00 8.764718217382350929e+01 5.729030347375594090e+01 2.645521211615182366e+01 6.163860927216814598e+05
9.826823355625185386e+00 8.728159613797279803e+01 5.665771028406270915e+01 2.671897288766516709e+01 6.178451755587671651e+05
9.905363794113858589e+00 8.809079050641111053e+01 5.698405249813400530e+01 2.719913189519525076e+01 6.256385258428220404e+05
9.983904222814045326e+00 8.843112750903236474e+01 5.691444853107546464e+01 2.765168395826706771e+01 6.315082333207932534e+05
1.006244464195495070e+01 8.871574995136155906e+01 5.712243218815036272e+01 2.786866915075221129e+01 6.326939124023659388e+05
1.014098505175868148e+01 8.876446022061392682e+01 5.694514229756313028e+01 2.812744640258046758e+01 6.380442265622173436e+05
1.021952545244051613e+01 8.907128790445966615e+01 5.703606294583448033e+01 2.856494291207558334e+01 6.428766738392551197e+05
1.029806584420916415e+01 8.904013279887884380e+01 5.678457612407726174e+01 2.894642989223507357e+01 6.469402618342990754e+05
1.037660622726701654e+01 8.954893333355239804e+01 5.710543778585175545e+01 2.924490110945315635e+01 6.506057658117187675e+05
1.045514660181038380e+01 8.978967940064769948e+01 5.696490574831676668e+01 2.942407114149706615e+01 6.549685498590745265e+05
1.053368696802971982e+01 8.998495762632228434e+01 5.717318873822259206e+01 2.990190895755326395e+01 6.549798625903032953e+05
1.061222732610984210e+01 9.067964523024311063e+01 5.707201090475420813e+01 3.047292180141200291e+01 6.691358604322473984e+05
1.069076767623013779e+01 9.124522101885614234e+01 5.754483498950457232e+01 3.064948669060982311e+01 6.699882403749449877e+05
1.076930801856475739e+01 9.120554990396888684e+01 5.728780525312413374e+01 3.087753565966032099e+01 6.730080837457197485e+05
1.084784835328281005e+01 9.172137316288717557e+01 5.746030723191031342e+01 3.131350704519687511e+01 6.774783720690509072e+05
1.092638868054854306e+01 9.196950215589878042e+01 5.753830129797177051e+01 3.171140822286313821e+01 6.816935063619255088e+05
1.100492900052151413e+01 9.194494073577024551e+01 5.737594018946124663e+01 3.202529997594303524e+01 6.868758850427820580e+05
1.108346931335675833e+01 9.253113023316082320e+01 5.743285158332795959e+01 3.237365040643972947e+01 6.911763385906266049e+05
1.116200961920494805e+01 9.296071830935591152e+01 5.786331583230133191e+01 3.292959400506111933e+01 6.964574340917660156e+05
1.124054991821254212e+01 9.319055274134616695e+01 5.793008889220934776e+01 3.318787806289091691e+01 6.994141753209475428e+05
1.131909021052193687e+01 9.377775162799100883e+01 5.790685845168142265e+01 3.362658978177028501e+01 7.066013817331439350e+05
1.139763049627160285e+01 9.375420204036873884e+01 5.782429312050140169e+01 3.388885783840187571e+01 7.077979727857788093e+05
1.147617077559622167e+01 9.408384783205116264e+01 5.770031413530232811e+01 3.434534779921922620e+01 7.162364906748466892e+05
1.155471104862680853e+01 9.472225259797147601e+01 5.797112910401785513e+01 3.477557230459206750e+01 7.202344393704826944e+05
1.163325131549084368e+01 9.436995454082186541e+01 5.789734409191439823e+01 3.522447743106727103e+01 7.216019258343656547e+05
1.171179157631238787e+01 9.499442044646731631e+01 5.776950830154859062e+01 3.547239028924853699e+01 7.273859676920073107e+05
1.179033183121219608e+01 9.512926402149027183e+01 5.786367425613471482e+01 3.564484436571006398e+01 7.308929847604366951e+05
1.186887208030782759e+01 9.536485381833287533e+01 5.791549187675590815e+01 3.601809287608927690e+01 7.330349123480236158e+05
1.194741232371374728e+01 9.531611642671654749e+01 5.773600563166905886e+01 3.661724293979618494e+01 7.404030399020964978e+05
1.202595256154143222e+01 9.581356458904984663e+01 5.795784365651356751e+01 3.687832188766267905e+01 7.430581445623537293e+05
1.210449279389946753e+01 9.633000168373848737e+01 5.786335061815444902e+01 3.741284623357978489e+01 7.498385151997528737e+05
1.218303302089363527e+01 9.634962696703168206e+01 5.792474499879521943e+01 3.761825344280111239e+01 7.530667599686121102e+05
1.226157324262700676e+01 9.711800159193268200e+01 5.810979528136107319e+01 3.815485512496948672e+01 7.600076860137989279e+05
1.234011345920003322e+01 9.695097445900253774e+01 5.798767405161793675e+01 3.849515343839008352e+01 7.615223257770361379e+05
1.241865367071062565e+01 9.750416408528246848e+01 5.811989468154891370e+01 3.892739742265555236e+01 7.658067430093833245e+05
1.249719387725422415e+01 9.790404854135695700e+01 5.826159451886719154e+01 3.931597866228800342e+01 7.717073472317185951e+05
1.257573407892389383e+01 9.751080678973856664e+01 5.787324066436568160e+01 3.961865272222431855e+01 7.769428344030110165e+05
1.265427427581038877e+01 9.796561121219595236e+01 5.806961370429107205e+01 3.998183375497011127e+01 7.785891588832262205e+05
1.273281446800221772e+01 9.842465632315915514e+01 5.778450805385540434e+01 4.070345685761875387e+01 7.873945012131531257e+05
1.281135465558572584e+01 9.894972822851696037e+01 5.825015898555036387e+01 4.101786842093034835e+01 7.931157662183332723e+05
1.288989483864514796e+01 9.873156050914602133e+01 5.806132645137670778e+01 4.127813716530018695e+01 7.937088383968104608e+05
1.296843501726268322e+01 9.890316006991822917e+01 5.815506295727436736e+01 4.159007407443509408e+01 7.986890172991257859e+05
1.304697519151855190e+01 9.885720424049765143e+01 5.784324557962553826e+01 4.186552825909349451e+01 7.995882197450968670e+05
1.312551536149104692e+01 9.960885085989188781e+01 5.784677613892191772e+01 4.268430832047103252e+01 8.126921813541442389e+05
1.320405552725660492e+01 9.994492134077003698e+01 5.804882529150681592e+01 4.289704276602763144e+01 8.151786653973350767e+05
1.328259568888985243e+01 1.003671343051491505e+02 5.795487160783079617e+01 4.346738180060161483e+01 8.207661940183350816e+05
1.336113584646366270e+01 1.007258029869399110e+02 5.812202079633352980e+01 4.372867227465530249e+01 8.225654037451931508e+05
1.343967600004920548e+01 1.004984933496933621e+02 5.803112891872748946e+01 4.393484843344098323e+01 8.270458526250955183e+05
1.351821614971599317e+01 1.013701184873459624e+02 5.821945358572391171e+01 4.461537140342636576e+01 8.358927608209891478e+05
1.359675629553193588e+01 1.010878157946530251e+02 5.828562381409388848e+01 4.497171480599039484e+01 8.357364554313269909e+05
1.367529643756338231e+01 1.012979454083352095e+02 5.814891575122418743e+01 4.535974732518879904e+01 8.405580554058942944e+05
1.375383657587516595e+01 1.013389358030216272e+02 5.800574295758968901e+01 4.594964222602697390e+01 8.453353324996252777e+05
1.383237671053064766e+01 1.016095609101775068e+02 5.824132092311175057e+01 4.613503848038634203e+01 8.453971398092787713e+05
1.391091684159175834e+01 1.025975757894948259e+02 5.812146627854809111e+01 4.679932473895004819e+01 8.554432651956016198e+05
1.398945696911903269e+01 1.024232283321313304e+02 5.823304139721529538e+01 4.729269582914317738e+01 8.621180441985466750e+05
1.406799709317166069e+01 1.022577699048512017e+02 5.815434717793613828e+01 4.754242002567487901e+01 8.646668209635864478e+05
1.414653721380751428e+01 1.026924201778185193e+02 5.815217528398994773e+01 4.798385837183607094e+01 8.724010625244998373e+05
1.422507733108318817e+01 1.031680663841791841e+02 5.812352225360928770e+01 4.849772420632646686e+01 8.761759916250653332e+05
1.430361744505403543e+01 1.036586143320291029e+02 5.841316833877817061e+01 4.891455863976036511e+01 8.844472443012914155e+05
1.438215755577419586e+01 1.034741749943561189e+02 5.826391591067063302e+01 4.936418694168460064e+01 8.853363543063162360e+05
1.446069766329663686e+01 1.041256715173585548e+02 5.827776311381995811e+01 4.982970062209509621e+01 8.945089766309915576e+05
1.453923776767318010e+01 1.041672467089198051e+02 5.821583375429317897e+01 5.024041139620766927e+01 8.959334791702510556e+05
1.461777786895453346e+01 1.045642623946081784e+02 5.843720338362312816e+01 5.074044590713852898e+01 8.999229049109513871e+05
1.469631796719032302e+01 1.046789267374413726e+02 5.806879771892128161e+01 5.120393804754143474e+01 9.080859722886882955e+05
1.477485806242911437e+01 1.047365542328346208e+02 5.848863873674383029e+01 5.134934503328982913e+01 9.075828819766486995e+05
1.485339815471844993e+01 1.051956648097493456e+02 5.845081559762789425e+01 5.198663072253170014e+01 9.154739079481136287e+05
1.493193824410487203e+01 1.052934280312521196e+02 5.848877322591530259e+01 5.235773855040223879e+01 9.207791558398563648e+05
1.501047833063394421e+01 1.056858814771199775e+02 5.830742841392056164e+01 5.312308508091875581e+01 9.311354427911681123e+05
1.508901841435028857e+01 1.058064385407946020e+02 5.825912704691651811e+01 5.313995597488901979e+01 9.295307474343151553e+05
1.516755849529759992e+01 1.060946957955856931e+02 5.853916514637637647e+01 5.386786542349538109e+01 9.354412558708454017e+05
1.524609857351867070e+01 1.067134924162104426e+02 5.846596972562589656e+01 5.434849847177938642e+01 9.446354376822629711e+05
1.532463864905541762e+01 1.069320299454599024e+02 5.859108181968166207e+01 5.493458443977356609e+01 9.458010221437843284e+05
1.540317872194890292e+01 1.072095673307119910e+02 5.857388171086917339e+01 5.543146177878885794e+01 9.539106438675752142e+05
1.548171879223935399e+01 1.072954640492894072e+02 5.863649633468497058e+01 5.595802390690715100e+01 9.602762670911995228e+05
1.556025885996618996e+01 1.077279680267813973e+02 5.842835260708460510e+01 5.646190277824941006e+01 9.650786018466055393e+05
1.563879892516803238e+01 1.077558512758425451e+02 5.839233852431415528e+01 5.692814904484368554e+01 9.694513892255660612e+05
1.571733898788273187e+01 1.078049994329564214e+02 5.865114684501052267e+01 5.714416133404347420e+01 9.745957739729185123e+05
1.579587904814739119e+01 1.078350312232117574e+02 5.860614171385678617e+01 5.782219921593072343e+01 9.763653657796173356e+05
1.587441910599837769e+01 1.087949464084320539e+02 5.866312266994032143e+01 5.834705508747233438e+01 9.859374449277069652e+05
1.595295916147133575e+01 1.094120915450101421e+02 5.875716502941165942e+01 5.898620532329851329e+01 9.966237021158768330e+05
1.603149921460121874e+01 1.090692541693519217e+02 5.862831363745542745e+01 5.921101996503189469e+01 9.940707793690472608e+05
1.611003926542229436e+01 1.096590529685971802e+02 5.874417662510205673e+01 5.978095786054503691e+01 1.002383808864834718e+06
1.618857931396816596e+01 1.100676104249176177e+02 5.891593628470553057e+01 6.044809446642429407e+01 1.012385819922085619e+06
1.626711936027179561e+01 1.100508804164307435e+02 5.887332423090339972e+01 6.098924769328618822e+01 1.016586899334847694e+06
1.634565940436549525e+01 1.109516457462043491e+02 5.909158886131162092e+01 6.150243016824673958e+01 1.024731849095952115e+06
1.642419944628097639e+01 1.108058914645949926e+02 5.895097122515321786e+01 6.189235886772684836e+01 1.028492731845502858e+06
1.650273948604932883e+01 1.107610285073560732e+02 5.886210940071829611e+01 6.227689388761971401e+01 1.033490326157151372e+06
1.658127952370107394e+01 1.115470080788014684e+02 5.892877862506876596e+01 6.326154423458462617e+01 1.040440094845353393e+06
1.665981955926614333e+01 1.116272346849216746e+02 5.913041615378710958e+01 6.351844216063237525e+01 1.043032870857249596e+06
1.673835959277390728e+01 1.118368343410843977e+02 5.898855397298932957e+01 6.410630997653260010e+01 1.053510412777822465e+06
1.681689962425318896e+01 1.122174719569886037e+02 5.899863619985486451e+01 6.462310041706217589e+01 1.058429359482886270e+06
1.689543965373228218e+01 1.126950378572380060e+02 5.907680853672474086e+01 6.521236809026629544e+01 1.063451333803175250e+06
1.697397968123895495e+01 1.125716679905359143e+02 5.930088172893117360e+01 6.561996859770385981e+01 1.069623057807947742e+06
1.705251970680045304e+01 1.137222703711516516e+02 5.935456375182244670e+01 6.650667614798319960e+01 1.079870997442847583e+06
1.713105973044353902e+01 1.139296576257004006e+02 5.959340430906368624e+01 6.680682227676157936e+01 1.083256356351946946e+06
1.720959975219447102e+01 1.138434004805712760e+02 5.930148994912610760e+01 6.752188523395857089e+01 1.090882538737326628e+06
1.728813977207903463e+01 1.142106844339292877e+02 5.934286973805915011e+01 6.784566199301946199e+01 1.095417688897030195e+06
1.736667979012256424e+01 1.146680587783547338e+02 5.958170235406481652e+01 6.858873785669430845e+01 1.103735457948175492e+06
1.744521980634991110e+01 1.151439509213531238e+02 5.957883508131384076e+01 6.915658084339553113e+01 1.112109063314156141e+06
1.752375982078550365e+01 1.150819318745802207e+02 5.976106952061579136e+01 6.953563161929511693e+01 1.115125074751616688e+06
1.760229983345331917e+01 1.156437025212248244e+02 6.007784357995678448e+01 7.025541268718134802e+01 1.118573769414194394e+06
1.768083984437692635e+01 1.162511342702915016e+02 6.004761175943070839e+01 7.115366274850752859e+01 1.134176511174160521e+06
1.775937985357945692e+01 1.168936880042186459e+02 6.003663775148353210e+01 7.173516423113608198e+01 1.140555205346730771e+06
1.783791986108364824e+01 1.167378495723913545e+02 6.018689738344622953e+01 7.216305257505935344e+01 1.147644961278193863e+06
1.791645986691183268e+01 1.173376749354547570e+02 6.029858766294977102e+01 7.291020707068057050e+01 1.154599199241054477e+06
1.799499987108595889e+01 1.177303174660173255e+02 6.035801731762879285e+01 7.338673886746897779e+01 1.159142596938984003e+06
1.807353987362759185e+01 1.183085661546964360e+02 6.060249325780641527e+01 7.394892190250430986e+01 1.170061527951734373e+06
1.815207987455791638e+01 1.183535896918425863e+02 6.067092622700382520e+01 7.455979848626776629e+01 1.172144846092063934e+06
1.823061987389775851e+01 1.189040926168948573e+02 6.084399731524957389e+01 7.509521341565569230e+01 1.180479570829394273e+06
1.830915987166758541e+01 1.196609429181533955e+02 6.109058690201948139e+01 7.594566179884927237e+01 1.191024661053891759e+06
1.838769986788751964e+01 1.200138331325026257e+02 6.111592518090149184e+01 7.661009803615743863e+01 1.198705483505733311e+06
1.846623986257733563e+01 1.203079349115780730e+02 6.135942198895077837e+01 7.706010829058061518e+01 1.204004974090767559e+06
1.854477985575647381e+01 1.207679427900009443e+02 6.151463796154730090e+01 7.761862977586027057e+01 1.211635975793059682e+06
1.862331984744404423e+01 1.213733946574981104e+02 6.153594129821630077e+01 7.842328006265080376e+01 1.223406809796901420e+06
1.870185983765884075e+01 1.220233351679217435e+02 6.177077474615379771e+01 7.892423569076277090e+01 1.228205821706290590e+06
1.878039982641934458e+01 1.223402836823765512e+02 6.193461119032846796e+01 7.976980863747716910e+01 1.238718469323951751e+06
1.885893981374372075e+01 1.229664957541145327e+02 6.212844256807896670e+01 8.045666565271116610e+01 1.247740725674512330e+06
1.893747979964983941e+01 1.237471649061428849e+02 6.241683289641040489e+01 8.106448582039662654e+01 1.256015372058959212e+06
1.901601978415527228e+01 1.236976825153600004e+02 6.237104939423416994e+01 8.168523632302566284e+01 1.262936468001893722e+06
1.909455976727730331e+01 1.245060775013871108e+02 6.257603727554723605e+01 8.232828486279737490e+01 1.271832182691772003e+06
1.917309974903293579e+01 1.249114586600834969e+02 6.258916742468016281e+01 8.362331983914266686e+01 1.286432651502615772e+06
1.925163972943889235e+01 1.250820845595797124e+02 6.305227615059872193e+01 8.386331821067294356e+01 1.285725034392254660e+06
1.933017970851161849e+01 1.262576979065642604e+02 6.316737456040250720e+01 8.463457572434704446e+01 1.296598955482033314e+06
1.940871968626730748e+01 1.266833424005728119e+02 6.340970496734049533e+01 8.535313329942991345e+01 1.311055878380727256e+06
1.948725966272188259e+01 1.276017372968527184e+02 6.362564809128430454e+01 8.630681566485563394e+01 1.323112940438651014e+06
1.956579963789100773e+01 1.277626216379414075e+02 6.385760094956718547e+01 8.681198714482630407e+01 1.328049075142418500e+06
1.964433961179010524e+01 1.285756957843498469e+02 6.407005333537263425e+01 8.754090837085580290e+01 1.337256255285050953e+06
1.972287958443434519e+01 1.293858302036940700e+02 6.416628078046015560e+01 8.847059521806637861e+01 1.347992377706882544e+06
1.980141955583865965e+01 1.297724270071543913e+02 6.468922343694552524e+01 8.915624663539399819e+01 1.356719859790459042e+06
1.987995952601774619e+01 1.302367381775718229e+02 6.488184658920810932e+01 8.999323756953626230e+01 1.364709731503797695e+06
1.995849949498606790e+01 1.312056050490093355e+02 6.521508681528217721e+01 9.088714277333419034e+01 1.374341519446750404e+06
2.003703946275786052e+01 1.316384713264579602e+02 6.535875504262598668e+01 9.118555751681434174e+01 1.384558749421141576e+06
2.011557942934713950e+01 1.325288150631587030e+02 6.566819666367892694e+01 9.211491774025977008e+01 1.395623375347253401e+06
2.019411939476770712e+01 1.325199425033411842e+02 6.575613765554355439e+01 9.268043531267854007e+01 1.398995007947179722e+06
2.027265935903314542e+01 1.328918085535362934e+02 6.586686789026701661e+01 9.353810239609509836e+01 1.412921148755404865e+06
2.035119932215682326e+01 1.333627960865549653e+02 6.611271720617274639e+01 9.393858173129504507e+01 1.416655067042165902e+06
2.042973928415191054e+01 1.336895667700508170e+02 6.591945967435543707e+01 9.500500684249051631e+01 1.426650494442318100e+06
2.050827924503137467e+01 1.337678555306933390e+02 6.635104467880292134e+01 9.539158539085281063e+01 1.431215718921047868e+06
2.058681920480798766e+01 1.339501958815504850e+02 6.609642609986724437e+01 9.614349190582595384e+01 1.435927341635375051e+06
2.066535916349431901e+01 1.342921400768638591e+02 6.627425090001695196e+01 9.677720328520535986e+01 1.444634983682472724e+06
2.074389912110275347e+01 1.347628867731850733e+02 6.628108572309571400e+01 9.749080299934473715e+01 1.452127730770435883e+06
2.082243907764548752e+01 1.348703183729656985e+02 6.637699429060143075e+01 9.792058133732848546e+01 1.462127372669176664e+06
2.090097903313453642e+01 1.350956104295591729e+02 6.632304148626727169e+01 9.878000931884979252e+01 1.467610997035290347e+06
2.097951898758173783e+01 1.356099488285246082e+02 6.653606053725027891e+01 9.952846609669504119e+01 1.476598872774168150e+06
2.105805894099874109e+01 1.358067883522678585e+02 6.660629698974830148e+01 9.994717653057792006e+01 1.481461704769155709e+06
2.113659889339703568e+01 1.361122051999002736e+02 6.659817399696308371e+01 1.006455091802160098e+02 1.491045312806850765e+06
2.121513884478793344e+01 1.363409630849412792e+02 6.666564185045633906e+01 1.014462658354280364e+02 1.496896618665783899e+06
2.129367879518258277e+01 1.365915356024306107e+02 6.669739678229409208e+01 1.019894982090159488e+02 1.503656416940404801e+06
2.137221874459196869e+01 1.369455881096747873e+02 6.685148807698571716e+01 1.024991607331853629e+02 1.513092962115457514e+06
2.145075869302691274e+01 1.371204475323701786e+02 6.695503739741708671e+01 1.032606037215548724e+02 1.523608149957285030e+06
2.152929864049807307e+01 1.376501820506800016e+02 6.716666223324352814e+01 1.038356064285910918e+02 1.527935311084042769e+06
2.160783858701596571e+01 1.374469825311722389e+02 6.728444273625029837e+01 1.046891003776162421e+02 1.531712716372415889e+06
2.168637853259094683e+01 1.381677166810994777e+02 6.719881572627573973e+01 1.055416569420778359e+02 1.546205277442457620e+06
2.176491847723321982e+01 1.379961031815922183e+02 6.728614127425257152e+01 1.063506485530624985e+02 1.551043801377131371e+06
2.184345842095285306e+01 1.387770407500406407e+02 6.746913292649321647e+01 1.067137962655125847e+02 1.558173469425766496e+06
2.192199836375975508e+01 1.392713517996758981e+02 6.761768558828300968e+01 1.075428406386387934e+02 1.569668171270879218e+06
2.200053830566371005e+01 1.392076144507648223e+02 6.763403912775979165e+01 1.082312416101849522e+02 1.574338468323591165e+06
2.207907824667434582e+01 1.396016030207301526e+02 6.782621325728806028e+01 1.089940027195670780e+02 1.585742692541517084e+06
2.215761818680116590e+01 1.400447416618204386e+02 6.787813620633245648e+01 1.099086658400261882e+02 1.591703240625257604e+06
2.223615812605353526e+01 1.399643641645232037e+02 6.801132768549135221e+01 1.104053677547450576e+02 1.598606772869842593e+06
2.231469806444068738e+01 1.408144411519933499e+02 6.817428254552329747e+01 1.113768622133476924e+02 1.613670478432288626e+06
2.239323800197172432e+01 1.409452397077926662e+02 6.828623490671124330e+01 1.117450645188749263e+02 1.614563712795843137e+06
2.247177793865562023e+01 1.411767689592800252e+02 6.838360993193752790e+01 1.127316993254993065e+02 1.624102454884442734e+06
2.255031787450123204e+01 1.415018005296394676e+02 6.854415530663888489e+01 1.134052924098849928e+02 1.628278274012069451e+06
2.262885780951728165e+01 1.419732608221821408e+02 6.871799730068784129e+01 1.138707829706541332e+02 1.639628606305102352e+06
2.270739774371238440e+01 1.422351757322515766e+02 6.888473661367882528e+01 1.146489477472073446e+02 1.648762932072566589e+06
2.278593767709502771e+01 1.428159080924392867e+02 6.887209710898027026e+01 1.157495353369564981e+02 1.659661944178151432e+06
2.286447760967358178e+01 1.428413866104168619e+02 6.906231752318430495e+01 1.165324981429393887e+02 1.669803210112300469e+06
2.294301754145629957e+01 1.438407304878656134e+02 6.908223108136979818e+01 1.173364908256996841e+02 1.680148066413239576e+06
2.302155747245133455e+01 1.436327045045520663e+02 6.934071629478206944e+01 1.177311620702509742e+02 1.683689909993200796e+06
2.310009740266672296e+01 1.441463395496383271e+02 6.965439471235673352e+01 1.184776230480225792e+02 1.690070966117437463e+06
2.317863733211038380e+01 1.441411682267504091e+02 6.952309121025930949e+01 1.194724489565877406e+02 1.696015815328935627e+06
2.325717726079013303e+01 1.445274763423654178e+02 6.972988933914669474e+01 1.201069913205311366e+02 1.710116134535560152e+06
2.333571718871368716e+01 1.454735693606922098e+02 6.974272286652418984e+01 1.211356502155389165e+02 1.720083696548635839e+06
2.341425711588865965e+01 1.455025984778871475e+02 7.016645354131514978e+01 1.217056433374820301e+02 1.728692377155764261e+06
2.349279704232255384e+01 1.458948591084326551e+02 7.035089088148409076e+01 1.226304204633022295e+02 1.738201183436472900e+06
2.357133696802278067e+01 1.465738530974031448e+02 7.046455271694159705e+01 1.236870104757024365e+02 1.747891139217711054e+06
2.364987689299664453e+01 1.470269290419306003e+02 7.042618258784575858e+01 1.240407584828086840e+02 1.754786099568886682e+06
2.372841681725136453e+01 1.468493076384424967e+02 7.055546719471847439e+01 1.247263423760654319e+02 1.759619494227891788e+06
2.380695674079405322e+01 1.476615347454725509e+02 7.076650958280168879e+01 1.260672079262366054e+02 1.774268656385115115e+06
2.388549666363174140e+01 1.483325991606855894e+02 7.151843043658995214e+01 1.267763065623424268e+02 1.786503793764137896e+06
2.396403658577134976e+01 1.491219839587433569e+02 7.152918050775984682e+01 1.278975049891516704e+02 1.795135327697389293e+06
2.404257650721972439e+01 1.489426984819293978e+02 7.160478832926700932e+01 1.282543592628333329e+02 1.801474681009693304e+06
2.412111642798362254e+01 1.488916462147345499e+02 7.140558991876589801e+01 1.292497320337152757e+02 1.813791333123472519e+06
2.419965634806970556e+01 1.499227282695842121e+02 7.191626042776285033e+01 1.300683997673247347e+02 1.820167213682048256e+06
2.427819626748454596e+01 1.501576125585646082e+02 7.211416013723294327e+01 1.310566088686591968e+02 1.828178177678349661e+06
2.435673618623464520e+01 1.505463776871717698e+02 7.208550217807265881e+01 1.314690637980614554e+02 1.835654649724012474e+06
2.443527610432640529e+01 1.513754300971676230e+02 7.272931470338534155e+01 1.326226586998653261e+02 1.850465744287275476e+06
2.451381602176616425e+01 1.514962721401482213e+02 7.267754119844335037e+01 1.332920337569776734e+02 1.864138729575148784e+06
2.459235593856016067e+01 1.521199494969331170e+02 7.277298652239575460e+01 1.342638399448729558e+02 1.874205687211087206e+06
2.467089585471456203e+01 1.528479757829930463e+02 7.291583967102185682e+01 1.354634881955540209e+02 1.879865373943008948e+06
2.474943577023546126e+01 1.528423360584968407e+02 7.326281079370167504e+01 1.361206087609903648e+02 1.892450255057248985e+06
2.482797568512887310e+01 1.536350782567709814e+02 7.369477026703349054e+01 1.370572584584965057e+02 1.904027246649361216e+06
2.490651559940072346e+01 1.542737177728531037e+02 7.373799088283929848e+01 1.380831642187897046e+02 1.913829038813296240e+06
2.498505551305688144e+01 1.548064339856572360e+02 7.398562900166243139e+01 1.392580910913395655e+02 1.926498845619812841e+06
2.506359542610313440e+01 1.553842721573881249e+02 7.439310289126635212e+01 1.401708251848262421e+02 1.933829025435133372e+06
2.514213533854519511e+01 1.556288808267328534e+02 7.436106382154953565e+01 1.407395679437998979e+02 1.944334389899392845e+06
2.522067525038871239e+01 1.566458430262895547e+02 7.463881364741627067e+01 1.421240353750932854e+02 1.959717402705424000e+06
2.529921516163925688e+01 1.566308216395264026e+02 7.498297325935482149e+01 1.427600083917442646e+02 1.969153235223044874e+06
2.537775507230233529e+01 1.577403091346554334e+02 7.533318492719320147e+01 1.441220594693878638e+02 1.981847390721207252e+06
2.545629498238338684e+01 1.582086921198478535e+02 7.553552436964822903e+01 1.446239893210028526e+02 1.980371280157295754e+06
2.553483489188777966e+01 1.590126934771274705e+02 7.589590325167010576e+01 1.456624237655373690e+02 1.993381217880955199e+06
2.561337480082082152e+01 1.586492230828431786e+02 7.631859270693763619e+01 1.460500355382632165e+02 2.000318647696515778e+06
2.569191470918774911e+01 1.596903693120647745e+02 7.626820379781837289e+01 1.472207044220068894e+02 2.017954907311554532e+06
2.577045461699373874e+01 1.602385808876309170e+02 7.643441089826043822e+01 1.480804691290480548e+02 2.033013769137198571e+06
2.584899452424390631e+01 1.610468923513894310e+02 7.687948193036218925e+01 1.495807921028967655e+02 2.046385050182676408e+06
2.592753443094329668e+01 1.620560571848820075e+02 7.702781402772352237e+01 1.505336207401190336e+02 2.061553732693593716e+06
2.600607433709690852e+01 1.616821084149393073e+02 7.720902061730726018e+01 1.514387684933988965e+02 2.065888538297975203e+06
2.608461424270966944e+01 1.627219392691593498e+02 7.785244428198627986e+01 1.525614101690930227e+02 2.070437051813124213e+06
2.616315414778644310e+01 1.628560861236429673e+02 7.782994795098711904e+01 1.530567234119141062e+02 2.089588815592798870e+06
2.624169405233205055e+01 1.637527692462237212e+02 7.825967554956901040e+01 1.546284375270734017e+02 2.105186976139227860e+06
2.632023395635124174e+01 1.649720371266117240e+02 7.893152656903023967e+01 1.558193473201285428e+02 2.118266302647450007e+06
2.639877385984871694e+01 1.645212862120164061e+02 7.863328205840853968e+01 1.563569781664587026e+02 2.127702527734942734e+06
2.647731376282911953e+01 1.658104496967941941e+02 7.920737314230726156e+01 1.577150494401545586e+02 2.138185179691636469e+06
2.655585366529703606e+01 1.656681489255513213e+02 7.907170249158772890e+01 1.581255743416548398e+02 2.142902918220861349e+06
2.663439356725699980e+01 1.676183153249555176e+02 7.994969454856224900e+01 1.601152128431884591e+02 2.169040055312350858e+06
2.671293346871349428e+01 1.672724261934593812e+02 8.048676576372108116e+01 1.603090418645368231e+02 2.171006473454295658e+06
2.679147336967094617e+01 1.680313422996670454e+02 8.038175001555114818e+01 1.620190872257429362e+02 2.189767979736739304e+06
2.687001327013372531e+01 1.682122902530420845e+02 8.061319362769161501e+01 1.630620907204581727e+02 2.206951221375657246e+06
2.694855317010616602e+01 1.688649646888322593e+02 8.091829550486855283e+01 1.634322183421250827e+02 2.218596539142581634e+06
2.702709306959254221e+01 1.700589358510707712e+02 8.114381325571096681e+01 1.649358697373486962e+02 2.224413976979174186e+06
2.710563296859707094e+01 1.710387098366962846e+02 8.127482992029673881e+01 1.658632190329947491e+02 2.251193302776982542e+06
2.718417286712393377e+01 1.712544715095260415e+02 8.169551644876516150e+01 1.670540152809487040e+02 2.258169238846146036e+06
2.726271276517725894e+01 1.713055980650554204e+02 8.235883405843718208e+01 1.679828842901791290e+02 2.260788894562822301e+06
2.734125266276112498e+01 1.724418878395447337e+02 8.245303146988719334e+01 1.683056133666530911e+02 2.282066400416546501e+06
2.741979255987956776e+01 1.735460138810634021e+02 8.257142356185086385e+01 1.705629515386475248e+02 2.295219409153890796e+06
2.749833245653658054e+01 1.731866603272670773e+02 8.243177717785184200e+01 1.711225886847211370e+02 2.299892885929399170e+06
2.757687235273609616e+01 1.735631945218891303e+02 8.293123510203641047e+01 1.716527519980216141e+02 2.324156720259089489e+06
2.765541224848202262e+01 1.735582831438785547e+02 8.297507960498880664e+01 1.726682380316635204e+02 2.320892289956261404e+06
2.773395214377820395e+01 1.757702311246868874e+02 8.392466195367082094e+01 1.747847236372222710e+02 2.338210755060039461e+06
2.781249203862845576e+01 1.760781225703308905e+02 8.379047244801650152e+01 1.756246462505543491e+02 2.352023878192009870e+06
2.789103193303654038e+01 1.755144905714676327e+02 8.448230062203649027e+01 1.756746275440151521e+02 2.365828518412081525e+06
2.796957182700618816e+01 1.768446132340845907e+02 8.446959911603966020e+01 1.781425632522948490e+02 2.385252144146292470e+06
2.804811172054107615e+01 1.765225162013210536e+02 8.533732636532198512e+01 1.788036503815869196e+02 2.382206747715016361e+06
2.812665161364485655e+01 1.763125385876963946e+02 8.537614741290889242e+01 1.789359481405894599e+02 2.392107234806112479e+06
2.820519150632112115e+01 1.763631911832543722e+02 8.542491095824713909e+01 1.797634179019915450e+02 2.399378366900215857e+06
2.828373139857343332e+01 1.779437542253338904e+02 8.595769578335959693e+01 1.809353203107145873e+02 2.420704972068031318e+06
2.836227129040531736e+01 1.782866967342509383e+02 8.574377849311738942e+01 1.819167286693589176e+02 2.428978123320751358e+06
2.844081118182025847e+01 1.782287338841834412e+02 8.554697083013999759e+01 1.830994688390566409e+02 2.434661602986093611e+06
2.851935107282169923e+01 1.784542145943772198e+02 8.572416395251667609e+01 1.840713827190691632e+02 2.450203142309363466e+06
2.859789096341304315e+01 1.787838685978714182e+02 8.617843423061712826e+01 1.846676430076305166e+02 2.464623889858663082e+06
2.867643085359765820e+01 1.780963984834781684e+02 8.612984295169273707e+01 1.855452904031088792e+02 2.470270545395404566e+06
2.875497074337888392e+01 1.786531980491984939e+02 8.680525329900528675e+01 1.865688536708558729e+02 2.473728696131167468e+06
2.883351063276001369e+01 1.794497408890026975e+02 8.669596148913937839e+01 1.874774939183828337e+02 2.494528173153455835e+06
2.891205052174430890e+01 1.794973859114861909e+02 8.686082806107008025e+01 1.890608690409182486e+02 2.514001047073351219e+06
2.899059041033499184e+01 1.801577660250725614e+02 8.748885626761970968e+01 1.892331336727402800e+02 2.513356141317261849e+06
2.906913029853525643e+01 1.801638376995850308e+02 8.794734146938543518e+01 1.904346891866116493e+02 2.520875871905732434e+06
2.914767018634825746e+01 1.805968903545281421e+02 8.751285418481941747e+01 1.917039606816164223e+02 2.531753741452326067e+06
2.922621007377712132e+01 1.801424132975490693e+02 8.785176252663775642e+01 1.913857744047600988e+02 2.530726067374967504e+06
2.930474996082492822e+01 1.817408982994108158e+02 8.815296278061711632e+01 1.943808429187675415e+02 2.565015920992038678e+06
2.938328984749474060e+01 1.808801905353831501e+02 8.747202144446488603e+01 1.934046607272833569e+02 2.563681735517809633e+06
2.946182973378957826e+01 1.821729435961460410e+02 8.891120159445817706e+01 1.960494836320505669e+02 2.568417929740103427e+06
2.954036961971243258e+01 1.815586527050728307e+02 8.822070216311453805e+01 1.946593761346503868e+02 2.588348113464697730e+06
2.961890950526625943e+01 1.828378863549876030e+02 9.003552192521046038e+01 1.979922134556126991e+02 2.601451014991147444e+06
2.969744939045398979e+01 1.838420719864583361e+02 8.972464724401307024e+01 1.983857509185555443e+02 2.618538010114133824e+06
2.977598927527852268e+01 1.835270716055496223e+02 9.016294858843443194e+01 1.998439260278492213e+02 2.634936627958926372e+06
2.985452915974272159e+01 1.861967181708958208e+02 8.984537824282372753e+01 2.014923499857578406e+02 2.677308731617960148e+06
2.993306904384942868e+01 1.847407734874294647e+02 9.042032033536443691e+01 2.014126842439078757e+02 2.661558594388968777e+06
3.001160892760143994e+01 1.877330081700935978e+02 9.144028654223724573e+01 2.037961938854030279e+02 2.701801890108156484e+06
3.009014881100154071e+01 1.886010633939223737e+02 9.212633069800240548e+01 2.074860754703626640e+02 2.706161562901647296e+06
3.016868869405248077e+01 1.875788211923747610e+02 9.093212971005569045e+01 2.065063123884287677e+02 2.713885808002003934e+06
3.024722857675697441e+01 1.870866295240996635e+02 9.202383240571110434e+01 2.056926509815112354e+02 2.692129150884134695e+06
3.032576845911771457e+01 1.875446958241063555e+02 9.285825235617225815e+01 2.069520387668397632e+02 2.716742602797541302e+06
3.040430834113736580e+01 1.913711361619393188e+02 9.250088996233850480e+01 2.100505246426878614e+02 2.751469844482934568e+06
3.048284822281856421e+01 1.906675596257950360e+02 9.285802361789322390e+01 2.107011054742585543e+02 2.768415765338276513e+06
3.056138810416392460e+01 1.907206768428030728e+02 9.314366914517125906e+01 2.123579507064704615e+02 2.800997900588016957e+06
3.063992798517602267e+01 1.920680055840328748e+02 9.393490580760197872e+01 2.132483767519360924e+02 2.782608660947961733e+06
3.071846786585741640e+01 1.907833107778223223e+02 9.406008027718836217e+01 2.138114903938733278e+02 2.800659729292258155e+06
3.079700774621063886e+01 1.936017691010376325e+02 9.511730932224543267e+01 2.145456717725238605e+02 2.810730450403471012e+06
3.087554762623818760e+01 1.943427718933841675e+02 9.653717174830748604e+01 2.169124142316842097e+02 2.827573395801416133e+06
3.095408750594254599e+01 1.931773548591755514e+02 9.531892775440627474e+01 2.187866577265403407e+02 2.835733452307742089e+06
3.103262738532617249e+01 1.952384691394228184e+02 9.598313289542031157e+01 2.187058345482526249e+02 2.879623189692168962e+06
3.111116726439149005e+01 1.959455301268632184e+02 9.643228113643789357e+01 2.215375148169356407e+02 2.888328560050657019e+06
3.118970714314090387e+01 1.975524149814218333e+02 9.620154544382758388e+01 2.242066421775250262e+02 2.926560954768123571e+06
3.126824702157679781e+01 1.974705341510614289e+02 9.772360277138294293e+01 2.242235433203061064e+02 2.920549505991813727e+06
3.134678689970152377e+01 1.963743102934238323e+02 9.801525305245725406e+01 2.220823328988249727e+02 2.934285433468125295e+06
3.142532677751741588e+01 1.998566565208809891e+02 9.654827312139403261e+01 2.237524289115233955e+02 2.959445214751482010e+06
3.150386665502678696e+01 2.002147792979652934e+02 9.771309669141332677e+01 2.262643284913672517e+02 2.989775540897732135e+06
3.158240653223192140e+01 2.033476380293689942e+02 1.008454104859712430e+02 2.326432150816970079e+02 3.012354750108996872e+06
3.166094640913508229e+01 1.990464646014696370e+02 1.000066314777532455e+02 2.318085010834242894e+02 2.984174295748570003e+06
3.173948628573851494e+01 2.044423665711088347e+02 1.001772087348092128e+02 2.369853005315725909e+02 3.023232304619793780e+06
3.181802616204443623e+01 2.036858248589036293e+02 9.926739255282565466e+01 2.346042437198474886e+02 3.028532858233862091e+06
3.189656603805504531e+01 2.055677304280582973e+02 1.004591047004354891e+02 2.374800055351346089e+02 3.018292165887951385e+06
3.197510591377251998e+01 2.090960712861302397e+02 1.013275828898056545e+02 2.394625123708889589e+02 3.063630319555910770e+06
3.205364578919900964e+01 2.075355879253079081e+02 1.025933589299567359e+02 2.454738832947643346e+02 3.093345043976217974e+06
3.213218566433665302e+01 2.062828457305678000e+02 1.032960135110910187e+02 2.396186502609886873e+02 3.077154557614124380e+06
3.221072553918755688e+01 2.090223282362719033e+02 1.027451820763307353e+02 2.396402781151684849e+02 3.071071901513769757e+06
3.228926541375382442e+01 2.081327286085441415e+02 1.021738273973310243e+02 2.415763338919174714e+02 3.101987368135939818e+06
3.236780528803751622e+01 2.150619890443457223e+02 1.052193017231450796e+02 2.460507017460409713e+02 3.179292990925217979e+06
3.244634516204068575e+01 2.134861571537535099e+02 1.064236853831275624e+02 2.438394042389363392e+02 3.174253355945902411e+06
3.252488503576537227e+01 2.100761681751743879e+02 1.063654028529252713e+02 2.458040992329439973e+02 3.155551245670064818e+06
3.260342490921358660e+01 2.133548354004822158e+02 1.072591905776638299e+02 2.454956918054733137e+02 3.196589885065340437e+06
3.268196478238731828e+01 2.193218401129649351e+02 1.069267240704128170e+02 2.509869181824293776e+02 3.215322962872627191e+06
3.276050465528854261e+01 2.182101830531756548e+02 1.068938201275549602e+02 2.509213368896908491e+02 3.229619194653463550e+06
3.283904452791921358e+01 2.155603204651954172e+02 1.085161046085226673e+02 2.533317852465052340e+02 3.270772079096755479e+06
3.291758440028127097e+01 2.176083921540377162e+02 1.078019533323794974e+02 2.548756622044721496e+02 3.278599613128667697e+06
3.299612427237663326e+01 2.257810199350679454e+02 1.084389898754000967e+02 2.595319391932241047e+02 3.327021820072551258e+06
3.307466414420719758e+01 2.215008603482386604e+02 1.107737735098392164e+02 2.638830323019400907e+02 3.238497545700812712e+06
3.315320401577483977e+01 2.217720231778328355e+02 1.128737465553295749e+02 2.570730407016153549e+02 3.263501506142111961e+06
3.323174388708143567e+01 2.284516503307884818e+02 1.135881456599489212e+02 2.719154191322943461e+02 3.432813487238719594e+06
3.331028375812883269e+01 2.263572177751715628e+02 1.139693622876557839e+02 2.697362380908434716e+02 3.371143967537935358e+06
3.338882362891884981e+01 2.311665199307562375e+02 1.119728076011026587e+02 2.729857579586348493e+02 3.497084671964383218e+06
3.346736349945329891e+01 2.358104892155060099e+02 1.132341800637652085e+02 2.744711234989943023e+02 3.543806478979582898e+06
3.354590336973399189e+01 2.254230623464633823e+02 1.129131157711819782e+02 2.752129253226241872e+02 3.450291016397795174e+06
3.362444323976268379e+01 2.337773806645446655e+02 1.122825993440742565e+02 2.735426972232526737e+02 3.510087688204499893e+06
3.370298310954115806e+01 2.259060480781617741e+02 1.118055830714174306e+02 2.673078584601203147e+02 3.437532894502374344e+06
3.378152297907114132e+01 2.433691592546715015e+02 1.166605503717099737e+02 2.916175338381682423e+02 3.599894312083291821e+06
3.386006284835436730e+01 2.391216855820870251e+02 1.156357837709476257e+02 2.810725664222447335e+02 3.648152897186213639e+06
3.393860271739255552e+01 2.428805091751167424e+02 1.234194870464672249e+02 2.899152194722595937e+02 3.644466817094001919e+06
3.401714258618739706e+01 2.341311921779790737e+02 1.161740888053627287e+02 2.913512383609788685e+02 3.581182196698564105e+06
3.409568245474058301e+01 2.476360823632682582e+02 1.206425652031692408e+02 2.731314249351975150e+02 3.593814140143449418e+06
3.417422232305376895e+01 2.483783564191906237e+02 1.139816691522197090e+02 2.879979645615055119e+02 3.628956651722080074e+06
3.425276219112861043e+01 2.331064736318801067e+02 1.168624317516249818e+02 2.771335436748052530e+02 3.650663576681746636e+06
3.433130205896674880e+01 2.437864121355362954e+02 1.190869954015058312e+02 2.993753483439795673e+02 3.637796195962393191e+06
3.440984192656979701e+01 2.655695797913595584e+02 1.198804236809419166e+02 3.104563865259636941e+02 3.613251798456691206e+06
3.448838179393936088e+01 2.341962318666097644e+02 1.253199316456638996e+02 2.883639246189227947e+02 3.544843624744461849e+06
3.456692166107702491e+01 2.336091030277310381e+02 1.500443400515234487e+02 3.192877006289908195e+02 3.566299479430176783e+06
3.464546152798438072e+01 2.568712244540624283e+02 1.400179514689084783e+02 2.520327506770919115e+02 3.391165118960183579e+06
3.472400139466299152e+01 2.786491227158454649e+02 1.618343244368770115e+02 3.340085293451229518e+02 3.711396733890889678e+06
