# 0.5863 0.6309
7.871241428633635184e-02 8.207973956446974473e-01 1.012331402223821231e+00 1.426883893359476817e-02 2.515887933934040120e+03
1.618072713909662341e-01 2.217100272441344000e+00 2.945971446784103609e+00 7.232865659824069815e-02 1.010697798312471423e+04
2.418771330418761079e-01 2.747471104647648765e+00 3.488246005559067608e+00 9.486790345800243107e-02 1.393813168886198764e+04
3.211923215201240578e-01 3.643362682519039719e+00 4.878504418644219243e+00 2.055502787184607938e-01 2.679825873073045295e+04
4.002017901256537113e-01 4.284651114966809615e+00 6.009267667727672624e+00 3.082454105826757940e-01 3.830354841094162111e+04
4.790568272527075955e-01 5.337862302983509721e+00 6.999135336337912960e+00 3.164617609951003718e-01 3.740120811330300057e+04
5.578229290343351687e-01 6.743512914514434797e+00 8.981236640182791220e+00 4.682482536417507113e-01 5.545362354615670483e+04
6.365331115321660738e-01 8.682408525464202498e+00 1.147211528782516154e+01 5.444964248554253761e-01 5.922915932235401124e+04
7.152058371535838788e-01 1.052345236908312565e+01 1.317217820993846722e+01 6.299976466602554837e-01 6.871903916406838107e+04
7.938522421846891941e-01 1.154758841364864885e+01 1.415357980091185119e+01 7.007671097427257134e-01 7.007706517039137543e+04
8.724794443688169698e-01 1.376489175634410600e+01 1.648314400453999085e+01 8.017389178534394256e-01 7.770093139374763996e+04
9.510922062407737299e-01 1.732790550932870843e+01 2.043578145105533750e+01 9.093628138120595228e-01 8.544693849963365938e+04
1.029693835175838679e+00 1.878046847473139636e+01 2.185857442859418143e+01 9.936547657766550135e-01 8.842597181751274911e+04
1.108286699878543891e+00 2.085969097825608642e+01 2.401922210743726538e+01 1.100916167875480633e+00 9.387110777768501430e+04
1.186872541411916560e+00 2.345525734200246504e+01 2.645660852678683739e+01 1.162447732909316134e+00 9.899907530463935109e+04
1.265452668213572940e+00 2.584160261260486990e+01 2.842623185812351139e+01 1.240049896751810543e+00 1.039005638513130980e+05
1.344028082638708543e+00 2.824294406163950200e+01 3.094264014547270492e+01 1.390726702804991444e+00 1.125844916757555038e+05
1.422599565533279709e+00 2.954321050131736115e+01 3.172976530522684513e+01 1.452401204655800804e+00 1.137113065677876439e+05
1.501167734229200246e+00 3.414738771882291246e+01 3.645129605346323132e+01 1.615647958761669667e+00 1.198467431994188519e+05
1.579733083222462531e+00 3.529524213156589951e+01 3.718148388278227401e+01 1.759830014402095744e+00 1.303430701020359411e+05
1.658296013281593151e+00 3.741848730165405357e+01 3.877816075190497003e+01 1.813310152576885548e+00 1.309488272759524843e+05
1.736856852652245875e+00 3.896763906490090079e+01 4.003613757057900813e+01 1.971164972793344239e+00 1.343626521652341762e+05
1.815415872753641580e+00 4.114536201299595319e+01 4.184241227943861219e+01 1.998710078772359511e+00 1.378853641979446984e+05
1.893973299967037560e+00 4.326605623225814412e+01 4.343507595502332919e+01 2.183981290026785871e+00 1.461459156354119186e+05
1.972529324606241641e+00 4.429504217985093817e+01 4.421052541465795116e+01 2.322035817070172037e+00 1.517351137777646072e+05
2.051084107826015579e+00 4.437551599174210537e+01 4.382036185113165061e+01 2.429199696525269569e+00 1.567701850954442925e+05
2.129637787001040561e+00 4.614472863469237041e+01 4.498032740519147410e+01 2.655977460136121238e+00 1.668162705725734122e+05
2.208190479956450680e+00 4.629872720220250670e+01 4.483700816799483135e+01 2.781004989181392606e+00 1.692757933302448364e+05
2.286742288326184092e+00 4.864973415868008288e+01 4.674734951888511603e+01 2.789254537715360804e+00 1.701484269581850385e+05
2.365293300241981811e+00 4.765064926984238980e+01 4.586417778005736778e+01 2.913828622050097295e+00 1.694117885654316342e+05
2.443843592503681883e+00 4.837871050973665632e+01 4.544759495224713675e+01 3.042534781608216221e+00 1.779364972969185619e+05
2.522393232343909553e+00 4.931951707633361792e+01 4.594316719958823114e+01 3.255683545775204912e+00 1.859600611825311789e+05
2.600942278872942381e+00 4.946529375044271859e+01 4.562509691858133465e+01 3.481390396370329654e+00 1.949419133517654263e+05
2.679490784269383141e+00 4.912881062946441801e+01 4.516023381959686134e+01 3.562865170346753541e+00 1.952928257145013486e+05
2.758038794767343038e+00 5.060200194401516427e+01 4.588025664179640728e+01 3.746469020710102793e+00 2.025397058898217510e+05
2.836586351479573942e+00 5.018430463778808814e+01 4.489039564516101422e+01 4.001598844965741364e+00 2.113602470865779615e+05
2.915133491087511963e+00 5.083208890881791575e+01 4.543206005294936034e+01 4.026168811803138681e+00 2.091863900584543590e+05
2.993680246422668834e+00 5.042871430439326019e+01 4.493111969497439162e+01 4.211198673984942964e+00 2.121542798431774427e+05
3.072226646958827967e+00 5.133715003467902704e+01 4.494744096620687657e+01 4.461698902332471128e+00 2.233195825457274914e+05
3.150772719230606977e+00 5.250919658187223149e+01 4.581704341944141134e+01 4.585918841259341683e+00 2.259201270343828364e+05
3.229318487190934395e+00 5.221640325768991886e+01 4.544817998271946635e+01 4.645188540262898513e+00 2.252984625155972899e+05
3.307863972517584905e+00 5.290015424299345170e+01 4.585623594223460486e+01 4.800413933899288388e+00 2.304366905059547571e+05
3.386409194877053608e+00 5.441479337984239351e+01 4.663683602338183221e+01 5.045009493110323540e+00 2.379409251125830051e+05
3.464954172152534095e+00 5.371222951631655462e+01 4.567423071541529822e+01 5.234461923449510223e+00 2.442128851815154485e+05
3.543498920641575456e+00 5.451357933135147249e+01 4.603958829638435901e+01 5.480983091632711357e+00 2.495465590688219527e+05
3.622043455228019404e+00 5.635069184250451713e+01 4.724047179165221877e+01 5.602774827978348249e+00 2.547753235486030753e+05
3.700587789532037597e+00 5.629077121205972389e+01 4.711932989132451866e+01 5.841716525206948063e+00 2.598444959643610637e+05
3.779131936041457696e+00 5.622274940918461539e+01 4.695045039054900116e+01 6.025248507873058657e+00 2.608569469270860427e+05
3.857675906227046259e+00 5.685537796257862198e+01 4.726183726363026949e+01 6.128551761843914036e+00 2.637004490621662117e+05
3.936219710643986680e+00 5.824750705399163309e+01 4.838009743801320184e+01 6.339430159415798904e+00 2.739500515979000484e+05
4.014763359021444877e+00 5.805832848366128474e+01 4.770164802378571522e+01 6.569569869194652689e+00 2.740310789894564077e+05
4.093306860341824560e+00 5.929140642642051517e+01 4.859711961999429519e+01 6.802826979572067501e+00 2.831064390146937803e+05
4.171850222911064776e+00 5.850251622224962489e+01 4.790537031435803783e+01 6.983195375941121164e+00 2.846427198712259997e+05
4.250393454421145911e+00 5.908634517021420862e+01 4.833950601077606990e+01 7.092862157195249040e+00 2.848883304970249883e+05
4.328936562005788247e+00 6.078054641509376665e+01 4.919572759019702346e+01 7.394582929469375010e+00 2.948714381819863920e+05
4.407479552290201497e+00 6.155553414981504545e+01 5.013583620828922705e+01 7.636887792640917105e+00 2.994446894152719760e+05
4.486022431435594982e+00 6.073977951114893159e+01 4.930972038569821336e+01 7.790179015789927774e+00 2.990826839446970262e+05
4.564565205179107465e+00 6.195797670473381658e+01 4.971991577283957042e+01 8.021018295726589642e+00 3.083515316899461322e+05
4.643107878869670024e+00 6.192528522380075628e+01 4.965520770915574644e+01 8.249750027597620772e+00 3.118895214567887015e+05
4.721650457500300213e+00 6.305344633267866783e+01 5.023336163888581751e+01 8.388350566083230930e+00 3.169382754929423099e+05
4.800192945737217443e+00 6.350114233834776201e+01 5.052301072974795204e+01 8.667063245436880337e+00 3.219605555270931800e+05
4.878735347946150824e+00 6.327058821715898773e+01 5.034425487286585366e+01 8.952540927942488125e+00 3.231488120581769035e+05
4.957277668216146793e+00 6.409626854198387491e+01 5.085690180994043175e+01 9.117058683837884203e+00 3.285294012923799455e+05
5.035819910381144737e+00 6.474572838101541095e+01 5.099191035311056908e+01 9.362558454470812919e+00 3.338208506692640949e+05
5.114362078039562221e+00 6.611780773076733908e+01 5.184396965750408270e+01 9.599808817653389781e+00 3.407184605014090776e+05
5.192904174572115394e+00 6.556094110757268822e+01 5.144654665019696438e+01 9.823508300526507142e+00 3.418202394080220256e+05
5.271446203158030919e+00 6.603241969481722151e+01 5.142540159822643631e+01 1.004753771718175770e+01 3.481701121509305667e+05
5.349988166789838573e+00 6.722221116111140304e+01 5.243694647919294027e+01 1.033905212031924847e+01 3.534824323153689038e+05
5.428530068286878674e+00 6.749196227603655984e+01 5.222509190395313539e+01 1.054606721320548424e+01 3.581920730700764107e+05
5.507071910307648643e+00 6.789487086173122066e+01 5.256597382591462519e+01 1.082142046041847294e+01 3.609774966205296805e+05
5.585613695361120179e+00 6.851063773360151288e+01 5.251678062163766469e+01 1.114159176523517658e+01 3.673516460792839644e+05
5.664155425817094525e+00 6.974970054097195771e+01 5.331350307370826158e+01 1.141150443381904367e+01 3.757332812808282906e+05
5.742697103915729961e+00 6.891926403853402405e+01 5.285310669082551271e+01 1.159318071759196300e+01 3.753954660431732191e+05
5.821238731776284148e+00 7.006008105610544590e+01 5.349419796244074377e+01 1.186550200883440453e+01 3.822197364029987948e+05
5.899780311405160127e+00 7.027901953721634243e+01 5.339138931903963936e+01 1.211531256476002305e+01 3.841864853600510978e+05
5.978321844703323507e+00 7.107232920077937877e+01 5.391462485978826180e+01 1.231661151204142612e+01 3.870173314109648345e+05
6.056863333473133437e+00 7.128005491516998404e+01 5.397073711468193125e+01 1.253000419432613555e+01 3.909135855522678467e+05
6.135404779424661115e+00 7.248083070080373602e+01 5.450205341515727753e+01 1.288281188134381416e+01 4.005916171856962028e+05
6.213946184181517118e+00 7.256947603109571787e+01 5.458620831076566304e+01 1.319825040633583946e+01 4.035789041995255393e+05
6.292487549286247983e+00 7.374800960263259242e+01 5.524074413164603925e+01 1.332888485856506122e+01 4.070484842055527261e+05
6.371028876205335756e+00 7.373010553929135824e+01 5.494108447935288808e+01 1.378419629093737164e+01 4.130987255622274242e+05
6.449570166333828070e+00 7.445941529676247228e+01 5.511892718351435150e+01 1.403114602024941071e+01 4.200168933980803122e+05
6.528111420999634262e+00 7.480321905555845774e+01 5.540821367354651983e+01 1.417414322428366447e+01 4.223231551346182241e+05
6.606652641467518627e+00 7.500187185990962746e+01 5.547753671065949277e+01 1.448563557528800061e+01 4.270897059489888488e+05
6.685193828942805006e+00 7.547449963658569061e+01 5.540946248797875739e+01 1.493735226604185407e+01 4.317747276460935245e+05
6.763734984574836240e+00 7.597637957508391082e+01 5.575836949155962685e+01 1.494636114529486193e+01 4.344520448981171357e+05
6.842276109460177835e+00 7.638818397694379314e+01 5.578916155625921647e+01 1.536588748575880636e+01 4.374266821010019048e+05
6.920817204645620890e+00 7.624642690386272648e+01 5.591228671110719262e+01 1.551328174272094884e+01 4.376411595487795421e+05
6.999358271130968312e+00 7.714760743765178574e+01 5.624520913147858892e+01 1.585557944006940900e+01 4.489468107604673132e+05
7.077899309871646949e+00 7.850579562872331962e+01 5.678099371897591396e+01 1.626114269684717684e+01 4.560415302677708678e+05
7.156440321781138536e+00 7.866560963106414306e+01 5.694723585363187368e+01 1.644841757068547849e+01 4.546698433379990747e+05
7.234981307733260536e+00 7.853863151991710367e+01 5.684651252970151347e+01 1.676141078770689674e+01 4.615040463621077361e+05
7.313522268564292439e+00 7.959324476513248214e+01 5.713677140371880370e+01 1.698703103790765567e+01 4.635492420049034408e+05
7.392063205074973276e+00 7.958603093021696395e+01 5.708432916163526016e+01 1.741154341639176550e+01 4.698711795982610201e+05
7.470604118032365015e+00 8.070459406816878811e+01 5.765321609909869949e+01 1.763898773616602966e+01 4.741391164416013635e+05
7.549145008171610272e+00 8.042308477829000424e+01 5.750843556272341317e+01 1.784212186499618369e+01 4.745324718506672652e+05
7.627685876197570103e+00 8.105495993271416921e+01 5.768655299284548477e+01 1.827121140498276830e+01 4.795195133812580025e+05
7.706226722786373884e+00 8.213184041531577861e+01 5.815444289532615585e+01 1.858300650215800687e+01 4.908450195226064534e+05
7.784767548586863484e+00 8.197029010088235168e+01 5.791062439492764469e+01 1.894059284299466839e+01 4.917580488157022628e+05
7.863308354221953955e+00 8.243224379605891272e+01 5.817458237395609899e+01 1.899383468700941080e+01 4.926092839045022847e+05
7.941849140289923170e+00 8.301818040328852533e+01 5.861345130351458010e+01 1.942277878040799877e+01 4.963214701461423538e+05
8.020389907365611748e+00 8.384797243793254040e+01 5.855861257118782248e+01 1.987069519024690933e+01 5.068978191220029257e+05
8.098930656001561701e+00 8.373408902476444382e+01 5.868504660995012046e+01 1.998231519131315892e+01 5.099757037761464599e+05
8.177471386729090241e+00 8.400641913714784437e+01 5.856847541432314586e+01 2.029239608084204605e+01 5.117533428033271921e+05
8.256012100059292536e+00 8.437857287898165737e+01 5.885042506264431239e+01 2.074109459971282021e+01 5.173132024286958622e+05
8.334552796484000936e+00 8.495970032364506608e+01 5.876027750971517349e+01 2.097641889857959541e+01 5.172715980718311039e+05
8.413093476476680266e+00 8.546688399109200418e+01 5.906503404056689988e+01 2.136072931190622981e+01 5.272393097588965902e+05
8.491634140493276917e+00 8.544493206337406832e+01 5.916538530779979510e+01 2.156230463735349900e+01 5.279223485348055838e+05
8.570174788973028868e+00 8.632017079135077608e+01 5.928597218109934630e+01 2.197560467132370476e+01 5.323461452119316673e+05
8.648715422339215309e+00 8.738080576774166275e+01 5.971620424466798482e+01 2.233863811349430861e+01 5.404027500189139973e+05
8.727256040999876063e+00 8.686011856924581309e+01 5.964644172089112573e+01 2.254307755102945876e+01 5.412081828468844760e+05
8.805796645348495488e+00 8.717061303443757936e+01 5.943749288153441057e+01 2.294312221775080474e+01 5.463196471097674221e+05
8.884337235764643737e+00 8.796402693336551692e+01 5.995090279388465859e+01 2.318373656836717700e+01 5.501909423019908136e+05
8.962877812614589601e+00 8.825164741168431703e+01 6.008699252621192244e+01 2.357624497510914452e+01 5.506366720608756877e+05
9.041418376251867173e+00 8.901352164002781819e+01 6.014489183243676251e+01 2.410755692993402732e+01 5.610645105575082125e+05
9.119958927017840722e+00 8.931530982324964896e+01 6.030701078966411899e+01 2.427415508100147434e+01 5.610698825508664595e+05
9.198499465242209183e+00 8.960892329579048976e+01 6.049408889020944002e+01 2.458239917613193981e+01 5.682499078429413494e+05
9.277039991243508865e+00 9.033244242989692907e+01 6.074880368392297925e+01 2.489340486338413427e+01 5.706573690295685083e+05
9.355580505329580632e+00 9.080455477824909849e+01 6.086486941318410260e+01 2.536412515350789576e+01 5.765385883312118240e+05
9.434121007798012215e+00 9.039333698650322901e+01 6.029271388211127913e+01 2.555455888582696744e+01 5.770707814285078784e+05
9.512661498936562765e+00 9.110067661816761131e+01 6.094636369090354577e+01 2.602574005373664434e+01 5.817732477115498623e+05
9.591201979023569635e+00 9.140051456509100092e+01 6.106343392508877344e+01 2.627553644513394460e+01 5.872140942788826069e+05
9.669742448328321416e+00 9.199105110062689050e+01 6.096588076687113045e+01 2.667277461754918377e+01 5.915140411843281472e+05
9.748282907111432749e+00 9.277734561991721307e+01 6.165597926365055770e+01 2.696539849943171063e+01 5.966829237733756891e+05
9.826823355625185386e+00 9.224686333918650405e+01 6.090961809503701119e+01 2.722545575912661064e+01 5.976001246088836342e+05
9.905363794113858589e+00 9.325645931278678802e+01 6.133387208580519712e+01 2.770917340125135198e+01 6.053852879348291317e+05
9.983904222814045326e+00 9.358975008038983390e+01 6.125562594028260577e+01 2.822968887153584916e+01 6.107991029276811751e+05
1.006244464195495070e+01 9.385065983152070146e+01 6.149913373234645064e+01 2.841840312574709060e+01 6.118762336520780809e+05
1.014098505175868148e+01 9.395941457523075258e+01 6.139546601759664668e+01 2.866505775148378987e+01 6.170933613454009173e+05
1.021952545244051613e+01 9.414100881223100714e+01 6.137015580587463859e+01 2.913924942863954470e+01 6.216790643168893876e+05
1.029806584420916415e+01 9.416052343189207363e+01 6.114371832198449397e+01 2.948474209210796104e+01 6.256195563072424848e+05
1.037660622726701654e+01 9.465085022703082984e+01 6.146216628873028043e+01 2.988741223238053379e+01 6.290311579793485580e+05
1.045514660181038380e+01 9.491388032862153068e+01 6.131659145949670631e+01 3.002817354190194621e+01 6.330485170878844801e+05
1.053368696802971982e+01 9.516939841939948508e+01 6.150917451141796732e+01 3.053310296325305018e+01 6.333077838981001405e+05
1.061222732610984210e+01 9.595594770811366914e+01 6.145036342163641763e+01 3.110343672150616356e+01 6.465315749804928200e+05
1.069076767623013779e+01 9.637031298654409284e+01 6.203849364816641554e+01 3.129278839663860623e+01 6.473593137017632835e+05
1.076930801856475739e+01 9.639623622579236439e+01 6.171172576514108954e+01 3.150165464014744998e+01 6.502891012445800006e+05
1.084784835328281005e+01 9.698139917691830192e+01 6.198349188290142564e+01 3.196668286964352745e+01 6.547928151632447261e+05
1.092638868054854306e+01 9.711444852225167779e+01 6.198800185517011130e+01 3.233291177304367636e+01 6.581783225487682503e+05
1.100492900052151413e+01 9.704136778018465748e+01 6.171670953714911434e+01 3.270745863146284904e+01 6.633217058490593918e+05
1.108346931335675833e+01 9.779884722101165551e+01 6.186536228948123295e+01 3.301701447924857291e+01 6.672693026758385822e+05
1.116200961920494805e+01 9.817779967952634479e+01 6.237666125070310841e+01 3.362118634696546593e+01 6.721511343251797371e+05
1.124054991821254212e+01 9.845159120440605705e+01 6.234093256523387794e+01 3.382892844680855404e+01 6.752357917783302255e+05
1.131909021052193687e+01 9.889717195709002340e+01 6.230249363546292329e+01 3.431489750714212761e+01 6.819583020972653758e+05
1.139763049627160285e+01 9.891117063233525641e+01 6.228643492519964298e+01 3.457751127236358002e+01 6.829342796088247560e+05
1.147617077559622167e+01 9.930233976494142212e+01 6.230130794149025775e+01 3.502931895768335124e+01 6.910949663408135530e+05
1.155471104862680853e+01 1.000215345819318742e+02 6.254785684255515577e+01 3.546656797043412723e+01 6.943661198211032897e+05
1.163325131549084368e+01 9.957196224126437301e+01 6.246876199279870434e+01 3.593867171989169407e+01 6.957569947899589315e+05
1.171179157631238787e+01 1.001786185008128740e+02 6.227647332392194102e+01 3.621395390108854428e+01 7.012641437053974951e+05
1.179033183121219608e+01 1.003353131678195211e+02 6.227212607758435325e+01 3.641981093844736250e+01 7.048042470810901141e+05
1.186887208030782759e+01 1.006155798385362630e+02 6.251909753063771547e+01 3.674776855035007372e+01 7.067752000439916737e+05
1.194741232371374728e+01 1.006091262763899010e+02 6.234943692851057051e+01 3.737798148537873999e+01 7.139079736609566025e+05
1.202595256154143222e+01 1.008938331861258035e+02 6.247771088191689159e+01 3.762186909997944184e+01 7.161460847097970545e+05
1.210449279389946753e+01 1.016949740545423708e+02 6.248173314717633531e+01 3.820408589642589448e+01 7.222815526259976905e+05
1.218303302089363527e+01 1.015983191999061432e+02 6.251183264840907583e+01 3.846877636632875408e+01 7.258066336670924211e+05
1.226157324262700676e+01 1.023325275370655731e+02 6.267650495676062405e+01 3.894683275262909916e+01 7.321951885218124371e+05
1.234011345920003322e+01 1.022131514664108067e+02 6.250717498415639284e+01 3.928811322481535484e+01 7.337659947349593276e+05
1.241865367071062565e+01 1.028636387450651455e+02 6.284600347432054690e+01 3.975087475044364282e+01 7.376700813417040044e+05
1.249719387725422415e+01 1.030959918164472242e+02 6.284837984998155491e+01 4.016549680306194148e+01 7.430866212520572590e+05
1.257573407892389383e+01 1.028031250355349613e+02 6.248834920120141589e+01 4.050829353526303578e+01 7.482182632160627982e+05
1.265427427581038877e+01 1.032546153537055318e+02 6.278362564362312526e+01 4.080981641154994577e+01 7.501692811701350147e+05
1.273281446800221772e+01 1.037825454969696040e+02 6.246296282000017186e+01 4.154184987564445919e+01 7.585148337234504288e+05
1.281135465558572584e+01 1.042816800809998057e+02 6.292835185485948557e+01 4.184404742551480894e+01 7.633396628817693563e+05
1.288989483864514796e+01 1.040021768082969089e+02 6.279412543601773677e+01 4.218093186422269980e+01 7.639852901934664696e+05
1.296843501726268322e+01 1.041660391496065330e+02 6.282522801118691547e+01 4.253274394478954434e+01 7.685944315860675415e+05
1.304697519151855190e+01 1.040804963516305008e+02 6.249511122337610658e+01 4.277670035604986509e+01 7.689701649790187366e+05
1.312551536149104692e+01 1.048603950526716346e+02 6.245371743358811045e+01 4.355933142861104557e+01 7.819864755238802172e+05
1.320405552725660492e+01 1.051205747907754358e+02 6.271636227992518542e+01 4.383327946481589521e+01 7.838558123942351667e+05
1.328259568888985243e+01 1.055486978518671748e+02 6.261287450399123600e+01 4.443502785126992194e+01 7.892682484061529394e+05
1.336113584646366270e+01 1.059258215506113032e+02 6.278794591928357249e+01 4.464406213798078937e+01 7.908918100087806815e+05
1.343967600004920548e+01 1.057231906711077016e+02 6.273374850351819276e+01 4.496043323232920130e+01 7.948453389895305736e+05
1.351821614971599317e+01 1.066467683568847633e+02 6.305538040873416605e+01 4.569481917037823138e+01 8.035449775570374914e+05
1.359675629553193588e+01 1.064153663322535124e+02 6.297001868186490015e+01 4.596159065314647307e+01 8.031901997191970004e+05
1.367529643756338231e+01 1.065494456500547926e+02 6.292546376465882219e+01 4.639086323977601012e+01 8.076010870780628175e+05
1.375383657587516595e+01 1.066164288533073830e+02 6.268704189284213868e+01 4.699051745515910028e+01 8.121269698162305867e+05
1.383237671053064766e+01 1.067725564738859134e+02 6.297249612878113112e+01 4.712036392104909055e+01 8.119091645956124412e+05
1.391091684159175834e+01 1.078848780147934008e+02 6.293155989269622097e+01 4.783954410575024951e+01 8.217520953734833747e+05
1.398945696911903269e+01 1.076408287262377144e+02 6.291934564661794127e+01 4.838168348839338506e+01 8.282286106362228747e+05
1.406799709317166069e+01 1.074599257184103891e+02 6.285197873735818774e+01 4.864382331588719666e+01 8.302060585311648902e+05
1.414653721380751428e+01 1.078833761710397994e+02 6.282173134244482071e+01 4.907087311757857151e+01 8.372803430966896703e+05
1.422507733108318817e+01 1.084606493836198808e+02 6.300064969650433966e+01 4.966187057961708717e+01 8.415909811665583402e+05
1.430361744505403543e+01 1.088426139815395715e+02 6.320490044867265311e+01 5.007708584323456336e+01 8.488895225538518280e+05
1.438215755577419586e+01 1.086280928535341701e+02 6.298887810353344463e+01 5.042720414561367193e+01 8.491124352881312370e+05
1.446069766329663686e+01 1.093114613187458559e+02 6.296267228211664246e+01 5.095621207027009092e+01 8.580111884481457528e+05
1.453923776767318010e+01 1.094585797238960652e+02 6.309443949530091089e+01 5.142192495332520252e+01 8.592938413161354838e+05
1.461777786895453346e+01 1.097677518760427944e+02 6.329668659336133629e+01 5.183059276932252146e+01 8.633759314837744460e+05
1.469631796719032302e+01 1.098254105356307804e+02 6.284942745026712174e+01 5.232804091122464740e+01 8.709626243961255532e+05
1.477485806242911437e+01 1.099787910951002203e+02 6.333530279405593433e+01 5.249502157637321176e+01 8.707321316015027696e+05
1.485339815471844993e+01 1.103450455743017358e+02 6.329513655987977216e+01 5.317211472069216427e+01 8.777574091633455828e+05
1.493193824410487203e+01 1.104974211921802834e+02 6.335602598961634158e+01 5.365366491330921406e+01 8.821593735525029479e+05
1.501047833063394421e+01 1.109409316756215134e+02 6.320217127984846428e+01 5.436805636075224157e+01 8.924009900614315411e+05
1.508901841435028857e+01 1.109685812707280093e+02 6.307893051137211415e+01 5.442141122922028984e+01 8.904759046962707071e+05
1.516755849529759992e+01 1.113334758981991683e+02 6.337418960632437148e+01 5.510737358843852007e+01 8.966869289727095747e+05
1.524609857351867070e+01 1.118546154013520777e+02 6.337321433110253110e+01 5.557127492231663979e+01 9.044594216082097264e+05
1.532463864905541762e+01 1.120430394155551710e+02 6.344965275022691742e+01 5.619279363814173678e+01 9.062222640216019936e+05
1.540317872194890292e+01 1.122623227674167765e+02 6.336311420563086472e+01 5.673481001200148910e+01 9.131251720047374256e+05
1.548171879223935399e+01 1.124615227485362823e+02 6.352949425936240857e+01 5.723571309674070307e+01 9.199516031558965333e+05
1.556025885996618996e+01 1.128695481977025850e+02 6.328659904949395099e+01 5.786048491105220393e+01 9.239165487211466534e+05
1.563879892516803238e+01 1.129687038699881043e+02 6.342319508626772517e+01 5.824513837453673659e+01 9.280619615453376900e+05
1.571733898788273187e+01 1.130996441895245255e+02 6.356806761966061714e+01 5.855515399134052501e+01 9.336828960274012061e+05
1.579587904814739119e+01 1.129306329329788809e+02 6.350287194438727312e+01 5.924794456236421780e+01 9.348729270596764982e+05
1.587441910599837769e+01 1.138563845533589358e+02 6.368695492017798188e+01 5.975977850827899829e+01 9.432119964853847632e+05
1.595295916147133575e+01 1.145057174773401982e+02 6.378061645295849758e+01 6.051811008943515446e+01 9.536756766913830070e+05
1.603149921460121874e+01 1.141056445344855348e+02 6.359462974806040592e+01 6.063451990729938501e+01 9.512877818833095953e+05
1.611003926542229436e+01 1.147938576229811360e+02 6.361907586985871177e+01 6.134630322357794086e+01 9.587359016285522375e+05
1.618857931396816596e+01 1.151993988680699488e+02 6.392573211737524019e+01 6.189437082821702774e+01 9.679341394517323934e+05
1.626711936027179561e+01 1.151953017786438380e+02 6.382480806979501153e+01 6.246937362552602480e+01 9.728971272615888156e+05
1.634565940436549525e+01 1.159961102578039345e+02 6.398388287371297878e+01 6.306623901681223288e+01 9.802635352203347720e+05
1.642419944628097639e+01 1.158333789732379699e+02 6.391128861618674506e+01 6.344621480503947453e+01 9.834645813023471273e+05
1.650273948604932883e+01 1.158442265297591689e+02 6.388545616265167126e+01 6.380907535077056991e+01 9.879654016554111149e+05
1.658127952370107394e+01 1.166081304720685381e+02 6.400649105212410461e+01 6.479345628982197525e+01 9.944622519489246188e+05
1.665981955926614333e+01 1.166566200640787088e+02 6.423391992509750992e+01 6.507714408046854260e+01 9.974139921651572222e+05
1.673835959277390728e+01 1.169146117837719459e+02 6.407709405199361186e+01 6.565705417788350928e+01 1.006728661651195260e+06
1.681689962425318896e+01 1.172016910476579881e+02 6.406417210864670153e+01 6.633282499529364884e+01 1.011386665399532299e+06
1.689543965373228218e+01 1.177919872729685977e+02 6.426007829612743194e+01 6.680175828432764717e+01 1.015741037888710853e+06
1.697397968123895495e+01 1.176600551137386077e+02 6.437045346418194924e+01 6.729907185771675415e+01 1.021781085473835585e+06
1.705251970680045304e+01 1.186992095610891624e+02 6.441207014651772056e+01 6.818415676762286637e+01 1.032195122683208203e+06
1.713105973044353902e+01 1.188679310395856703e+02 6.458856006185267518e+01 6.854747744704511092e+01 1.034614420176893938e+06
1.720959975219447102e+01 1.187943383456698427e+02 6.432148339092013600e+01 6.918984236172781266e+01 1.041667984217432328e+06
1.728813977207903463e+01 1.191704973622708508e+02 6.455439747945739271e+01 6.964409302986787509e+01 1.045964015919414116e+06
1.736667979012256424e+01 1.197867340706246040e+02 6.476733670880945226e+01 7.039373784123282007e+01 1.054045495845879195e+06
1.744521980634991110e+01 1.202010495031245370e+02 6.480107005077248061e+01 7.096017271180915031e+01 1.061546990757656051e+06
1.752375982078550365e+01 1.201072484748599720e+02 6.494040412017365327e+01 7.127038770723427774e+01 1.064456425101757282e+06
1.760229983345331917e+01 1.206348056486716729e+02 6.515091509101404199e+01 7.202523102120532883e+01 1.067538035659215413e+06
1.768083984437692635e+01 1.212767609996338507e+02 6.516507210783970550e+01 7.289558631941666533e+01 1.082515941494011786e+06
1.775937985357945692e+01 1.218623838630325906e+02 6.528152697774946489e+01 7.353536395444626805e+01 1.088573164360158844e+06
1.783791986108364824e+01 1.216800238722543668e+02 6.534791999647883642e+01 7.402152386971744136e+01 1.094846231957109412e+06
1.791645986691183268e+01 1.223657651256914960e+02 6.556419852262763470e+01 7.475924530720304517e+01 1.102095973646197701e+06
1.799499987108595889e+01 1.226981442351120108e+02 6.565632229991385316e+01 7.525428588908394545e+01 1.105776511029366869e+06
1.807353987362759185e+01 1.233688701156256542e+02 6.603837378975643446e+01 7.594452790408257670e+01 1.115748340611510910e+06
1.815207987455791638e+01 1.233744600664424809e+02 6.594699175268389979e+01 7.641716070399554894e+01 1.117981317885613069e+06
1.823061987389775851e+01 1.238698042018356062e+02 6.615818032768916623e+01 7.713422278739919591e+01 1.126314235443381127e+06
1.830915987166758541e+01 1.246659746898474452e+02 6.650212933482436028e+01 7.785918894954042457e+01 1.136018093333407305e+06
1.838769986788751964e+01 1.250623296325696714e+02 6.642566178734325888e+01 7.858694579451024254e+01 1.143880220938213868e+06
1.846623986257733563e+01 1.254323611744769522e+02 6.668984556637056471e+01 7.907196705010964877e+01 1.148617446404427756e+06
1.854477985575647381e+01 1.258052880403411535e+02 6.691272721122837197e+01 7.975047605891856506e+01 1.156151084062929032e+06
1.862331984744404423e+01 1.264367392712643579e+02 6.706952300889683727e+01 8.060750314138402928e+01 1.166946579152599908e+06
1.870185983765884075e+01 1.269577409100163266e+02 6.723741666602589362e+01 8.099958506830934368e+01 1.170671589603564003e+06
1.878039982641934458e+01 1.273050338075223067e+02 6.743777138622634482e+01 8.172171870836747587e+01 1.180472512412612326e+06
1.885893981374372075e+01 1.278403102061321306e+02 6.749145231806276968e+01 8.255270345282259825e+01 1.189075226696196245e+06
1.893747979964983941e+01 1.286934900626487490e+02 6.788148399169035940e+01 8.313976010692216789e+01 1.197204581297039054e+06
1.901601978415527228e+01 1.287515691110194496e+02 6.793916158038616970e+01 8.389754669200122805e+01 1.203216618063835427e+06
1.909455976727730331e+01 1.295012351112649185e+02 6.810589328589351510e+01 8.450033499736849762e+01 1.212104755824677646e+06
1.917309974903293579e+01 1.299907877354648633e+02 6.820016229252087214e+01 8.580450184382378609e+01 1.225811068822406232e+06
1.925163972943889235e+01 1.301064596930910966e+02 6.855776492625072649e+01 8.617942682597328030e+01 1.225210611277519492e+06
1.933017970851161849e+01 1.311928986080748416e+02 6.879965852670726179e+01 8.690302038271049412e+01 1.235424331427888479e+06
1.940871968626730748e+01 1.317437687046021040e+02 6.896175773109949603e+01 8.760295993785102553e+01 1.248231566435078625e+06
1.948725966272188259e+01 1.327000407780702744e+02 6.939601536040392205e+01 8.854600973722719459e+01 1.259188016370281577e+06
1.956579963789100773e+01 1.327789834869439005e+02 6.945661994688967411e+01 8.924225607778966207e+01 1.264857576058164006e+06
1.964433961179010524e+01 1.337328297979112506e+02 6.989864017041209365e+01 8.997770629686037580e+01 1.274163891948208911e+06
1.972287958443434519e+01 1.344783611811499497e+02 6.993234797841962802e+01 9.084178076460354134e+01 1.282947444979333319e+06
1.980141955583865965e+01 1.349319800059778061e+02 7.037731023721934775e+01 9.155400680196697749e+01 1.292140863832886098e+06
1.987995952601774619e+01 1.353028528769811487e+02 7.068236766936598769e+01 9.240983478073985680e+01 1.299424482385273091e+06
1.995849949498606790e+01 1.363124344959664995e+02 7.108992574135963594e+01 9.338402389377581869e+01 1.307805966322424822e+06
2.003703946275786052e+01 1.367384055112715657e+02 7.123260912759886310e+01 9.364711181709510868e+01 1.318031377134284703e+06
2.011557942934713950e+01 1.377209915281625285e+02 7.164632157496883735e+01 9.472458876416102669e+01 1.329626159965931904e+06
2.019411939476770712e+01 1.376099089513976992e+02 7.159707819967925957e+01 9.520444026796515402e+01 1.332796857132925419e+06
2.027265935903314542e+01 1.379266870973538914e+02 7.163466526060251738e+01 9.609036938984914400e+01 1.344941060465668328e+06
2.035119932215682326e+01 1.384992381680963547e+02 7.204309460996228154e+01 9.642842665014460124e+01 1.348232596018896904e+06
2.042973928415191054e+01 1.388722288904636457e+02 7.177257959706322765e+01 9.765175376092086879e+01 1.357896615693659754e+06
2.050827924503137467e+01 1.388687209870775519e+02 7.219824909105848576e+01 9.796338185446920477e+01 1.362879133021707414e+06
2.058681920480798766e+01 1.390640616518770116e+02 7.201169982886649734e+01 9.861662208119997786e+01 1.366676309496668167e+06
2.066535916349431901e+01 1.394062531036099131e+02 7.217021365382984754e+01 9.944142334789323456e+01 1.374783215644246666e+06
2.074389912110275347e+01 1.398400804073918096e+02 7.228619044027399809e+01 1.001075206731130010e+02 1.381925515493767336e+06
2.082243907764548752e+01 1.399600045272547959e+02 7.236977416519640371e+01 1.006799070302285912e+02 1.390546684900813270e+06
2.090097903313453642e+01 1.401698229853656130e+02 7.232553154099761628e+01 1.015947222703282762e+02 1.395072370790207759e+06
2.097951898758173783e+01 1.406700579378897658e+02 7.256219469305686687e+01 1.023215460455143671e+02 1.405018922897710232e+06
2.105805894099874109e+01 1.408173444991919041e+02 7.264299763174857105e+01 1.029419912984207457e+02 1.409068938589859288e+06
2.113659889339703568e+01 1.410771966448859018e+02 7.253103779324048617e+01 1.035009939133236969e+02 1.418842555505554657e+06
2.121513884478793344e+01 1.413203241343802290e+02 7.272192091757099774e+01 1.043418092350473643e+02 1.423816321639345959e+06
2.129367879518258277e+01 1.415520863060430372e+02 7.274142090562305896e+01 1.048065521187411946e+02 1.431350509882600047e+06
2.137221874459196869e+01 1.419106178983823554e+02 7.293070587639300584e+01 1.055352352318393088e+02 1.438674322321813554e+06
2.145075869302691274e+01 1.421864309632236143e+02 7.293633866415406430e+01 1.064215209643581943e+02 1.448943565800340381e+06
2.152929864049807307e+01 1.425888893034933176e+02 7.327368946247386816e+01 1.069126582651541781e+02 1.453449957263978897e+06
2.160783858701596571e+01 1.422183072333005214e+02 7.330670899505224725e+01 1.077630309514852627e+02 1.456408359137705294e+06
2.168637853259094683e+01 1.430638112336338850e+02 7.333201584975181220e+01 1.085969082173065772e+02 1.469780211267390754e+06
2.176491847723321982e+01 1.428907223485600468e+02 7.338422527609131407e+01 1.092375449658087945e+02 1.473745849534287350e+06
2.184345842095285306e+01 1.436333361011264174e+02 7.364246520123799655e+01 1.098245168173229018e+02 1.480809808032034198e+06
2.192199836375975508e+01 1.441484732048077149e+02 7.374929079986506508e+01 1.106378239307520772e+02 1.491442021024125395e+06
2.200053830566371005e+01 1.440139303948803047e+02 7.384284078593481127e+01 1.113476658560542774e+02 1.496789450890523847e+06
2.207907824667434582e+01 1.443999301320064603e+02 7.387763699173727616e+01 1.120399076927391349e+02 1.506489024560453836e+06
2.215761818680116590e+01 1.448927713488008067e+02 7.407207875762648541e+01 1.132196381976506672e+02 1.512857703589058248e+06
2.223615812605353526e+01 1.447635397394618337e+02 7.424006412022360735e+01 1.136991628295685217e+02 1.518976843032387551e+06
2.231469806444068738e+01 1.456383541784853435e+02 7.444623413348944041e+01 1.144725416391731443e+02 1.533330847087248694e+06
2.239323800197172432e+01 1.458065963770046949e+02 7.451916512158176431e+01 1.149418956980602928e+02 1.533548317900804337e+06
2.247177793865562023e+01 1.459743957228448608e+02 7.466622839392510969e+01 1.161548117888522427e+02 1.542956032756173285e+06
2.255031787450123204e+01 1.461645806497969886e+02 7.478946528001073091e+01 1.166836055385685853e+02 1.546186894448646577e+06
2.262885780951728165e+01 1.467549201041323670e+02 7.498433594302495919e+01 1.172878500085297162e+02 1.558264729127278086e+06
2.270739774371238440e+01 1.469277503299096281e+02 7.520540249412317735e+01 1.181267439457231490e+02 1.565239018718049163e+06
2.278593767709502771e+01 1.476023994964130850e+02 7.513921344830495741e+01 1.191324868858936696e+02 1.576349598237920785e+06
2.286447760967358178e+01 1.475629302616161169e+02 7.537196700133694094e+01 1.201618865144629780e+02 1.584252831794882193e+06
2.294301754145629957e+01 1.485644204369530428e+02 7.542352217427767869e+01 1.208828261632626635e+02 1.595322425474150572e+06
2.302155747245133455e+01 1.483853654185354571e+02 7.574478668802851189e+01 1.212959086978199679e+02 1.597647702988508157e+06
2.310009740266672296e+01 1.487518187619649837e+02 7.604922412233531759e+01 1.218671394670406585e+02 1.603683237239921698e+06
2.317863733211038380e+01 1.489844990979980821e+02 7.599422220103636505e+01 1.231375915388844788e+02 1.610288685909918044e+06
2.325717726079013303e+01 1.493628342787498013e+02 7.618718660889382477e+01 1.238940154233770699e+02 1.623931696606578771e+06
2.333571718871368716e+01 1.500941731391884275e+02 7.625618950507458749e+01 1.249299946541211597e+02 1.633421582236368675e+06
2.341425711588865965e+01 1.502842779175846601e+02 7.673935376020773447e+01 1.255977220588319767e+02 1.642191365677626571e+06
2.349279704232255384e+01 1.504684428173517006e+02 7.692897515644700945e+01 1.263436800952679988e+02 1.650555016830439679e+06
2.357133696802278067e+01 1.512114721396100947e+02 7.697077911019935925e+01 1.275611532659376763e+02 1.659737105790913105e+06
2.364987689299664453e+01 1.516598514509617814e+02 7.694504860692875070e+01 1.278550324795976394e+02 1.666353818319460610e+06
2.372841681725136453e+01 1.512921944814603137e+02 7.708246975631595888e+01 1.284717414670138567e+02 1.669719114283239003e+06
2.380695674079405322e+01 1.523437854652738110e+02 7.756899979720201088e+01 1.300718030463819161e+02 1.684485529074033024e+06
2.388549666363174140e+01 1.530198318505314887e+02 7.809118063634969076e+01 1.305210556224179754e+02 1.696238581391999731e+06
2.396403658577134976e+01 1.537896420900023600e+02 7.824072617772826277e+01 1.318664658034710158e+02 1.702386355931180762e+06
2.404257650721972439e+01 1.534175660804064592e+02 7.831257324919332063e+01 1.321672872772762730e+02 1.707183827116994653e+06
2.412111642798362254e+01 1.535039928421348634e+02 7.816250438654323318e+01 1.333736093794964290e+02 1.718973460936117452e+06
2.419965634806970556e+01 1.544140430867499845e+02 7.856879291215152250e+01 1.342551577304172099e+02 1.726684249971278012e+06
2.427819626748454596e+01 1.547472297110257671e+02 7.894028890597599002e+01 1.352091514203975748e+02 1.734246794079599436e+06
2.435673618623464520e+01 1.551459886598299249e+02 7.889460975842024482e+01 1.356539737669062333e+02 1.742312127232622821e+06
2.443527610432640529e+01 1.559446251343541974e+02 7.968642297897955018e+01 1.370044438573779075e+02 1.756810107880289201e+06
2.451381602176616425e+01 1.558825616536111340e+02 7.953888130606583218e+01 1.372960307338073278e+02 1.767408669142159168e+06
2.459235593856016067e+01 1.567531803163837196e+02 7.988774715669684667e+01 1.386828865106436410e+02 1.778212703512826003e+06
2.467089585471456203e+01 1.574359568214686647e+02 7.986272092127778421e+01 1.396654558435486990e+02 1.782582976889834274e+06
2.474943577023546126e+01 1.574674910867099982e+02 8.010132062964217425e+01 1.403728627263645308e+02 1.795390555668267189e+06
2.482797568512887310e+01 1.582900712642289989e+02 8.069968854558756277e+01 1.414592762501254697e+02 1.805340711200738093e+06
2.490651559940072346e+01 1.587837215570457943e+02 8.062061310866731390e+01 1.425244090397897025e+02 1.815298779578235466e+06
2.498505551305688144e+01 1.593184389295379049e+02 8.103873886566984197e+01 1.434935827673558606e+02 1.827029287326584570e+06
2.506359542610313440e+01 1.598559206127448817e+02 8.168005992292199835e+01 1.445755360609539650e+02 1.831415727483690483e+06
2.514213533854519511e+01 1.600241189963433897e+02 8.141332829774103175e+01 1.452703608638940693e+02 1.841457679824060062e+06
2.522067525038871239e+01 1.610917215538789264e+02 8.186461641327103678e+01 1.466451453240768785e+02 1.858663198372851824e+06
2.529921516163925688e+01 1.612597528174640331e+02 8.200447914675889649e+01 1.474339425646739414e+02 1.867126008034878876e+06
2.537775507230233529e+01 1.621704673875872231e+02 8.254470484507562844e+01 1.487456629951584262e+02 1.877525591745762154e+06
2.545629498238338684e+01 1.625659806607998803e+02 8.291718680049883972e+01 1.492636276197403618e+02 1.875439212828828488e+06
2.553483489188777966e+01 1.634850645431604619e+02 8.325322013725289594e+01 1.505344150616450918e+02 1.890396400273072999e+06
2.561337480082082152e+01 1.632066731731274842e+02 8.347509684912442651e+01 1.508164222869762057e+02 1.894698934167841217e+06
2.569191470918774911e+01 1.642616214680120947e+02 8.362011484227856783e+01 1.521575750030175982e+02 1.911728481231004465e+06
2.577045461699373874e+01 1.648094591827463944e+02 8.363590068820589352e+01 1.529570521208350726e+02 1.926660244917059783e+06
2.584899452424390631e+01 1.654673790598408516e+02 8.415208718636787921e+01 1.543763810023611995e+02 1.937677739295148058e+06
2.592753443094329668e+01 1.665191259345139088e+02 8.452877050451688490e+01 1.555006221114276741e+02 1.953034890156109817e+06
2.600607433709690852e+01 1.661076329207291735e+02 8.483930862242323201e+01 1.564332188146867963e+02 1.958780186398809077e+06
2.608461424270966944e+01 1.670456090110812966e+02 8.524901727152290221e+01 1.574516945804170973e+02 1.959853454062534962e+06
2.616315414778644310e+01 1.669712701025462422e+02 8.519074303932157477e+01 1.581771818378200010e+02 1.977914836418481078e+06
2.624169405233205055e+01 1.679984273670093273e+02 8.579770483699493866e+01 1.596378891188758757e+02 1.992147567728527589e+06
2.632023395635124174e+01 1.694491098775073965e+02 8.648407996112297269e+01 1.608448962997553338e+02 2.006345209987177746e+06
2.639877385984871694e+01 1.692030612023989420e+02 8.612877508357995282e+01 1.616027616488340186e+02 2.015194975696325302e+06
2.647731376282911953e+01 1.700384246862811040e+02 8.698339098288174398e+01 1.627005445257285317e+02 2.023575289564689854e+06
2.655585366529703606e+01 1.701902328873786985e+02 8.676415053420060985e+01 1.634507584940338916e+02 2.032735509542965330e+06
2.663439356725699980e+01 1.720940287114447074e+02 8.752638058844424052e+01 1.651151908795564509e+02 2.052158574520155089e+06
2.671293346871349428e+01 1.716898522916914942e+02 8.824096989275309966e+01 1.654398715456669322e+02 2.056210684920167318e+06
2.679147336967094617e+01 1.725254338069740925e+02 8.822579770523717002e+01 1.672939953644567197e+02 2.070609512146219146e+06
2.687001327013372531e+01 1.727404726712786953e+02 8.842969762519507526e+01 1.683379739712277683e+02 2.088221387714441167e+06
2.694855317010616602e+01 1.734772795048002649e+02 8.885014191035257625e+01 1.691418366449221082e+02 2.101246785105319694e+06
2.702709306959254221e+01 1.743050090898267968e+02 8.912118091272348863e+01 1.703285665266090518e+02 2.105805966171865817e+06
2.710563296859707094e+01 1.754151966340977538e+02 8.933648255630220092e+01 1.714924112819122115e+02 2.127838249147639610e+06
2.718417286712393377e+01 1.755073135664092661e+02 8.971361470506079172e+01 1.725337688372267451e+02 2.135745622138534207e+06
2.726271276517725894e+01 1.758778729270756003e+02 9.047838840048419229e+01 1.737076701839694692e+02 2.140865212816710118e+06
2.734125266276112498e+01 1.768624326735992724e+02 9.056710889189115221e+01 1.740112577498973678e+02 2.155957516835637856e+06
2.741979255987956776e+01 1.780540329893231331e+02 9.102766749108337763e+01 1.762451594754920450e+02 2.171749167740576435e+06
2.749833245653658054e+01 1.775042442300651544e+02 9.053560704390623926e+01 1.769328297454501353e+02 2.177230613236090634e+06
2.757687235273609616e+01 1.778433996635912138e+02 9.117684426373263307e+01 1.780824390966651833e+02 2.198733674889842980e+06
2.765541224848202262e+01 1.777694353522716142e+02 9.094234834243056298e+01 1.784710132524470225e+02 2.197663553527507465e+06
2.773395214377820395e+01 1.804385023240162127e+02 9.226688353027347489e+01 1.808017428128419795e+02 2.215059060270167422e+06
2.781249203862845576e+01 1.802971891506450675e+02 9.211079707062719990e+01 1.815350497651865282e+02 2.228990865171514917e+06
2.789103193303654038e+01 1.798176881443658033e+02 9.272319111154909876e+01 1.819515359879825951e+02 2.235856403183434159e+06
2.796957182700618816e+01 1.808634439662086493e+02 9.276195823427984521e+01 1.838850099935746130e+02 2.254965626545986161e+06
2.804811172054107615e+01 1.810488857754627645e+02 9.366573973618372406e+01 1.850249313508792568e+02 2.260492505910217762e+06
2.812665161364485655e+01 1.807896228707312503e+02 9.362921815739554177e+01 1.848210102745168797e+02 2.264678462858611718e+06
2.820519150632112115e+01 1.804725549261986544e+02 9.370831507900068402e+01 1.853221678790463898e+02 2.271578700507631991e+06
2.828373139857343332e+01 1.821566084644649379e+02 9.415803327270961631e+01 1.870401585480142046e+02 2.291825649583050981e+06
2.836227129040531736e+01 1.826762643521526002e+02 9.402456450526378262e+01 1.881204686981486702e+02 2.300946822427696548e+06
2.844081118182025847e+01 1.824775071535996176e+02 9.371074975287787368e+01 1.896867828418028239e+02 2.309804633850092068e+06
2.851935107282169923e+01 1.824479879939610214e+02 9.393103731474128892e+01 1.907784012732463168e+02 2.316445205849725287e+06
2.859789096341304315e+01 1.828751675592673109e+02 9.435350135809613903e+01 1.911426505063490424e+02 2.336626346981958952e+06
2.867643085359765820e+01 1.823979505259647169e+02 9.446738149692357922e+01 1.919556544744285986e+02 2.341044042260303162e+06
2.875497074337888392e+01 1.828642881860148464e+02 9.542654779462185388e+01 1.936731665042247528e+02 2.347710187753983308e+06
2.883351063276001369e+01 1.835104858969560553e+02 9.515842692835204275e+01 1.941126597776039944e+02 2.356490243058078457e+06
2.891205052174430890e+01 1.834494276727907618e+02 9.539647604236057532e+01 1.957605282431749742e+02 2.373951356699164957e+06
2.899059041033499184e+01 1.843348749534550848e+02 9.569582378387562471e+01 1.965483598893810893e+02 2.378990153099434916e+06
2.906913029853525643e+01 1.842358772794557069e+02 9.645889128371254628e+01 1.972472571924832607e+02 2.392465678904083557e+06
2.914767018634825746e+01 1.843494406178993756e+02 9.632751277271130164e+01 1.986856568420040787e+02 2.389047878959640395e+06
2.922621007377712132e+01 1.842338284278096978e+02 9.624786285788889018e+01 1.990141762308162754e+02 2.394148362675669603e+06
2.930474996082492822e+01 1.858268727418656567e+02 9.675880678434758408e+01 2.012853237610366364e+02 2.430560058971725870e+06
2.938328984749474060e+01 1.850785822616794860e+02 9.660625141996025889e+01 2.006703296134551806e+02 2.426254994913069066e+06
2.946182973378957826e+01 1.865720635217044787e+02 9.797621498942105234e+01 2.031548995307840073e+02 2.435353671948259696e+06
2.954036961971243258e+01 1.853318561783471523e+02 9.725780140259998063e+01 2.020731703701984827e+02 2.446984747070692945e+06
2.961890950526625943e+01 1.867654361443528046e+02 9.907533737199442214e+01 2.047042554234323575e+02 2.458865867671186570e+06
2.969744939045398979e+01 1.876331754789246702e+02 9.821210651340275888e+01 2.054234686380940218e+02 2.475074494073563255e+06
2.977598927527852268e+01 1.878577694116045507e+02 9.928779069887465880e+01 2.078957764782977051e+02 2.497793927652481012e+06
2.985452915974272159e+01 1.904361755635144391e+02 9.835556624256564362e+01 2.088009154799744920e+02 2.541538713259764947e+06
2.993306904384942868e+01 1.882934394341708071e+02 9.937184577097657723e+01 2.079238377600096612e+02 2.517456069702090230e+06
3.001160892760143994e+01 1.920320419808204804e+02 1.004305242407814802e+02 2.119723107267129194e+02 2.550392520240335725e+06
3.009014881100154071e+01 1.926981728101376063e+02 1.006759767931883260e+02 2.144022917105537545e+02 2.565580397583370563e+06
3.016868869405248077e+01 1.911287822855319121e+02 1.005687179538802809e+02 2.130438355851088943e+02 2.560764380649189465e+06
3.024722857675697441e+01 1.909025794536075864e+02 1.016209335040583568e+02 2.130785705126890548e+02 2.551080183899545111e+06
3.032576845911771457e+01 1.918728162554850485e+02 1.018934594471986088e+02 2.144439897388780594e+02 2.570508972410438117e+06
3.040430834113736580e+01 1.955281175353350420e+02 1.018869821912060587e+02 2.178347874375889148e+02 2.604006115093466826e+06
3.048284822281856421e+01 1.950701798050065179e+02 1.021160737839404646e+02 2.184741693870251993e+02 2.623276402051244397e+06
3.056138810416392460e+01 1.945552202607906906e+02 1.022103880108274723e+02 2.198404549874461509e+02 2.645580471174401231e+06
3.063992798517602267e+01 1.960757843184050273e+02 1.026333594202293114e+02 2.211753683762377705e+02 2.629638927872971166e+06
3.071846786585741640e+01 1.948238378205588504e+02 1.037416891244328099e+02 2.222229297276770410e+02 2.646288687331432942e+06
3.079700774621063886e+01 1.979387092074874204e+02 1.046016081159199587e+02 2.222616714513186764e+02 2.658389060321171302e+06
3.087554762623818760e+01 1.983227660214648722e+02 1.053612906560601346e+02 2.236845476392072953e+02 2.670575619351119269e+06
3.095408750594254599e+01 1.974078682090068924e+02 1.047332472151770730e+02 2.264678089718345007e+02 2.687510115833939053e+06
3.103262738532617249e+01 1.984884474005630750e+02 1.056056453214046087e+02 2.271814715358451053e+02 2.706927977749096230e+06
3.111116726439149005e+01 1.993539390854479052e+02 1.055477881419285495e+02 2.286798903121051865e+02 2.728614033121893648e+06
3.118970714314090387e+01 2.017047405514283867e+02 1.060068375662230551e+02 2.322567833980002661e+02 2.758292853055184707e+06
3.126824702157679781e+01 2.011216526630007309e+02 1.074469499048814356e+02 2.326820508007980095e+02 2.761471094885218889e+06
3.134678689970152377e+01 2.003435038656989775e+02 1.074422775135877544e+02 2.307275655072473910e+02 2.770406851880292874e+06
3.142532677751741588e+01 2.044340489068984255e+02 1.067665697598790189e+02 2.329703867499577825e+02 2.805561297237338498e+06
3.150386665502678696e+01 2.039862737956612193e+02 1.078527112352737305e+02 2.361446728148563352e+02 2.823705949619777966e+06
3.158240653223192140e+01 2.073997904299163224e+02 1.109928270045694489e+02 2.407074707217466027e+02 2.845968795370313805e+06
3.166094640913508229e+01 2.034069492409927875e+02 1.109801105947953914e+02 2.427344974117639254e+02 2.817945311059938744e+06
3.173948628573851494e+01 2.086584977607152496e+02 1.101819821460273374e+02 2.450739474768784589e+02 2.852988143628650345e+06
3.181802616204443623e+01 2.066143393795344423e+02 1.095708061313692951e+02 2.435584705402450822e+02 2.849507997784988955e+06
3.189656603805504531e+01 2.090313756154918110e+02 1.110512645750163614e+02 2.476154432893998774e+02 2.874379151443846524e+06
3.197510591377251998e+01 2.133031478688951097e+02 1.119601191670948879e+02 2.476754836715232386e+02 2.909515593794375658e+06
3.205364578919900964e+01 2.111801595978420494e+02 1.125372945165929792e+02 2.536719036715154800e+02 2.943381397912110668e+06
3.213218566433665302e+01 2.113263172348303272e+02 1.137597672592469564e+02 2.486072410707986649e+02 2.920546233873140998e+06
3.221072553918755688e+01 2.141756691560496222e+02 1.140411092520781722e+02 2.508880744886866694e+02 2.926897207812548149e+06
3.228926541375382442e+01 2.128964035944727868e+02 1.130861434863082593e+02 2.521062907642870243e+02 2.955716455202077981e+06
3.236780528803751622e+01 2.186700285388969860e+02 1.155771001401397911e+02 2.535089252694578477e+02 3.007470195467134938e+06
3.244634516204068575e+01 2.186302708822007048e+02 1.156739686730609691e+02 2.522140321822721774e+02 3.019723477764044423e+06
3.252488503576537227e+01 2.133044643076908358e+02 1.156840307867452111e+02 2.534804600489649999e+02 2.984043982689783908e+06
3.260342490921358660e+01 2.164079109562786130e+02 1.178231937230656428e+02 2.531851697221547681e+02 3.024813573629758321e+06
3.268196478238731828e+01 2.224408651218834336e+02 1.157017693102403513e+02 2.574791890563928973e+02 3.048840907142207492e+06
3.276050465528854261e+01 2.217454517703352224e+02 1.177538707028731295e+02 2.620892356437247486e+02 3.051219550356781576e+06
3.283904452791921358e+01 2.196816418198938834e+02 1.189087040747264297e+02 2.639957405722201429e+02 3.114873951126640663e+06
3.291758440028127097e+01 2.224298170198488265e+02 1.186104467383235033e+02 2.627064395631966249e+02 3.117735343047947623e+06
3.299612427237663326e+01 2.295494605555253997e+02 1.227619821977025225e+02 2.725514658883118386e+02 3.159772917954733595e+06
3.307466414420719758e+01 2.261381580679710055e+02 1.214277802905017580e+02 2.729046775563019196e+02 3.092597203714201227e+06
3.315320401577483977e+01 2.262752931625138046e+02 1.245379041311426676e+02 2.668804819944896849e+02 3.099231358502937946e+06
3.323174388708143567e+01 2.299143268156864792e+02 1.236988636060493860e+02 2.755581582340273030e+02 3.230119162821199745e+06
3.331028375812883269e+01 2.300803780039817639e+02 1.269965730090033844e+02 2.770397567671965930e+02 3.179342195050225127e+06
3.338882362891884981e+01 2.352607039271447604e+02 1.215221353461655553e+02 2.766642809267232792e+02 3.317118275141872000e+06
3.346736349945329891e+01 2.401990226434288900e+02 1.236588812769551140e+02 2.812071107714731966e+02 3.378734136693438515e+06
3.354590336973399189e+01 2.300606090982651040e+02 1.222698502343944114e+02 2.800806427817813073e+02 3.298417292001581751e+06
3.362444323976268379e+01 2.384457778160237353e+02 1.256756217104884712e+02 2.799840793666046466e+02 3.283271488367271144e+06
3.370298310954115806e+01 2.286839454515620673e+02 1.290722451962457171e+02 2.825853035757539260e+02 3.241701912042097654e+06
3.378152297907114132e+01 2.481977240676761198e+02 1.273325833443926172e+02 3.037583397196259511e+02 3.407057347956865095e+06
3.386006284835436730e+01 2.430817663720522717e+02 1.255605098919605354e+02 2.884598624255850723e+02 3.451795349515917245e+06
3.393860271739255552e+01 2.455763104187413717e+02 1.324041466174100776e+02 2.978811685678135177e+02 3.472255312025455292e+06
3.401714258618739706e+01 2.418222134734694180e+02 1.266971053292247973e+02 3.125903590653800279e+02 3.415390339735266753e+06
3.409568245474058301e+01 2.466252890335260020e+02 1.334312211234922643e+02 2.733880837835012017e+02 3.438391640829169191e+06
3.417422232305376895e+01 2.530126751697607403e+02 1.303460379150181723e+02 3.096352884085192159e+02 3.562613219183789100e+06
3.425276219112861043e+01 2.359919323115785517e+02 1.296534504240922843e+02 2.893728564403986070e+02 3.535688910825450439e+06
3.433130205896674880e+01 2.446717877540903316e+02 1.228650168998369878e+02 2.873770013719260987e+02 3.590669454569484573e+06
3.440984192656979701e+01 2.676938909718102195e+02 1.330368318844350313e+02 3.276553445667360052e+02 3.604292928313594777e+06
3.448838179393936088e+01 2.481293664342441048e+02 1.361349205609170951e+02 2.989400319219081439e+02 3.436236039858947974e+06
3.456692166107702491e+01 2.193992081493701676e+02 1.604427322294183966e+02 3.314433508424651791e+02 3.227538036455598194e+06
3.464546152798438072e+01 2.343750258874743508e+02 1.690477673067242677e+02 2.610146786429681356e+02 3.376002943290854339e+06
3.472400139466299152e+01 2.594723455200806939e+02 1.887212453777733572e+02 3.562732060093271684e+02 3.353889449624319561e+06
