# 0.6881 0.7338
7.871241428633635184e-02 3.053796084722908977e-01 4.213959095086067252e-01 1.449092108135127503e-02 2.422653911320580846e+03
1.618072713909662341e-01 1.062428077321000197e+00 1.519073252312647115e+00 7.284002970613805139e-02 9.729310186994533069e+03
2.418771330418761079e-01 1.758212635017705194e+00 2.179807966867494340e+00 9.453611247231190340e-02 1.341271856814662351e+04
3.211923215201240578e-01 2.443186851098937407e+00 3.132376264151679468e+00 2.066426228144666866e-01 2.580819237300993700e+04
4.002017901256537113e-01 2.991901487080154354e+00 3.948750133155320974e+00 3.078353713334144315e-01 3.686599463710278360e+04
4.790568272527075955e-01 4.347916295594923319e+00 5.351343858850773572e+00 3.154274806674240428e-01 3.599475418061778328e+04
5.578229290343351687e-01 5.684882086356177311e+00 7.022647771837720931e+00 4.679524782755092871e-01 5.330776589555009559e+04
6.365331115321660738e-01 7.097689809074447354e+00 8.955048479137060369e+00 5.495786619880952406e-01 5.692414123513631057e+04
7.152058371535838788e-01 9.078382595568500690e+00 1.076155427916900997e+01 6.364198238462249746e-01 6.603060566090025532e+04
7.938522421846891941e-01 1.061504006074816253e+01 1.236164068720171194e+01 7.114256648331136468e-01 6.739818088505108608e+04
8.724794443688169698e-01 1.239603389178839876e+01 1.429745555184302397e+01 8.184191682203824092e-01 7.460208334498216573e+04
9.510922062407737299e-01 1.491485332099355787e+01 1.706853250388610732e+01 9.252647448592582480e-01 8.202116484761590254e+04
1.029693835175838679e+00 1.714475953369564110e+01 1.947268637179100992e+01 1.014409236309105511e+00 8.481772720587192453e+04
1.108286699878543891e+00 1.889302375998728678e+01 2.133097897679521537e+01 1.120763614343532222e+00 8.986375907894513512e+04
1.186872541411916560e+00 2.122721083653399177e+01 2.354276021737654645e+01 1.187113501126174420e+00 9.483142432906499016e+04
1.265452668213572940e+00 2.388170237367183901e+01 2.593840662407274777e+01 1.266177943321339150e+00 9.952011473863432184e+04
1.344028082638708543e+00 2.581539709172443153e+01 2.797099186911867719e+01 1.420081969730398574e+00 1.078781978154201788e+05
1.422599565533279709e+00 2.769630862600982368e+01 2.949219939345138286e+01 1.488000591365910008e+00 1.087816076416452997e+05
1.501167734229200246e+00 3.192191034952862694e+01 3.395391031606968113e+01 1.652527527383889305e+00 1.146279973467371165e+05
1.579733083222462531e+00 3.329739426849169348e+01 3.502349429732392849e+01 1.804718819612743941e+00 1.246956326362392283e+05
1.658296013281593151e+00 3.615594197558534972e+01 3.746301554020528357e+01 1.851103346051399479e+00 1.252309411912226788e+05
1.736856852652245875e+00 3.739072063581398453e+01 3.858785350113500101e+01 2.029800647395961111e+00 1.283204370962487592e+05
1.815415872753641580e+00 4.074063892700820588e+01 4.158604867852837117e+01 2.057558510666412488e+00 1.317764014190851594e+05
1.893973299967037560e+00 4.273137373313621623e+01 4.312076825440498595e+01 2.231551371872573686e+00 1.395401809651848744e+05
1.972529324606241641e+00 4.465702922811511399e+01 4.486478453217512907e+01 2.379609296574105581e+00 1.449153271057016682e+05
2.051084107826015579e+00 4.523591555341010206e+01 4.494138652338509132e+01 2.494195554677313353e+00 1.496286548970451113e+05
2.129637787001040561e+00 4.754647812493463732e+01 4.673354355147558437e+01 2.724249773580608824e+00 1.590294842654965469e+05
2.208190479956450680e+00 4.850388137323712101e+01 4.749089294144479823e+01 2.853967491098285958e+00 1.613040923237544484e+05
2.286742288326184092e+00 5.131283400441696330e+01 4.979688866521527757e+01 2.861479071124298112e+00 1.620727144080092257e+05
2.365293300241981811e+00 5.021372631122694230e+01 4.883446912099183379e+01 2.991189335139391225e+00 1.615012581845536770e+05
2.443843592503681883e+00 5.129077705229484252e+01 4.878737608681733917e+01 3.122234816721547013e+00 1.696441494899733516e+05
2.522393232343909553e+00 5.311771023749840737e+01 5.027460003233554886e+01 3.350170922103826943e+00 1.771712520928345039e+05
2.600942278872942381e+00 5.328646083804581224e+01 4.980975761028012272e+01 3.565949878571441634e+00 1.856045835914578638e+05
2.679490784269383141e+00 5.313228606297110446e+01 4.960247504405786856e+01 3.677605574288325130e+00 1.857645456783602131e+05
2.758038794767343038e+00 5.506916805558541483e+01 5.075738550511187697e+01 3.840329868868827656e+00 1.924979230558321578e+05
2.836586351479573942e+00 5.539657831347717831e+01 5.045073409715975998e+01 4.086927658333948443e+00 2.008906821058009227e+05
2.915133491087511963e+00 5.602372839750024980e+01 5.095602181498929184e+01 4.127546370596686387e+00 1.987075861259762023e+05
2.993680246422668834e+00 5.533573676953814413e+01 5.007812127689772552e+01 4.316602068546068871e+00 2.015403417955977493e+05
3.072226646958827967e+00 5.688205244628086632e+01 5.070295452694006855e+01 4.572258338040732006e+00 2.120602287151027413e+05
3.150772719230606977e+00 5.762976812117472747e+01 5.128012357769092944e+01 4.709689190726714436e+00 2.144230785623893025e+05
3.229318487190934395e+00 5.755501248446015694e+01 5.078941677169849811e+01 4.768941536672293147e+00 2.136807888099841366e+05
3.307863972517584905e+00 5.807286461167130653e+01 5.088066250424521542e+01 4.910289135364330093e+00 2.185041979718308430e+05
3.386409194877053608e+00 5.954146234935856796e+01 5.165218969214698319e+01 5.163254315632708646e+00 2.254734410156182421e+05
3.464954172152534095e+00 5.896326024683691003e+01 5.076272608232665817e+01 5.369130819625921980e+00 2.314870460506281524e+05
3.543498920641575456e+00 5.989111631355805798e+01 5.116428406986156574e+01 5.619257630814758819e+00 2.363818350260973966e+05
3.622043455228019404e+00 6.208177384267721521e+01 5.265673594888301778e+01 5.720414543873792113e+00 2.411876607521903352e+05
3.700587789532037597e+00 6.185656666182606500e+01 5.238635404146365460e+01 6.002479073828737910e+00 2.461079554225451138e+05
3.779131936041457696e+00 6.160947664885473074e+01 5.191927713920924248e+01 6.147012119746928960e+00 2.469943373354543000e+05
3.857675906227046259e+00 6.257296431840354956e+01 5.229352223512375986e+01 6.256965573827353744e+00 2.495153470406062843e+05
3.936219710643986680e+00 6.407276983759098243e+01 5.364497561346534127e+01 6.504218164292181470e+00 2.590888970289693971e+05
4.014763359021444877e+00 6.376322045620370460e+01 5.275442991292784001e+01 6.702840110170581234e+00 2.589119614059770247e+05
4.093306860341824560e+00 6.538567392454645244e+01 5.391409745271312204e+01 6.957317430582507178e+00 2.674855124870669679e+05
4.171850222911064776e+00 6.479308342537260046e+01 5.341845926485476781e+01 7.151692472325036576e+00 2.688668527836481808e+05
4.250393454421145911e+00 6.516057706346792600e+01 5.361411780974087549e+01 7.244166133015936815e+00 2.687273748384428909e+05
4.328936562005788247e+00 6.691112042535363003e+01 5.448670541431195602e+01 7.554726159947550812e+00 2.783748186563694035e+05
4.407479552290201497e+00 6.800633345935985119e+01 5.564999268541364330e+01 7.807059291653833277e+00 2.827448333618179313e+05
4.486022431435594982e+00 6.752389198779238200e+01 5.506579124256345636e+01 7.962349748564149010e+00 2.820855586917352630e+05
4.564565205179107465e+00 6.895867170009397285e+01 5.562534096143139806e+01 8.183230432237818874e+00 2.906441534672079724e+05
4.643107878869670024e+00 6.867827534754813712e+01 5.536251456513911506e+01 8.433561796953329193e+00 2.941900503085867385e+05
4.721650457500300213e+00 6.973855150661439950e+01 5.598283397037946685e+01 8.573587296099825394e+00 2.985923836056862492e+05
4.800192945737217443e+00 7.068312543030408790e+01 5.653339270389479765e+01 8.889235562001264412e+00 3.033199377409149311e+05
4.878735347946150824e+00 7.023966023641726508e+01 5.614984475615711546e+01 9.150638893600527624e+00 3.046053214100116747e+05
4.957277668216146793e+00 7.144551931596652139e+01 5.709085248961931569e+01 9.353404676711704724e+00 3.091828023973945528e+05
5.035819910381144737e+00 7.206996677975817533e+01 5.723790826542959564e+01 9.594803912934869672e+00 3.139811822081493447e+05
5.114362078039562221e+00 7.342486199189136187e+01 5.798220550343209823e+01 9.832307943768960001e+00 3.205566963951982325e+05
5.192904174572115394e+00 7.282697043722369301e+01 5.766721360013394815e+01 1.003891708026297458e+01 3.215178879809124628e+05
5.271446203158030919e+00 7.352379691095616465e+01 5.759917071294248814e+01 1.026239157723434481e+01 3.274829213033586275e+05
5.349988166789838573e+00 7.471750955641685721e+01 5.873736618383593822e+01 1.057414364471699031e+01 3.320169723959644325e+05
5.428530068286878674e+00 7.476799753338502796e+01 5.839334911323010857e+01 1.079409879273457484e+01 3.364606456526848488e+05
5.507071910307648643e+00 7.554704087286840775e+01 5.899870456717918188e+01 1.106009687060968716e+01 3.389167631039165426e+05
5.585613695361120179e+00 7.630550316428637814e+01 5.911901287900256108e+01 1.140250105182524365e+01 3.451269925429105060e+05
5.664155425817094525e+00 7.716734817433828653e+01 5.966986441013474263e+01 1.167404138880514886e+01 3.523304516028449871e+05
5.742697103915729961e+00 7.689829495371880341e+01 5.956650719513772430e+01 1.188389207987345841e+01 3.521570003545582877e+05
5.821238731776284148e+00 7.826977731894646695e+01 6.043676633455633151e+01 1.213711627538561189e+01 3.582878809397616424e+05
5.899780311405160127e+00 7.849915737222055157e+01 6.036969891799373045e+01 1.242457743894931355e+01 3.600679890946179512e+05
5.978321844703323507e+00 7.911930395237661173e+01 6.064238097234406411e+01 1.263168773984382831e+01 3.622975361256435863e+05
6.056863333473133437e+00 7.929307332933797170e+01 6.066706739507292667e+01 1.282552997062231803e+01 3.662749397552025621e+05
6.135404779424661115e+00 8.061849003642545597e+01 6.118664425090381798e+01 1.323303882955523214e+01 3.755236074780885247e+05
6.213946184181517118e+00 8.062646551378358595e+01 6.144874891827212338e+01 1.353661427973603892e+01 3.776091970187647385e+05
6.292487549286247983e+00 8.208343596894441418e+01 6.233523459051536264e+01 1.369079873192982078e+01 3.809860126206721761e+05
6.371028876205335756e+00 8.238298536825888618e+01 6.201240292835417733e+01 1.409338740716549765e+01 3.864196109602608485e+05
6.449570166333828070e+00 8.335432709593813172e+01 6.265937254792324040e+01 1.437992231700897072e+01 3.928794334707828239e+05
6.528111420999634262e+00 8.344813033518617829e+01 6.269001646520910498e+01 1.454950171885421994e+01 3.950135798026544508e+05
6.606652641467518627e+00 8.388930609164188468e+01 6.291610432395817298e+01 1.486714640743990934e+01 3.990917740991314058e+05
6.685193828942805006e+00 8.417272423621822952e+01 6.293739140010278987e+01 1.530819563300832975e+01 4.028962291579828598e+05
6.763734984574836240e+00 8.455505515460647814e+01 6.312423035794309101e+01 1.533665856184370213e+01 4.054603585442868061e+05
6.842276109460177835e+00 8.539596438785589783e+01 6.330916799965557118e+01 1.580175522189843029e+01 4.084367101646784577e+05
6.920817204645620890e+00 8.505852524944666015e+01 6.327977095245971384e+01 1.593381956632436136e+01 4.086400805693609873e+05
6.999358271130968312e+00 8.620182120109599566e+01 6.390653718939468320e+01 1.632797751170238598e+01 4.192206765854656114e+05
7.077899309871646949e+00 8.746560988763302191e+01 6.435432630084886796e+01 1.668231409478537941e+01 4.251980010336947162e+05
7.156440321781138536e+00 8.766215245328716321e+01 6.455191118127353889e+01 1.691557770170261321e+01 4.242216413641155232e+05
7.234981307733260536e+00 8.796092837083809002e+01 6.476450129567400893e+01 1.719847800942454796e+01 4.300560610973642324e+05
7.313522268564292439e+00 8.867678283976134423e+01 6.474308742752566559e+01 1.745632248529450692e+01 4.321526215805150568e+05
7.392063205074973276e+00 8.885351040661782918e+01 6.487719542400380135e+01 1.787246719846623222e+01 4.374599027719881851e+05
7.470604118032365015e+00 9.000837999651932364e+01 6.547644206984698201e+01 1.811757743638183982e+01 4.414846094088391401e+05
7.549145008171610272e+00 8.971104666211023471e+01 6.534111246084363245e+01 1.835105575032237368e+01 4.415430783127573086e+05
7.627685876197570103e+00 9.029939077650550416e+01 6.558992807167723527e+01 1.882130598935069088e+01 4.463652625883718720e+05
7.706226722786373884e+00 9.157256976431536089e+01 6.602104887654326149e+01 1.909218209851628600e+01 4.564714721873272792e+05
7.784767548586863484e+00 9.139793775464343639e+01 6.585897092945177178e+01 1.944993141149678451e+01 4.570724664721747977e+05
7.863308354221953955e+00 9.148151142620586995e+01 6.599672170418480732e+01 1.951196993995058193e+01 4.579666049733118271e+05
7.941849140289923170e+00 9.232436615132786528e+01 6.642241358599962098e+01 2.002034053868666419e+01 4.609920757760379347e+05
8.020389907365611748e+00 9.360723407454990763e+01 6.688960626029556522e+01 2.045083862781040906e+01 4.708122078229213948e+05
8.098930656001561701e+00 9.330580757361173028e+01 6.674238436476430536e+01 2.061577569836393309e+01 4.735742555365316803e+05
8.177471386729090241e+00 9.351419552116023226e+01 6.679474779738808365e+01 2.092825604607901369e+01 4.749737796359264175e+05
8.256012100059292536e+00 9.398268495774289022e+01 6.692557824352964246e+01 2.133874433051410691e+01 4.800902377804707503e+05
8.334552796484000936e+00 9.454991251797051177e+01 6.700471986138212799e+01 2.159876213592383465e+01 4.797314788037489052e+05
8.413093476476680266e+00 9.516490889213714865e+01 6.719269914527900767e+01 2.197092575392710145e+01 4.888137736283580307e+05
8.491634140493276917e+00 9.528992055097606340e+01 6.748318551546371680e+01 2.227308306765580426e+01 4.896005834334911196e+05
8.570174788973028868e+00 9.588802794614809955e+01 6.745511452347953707e+01 2.267360406820531793e+01 4.930918820800454123e+05
8.648715422339215309e+00 9.741558040924547868e+01 6.825646263502885347e+01 2.296816409678079651e+01 5.003045599788295222e+05
8.727256040999876063e+00 9.673347976591210795e+01 6.795015395648854906e+01 2.330511469881833264e+01 5.013883097272299347e+05
8.805796645348495488e+00 9.705231605624963720e+01 6.787982923980277405e+01 2.366161621533957060e+01 5.061122340575521812e+05
8.884337235764643737e+00 9.792100187022322189e+01 6.836144248099148513e+01 2.386574501460792419e+01 5.089384370810032706e+05
8.962877812614589601e+00 9.800918473831781341e+01 6.855677423140744509e+01 2.432147368656185904e+01 5.093137181463449961e+05
9.041418376251867173e+00 9.896793439228815714e+01 6.856432234204574172e+01 2.490399093631379301e+01 5.188690776954532485e+05
9.119958927017840722e+00 9.922758733240847562e+01 6.879123529812042648e+01 2.508354270904812111e+01 5.191691370944623486e+05
9.198499465242209183e+00 9.978060082968366373e+01 6.919240405812013250e+01 2.536789915575585752e+01 5.250912034957042197e+05
9.277039991243508865e+00 1.001553428573291029e+02 6.921771131062550353e+01 2.572311036851462873e+01 5.274363729352086084e+05
9.355580505329580632e+00 1.007932667772257673e+02 6.941621977756719275e+01 2.623286630489348781e+01 5.326258882284342544e+05
9.434121007798012215e+00 1.003019148599125430e+02 6.890594690973773595e+01 2.637345997951993937e+01 5.328457137663882459e+05
9.512661498936562765e+00 1.009941355903284403e+02 6.940390984751354608e+01 2.690062899444654576e+01 5.368248660800650250e+05
9.591201979023569635e+00 1.017155085849201583e+02 6.985957532594754582e+01 2.715017280831384383e+01 5.421903348064976744e+05
9.669742448328321416e+00 1.025424543842288330e+02 6.992972623871975202e+01 2.749681530596414802e+01 5.459710929276850075e+05
9.748282907111432749e+00 1.028648059680630524e+02 7.013120164735481410e+01 2.787497419349906025e+01 5.507554551964779384e+05
9.826823355625185386e+00 1.022499890481885529e+02 6.966842235343561640e+01 2.819867751015880941e+01 5.509515659759299597e+05
9.905363794113858589e+00 1.033035613852408261e+02 7.005062874107468929e+01 2.867571984263260987e+01 5.577798511057684664e+05
9.983904222814045326e+00 1.038295823946808696e+02 7.007705753735490362e+01 2.914257571251019741e+01 5.628524065276911715e+05
1.006244464195495070e+01 1.039189321842349187e+02 7.033656252059590486e+01 2.940537331722214986e+01 5.633218092427868396e+05
1.014098505175868148e+01 1.040424944231076552e+02 7.009525618318814111e+01 2.968330954302592772e+01 5.677569332019011490e+05
1.021952545244051613e+01 1.043366330734202450e+02 7.026053523628007724e+01 3.008291682778552101e+01 5.719956199173723580e+05
1.029806584420916415e+01 1.045388568816867831e+02 7.020903243775227054e+01 3.046521275035632570e+01 5.759392857077920344e+05
1.037660622726701654e+01 1.049010396752742480e+02 7.038553690704105747e+01 3.090054836893999379e+01 5.790612859036289155e+05
1.045514660181038380e+01 1.052667464707621576e+02 7.055401639674225578e+01 3.103232371401326617e+01 5.823439661730059888e+05
1.053368696802971982e+01 1.054937662928822419e+02 7.049220327617911153e+01 3.164113708691072091e+01 5.825431377104744315e+05
1.061222732610984210e+01 1.065494290962854365e+02 7.067401904714735394e+01 3.216814487813899603e+01 5.942008183392928913e+05
1.069076767623013779e+01 1.066399372378794652e+02 7.127914311705929151e+01 3.232871095537812778e+01 5.949345141117213061e+05
1.076930801856475739e+01 1.067854255506294550e+02 7.088351370096613380e+01 3.260592882314653451e+01 5.972969013485709438e+05
1.084784835328281005e+01 1.072402271415578952e+02 7.102697088474340603e+01 3.304024554440248096e+01 6.014867127614640631e+05
1.092638868054854306e+01 1.074408119473523016e+02 7.127282688023888113e+01 3.345556252513875251e+01 6.037310943103729514e+05
1.100492900052151413e+01 1.074863291025712755e+02 7.084655321986005561e+01 3.382911343772232726e+01 6.085809875571854645e+05
1.108346931335675833e+01 1.080229771339262896e+02 7.095189713152205968e+01 3.421199407798447112e+01 6.118705098122344352e+05
1.116200961920494805e+01 1.085584832585889217e+02 7.157641414909507205e+01 3.481183723120475548e+01 6.160711280794556951e+05
1.124054991821254212e+01 1.087156694771892518e+02 7.139250748726647089e+01 3.496713400865849763e+01 6.186851918783381116e+05
1.131909021052193687e+01 1.091253041894681957e+02 7.140178179742505904e+01 3.558320895883586843e+01 6.251309697738955729e+05
1.139763049627160285e+01 1.092640338844163779e+02 7.153081761143951667e+01 3.585074270524323481e+01 6.259019156981356209e+05
1.147617077559622167e+01 1.096677135272709904e+02 7.148526449117494508e+01 3.629440649418015141e+01 6.326513659820788307e+05
1.155471104862680853e+01 1.103796100090228975e+02 7.190800759471271419e+01 3.670785699787207790e+01 6.350199823015964357e+05
1.163325131549084368e+01 1.098324385188564207e+02 7.154701526062899575e+01 3.716677752085728059e+01 6.357408343704963336e+05
1.171179157631238787e+01 1.105332874618189862e+02 7.155290981303598130e+01 3.747275664543334273e+01 6.416811890461585717e+05
1.179033183121219608e+01 1.108653232873062819e+02 7.169459986956942998e+01 3.779717196270985369e+01 6.443532479067675304e+05
1.186887208030782759e+01 1.108695536151028591e+02 7.194379723645482727e+01 3.811627383093408383e+01 6.460250706273629330e+05
1.194741232371374728e+01 1.110446803230875901e+02 7.173396254925971505e+01 3.871743772502848202e+01 6.528510737546217861e+05
1.202595256154143222e+01 1.110066887376888047e+02 7.161363993636685166e+01 3.900617779249634509e+01 6.541603871862036176e+05
1.210449279389946753e+01 1.120702428216773825e+02 7.201973040233546897e+01 3.958619059193297574e+01 6.590180280305373017e+05
1.218303302089363527e+01 1.119514205359841128e+02 7.192203234273981138e+01 3.991560627109257098e+01 6.622746295101487776e+05
1.226157324262700676e+01 1.127428021439212529e+02 7.220736065528893732e+01 4.047886014609479588e+01 6.680045682379637146e+05
1.234011345920003322e+01 1.125414569239623859e+02 7.199848076461744029e+01 4.075349603517691577e+01 6.692677753325636731e+05
1.241865367071062565e+01 1.130804316485752281e+02 7.242511789840170877e+01 4.129203746118982821e+01 6.729631418322324753e+05
1.249719387725422415e+01 1.132070697333742544e+02 7.211247789525489793e+01 4.170769536095185970e+01 6.773480604757674737e+05
1.257573407892389383e+01 1.132861321360190203e+02 7.195805107189966066e+01 4.215856962805394659e+01 6.815637007188629359e+05
1.265427427581038877e+01 1.135861905043152547e+02 7.236424988329230246e+01 4.242426805725087746e+01 6.841253935886565596e+05
1.273281446800221772e+01 1.140411761626282612e+02 7.194985477221491976e+01 4.319694363105661949e+01 6.907246136924889870e+05
1.281135465558572584e+01 1.145821883044058609e+02 7.242287318401842811e+01 4.341150629344739542e+01 6.942884030364910141e+05
1.288989483864514796e+01 1.144805599343842033e+02 7.246738016832554763e+01 4.381962820136232040e+01 6.961879879451446468e+05
1.296843501726268322e+01 1.144156695374291814e+02 7.229941506556301078e+01 4.421145005154698993e+01 6.987182288862271234e+05
1.304697519151855190e+01 1.143791523150525364e+02 7.217440882679817094e+01 4.454508863114182304e+01 6.993142121384724742e+05
1.312551536149104692e+01 1.151900248603223389e+02 7.227093766786936158e+01 4.523584974425158833e+01 7.112389519592336146e+05
1.320405552725660492e+01 1.153654377485457445e+02 7.244067222852223153e+01 4.558024676343063675e+01 7.119449491412884090e+05
1.328259568888985243e+01 1.159728515061212732e+02 7.241872634785818263e+01 4.622617777449976018e+01 7.168756580812755274e+05
1.336113584646366270e+01 1.160858216864147323e+02 7.229876930730596030e+01 4.637209207493844332e+01 7.183114712088974193e+05
1.343967600004920548e+01 1.157928241273805980e+02 7.223480543304513901e+01 4.685196194079934173e+01 7.217130506522696232e+05
1.351821614971599317e+01 1.168854835130170216e+02 7.289464750961136019e+01 4.759272385224434032e+01 7.290749267372444738e+05
1.359675629553193588e+01 1.166739797294470833e+02 7.264570139898830803e+01 4.785962553706002609e+01 7.285722432074737735e+05
1.367529643756338231e+01 1.168933755252083415e+02 7.291942623156143100e+01 4.836737961892941229e+01 7.327611199184376746e+05
1.375383657587516595e+01 1.170712682173301999e+02 7.267035756661228163e+01 4.889162229672187010e+01 7.363294805000956403e+05
1.383237671053064766e+01 1.167903080264047020e+02 7.251458854206966009e+01 4.912792423985695223e+01 7.362837732933521038e+05
1.391091684159175834e+01 1.178946254644621945e+02 7.286797303967229311e+01 4.995001612990338202e+01 7.455953970555898268e+05
1.398945696911903269e+01 1.178227738391914556e+02 7.280404611141786120e+01 5.035969261219044313e+01 7.507105016153826145e+05
1.406799709317166069e+01 1.177550166558787623e+02 7.277704649310715013e+01 5.074212363880602794e+01 7.517228105910747545e+05
1.414653721380751428e+01 1.180159140311998414e+02 7.267805870338119689e+01 5.113126026553339187e+01 7.574262492564383429e+05
1.422507733108318817e+01 1.187102646170786926e+02 7.291349440070773369e+01 5.165944346274662990e+01 7.633128552591343177e+05
1.430361744505403543e+01 1.189889370804222182e+02 7.308485127526958536e+01 5.226511222797603295e+01 7.678343716086822096e+05
1.438215755577419586e+01 1.187229393560843107e+02 7.285152559232510328e+01 5.245051053308119293e+01 7.680627036178648705e+05
1.446069766329663686e+01 1.193860356452915710e+02 7.279915725819222416e+01 5.313211081946593595e+01 7.754703954876480857e+05
1.453923776767318010e+01 1.196324211500638626e+02 7.298470952973211467e+01 5.361050099830614357e+01 7.765478588308382314e+05
1.461777786895453346e+01 1.197587020089157903e+02 7.321762396360291802e+01 5.400874259288274715e+01 7.801815609319539508e+05
1.469631796719032302e+01 1.200919666527012595e+02 7.319016493286540026e+01 5.458019350666359770e+01 7.867435026548177702e+05
1.477485806242911437e+01 1.199862634382018740e+02 7.330569685225772503e+01 5.490588709010624768e+01 7.869078666818670463e+05
1.485339815471844993e+01 1.203594802768696468e+02 7.320435207759595642e+01 5.555927051214451495e+01 7.930956980270568747e+05
1.493193824410487203e+01 1.203807031873972448e+02 7.331580885332800790e+01 5.614335052476176458e+01 7.961832559515429894e+05
1.501047833063394421e+01 1.211328093156126187e+02 7.332553426989169054e+01 5.662875012262485797e+01 8.039036131554595195e+05
1.508901841435028857e+01 1.209883247566161231e+02 7.329990646026963930e+01 5.685674585528573033e+01 8.027683812356046401e+05
1.516755849529759992e+01 1.213659177847840027e+02 7.346905274511151163e+01 5.752915444358160357e+01 8.086500678357030265e+05
1.524609857351867070e+01 1.216663784930061922e+02 7.353394433377131634e+01 5.808944672933293418e+01 8.137667890871937852e+05
1.532463864905541762e+01 1.220752462890604448e+02 7.371760090893499751e+01 5.867563776533101816e+01 8.155933468938644510e+05
1.540317872194890292e+01 1.221186019754674561e+02 7.345210207567970428e+01 5.924129461876363223e+01 8.222016992088594707e+05
1.548171879223935399e+01 1.224905887981775265e+02 7.368009508789214124e+01 5.992225708801768747e+01 8.282834283175660530e+05
1.556025885996618996e+01 1.227064662702895959e+02 7.343052257762880686e+01 6.040054707037571546e+01 8.311014392120393459e+05
1.563879892516803238e+01 1.230153458254783629e+02 7.373194285617519483e+01 6.078926812886740549e+01 8.349484587654194329e+05
1.571733898788273187e+01 1.230207990686214572e+02 7.371516748378130046e+01 6.127621268825360801e+01 8.406582414495047415e+05
1.579587904814739119e+01 1.228904190117602724e+02 7.384617008400439886e+01 6.204259507220863412e+01 8.407362406665689778e+05
1.587441910599837769e+01 1.235554043586128898e+02 7.388613134838243468e+01 6.251403552422281251e+01 8.473730091776293702e+05
1.595295916147133575e+01 1.244989068437616737e+02 7.397645410143641698e+01 6.320276726587198368e+01 8.579066848704825388e+05
1.603149921460121874e+01 1.239838466592119772e+02 7.400420194610592262e+01 6.338213095563987309e+01 8.557909481216572458e+05
1.611003926542229436e+01 1.246548313813623139e+02 7.396129613419543603e+01 6.423115794373043741e+01 8.621327401493471116e+05
1.618857931396816596e+01 1.249785354221468197e+02 7.420279984463725498e+01 6.489798549496890701e+01 8.690318381252594991e+05
1.626711936027179561e+01 1.251786902355356830e+02 7.429951906537128536e+01 6.554013968759305442e+01 8.741810405130792642e+05
1.634565940436549525e+01 1.255800673895243733e+02 7.441704045335103501e+01 6.610520006329055320e+01 8.797906286081939470e+05
1.642419944628097639e+01 1.256007106922210994e+02 7.433043556698100929e+01 6.649558027304641428e+01 8.816051133065804606e+05
1.650273948604932883e+01 1.255007945442359159e+02 7.433488697785868737e+01 6.686431547078458948e+01 8.845658427802760853e+05
1.658127952370107394e+01 1.263730187419203190e+02 7.458893287284452356e+01 6.781782667199740899e+01 8.906495047053545713e+05
1.665981955926614333e+01 1.262022885440960493e+02 7.458343211339489187e+01 6.824562361012792167e+01 8.952072772696585162e+05
1.673835959277390728e+01 1.267221763102732126e+02 7.467866680967779303e+01 6.881514639254149301e+01 9.025379170401806477e+05
1.681689962425318896e+01 1.268164297959859397e+02 7.451594623774215620e+01 6.954611504284140722e+01 9.060691303563046968e+05
1.689543965373228218e+01 1.273696009325712453e+02 7.497369362778869117e+01 7.006361083482394747e+01 9.091136432132621994e+05
1.697397968123895495e+01 1.273048606787868380e+02 7.503873476462092640e+01 7.046601358038293483e+01 9.138679031553575769e+05
1.705251970680045304e+01 1.282903309358438548e+02 7.497533791825868832e+01 7.142864386946823174e+01 9.230552728186886525e+05
1.713105973044353902e+01 1.283649670623613872e+02 7.524685798718959973e+01 7.192677941809500908e+01 9.246977402977074962e+05
1.720959975219447102e+01 1.283182314975279610e+02 7.501454103649295746e+01 7.254615473284178506e+01 9.310831842427722877e+05
1.728813977207903463e+01 1.287642118364073838e+02 7.538820492360116532e+01 7.289785968942599936e+01 9.354523768424529117e+05
1.736667979012256424e+01 1.296145141168070722e+02 7.569885291047961573e+01 7.366887155537131093e+01 9.415837537380459253e+05
1.744521980634991110e+01 1.297348558050879035e+02 7.554552220212508473e+01 7.434218803635911854e+01 9.477388769124234095e+05
1.752375982078550365e+01 1.297090806223048389e+02 7.580622185890763376e+01 7.501212507708085298e+01 9.507126333947851090e+05
1.760229983345331917e+01 1.301109890034219632e+02 7.619391601476489484e+01 7.570007379015406457e+01 9.535160242241050582e+05
1.768083984437692635e+01 1.307515634689907245e+02 7.612266443186392451e+01 7.642923789144838054e+01 9.667298842819572892e+05
1.775937985357945692e+01 1.313531606216978389e+02 7.626436476072409221e+01 7.731028703769953836e+01 9.709585101818097755e+05
1.783791986108364824e+01 1.311415901180496348e+02 7.653604392368558251e+01 7.772888574850176724e+01 9.757835810799478786e+05
1.791645986691183268e+01 1.318493426579412642e+02 7.651423749454718859e+01 7.856030186920209246e+01 9.833041390732942382e+05
1.799499987108595889e+01 1.322643260007134245e+02 7.695241756697291180e+01 7.909610251362913402e+01 9.856482334032658255e+05
1.807353987362759185e+01 1.328788359872426952e+02 7.694214030280782879e+01 7.967940713060794167e+01 9.939922660255234223e+05
1.815207987455791638e+01 1.330798641796817776e+02 7.724460889441378697e+01 8.027680007816731234e+01 9.970303745260240976e+05
1.823061987389775851e+01 1.333523259292374235e+02 7.737088973848443629e+01 8.091204754995301585e+01 1.003443003528247122e+06
1.830915987166758541e+01 1.341715656678560720e+02 7.764717180491193460e+01 8.188896965828962493e+01 1.011523441734323627e+06
1.838769986788751964e+01 1.345738809622485235e+02 7.776599227920409874e+01 8.249229784088895201e+01 1.018098207703737193e+06
1.846623986257733563e+01 1.349775986301312116e+02 7.790578980874342108e+01 8.336827986482830966e+01 1.023348845592036960e+06
1.854477985575647381e+01 1.355403098305359038e+02 7.834634301858845618e+01 8.394258880297014969e+01 1.030308539759871550e+06
1.862331984744404423e+01 1.359746023756961790e+02 7.848797247191542681e+01 8.474498160221918397e+01 1.037744468883124529e+06
1.870185983765884075e+01 1.362492769541597113e+02 7.851793514492814552e+01 8.530364589248885920e+01 1.041247942463311949e+06
1.878039982641934458e+01 1.367674559088947319e+02 7.897339682582943965e+01 8.601241783722051082e+01 1.049665646584001137e+06
1.885893981374372075e+01 1.372378758308460647e+02 7.905526388842967833e+01 8.688618781432525395e+01 1.056748479588156566e+06
1.893747979964983941e+01 1.381623570419457678e+02 7.948068174776254580e+01 8.769415463075159778e+01 1.064776091820542933e+06
1.901601978415527228e+01 1.382955778323447760e+02 7.953531541366731972e+01 8.847315979562181099e+01 1.069470687459061854e+06
1.909455976727730331e+01 1.389501304923162195e+02 7.985092222676409790e+01 8.887696407846786428e+01 1.076238265696514398e+06
1.917309974903293579e+01 1.396818033117718301e+02 8.003775339793813259e+01 9.018733987279313169e+01 1.087997448329377454e+06
1.925163972943889235e+01 1.397999676521779975e+02 8.027541443165804935e+01 9.087982544439353205e+01 1.088895376260700868e+06
1.933017970851161849e+01 1.404661760502256413e+02 8.045701386688199364e+01 9.151042678064420954e+01 1.097499746139523108e+06
1.940871968626730748e+01 1.411390278446154127e+02 8.102990900119181106e+01 9.236151619148262171e+01 1.106069930300840409e+06
1.948725966272188259e+01 1.423988396726177825e+02 8.135700149416908289e+01 9.322913487181264713e+01 1.116568725151394028e+06
1.956579963789100773e+01 1.422070782120767092e+02 8.151239811724947515e+01 9.407992310207822584e+01 1.119970701414742041e+06
1.964433961179010524e+01 1.433952738214160263e+02 8.212803166413451095e+01 9.468812222256588029e+01 1.129963677056788700e+06
1.972287958443434519e+01 1.440919240563819130e+02 8.225281703534072619e+01 9.555705199957716900e+01 1.136194163531932747e+06
1.980141955583865965e+01 1.445270915582742646e+02 8.260788752401830948e+01 9.644973719401339451e+01 1.144832019450741587e+06
1.987995952601774619e+01 1.448289005581030722e+02 8.294402086473344582e+01 9.752992163013786353e+01 1.152166625269423006e+06
1.995849949498606790e+01 1.458960047605166608e+02 8.339756719255473172e+01 9.843186402339327401e+01 1.158482539346434874e+06
2.003703946275786052e+01 1.463536989021429520e+02 8.361536585594106441e+01 9.875617284876658175e+01 1.167329911711139139e+06
2.011557942934713950e+01 1.473009385109486402e+02 8.412845856851970439e+01 9.995059727437703145e+01 1.178904558686000761e+06
2.019411939476770712e+01 1.471211070855860044e+02 8.415715771544292068e+01 1.002559919563846620e+02 1.181256091313298792e+06
2.027265935903314542e+01 1.474871860666215184e+02 8.418706401234659609e+01 1.012317954821938173e+02 1.189602446433806559e+06
2.035119932215682326e+01 1.480598289577654327e+02 8.463519048730913141e+01 1.017981455393742038e+02 1.193158309532148298e+06
2.042973928415191054e+01 1.484037029969047126e+02 8.443193474101958884e+01 1.028779758538670279e+02 1.199361996839691885e+06
2.050827924503137467e+01 1.483314884537123532e+02 8.474385212278066604e+01 1.034624540043875385e+02 1.205230511946423212e+06
2.058681920480798766e+01 1.485755017322317713e+02 8.462075242553791554e+01 1.040278687730490219e+02 1.208333824033477809e+06
2.066535916349431901e+01 1.491137063392892799e+02 8.490704514547242354e+01 1.049827124476731797e+02 1.215124453354885569e+06
2.074389912110275347e+01 1.491710671821848564e+02 8.497164695089182374e+01 1.057749040994389418e+02 1.220131671096770791e+06
2.082243907764548752e+01 1.493674779132059030e+02 8.525814934691477731e+01 1.064920197363391026e+02 1.226314063460267847e+06
2.090097903313453642e+01 1.494910186347668457e+02 8.508080657709453476e+01 1.073582382360003322e+02 1.231493906120924046e+06
2.097951898758173783e+01 1.499411256015148410e+02 8.527633326162705885e+01 1.081549868055921877e+02 1.241204695455407724e+06
2.105805894099874109e+01 1.500866374174813416e+02 8.558079539168350891e+01 1.088132299989018748e+02 1.243693385383205488e+06
2.113659889339703568e+01 1.504082324652733860e+02 8.558549102973448441e+01 1.095394778302674865e+02 1.253268525488787564e+06
2.121513884478793344e+01 1.506187758084563200e+02 8.577931428686022741e+01 1.102386910319147972e+02 1.254000256675771438e+06
2.129367879518258277e+01 1.506003204068802575e+02 8.569807390041724204e+01 1.108529857214715832e+02 1.262952804237463279e+06
2.137221874459196869e+01 1.511251655829953791e+02 8.606801137391822465e+01 1.115371442640703776e+02 1.267910031163992826e+06
2.145075869302691274e+01 1.513593308722936683e+02 8.602895923683522028e+01 1.125305590211625741e+02 1.276399512931003002e+06
2.152929864049807307e+01 1.516419904677077000e+02 8.635602456725128206e+01 1.132176353372017132e+02 1.283322837917293422e+06
2.160783858701596571e+01 1.511711119677229647e+02 8.646396724074774909e+01 1.139395512095308476e+02 1.281876071506402455e+06
2.168637853259094683e+01 1.522530618023260729e+02 8.644289309483691852e+01 1.150300540022111733e+02 1.293009633708457462e+06
2.176491847723321982e+01 1.520416839236667670e+02 8.674602544079401412e+01 1.156946223134687841e+02 1.297162701409693575e+06
2.184345842095285306e+01 1.526208473679089650e+02 8.714317032402773577e+01 1.164123611001220553e+02 1.302572566755006090e+06
2.192199836375975508e+01 1.531328149794812816e+02 8.692447386107974694e+01 1.171616089550046524e+02 1.311344575646628626e+06
2.200053830566371005e+01 1.530969570214633677e+02 8.721297792548183736e+01 1.181678235598702713e+02 1.319570869935981464e+06
2.207907824667434582e+01 1.533962225812161080e+02 8.734774280106815070e+01 1.186919003086985356e+02 1.325062327811751282e+06
2.215761818680116590e+01 1.537727570897353928e+02 8.738789342720093600e+01 1.196421755212811036e+02 1.331850099095444195e+06
2.223615812605353526e+01 1.536882694158543359e+02 8.750916368878374385e+01 1.206791159421725439e+02 1.338702039792326977e+06
2.231469806444068738e+01 1.546498960018903688e+02 8.799449284903019475e+01 1.214555945884848711e+02 1.347165421857535606e+06
2.239323800197172432e+01 1.547465340214720584e+02 8.806282149590464314e+01 1.219257181746639276e+02 1.350655822138702264e+06
2.247177793865562023e+01 1.548241117519496015e+02 8.843772773188973702e+01 1.229353380612707127e+02 1.355523512149849441e+06
2.255031787450123204e+01 1.547320067428729260e+02 8.848052691897981958e+01 1.238726353536467713e+02 1.357880922745798249e+06
2.262885780951728165e+01 1.555914803684764252e+02 8.859980060555029979e+01 1.244887853957673229e+02 1.369849823190288851e+06
2.270739774371238440e+01 1.558359652786502636e+02 8.887849228661094969e+01 1.255566985359650971e+02 1.375302726191503694e+06
2.278593767709502771e+01 1.563512631065988501e+02 8.911541198676647468e+01 1.261270580950324103e+02 1.382221676135243382e+06
2.286447760967358178e+01 1.561724452851099727e+02 8.904644498671426334e+01 1.273805397762891687e+02 1.388581428481691983e+06
2.294301754145629957e+01 1.571903710519640924e+02 8.926822626343179934e+01 1.283014125253420161e+02 1.397906268855554052e+06
2.302155747245133455e+01 1.570744226574171876e+02 8.968250903784269212e+01 1.287397802656081183e+02 1.401290268781014951e+06
2.310009740266672296e+01 1.572159119516138048e+02 9.003047673420820729e+01 1.292822076731717686e+02 1.406329856277137762e+06
2.317863733211038380e+01 1.575354610972609066e+02 8.997596574337723041e+01 1.308519078826431326e+02 1.413080610656443750e+06
2.325717726079013303e+01 1.581701578389504164e+02 9.038919498726217228e+01 1.316150748526125085e+02 1.424773442466769135e+06
2.333571718871368716e+01 1.584784011521778666e+02 9.013003673426362639e+01 1.323943599001161147e+02 1.429907404078780208e+06
2.341425711588865965e+01 1.590885441956586419e+02 9.105364469604137412e+01 1.334713216863463288e+02 1.438861608307150891e+06
2.349279704232255384e+01 1.590657124919920307e+02 9.109609176526667795e+01 1.343029425922578639e+02 1.445662370589410653e+06
2.357133696802278067e+01 1.596811602201807432e+02 9.141411313330003452e+01 1.352958843151510280e+02 1.453693509307732806e+06
2.364987689299664453e+01 1.602246011322819754e+02 9.145441763830514503e+01 1.356286458503342374e+02 1.457899772225087509e+06
2.372841681725136453e+01 1.595812050776446540e+02 9.170839811040953293e+01 1.366612572873792431e+02 1.460344977169696940e+06
2.380695674079405322e+01 1.608793183044645616e+02 9.201614799912788101e+01 1.385253584889532874e+02 1.473977946933300002e+06
2.388549666363174140e+01 1.614411320680161168e+02 9.255249263236882484e+01 1.389882645734590199e+02 1.480739631142927799e+06
2.396403658577134976e+01 1.622924766303329704e+02 9.276611189360907872e+01 1.400160017356059541e+02 1.489900184293406084e+06
2.404257650721972439e+01 1.618515013667136486e+02 9.323754281313175341e+01 1.404813962885242802e+02 1.491138720285796560e+06
2.412111642798362254e+01 1.619079680942553523e+02 9.290881212747612494e+01 1.415885239765447352e+02 1.500118563398775645e+06
2.419965634806970556e+01 1.626018467757259600e+02 9.321313048055360184e+01 1.423435744247280752e+02 1.508815768650492653e+06
2.427819626748454596e+01 1.630551971428231752e+02 9.402348177197050916e+01 1.436256137225132647e+02 1.515913667289439822e+06
2.435673618623464520e+01 1.635943157715319671e+02 9.379777187789754578e+01 1.447207282827539814e+02 1.523336870196190896e+06
2.443527610432640529e+01 1.645403730187026383e+02 9.454254076185733879e+01 1.457953647459115132e+02 1.535344354455754161e+06
2.451381602176616425e+01 1.640313862101254188e+02 9.459385745620785713e+01 1.461687760370866158e+02 1.542337281099892221e+06
2.459235593856016067e+01 1.651023219068825085e+02 9.476063464228691657e+01 1.477956553010988898e+02 1.551623790022335015e+06
2.467089585471456203e+01 1.655313995850937943e+02 9.499618428071941878e+01 1.488154900807102763e+02 1.557727302627926227e+06
2.474943577023546126e+01 1.658163223207312171e+02 9.528556602217528848e+01 1.495041092897286603e+02 1.567116014657562599e+06
2.482797568512887310e+01 1.663506028309672047e+02 9.583535189770630325e+01 1.507544141509426368e+02 1.571688904031116981e+06
2.490651559940072346e+01 1.674147314742257890e+02 9.612207046653033160e+01 1.522038130634605011e+02 1.584245837499537971e+06
2.498505551305688144e+01 1.671594374681668285e+02 9.632929351420887087e+01 1.526684802954789575e+02 1.590591041014448041e+06
2.506359542610313440e+01 1.679705275913514413e+02 9.682187718190712644e+01 1.537039359791839104e+02 1.596494588863758370e+06
2.514213533854519511e+01 1.678042880828907641e+02 9.672904615768378278e+01 1.544714812098780783e+02 1.603271998464275151e+06
2.522067525038871239e+01 1.690707728393681464e+02 9.778808280082836291e+01 1.562117950839021319e+02 1.616396429475214565e+06
2.529921516163925688e+01 1.694057055926172666e+02 9.740169104451130977e+01 1.568313289222499805e+02 1.623721283438463695e+06
2.537775507230233529e+01 1.699218076462120735e+02 9.821284961962878413e+01 1.579167313708981339e+02 1.632581829935376067e+06
2.545629498238338684e+01 1.704839531492166316e+02 9.851893841885191705e+01 1.589601155829908521e+02 1.634848372073790524e+06
2.553483489188777966e+01 1.713971542413162865e+02 9.889365058313734380e+01 1.603640393783184948e+02 1.648411698274135590e+06
2.561337480082082152e+01 1.711713001444923350e+02 9.898447357194382334e+01 1.608720453165372817e+02 1.651185534421309829e+06
2.569191470918774911e+01 1.721087280073829504e+02 9.940853849425297994e+01 1.619337958966415556e+02 1.665233717129861470e+06
2.577045461699373874e+01 1.728886454276618849e+02 9.960900242799641546e+01 1.631881785426919862e+02 1.677096020356635796e+06
2.584899452424390631e+01 1.731066118830988216e+02 1.003335734921908369e+02 1.646053501467203262e+02 1.684416675519527635e+06
2.592753443094329668e+01 1.743101853518493556e+02 1.005165333036083979e+02 1.660638289622145010e+02 1.697420903511581477e+06
2.600607433709690852e+01 1.740032195523100427e+02 1.008267998967959613e+02 1.667707434524652399e+02 1.701100726981703192e+06
2.608461424270966944e+01 1.743176599742213284e+02 1.014985436884788044e+02 1.675361542136828064e+02 1.698645456375482725e+06
2.616315414778644310e+01 1.747485839895778668e+02 1.017331861149232139e+02 1.690413720595640257e+02 1.715711369252169272e+06
2.624169405233205055e+01 1.756890489411394753e+02 1.024385459728878658e+02 1.703287149641773510e+02 1.725837076641882071e+06
2.632023395635124174e+01 1.768749510158592386e+02 1.025469192456766905e+02 1.717824239245549336e+02 1.736544304557556752e+06
2.639877385984871694e+01 1.774829956970803266e+02 1.028813676737649132e+02 1.725093637720287916e+02 1.750200621415243950e+06
2.647731376282911953e+01 1.781638462513429602e+02 1.034720351310713795e+02 1.734695165509471906e+02 1.756187726011311170e+06
2.655585366529703606e+01 1.780758088591261412e+02 1.039334003485779618e+02 1.749020699307077678e+02 1.765593047848270508e+06
2.663439356725699980e+01 1.797450716390356149e+02 1.042977674197649662e+02 1.757107116257110420e+02 1.779054509793844773e+06
2.671293346871349428e+01 1.797319768103338617e+02 1.049413133464592960e+02 1.772824538524422451e+02 1.784731740311458707e+06
2.679147336967094617e+01 1.804694213286696254e+02 1.048164416547559910e+02 1.784046800752769286e+02 1.792779092629193095e+06
2.687001327013372531e+01 1.809671588498136998e+02 1.052779850666770471e+02 1.795975678603638528e+02 1.808309667537620524e+06
2.694855317010616602e+01 1.815718208561858376e+02 1.061159160103278509e+02 1.808830955419456643e+02 1.818791676217088709e+06
2.702709306959254221e+01 1.817904955611163018e+02 1.066655128560225734e+02 1.818093995414845381e+02 1.820421500128651271e+06
2.710563296859707094e+01 1.831972542598841756e+02 1.064579705602526616e+02 1.830775026936353811e+02 1.835563433431022568e+06
2.718417286712393377e+01 1.830082202386582253e+02 1.071864476679845239e+02 1.835444614112890918e+02 1.840399784765896155e+06
2.726271276517725894e+01 1.838476965221858279e+02 1.077654834325249027e+02 1.854276107197340195e+02 1.856196811648727627e+06
2.734125266276112498e+01 1.845223892763954723e+02 1.076459138552988577e+02 1.854379303075924099e+02 1.854466510213264264e+06
2.741979255987956776e+01 1.857812372150968656e+02 1.080620390680566061e+02 1.880693606812755263e+02 1.872114627417837735e+06
2.749833245653658054e+01 1.851758790231621958e+02 1.081603217121098908e+02 1.885732257617637799e+02 1.876797316277378472e+06
2.757687235273609616e+01 1.857373783378480709e+02 1.089153814754403982e+02 1.903252507517420895e+02 1.893666333174533676e+06
2.765541224848202262e+01 1.855047082640936935e+02 1.088214035922072469e+02 1.903193815975589018e+02 1.902481560557725141e+06
2.773395214377820395e+01 1.872709043637367756e+02 1.099641872305850683e+02 1.922583130898208026e+02 1.916698340546821710e+06
2.781249203862845576e+01 1.872247640705276979e+02 1.100583404425643437e+02 1.936034123254148085e+02 1.921488741999400780e+06
2.789103193303654038e+01 1.871851375509317279e+02 1.107699401712973071e+02 1.940756301526506604e+02 1.923233886086216196e+06
2.796957182700618816e+01 1.876635389969602841e+02 1.108810832906662114e+02 1.953661176217151763e+02 1.945171192257048795e+06
2.804811172054107615e+01 1.884707308868273401e+02 1.114922601618711013e+02 1.975953628121155532e+02 1.952041121213466628e+06
2.812665161364485655e+01 1.881698568029282796e+02 1.110925227863803855e+02 1.968806575288676015e+02 1.959509224434898235e+06
2.820519150632112115e+01 1.876687236519560145e+02 1.115770294397806310e+02 1.975887451890016848e+02 1.954034525783658493e+06
2.828373139857343332e+01 1.890471769752424223e+02 1.121630245775194368e+02 1.993077998672051478e+02 1.970036641329667531e+06
2.836227129040531736e+01 1.895853614746008873e+02 1.118796030180929790e+02 2.014485500623196970e+02 1.981354362132891547e+06
2.844081118182025847e+01 1.894716903280850033e+02 1.117075641873754677e+02 2.029231668910530004e+02 1.991306352352762595e+06
2.851935107282169923e+01 1.889358573828696137e+02 1.125224681538412312e+02 2.035578054446691283e+02 1.990444906604656251e+06
2.859789096341304315e+01 1.899381084062588911e+02 1.126443736030197300e+02 2.045058584814906339e+02 2.004653837890418014e+06
2.867643085359765820e+01 1.882489277848779921e+02 1.129257993987331901e+02 2.046822843749629044e+02 1.997377011888039764e+06
2.875497074337888392e+01 1.896994527375383655e+02 1.132942100430578733e+02 2.060708629099679285e+02 2.015872209475456737e+06
2.883351063276001369e+01 1.899324334013957412e+02 1.130574466226774746e+02 2.059526469527651784e+02 2.013585799105497310e+06
2.891205052174430890e+01 1.894758062709680075e+02 1.135882789817637928e+02 2.079452294997432489e+02 2.028292556358996080e+06
2.899059041033499184e+01 1.904557364935660075e+02 1.138733062619587315e+02 2.089890750603023548e+02 2.034276359154899372e+06
2.906913029853525643e+01 1.911539400746386548e+02 1.154061200396775604e+02 2.107850642189486621e+02 2.052665405814948259e+06
2.914767018634825746e+01 1.905826223419765597e+02 1.147790809854454466e+02 2.114015516901156104e+02 2.040880193899373291e+06
2.922621007377712132e+01 1.914931626431784366e+02 1.155848658662555408e+02 2.128183623352520897e+02 2.059262349552996689e+06
2.930474996082492822e+01 1.928882795876180865e+02 1.167430243503796135e+02 2.150380364798970163e+02 2.075664233785025775e+06
2.938328984749474060e+01 1.915396132742134512e+02 1.159707646020698206e+02 2.140291601713080354e+02 2.080912919338017469e+06
2.946182973378957826e+01 1.931517420376750351e+02 1.173956377198213801e+02 2.173115490938364189e+02 2.084808384453301551e+06
2.954036961971243258e+01 1.917263827724020473e+02 1.163683392754901291e+02 2.171704511900915122e+02 2.100974062889050692e+06
2.961890950526625943e+01 1.937179656665574896e+02 1.173694402795716201e+02 2.185448924216312321e+02 2.112509053070572671e+06
2.969744939045398979e+01 1.939128938570365790e+02 1.176908699928930417e+02 2.207367542309141868e+02 2.124946577797524631e+06
2.977598927527852268e+01 1.949854429352871534e+02 1.184595173601840230e+02 2.223228706007520543e+02 2.138944060363967903e+06
2.985452915974272159e+01 1.980084048761917188e+02 1.183914187192508791e+02 2.243770991752518853e+02 2.178795678792950232e+06
2.993306904384942868e+01 1.948075241291543875e+02 1.191246037478215527e+02 2.220236484499727680e+02 2.151026739779826254e+06
3.001160892760143994e+01 1.987334311371896263e+02 1.199586070996984404e+02 2.269263602490245262e+02 2.182891591947712936e+06
3.009014881100154071e+01 1.986887298325160316e+02 1.206905943626632336e+02 2.280123345958843686e+02 2.207997181011395529e+06
3.016868869405248077e+01 1.963101555760904091e+02 1.205975653278527346e+02 2.282127011081864794e+02 2.176706835662981495e+06
3.024722857675697441e+01 1.970167128648980679e+02 1.213962498421905991e+02 2.279570276489207572e+02 2.187420436852436978e+06
3.032576845911771457e+01 1.984436973843971828e+02 1.220874919122402389e+02 2.291973775280248731e+02 2.203129606153297704e+06
3.040430834113736580e+01 2.001674296381460181e+02 1.218861385828980985e+02 2.321338002008480146e+02 2.222609897163815331e+06
3.048284822281856421e+01 2.009903217158559698e+02 1.228936362236550508e+02 2.336784626719183962e+02 2.244495857458939776e+06
3.056138810416392460e+01 2.008052220873518650e+02 1.231375314816906723e+02 2.349653968403003148e+02 2.254210695145095699e+06
3.063992798517602267e+01 2.028994933153259410e+02 1.242429942885783873e+02 2.363244187638578353e+02 2.249338654461276252e+06
3.071846786585741640e+01 2.021629178998843201e+02 1.243360522065669471e+02 2.368927985614874103e+02 2.257795993804232217e+06
3.079700774621063886e+01 2.031806139446727855e+02 1.261578606851146134e+02 2.382142789777427367e+02 2.280631814838560298e+06
3.087554762623818760e+01 2.026582926885066058e+02 1.256650215946549025e+02 2.367433350451392471e+02 2.270887036984262057e+06
3.095408750594254599e+01 2.044115236978687733e+02 1.257477973091777841e+02 2.422356419692162035e+02 2.312632317358479835e+06
3.103262738532617249e+01 2.042174685821047149e+02 1.272101460759442944e+02 2.428697975593762521e+02 2.303622055412999820e+06
3.111116726439149005e+01 2.041148298406203025e+02 1.261870623572047379e+02 2.411262548479437555e+02 2.326740428526597563e+06
3.118970714314090387e+01 2.074098277036598290e+02 1.280396515362777450e+02 2.478892447025550041e+02 2.345547326826747973e+06
3.126824702157679781e+01 2.059619508077945511e+02 1.276088549112524504e+02 2.441153608493729052e+02 2.329989294877031818e+06
3.134678689970152377e+01 2.058919108560956772e+02 1.288976230428479539e+02 2.451389377547187109e+02 2.333062013520905282e+06
3.142532677751741588e+01 2.101942408821580557e+02 1.285800944915681043e+02 2.487255841383824873e+02 2.404793125524231698e+06
3.150386665502678696e+01 2.087252355894638356e+02 1.292295369361341386e+02 2.502534622116451715e+02 2.387515454371867701e+06
3.158240653223192140e+01 2.135027043358752792e+02 1.318354627958258618e+02 2.563595339938835309e+02 2.395602242185602896e+06
3.166094640913508229e+01 2.094766470834461529e+02 1.316170799949352102e+02 2.569264363216142897e+02 2.405847797893673182e+06
3.173948628573851494e+01 2.126284142779290676e+02 1.325844970202452089e+02 2.590403246834585502e+02 2.401478921000453178e+06
3.181802616204443623e+01 2.109508105012668580e+02 1.327711788730034925e+02 2.574436074313478571e+02 2.412244274417428765e+06
3.189656603805504531e+01 2.148299990852517567e+02 1.332006466939538427e+02 2.627222156063302236e+02 2.445235741200831253e+06
3.197510591377251998e+01 2.182801587316232883e+02 1.349650901854532208e+02 2.625674250508977252e+02 2.472818302348372526e+06
3.205364578919900964e+01 2.155928976719289381e+02 1.332561734223463645e+02 2.669882454616358132e+02 2.487905660975994542e+06
3.213218566433665302e+01 2.186753635898312211e+02 1.353462326988160100e+02 2.663080404240515122e+02 2.486254047452628147e+06
3.221072553918755688e+01 2.202126670250180496e+02 1.352926275635237516e+02 2.669844607805135865e+02 2.485281794013914187e+06
3.228926541375382442e+01 2.206752999804056685e+02 1.387060397381702899e+02 2.701877752185121722e+02 2.535853649746842217e+06
3.236780528803751622e+01 2.213693880185528826e+02 1.394403303851800331e+02 2.690988220500143484e+02 2.526868616485793609e+06
3.244634516204068575e+01 2.254360849547591954e+02 1.389993227097574788e+02 2.682180315746672363e+02 2.572749104112581816e+06
3.252488503576537227e+01 2.196646748640345095e+02 1.375671910854950397e+02 2.697063489643828120e+02 2.567110456780244596e+06
3.260342490921358660e+01 2.241172987440704105e+02 1.405418229913779271e+02 2.771481835453567442e+02 2.573321833490206860e+06
3.268196478238731828e+01 2.273380423773838857e+02 1.379326839084794756e+02 2.719949778846474828e+02 2.593633209024887998e+06
3.276050465528854261e+01 2.268563408295971442e+02 1.412095862321760649e+02 2.798442225049262788e+02 2.593595998810903169e+06
3.283904452791921358e+01 2.268007905803579831e+02 1.423557258219147172e+02 2.820151046939509456e+02 2.682934302540827077e+06
3.291758440028127097e+01 2.284489388349386445e+02 1.427926388622737761e+02 2.808373163935144703e+02 2.649855144256037660e+06
3.299612427237663326e+01 2.349486447326702319e+02 1.462051297168946746e+02 2.915703868147606954e+02 2.706638501533246133e+06
3.307466414420719758e+01 2.329859616812689183e+02 1.474676006801329322e+02 2.899748285844764268e+02 2.639542584708866198e+06
3.315320401577483977e+01 2.335016496898413436e+02 1.518450097589069969e+02 2.914365403521013036e+02 2.668886878661673050e+06
3.323174388708143567e+01 2.338508214953185131e+02 1.428782544557666085e+02 2.914317809049371704e+02 2.754325442129021976e+06
3.331028375812883269e+01 2.372238611465618305e+02 1.486798282891895724e+02 2.940051481985354371e+02 2.746956031555273104e+06
3.338882362891884981e+01 2.435262309573243442e+02 1.439599677446377939e+02 2.902018004479986644e+02 2.824850783381633461e+06
3.346736349945329891e+01 2.466138838982377877e+02 1.486129734336757622e+02 3.018564708752713841e+02 2.831696281348913442e+06
3.354590336973399189e+01 2.385337268858814070e+02 1.497443054881844091e+02 2.933872013036192925e+02 2.832505563266600017e+06
3.362444323976268379e+01 2.471251936017158926e+02 1.461803188715716715e+02 2.901718646746835475e+02 2.802478336128049996e+06
3.370298310954115806e+01 2.380747329985145768e+02 1.565081804721793617e+02 3.072485036338558189e+02 2.850163847195885610e+06
3.378152297907114132e+01 2.451367148355591041e+02 1.550104766411910475e+02 3.164123769875942571e+02 2.807614743207454216e+06
3.386006284835436730e+01 2.443559552546491318e+02 1.594909395712358560e+02 2.993793829957517119e+02 2.889577018753862474e+06
3.393860271739255552e+01 2.388827070751825090e+02 1.577164821156768824e+02 2.972372527290651760e+02 2.872856422353735659e+06
3.401714258618739706e+01 2.585362265982664667e+02 1.511087475073616702e+02 3.256651660311422347e+02 2.995849303863484412e+06
3.409568245474058301e+01 2.548827390820985954e+02 1.568361235536585809e+02 3.056117662573687994e+02 2.992237701670499519e+06
3.417422232305376895e+01 2.608835632398210009e+02 1.508997414982781038e+02 3.292688829751499497e+02 2.935416804931356572e+06
3.425276219112861043e+01 2.480752636337066974e+02 1.597312980136999556e+02 3.042167988657296860e+02 3.096846538804688957e+06
3.433130205896674880e+01 2.514395457644354508e+02 1.635487514374637215e+02 3.292135563052183329e+02 3.099048623282407876e+06
3.440984192656979701e+01 2.688687669925466821e+02 1.641769894568585642e+02 3.390577379190788747e+02 3.171143747225072235e+06
3.448838179393936088e+01 2.567518993806897356e+02 1.565925748383698703e+02 3.265491322037747750e+02 2.987978370416808873e+06
3.456692166107702491e+01 2.418915845181402631e+02 1.758432426917049725e+02 3.662168666635276395e+02 3.092489392838923261e+06
3.464546152798438072e+01 1.931112155286748759e+02 1.268571656572600403e+02 2.630159698755771274e+02 2.515317918702818453e+06
3.472400139466299152e+01 2.228573558118423250e+02 1.799610597292060845e+02 3.169350744952573677e+02 2.747010409515185747e+06
