# 0.7332 0.7779
7.871241428633635184e-02 1.441263193871406278e-01 2.184993952144937690e-01 1.452260707964625301e-02 2.377591763848033679e+03
1.618072713909662341e-01 6.651556367132330783e-01 9.646064303183904398e-01 7.221002277864557728e-02 9.546807163872721503e+03
2.418771330418761079e-01 1.441703016547787319e+00 1.684032829311385093e+00 9.320112393698244679e-02 1.315905993579405731e+04
3.211923215201240578e-01 2.104183311611713236e+00 2.475955374693611155e+00 2.046974277000940257e-01 2.532987548962935034e+04
4.002017901256537113e-01 2.673824141138455346e+00 3.182656790164128058e+00 3.044202422752547710e-01 3.617165539726193674e+04
4.790568272527075955e-01 4.054645161948013943e+00 4.667531229014778127e+00 3.133293975187869118e-01 3.531565030514250975e+04
5.578229290343351687e-01 5.439819945957119707e+00 6.228831747894018278e+00 4.652965053242857363e-01 5.227207852730670129e+04
6.365331115321660738e-01 6.570918498377457340e+00 7.823349289573147125e+00 5.471005840320467550e-01 5.581353775652471086e+04
7.152058371535838788e-01 8.650569912871223011e+00 9.713262351855778576e+00 6.334528692887262391e-01 6.473278414796783909e+04
7.938522421846891941e-01 1.032728993525318018e+01 1.150039207289730214e+01 7.111359025740600082e-01 6.610495279932772974e+04
8.724794443688169698e-01 1.190695813951138327e+01 1.321854932481703493e+01 8.202300116135190500e-01 7.311144931997850654e+04
9.510922062407737299e-01 1.393012299245541463e+01 1.538030514432053586e+01 9.212560994917361468e-01 8.037031545986210403e+04
1.029693835175838679e+00 1.626255047115028773e+01 1.798650860639400406e+01 1.016109015963439166e+00 8.308237494208794669e+04
1.108286699878543891e+00 1.788423128924548777e+01 1.970688507535296452e+01 1.123436138626747738e+00 8.794413461593980901e+04
1.186872541411916560e+00 2.006882438120167578e+01 2.178523539935335052e+01 1.188307031112953549e+00 9.282443496647328720e+04
1.265452668213572940e+00 2.273507147735304557e+01 2.424596145173783768e+01 1.268626239062597971e+00 9.741865225879267382e+04
1.344028082638708543e+00 2.440498763610969135e+01 2.600046360540078894e+01 1.429520923370768193e+00 1.056193050663765025e+05
1.422599565533279709e+00 2.642058410692311554e+01 2.772477506405876468e+01 1.493857087307665976e+00 1.064218702766207571e+05
1.501167734229200246e+00 3.028856152519811928e+01 3.189243447736960491e+01 1.668166152484552356e+00 1.121364984627989907e+05
1.579733083222462531e+00 3.168015828267334300e+01 3.298716412362426098e+01 1.820786807049307399e+00 1.219829424696528586e+05
1.658296013281593151e+00 3.479973456244437102e+01 3.579575197880405568e+01 1.865812985346670061e+00 1.224918259710038110e+05
1.736856852652245875e+00 3.574268942888701162e+01 3.668798916132085708e+01 2.048868622067123724e+00 1.254324316854279605e+05
1.815415872753641580e+00 3.946273043446046103e+01 4.010186897988687349e+01 2.076167094925033041e+00 1.288488677697036765e+05
1.893973299967037560e+00 4.127227209189915413e+01 4.149916625454963537e+01 2.250234720709578529e+00 1.363809101085337461e+05
1.972529324606241641e+00 4.345022116646210009e+01 4.346458796159546978e+01 2.402087737788578981e+00 1.416487059409509529e+05
2.051084107826015579e+00 4.444865073409500411e+01 4.406417086992380661e+01 2.519361725153183240e+00 1.462082154418866266e+05
2.129637787001040561e+00 4.675227988336249751e+01 4.583411946719203200e+01 2.745102450806475858e+00 1.553131657203560462e+05
2.208190479956450680e+00 4.821761027338008176e+01 4.715416794090359787e+01 2.880036728586654160e+00 1.574970069029692386e+05
2.286742288326184092e+00 5.094596349243649058e+01 4.943141705125503904e+01 2.892807084592261546e+00 1.582201903516711318e+05
2.365293300241981811e+00 4.999080932272660505e+01 4.862632550709412271e+01 3.009437693931921398e+00 1.577344124857309507e+05
2.443843592503681883e+00 5.128126592772105852e+01 4.883673439906688429e+01 3.150937835820594390e+00 1.656839054866874067e+05
2.522393232343909553e+00 5.335751742569291167e+01 5.060873679490148191e+01 3.387621948181704035e+00 1.729774387012195075e+05
2.600942278872942381e+00 5.361901437986444563e+01 5.021377662911709905e+01 3.592673257308839130e+00 1.811373324280430388e+05
2.679490784269383141e+00 5.384141082712292103e+01 5.042073810202982287e+01 3.718785272496870853e+00 1.812099811566183926e+05
2.758038794767343038e+00 5.591730726649224437e+01 5.177928445450309880e+01 3.879182827811322731e+00 1.877273701085560897e+05
2.836586351479573942e+00 5.677955777329944453e+01 5.197702972197133420e+01 4.140266888952278457e+00 1.959120908704831672e+05
2.915133491087511963e+00 5.737445754676330267e+01 5.247678209774771574e+01 4.174133894459014726e+00 1.937105094500386040e+05
2.993680246422668834e+00 5.681857937581170859e+01 5.169614263191527215e+01 4.363773947158385624e+00 1.964768267508877907e+05
3.072226646958827967e+00 5.865994153210296957e+01 5.264228835244887250e+01 4.612351097592188864e+00 2.067141978338941117e+05
3.150772719230606977e+00 5.897842837278230377e+01 5.286368390558710928e+01 4.760295006342661672e+00 2.089679697504460055e+05
3.229318487190934395e+00 5.927848703069956571e+01 5.257445973537969763e+01 4.816871661477295952e+00 2.081740680647584959e+05
3.307863972517584905e+00 5.988821510628739730e+01 5.269583209444443384e+01 4.948583790235231206e+00 2.128361505034259462e+05
3.386409194877053608e+00 6.114028944503336760e+01 5.330645784169530543e+01 5.212657738698738719e+00 2.195940378819660400e+05
3.464954172152534095e+00 6.093017905024869663e+01 5.277206279058114546e+01 5.410535028771765731e+00 2.254130209419760504e+05
3.543498920641575456e+00 6.177065292760136828e+01 5.301956231616021142e+01 5.666529037366490940e+00 2.301370422579026781e+05
3.622043455228019404e+00 6.395902828952574737e+01 5.453170908642059089e+01 5.769909117061652992e+00 2.347333639707365946e+05
3.700587789532037597e+00 6.358328850134869725e+01 5.407779808489837592e+01 6.054196499828948141e+00 2.395927298163046944e+05
3.779131936041457696e+00 6.353846628062431279e+01 5.382847844933796466e+01 6.210944088536075824e+00 2.404091847478119307e+05
3.857675906227046259e+00 6.455643064049942836e+01 5.414013148410779053e+01 6.301016152273611226e+00 2.428067558910444786e+05
3.936219710643986680e+00 6.601485899878474584e+01 5.542076482927043912e+01 6.567919367483379567e+00 2.520273167119387363e+05
4.014763359021444877e+00 6.564330273147892569e+01 5.450711057161543494e+01 6.762881390623137534e+00 2.517286011173995503e+05
4.093306860341824560e+00 6.740536699974653345e+01 5.566885930475839217e+01 7.017762476355425605e+00 2.601000314166764147e+05
4.171850222911064776e+00 6.695867685184708762e+01 5.528287989533955482e+01 7.220530652936101745e+00 2.613679441478344379e+05
4.250393454421145911e+00 6.720225243923187008e+01 5.537764756704429914e+01 7.300714791048901198e+00 2.611576238069865503e+05
4.328936562005788247e+00 6.888137125395347482e+01 5.619479759057936263e+01 7.616605279967592068e+00 2.705796699536778033e+05
4.407479552290201497e+00 7.011321395164412706e+01 5.735749268839875725e+01 7.856457513404502713e+00 2.748608850343043450e+05
4.486022431435594982e+00 6.969211831768443233e+01 5.679740029722390915e+01 8.022481510056310938e+00 2.740250214753584005e+05
4.564565205179107465e+00 7.113000001437413289e+01 5.739225383453776175e+01 8.252477428293000017e+00 2.822864152691733325e+05
4.643107878869670024e+00 7.104293956270808508e+01 5.726444706426433839e+01 8.489781539903042074e+00 2.858743210081719444e+05
4.721650457500300213e+00 7.209485291501671611e+01 5.791786424606256389e+01 8.650893112454655309e+00 2.898374339731006767e+05
4.800192945737217443e+00 7.318124218506542888e+01 5.855056245104529467e+01 8.981395398337058467e+00 2.944941738454202423e+05
4.878735347946150824e+00 7.268369679456107235e+01 5.808030373036751115e+01 9.227623467989038986e+00 2.958044037117456319e+05
4.957277668216146793e+00 7.402949926150496651e+01 5.924713080457823366e+01 9.440789616103485216e+00 3.000640429738652310e+05
5.035819910381144737e+00 7.457104407722752626e+01 5.926902702691202762e+01 9.682934410803337499e+00 3.046645501182875596e+05
5.114362078039562221e+00 7.581745570537771073e+01 5.993457088317722992e+01 9.912752408394979398e+00 3.110471670371419168e+05
5.192904174572115394e+00 7.539716690164863167e+01 5.969135232858653950e+01 1.012086344197168408e+01 3.119993707341465051e+05
5.271446203158030919e+00 7.630559003499368487e+01 5.982314511006764945e+01 1.034806675369120654e+01 3.177673453444005572e+05
5.349988166789838573e+00 7.751874721306010940e+01 6.098670489741419232e+01 1.065132269185030189e+01 3.219331605310454033e+05
5.428530068286878674e+00 7.752268358220995026e+01 6.065616583084702285e+01 1.084355732294478969e+01 3.262167036635085242e+05
5.507071910307648643e+00 7.840880562297472522e+01 6.124450114388891109e+01 1.113313970973549871e+01 3.285477038584155962e+05
5.585613695361120179e+00 7.910273346464947508e+01 6.146124593636681510e+01 1.149189324334805029e+01 3.346175331458924920e+05
5.664155425817094525e+00 7.985075767680386605e+01 6.188353020526889736e+01 1.178783180143037335e+01 3.413305314595961245e+05
5.742697103915729961e+00 7.989615908765472341e+01 6.200033059172326944e+01 1.197797908782293774e+01 3.412144052944327705e+05
5.821238731776284148e+00 8.123617724794580397e+01 6.281741112550211170e+01 1.224392429780332314e+01 3.470633268838031217e+05
5.899780311405160127e+00 8.148574639519240748e+01 6.279134441754604978e+01 1.250544329918676745e+01 3.488071106800162815e+05
5.978321844703323507e+00 8.217063907149267266e+01 6.314645984438976711e+01 1.272637728607401719e+01 3.507728416996861924e+05
6.056863333473133437e+00 8.238446367113716917e+01 6.314532117932088795e+01 1.291741905557033654e+01 3.547915086676354986e+05
6.135404779424661115e+00 8.370906269552041579e+01 6.369778923093205236e+01 1.332113883182676517e+01 3.637129313177507138e+05
6.213946184181517118e+00 8.346705927239921152e+01 6.380147790706458721e+01 1.364834931526804418e+01 3.656112950723406975e+05
6.292487549286247983e+00 8.516062040258219668e+01 6.484953264249863025e+01 1.378102468729478147e+01 3.688659214787691017e+05
6.371028876205335756e+00 8.544155015475590176e+01 6.448401056550832777e+01 1.418476864213494615e+01 3.738533122069510282e+05
6.449570166333828070e+00 8.652218567359606993e+01 6.530454377734552907e+01 1.450473739037729004e+01 3.801390763783384464e+05
6.528111420999634262e+00 8.649834427578072393e+01 6.517186214149853640e+01 1.467621931856293216e+01 3.823016795951906242e+05
6.606652641467518627e+00 8.706164498460073276e+01 6.550227060732778739e+01 1.498692295961421728e+01 3.861134403374415124e+05
6.685193828942805006e+00 8.736145376687485964e+01 6.563539638611929661e+01 1.543011161621194560e+01 3.894373207658976316e+05
6.763734984574836240e+00 8.771901621284872874e+01 6.576920590354681906e+01 1.547565793152078584e+01 3.920717861230134731e+05
6.842276109460177835e+00 8.865033565360249668e+01 6.603745620705865349e+01 1.590937532552631772e+01 3.949837962527432246e+05
6.920817204645620890e+00 8.822420577787366369e+01 6.584043437261001941e+01 1.605700586469456681e+01 3.952498679351331084e+05
6.999358271130968312e+00 8.947025914348515130e+01 6.662376027665541756e+01 1.648343379138971088e+01 4.054774289232303854e+05
7.077899309871646949e+00 9.078736214586317033e+01 6.712093119617576065e+01 1.683097145612369872e+01 4.109926322305183276e+05
7.156440321781138536e+00 9.101073983652149479e+01 6.717462714002309099e+01 1.703461826182592276e+01 4.101290937612168491e+05
7.234981307733260536e+00 9.122964781974543769e+01 6.752829978965718283e+01 1.733324000115047880e+01 4.154287825762190041e+05
7.313522268564292439e+00 9.208818867151225618e+01 6.767305331362000231e+01 1.762154199895294227e+01 4.175460412447189447e+05
7.392063205074973276e+00 9.217569419776721418e+01 6.774153821920377538e+01 1.803032062416931325e+01 4.222625772784485016e+05
7.470604118032365015e+00 9.334372079146601209e+01 6.825761429600329677e+01 1.827258354366813720e+01 4.262871432579627726e+05
7.549145008171610272e+00 9.315929425220157611e+01 6.831727572806489945e+01 1.850740068163957019e+01 4.263577345166772720e+05
7.627685876197570103e+00 9.363494201490176749e+01 6.843373449131343023e+01 1.893692594993396838e+01 4.309740459500871948e+05
7.706226722786373884e+00 9.507239522200296733e+01 6.891845800322450089e+01 1.923766489783380251e+01 4.405544876518030069e+05
7.784767548586863484e+00 9.491449228480557565e+01 6.881933954426999378e+01 1.962639719012116046e+01 4.410720980214950396e+05
7.863308354221953955e+00 9.475846727392472246e+01 6.881756342248174008e+01 1.967492242876601338e+01 4.418381013803655514e+05
7.941849140289923170e+00 9.569728997302247819e+01 6.917903924724751619e+01 2.018929101943846405e+01 4.446866925653337967e+05
8.020389907365611748e+00 9.701820107280202876e+01 6.981064723404848849e+01 2.067695585102529776e+01 4.540690038581010303e+05
8.098930656001561701e+00 9.696505995426574032e+01 6.970264775796762535e+01 2.081737285319995223e+01 4.568128566517097643e+05
8.177471386729090241e+00 9.706534789224859594e+01 6.981546396243592767e+01 2.118346111628035899e+01 4.577891677090236335e+05
8.256012100059292536e+00 9.758158649586727051e+01 6.993824757568191330e+01 2.160705114651668879e+01 4.628393202592217131e+05
8.334552796484000936e+00 9.804410960693874699e+01 7.004076673184175661e+01 2.182310351761609724e+01 4.624419751542460290e+05
8.413093476476680266e+00 9.875453683926912163e+01 7.021297053431405288e+01 2.220296384314152860e+01 4.711016383813993307e+05
8.491634140493276917e+00 9.885862520274704934e+01 7.053347836529063386e+01 2.250462031621207970e+01 4.719600046722253901e+05
8.570174788973028868e+00 9.941991828427619282e+01 7.058771086171977061e+01 2.288357436003036227e+01 4.750218714595096535e+05
8.648715422339215309e+00 1.010716896094165946e+02 7.140555466996897849e+01 2.321483647930596916e+01 4.820780224662068067e+05
8.727256040999876063e+00 1.003954344642249907e+02 7.100453851525418258e+01 2.353660506776695627e+01 4.829553912842873251e+05
8.805796645348495488e+00 1.008180446883075660e+02 7.106842999071575662e+01 2.391271484866112118e+01 4.875315148510003928e+05
8.884337235764643737e+00 1.016876013300589960e+02 7.164252138909837697e+01 2.413139514223193061e+01 4.901183858236003434e+05
8.962877812614589601e+00 1.016585021728651554e+02 7.165459428990376978e+01 2.459926341929146076e+01 4.906028035958557157e+05
9.041418376251867173e+00 1.026452108111939623e+02 7.163842800118160881e+01 2.517935317984435528e+01 4.994901833030735725e+05
9.119958927017840722e+00 1.030548497930809191e+02 7.214042636392359498e+01 2.538181974949270270e+01 4.998512503415038809e+05
9.198499465242209183e+00 1.036943723897620231e+02 7.249823492619253784e+01 2.564812458323509858e+01 5.052738144240292604e+05
9.277039991243508865e+00 1.038558856599636613e+02 7.241352150911390595e+01 2.599648508314978201e+01 5.076530229156199493e+05
9.355580505329580632e+00 1.044487865307834653e+02 7.247843731486560159e+01 2.657387921927918839e+01 5.125321317564642522e+05
9.434121007798012215e+00 1.040889564916713539e+02 7.223509219844468987e+01 2.670263584926858158e+01 5.126287280660847318e+05
9.512661498936562765e+00 1.046704301926631331e+02 7.256974576814499756e+01 2.722487367571552497e+01 5.164335548725090921e+05
9.591201979023569635e+00 1.056197369656177045e+02 7.322976779357529153e+01 2.748863774439215391e+01 5.214998195392407360e+05
9.669742448328321416e+00 1.063052654018958236e+02 7.323221149922746065e+01 2.776769276342602311e+01 5.250118015464514028e+05
9.748282907111432749e+00 1.065556248452426189e+02 7.331409407649630339e+01 2.815374345387785127e+01 5.296125049044371117e+05
9.826823355625185386e+00 1.059892994787262381e+02 7.297458199159332537e+01 2.845848434595839294e+01 5.296775947411105735e+05
9.905363794113858589e+00 1.070161311167514810e+02 7.338930877903580097e+01 2.898754694167456236e+01 5.361372532301172614e+05
9.983904222814045326e+00 1.076523566370202616e+02 7.351909260848913163e+01 2.945343209847433386e+01 5.409999488554315176e+05
1.006244464195495070e+01 1.076890243477091076e+02 7.365398506546961244e+01 2.971591726618466112e+01 5.412695991267185891e+05
1.014098505175868148e+01 1.077181207375693646e+02 7.336976991869248366e+01 3.004804550375013505e+01 5.452572790509327315e+05
1.021952545244051613e+01 1.081835112377174397e+02 7.371852003931817876e+01 3.046374305144675532e+01 5.492772986379761714e+05
1.029806584420916415e+01 1.084191893506820747e+02 7.365363404571802164e+01 3.083928369499004418e+01 5.532396680509411963e+05
1.037660622726701654e+01 1.087598917540055226e+02 7.378342236582086855e+01 3.127878183815483837e+01 5.560055653633018956e+05
1.045514660181038380e+01 1.091768859924801092e+02 7.407129226513634990e+01 3.144866338353081403e+01 5.590167453665371286e+05
1.053368696802971982e+01 1.094261383820508939e+02 7.400157195015438560e+01 3.202105292704261785e+01 5.594626604280760512e+05
1.061222732610984210e+01 1.105367690544764230e+02 7.430496426190005366e+01 3.249751198887053505e+01 5.701998362351261312e+05
1.069076767623013779e+01 1.104476294281471098e+02 7.462989618264181502e+01 3.273664845572493931e+01 5.711954303124264115e+05
1.076930801856475739e+01 1.106126915850516497e+02 7.435456717608808219e+01 3.305979776330659092e+01 5.730118626603853190e+05
1.084784835328281005e+01 1.110723924840491748e+02 7.450677525646796084e+01 3.348728795791065949e+01 5.771733008546396159e+05
1.092638868054854306e+01 1.112947070502593192e+02 7.472707037367939620e+01 3.388552108002945573e+01 5.788353697295291349e+05
1.100492900052151413e+01 1.115490671026185936e+02 7.442342285981429484e+01 3.418585414825398772e+01 5.837016117363279918e+05
1.108346931335675833e+01 1.119109917635490632e+02 7.450870392705694201e+01 3.469837348191379078e+01 5.867330105462026550e+05
1.116200961920494805e+01 1.125066257350484307e+02 7.502662860740194617e+01 3.525445663095089088e+01 5.907221720644339221e+05
1.124054991821254212e+01 1.127282396327254190e+02 7.510428105677625865e+01 3.540781274603403972e+01 5.930501058636916569e+05
1.131909021052193687e+01 1.130546666379569416e+02 7.495708402317740138e+01 3.598082887343069558e+01 5.989586394433196401e+05
1.139763049627160285e+01 1.130525223975898967e+02 7.508330598554226754e+01 3.632217384052405151e+01 5.999190925326802535e+05
1.147617077559622167e+01 1.134584250766887266e+02 7.494819496586754326e+01 3.674288241167046465e+01 6.059577578397034667e+05
1.155471104862680853e+01 1.141021616402467913e+02 7.540643440899312111e+01 3.720508397878801787e+01 6.081378200018464122e+05
1.163325131549084368e+01 1.136933443312566823e+02 7.512057298186194032e+01 3.759403697900908981e+01 6.086465111936326139e+05
1.171179157631238787e+01 1.144778550580305705e+02 7.522045279739549528e+01 3.796790197328193983e+01 6.144121856255577877e+05
1.179033183121219608e+01 1.148426003357088092e+02 7.542392304498315525e+01 3.827940369814391630e+01 6.170710692114804406e+05
1.186887208030782759e+01 1.146873917741891091e+02 7.553745469971394755e+01 3.864333506546413588e+01 6.185722994860653998e+05
1.194741232371374728e+01 1.150200891348817436e+02 7.540199531690549861e+01 3.928038420672662312e+01 6.252881298486313317e+05
1.202595256154143222e+01 1.148380358385817459e+02 7.518331974592341282e+01 3.949245887142382827e+01 6.257657064669107785e+05
1.210449279389946753e+01 1.159871253623782934e+02 7.570459269363630028e+01 4.010511041519338704e+01 6.305419665016965009e+05
1.218303302089363527e+01 1.158280011998253514e+02 7.544004941794379704e+01 4.049043639377026693e+01 6.335640607399345608e+05
1.226157324262700676e+01 1.166187607877294425e+02 7.580749377491665086e+01 4.102610310905882329e+01 6.390457856016366277e+05
1.234011345920003322e+01 1.164719178715803025e+02 7.571813962529606101e+01 4.132294175699754391e+01 6.403120235413165065e+05
1.241865367071062565e+01 1.169402974419313637e+02 7.604907075302114094e+01 4.193040358606951656e+01 6.436241704126031836e+05
1.249719387725422415e+01 1.170067152587140953e+02 7.572117940470955944e+01 4.224545638831569505e+01 6.481842436911878176e+05
1.257573407892389383e+01 1.172578152451505531e+02 7.576280229423433354e+01 4.276729152813541646e+01 6.517038171342252754e+05
1.265427427581038877e+01 1.174092347903624614e+02 7.603965827919425635e+01 4.304669467737847555e+01 6.542086308908389183e+05
1.273281446800221772e+01 1.178591930736738078e+02 7.560732074065782626e+01 4.382257070695479939e+01 6.600055829407389974e+05
1.281135465558572584e+01 1.183493834196380874e+02 7.597525233803629874e+01 4.409723087484217530e+01 6.635421553573277779e+05
1.288989483864514796e+01 1.184153103187458811e+02 7.623057922174069745e+01 4.447741458979640328e+01 6.655362855284907855e+05
1.296843501726268322e+01 1.182986376545726586e+02 7.611488234526655106e+01 4.482146491184218462e+01 6.676687475391363259e+05
1.304697519151855190e+01 1.181720723824241617e+02 7.592583236706201433e+01 4.524824927754886517e+01 6.684487593784253113e+05
1.312551536149104692e+01 1.189782396800127913e+02 7.601009083691253920e+01 4.583675058490740639e+01 6.794973631411524257e+05
1.320405552725660492e+01 1.191892519623335147e+02 7.621292743368555023e+01 4.631076917987770969e+01 6.802854585131623317e+05
1.328259568888985243e+01 1.198389338699210782e+02 7.619920311122073997e+01 4.689159152454440971e+01 6.847433034374398412e+05
1.336113584646366270e+01 1.199316263659846271e+02 7.606128230767149034e+01 4.707789480300474594e+01 6.861844763364359969e+05
1.343967600004920548e+01 1.195633147429703484e+02 7.600998373086822824e+01 4.755026833255678298e+01 6.891101829598685727e+05
1.351821614971599317e+01 1.205359631812599446e+02 7.652735495765647045e+01 4.828881553727509868e+01 6.958963470611934317e+05
1.359675629553193588e+01 1.204199215677289487e+02 7.656280628251080600e+01 4.863640589544696979e+01 6.954823148007177515e+05
1.367529643756338231e+01 1.206491138001217820e+02 7.674383715337017975e+01 4.907907922000447343e+01 6.995256928453692235e+05
1.375383657587516595e+01 1.208427049114734615e+02 7.660442952063250743e+01 4.964220371460069003e+01 7.024845794747011969e+05
1.383237671053064766e+01 1.205588862176737024e+02 7.635098665187189226e+01 4.992021507646117584e+01 7.029252069232597714e+05
1.391091684159175834e+01 1.216471738203590007e+02 7.666514766161465388e+01 5.071730717936988242e+01 7.116562366462544305e+05
1.398945696911903269e+01 1.215874904623006643e+02 7.674616846786376811e+01 5.110181787579912083e+01 7.161080784761598334e+05
1.406799709317166069e+01 1.216364731266381796e+02 7.671720777687512793e+01 5.151786690308631478e+01 7.167654231218077475e+05
1.414653721380751428e+01 1.219244632475078447e+02 7.670892215742078690e+01 5.192931430647455926e+01 7.223743670792398043e+05
1.422507733108318817e+01 1.225322218855062317e+02 7.681662160889833046e+01 5.245064335765904673e+01 7.277376874458312523e+05
1.430361744505403543e+01 1.227592565430965408e+02 7.694217455630344205e+01 5.310859038225096640e+01 7.318684055749158142e+05
1.438215755577419586e+01 1.225058051583554715e+02 7.676494632604335777e+01 5.327036243536753801e+01 7.326112455960604129e+05
1.446069766329663686e+01 1.230494420610086621e+02 7.668743262495324586e+01 5.395979136107735030e+01 7.384679537480054423e+05
1.453923776767318010e+01 1.234084076290717746e+02 7.687311474726429594e+01 5.449129957947771175e+01 7.400147971572099486e+05
1.461777786895453346e+01 1.234968672525768199e+02 7.715667463783830726e+01 5.484284286338881031e+01 7.431941660274987807e+05
1.469631796719032302e+01 1.238468920047266124e+02 7.716004274522663309e+01 5.549252329578953180e+01 7.497938652104133507e+05
1.477485806242911437e+01 1.237360023562192453e+02 7.728757061728542510e+01 5.588315361487729405e+01 7.498452667405552929e+05
1.485339815471844993e+01 1.240932147030949295e+02 7.719241012626882537e+01 5.645470068949902043e+01 7.557796012021735078e+05
1.493193824410487203e+01 1.241585304894942823e+02 7.729438800666845566e+01 5.707662691314963155e+01 7.585052638764419826e+05
1.501047833063394421e+01 1.247731105937208014e+02 7.726123357478888920e+01 5.758559458303120238e+01 7.651342105362263974e+05
1.508901841435028857e+01 1.247004622802064091e+02 7.735489219236121983e+01 5.785801761480342265e+01 7.645251520718242973e+05
1.516755849529759992e+01 1.250913456786030622e+02 7.759446947137300299e+01 5.845590658081577828e+01 7.697700611935578054e+05
1.524609857351867070e+01 1.253702163289983247e+02 7.763608126619726590e+01 5.913743410078193818e+01 7.740650135827965569e+05
1.532463864905541762e+01 1.257862767391652739e+02 7.777884156580034869e+01 5.971973592062473557e+01 7.756437289990938734e+05
1.540317872194890292e+01 1.257568123853040305e+02 7.736124492599599023e+01 6.020514374476526598e+01 7.823634703303743154e+05
1.548171879223935399e+01 1.261267922348756372e+02 7.778505007366524637e+01 6.102460562935652888e+01 7.879116453556213528e+05
1.556025885996618996e+01 1.263335635264328403e+02 7.756606985242328278e+01 6.147878295546327365e+01 7.903074653820948442e+05
1.563879892516803238e+01 1.266875374319095044e+02 7.784588218629454559e+01 6.189026268813847764e+01 7.939582492801005719e+05
1.571733898788273187e+01 1.266907742842780209e+02 7.786227394707553628e+01 6.235319926401103174e+01 7.995361114660338499e+05
1.579587904814739119e+01 1.265570850180886993e+02 7.797112828994352185e+01 6.320586873287967933e+01 7.998298110911971889e+05
1.587441910599837769e+01 1.270671770217643939e+02 7.795897550126116471e+01 6.362042441128086523e+01 8.056678022920687217e+05
1.595295916147133575e+01 1.282352326307883743e+02 7.822511836230906113e+01 6.429786331178073056e+01 8.157921285327054793e+05
1.603149921460121874e+01 1.275460284334276935e+02 7.808162401704650790e+01 6.452883276487905562e+01 8.138802144028996117e+05
1.611003926542229436e+01 1.282025174953591033e+02 7.819451811330189628e+01 6.548941883196292224e+01 8.196104128845866071e+05
1.618857931396816596e+01 1.285894106136358062e+02 7.844641262149946215e+01 6.610189926857852072e+01 8.254745502700860379e+05
1.626711936027179561e+01 1.288637089502828417e+02 7.857193905663044120e+01 6.672436666881135636e+01 8.306633929248966742e+05
1.634565940436549525e+01 1.290612600652729611e+02 7.860264152425328632e+01 6.734270303457233808e+01 8.355628362439759076e+05
1.642419944628097639e+01 1.291952864018323908e+02 7.852169464970356216e+01 6.767183681931403783e+01 8.374381561038899235e+05
1.650273948604932883e+01 1.290007707554895831e+02 7.855347947658451346e+01 6.811265190574462736e+01 8.399220306530568050e+05
1.658127952370107394e+01 1.298097584203676149e+02 7.875474519670815710e+01 6.894896781780808226e+01 8.454284513715585927e+05
1.665981955926614333e+01 1.297762926396885632e+02 7.885014394382703529e+01 6.937071826321253809e+01 8.502489149661326082e+05
1.673835959277390728e+01 1.302171372223779429e+02 7.903041055187804886e+01 7.011764932609582957e+01 8.573590889633449260e+05
1.681689962425318896e+01 1.303757834770009367e+02 7.884924852773609416e+01 7.073876059191898946e+01 8.605177653882878367e+05
1.689543965373228218e+01 1.309881240221935172e+02 7.947630469516960261e+01 7.142613077416005751e+01 8.636467614874255378e+05
1.697397968123895495e+01 1.307510405122292241e+02 7.929739636191341390e+01 7.180869781053814904e+01 8.679029974799029296e+05
1.705251970680045304e+01 1.319677628443068897e+02 7.938555574098120360e+01 7.279165339988087169e+01 8.764699896743139252e+05
1.713105973044353902e+01 1.317709481878834197e+02 7.944914829244608256e+01 7.326406029820667243e+01 8.774487524785515852e+05
1.720959975219447102e+01 1.317368733944049950e+02 7.929670282409212234e+01 7.386324654731177475e+01 8.834577625350132585e+05
1.728813977207903463e+01 1.322534394401447742e+02 7.976577977803520980e+01 7.423418402060308097e+01 8.880746532679669326e+05
1.736667979012256424e+01 1.331362531789231696e+02 8.006922387738673308e+01 7.511668404855952019e+01 8.932986223698630929e+05
1.744521980634991110e+01 1.334422405387789752e+02 8.000484332583585001e+01 7.573030878119021736e+01 8.989808217282305704e+05
1.752375982078550365e+01 1.333389349478138968e+02 8.033059989666723766e+01 7.655280407878906601e+01 9.017801293628198327e+05
1.760229983345331917e+01 1.335860850505423514e+02 8.062563639157320949e+01 7.710704299631083813e+01 9.045886817713296041e+05
1.768083984437692635e+01 1.342797336578773582e+02 8.073266938804839299e+01 7.788129221696247839e+01 9.167764877374252537e+05
1.775937985357945692e+01 1.348308953437067146e+02 8.076782586403774644e+01 7.881169919575941663e+01 9.198626606860626489e+05
1.783791986108364824e+01 1.345974935589719053e+02 8.102418550320597035e+01 7.909309469882335009e+01 9.249574243213738082e+05
1.791645986691183268e+01 1.353276296696928114e+02 8.105887813435670353e+01 8.003447959014637547e+01 9.318872055520041613e+05
1.799499987108595889e+01 1.357223648952913209e+02 8.147055016405590777e+01 8.069333878436465568e+01 9.336560937579070451e+05
1.807353987362759185e+01 1.362954568432368774e+02 8.148982105227165107e+01 8.124981783381571177e+01 9.412432200000869343e+05
1.815207987455791638e+01 1.365874947699500410e+02 8.186944350478816546e+01 8.180200543020777104e+01 9.450181061606246512e+05
1.823061987389775851e+01 1.368529307672903883e+02 8.194325632803841586e+01 8.255234957322682021e+01 9.509864229308541398e+05
1.830915987166758541e+01 1.377465104175790884e+02 8.226132429011470037e+01 8.349385650801742997e+01 9.584506658622751711e+05
1.838769986788751964e+01 1.379738394899526099e+02 8.245717623165413102e+01 8.414424523059294359e+01 9.643463002691536676e+05
1.846623986257733563e+01 1.383924214941925186e+02 8.240158122227302329e+01 8.499871781637126844e+01 9.690917056189302821e+05
1.854477985575647381e+01 1.391338161059941001e+02 8.311233870412998215e+01 8.565651312092541048e+01 9.769808936967992922e+05
1.862331984744404423e+01 1.394366241662633286e+02 8.306319487158378934e+01 8.638835250876982741e+01 9.828485520840015961e+05
1.870185983765884075e+01 1.396815460395756361e+02 8.321700202145395053e+01 8.701357766375654990e+01 9.854445473835131852e+05
1.878039982641934458e+01 1.402464941153352527e+02 8.370007568226677108e+01 8.769103004955910308e+01 9.942445796122702304e+05
1.885893981374372075e+01 1.406405620465385766e+02 8.380230811471359686e+01 8.859849022419571440e+01 9.993536123469979502e+05
1.893747979964983941e+01 1.414605216131965051e+02 8.421939577739046001e+01 8.947558135169116156e+01 1.007865664936979534e+06
1.901601978415527228e+01 1.417452523444721635e+02 8.430044584026521193e+01 9.027405519056590322e+01 1.012740229820064036e+06
1.909455976727730331e+01 1.422660198329120647e+02 8.473288041245615432e+01 9.082027991945400913e+01 1.018394981126337661e+06
1.917309974903293579e+01 1.430863200517562177e+02 8.482244659980644030e+01 9.212302145415257826e+01 1.029536326012775651e+06
1.925163972943889235e+01 1.433958488619468881e+02 8.514151595649012449e+01 9.272957047241337136e+01 1.031223448359778849e+06
1.933017970851161849e+01 1.438988980243968001e+02 8.528780564449772328e+01 9.327601103522424353e+01 1.039206829061752651e+06
1.940871968626730748e+01 1.445606158176187535e+02 8.603489774631431430e+01 9.430607087889273998e+01 1.046239640809483360e+06
1.948725966272188259e+01 1.458027555981080639e+02 8.628476401784517691e+01 9.512756029875512809e+01 1.056281087720691925e+06
1.956579963789100773e+01 1.457695324161982455e+02 8.656553788216464795e+01 9.597383741657901624e+01 1.059457071748034330e+06
1.964433961179010524e+01 1.467871282978919965e+02 8.717671610829707163e+01 9.649091712274841370e+01 1.068831516636326443e+06
1.972287958443434519e+01 1.475743227341895363e+02 8.731995320920091785e+01 9.751093007154520365e+01 1.074860249845259357e+06
1.980141955583865965e+01 1.479466916414267246e+02 8.776406235434235725e+01 9.848575112276120080e+01 1.082192660200926941e+06
1.987995952601774619e+01 1.483283990544689743e+02 8.801276611734189714e+01 9.957343676843096603e+01 1.090107117184297880e+06
1.995849949498606790e+01 1.493511577412674285e+02 8.854407034035469337e+01 1.004917184141022801e+02 1.095487240523551358e+06
2.003703946275786052e+01 1.498941055293704210e+02 8.883857068391600365e+01 1.007385839280488824e+02 1.104357735562781570e+06
2.011557942934713950e+01 1.506430622752188242e+02 8.932953164426631076e+01 1.020091225292535029e+02 1.114350005969870137e+06
2.019411939476770712e+01 1.505241715433329546e+02 8.942035301546222570e+01 1.023943246509336973e+02 1.116778768531033769e+06
2.027265935903314542e+01 1.510524221083483383e+02 8.954164187651826978e+01 1.034098879393047099e+02 1.124052048746854765e+06
2.035119932215682326e+01 1.514414173267057890e+02 8.989973870166188874e+01 1.040728416189915322e+02 1.128890230393171776e+06
2.042973928415191054e+01 1.517385169821253328e+02 8.977621405015436551e+01 1.050770367402703158e+02 1.134069336417496903e+06
2.050827924503137467e+01 1.518047657278146403e+02 8.999337288032040760e+01 1.056772335525047453e+02 1.140498513595871627e+06
2.058681920480798766e+01 1.520573197000283301e+02 9.002902905129261057e+01 1.062972514113538267e+02 1.142980049171505962e+06
2.066535916349431901e+01 1.523771238141393951e+02 9.015873459961964898e+01 1.072718552803265055e+02 1.148657710463047726e+06
2.074389912110275347e+01 1.524246767797719997e+02 9.021837642041211325e+01 1.079610668053704075e+02 1.153673182470655302e+06
2.082243907764548752e+01 1.527088377217719710e+02 9.064181918504208113e+01 1.089259349110373165e+02 1.159973724877300905e+06
2.090097903313453642e+01 1.528997258134268122e+02 9.054571397868514282e+01 1.096196211540340357e+02 1.164876736814214149e+06
2.097951898758173783e+01 1.532224450628278589e+02 9.066409655381897892e+01 1.105776607160813114e+02 1.173323645505421096e+06
2.105805894099874109e+01 1.534375350998247427e+02 9.095250420285437087e+01 1.112480835594575126e+02 1.175591246236004634e+06
2.113659889339703568e+01 1.537806784489680751e+02 9.103192664666315181e+01 1.119877674144862851e+02 1.185322584034828236e+06
2.121513884478793344e+01 1.538584056110142058e+02 9.114282967181682693e+01 1.127517025657561334e+02 1.185403372589680832e+06
2.129367879518258277e+01 1.538671744145698597e+02 9.122850514918329168e+01 1.134235617800118234e+02 1.193964922510084929e+06
2.137221874459196869e+01 1.543731091201016454e+02 9.158928549213281656e+01 1.143062678072911922e+02 1.199095961099234642e+06
2.145075869302691274e+01 1.545824342054302747e+02 9.158021442409344104e+01 1.151926398149154096e+02 1.206813521499478957e+06
2.152929864049807307e+01 1.549180268965155847e+02 9.183961831829708444e+01 1.160609417319367793e+02 1.213784285899927141e+06
2.160783858701596571e+01 1.543664418026789917e+02 9.192124006534058367e+01 1.164418888158653544e+02 1.210982086161250714e+06
2.168637853259094683e+01 1.555035404000868482e+02 9.212137261701016655e+01 1.175932833381163505e+02 1.221663687791849952e+06
2.176491847723321982e+01 1.552561162011114391e+02 9.237216060748855284e+01 1.183629752942562590e+02 1.227316301784940064e+06
2.184345842095285306e+01 1.557475525580045144e+02 9.251158729361897315e+01 1.189166442617777193e+02 1.230160318993048510e+06
2.192199836375975508e+01 1.562659320851983580e+02 9.254910624385668427e+01 1.198255488807004951e+02 1.239087246846619295e+06
2.200053830566371005e+01 1.562359975929981886e+02 9.282215900698179212e+01 1.209746340770722668e+02 1.247931000546741067e+06
2.207907824667434582e+01 1.565948107730576169e+02 9.308292995179851914e+01 1.215868856652033685e+02 1.251692692088065436e+06
2.215761818680116590e+01 1.568626738474118270e+02 9.299107797806462372e+01 1.224525739211217399e+02 1.258865747887200210e+06
2.223615812605353526e+01 1.570280750341304099e+02 9.319078409449457467e+01 1.238697991961221447e+02 1.265994142365984619e+06
2.231469806444068738e+01 1.576821140401032153e+02 9.364097378706087227e+01 1.242580057615075191e+02 1.271737172689605271e+06
2.239323800197172432e+01 1.578618629744647706e+02 9.387075351278355129e+01 1.248802146733410581e+02 1.276310969922785182e+06
2.247177793865562023e+01 1.579147750492689397e+02 9.420520432026994229e+01 1.258611233312020232e+02 1.281535295530983945e+06
2.255031787450123204e+01 1.578958308653403151e+02 9.429471778921899272e+01 1.269222499209656689e+02 1.283817580956087215e+06
2.262885780951728165e+01 1.585690001988567701e+02 9.430609164650327614e+01 1.275424379962288413e+02 1.293738205176671501e+06
2.270739774371238440e+01 1.589742540204873364e+02 9.467625672079405774e+01 1.286706341465088315e+02 1.298986492525401991e+06
2.278593767709502771e+01 1.593342918621084721e+02 9.499741858706931907e+01 1.293594444619970716e+02 1.306655645241701975e+06
2.286447760967358178e+01 1.591295424835205949e+02 9.476858293104221787e+01 1.305145390017550540e+02 1.311239583083128091e+06
2.294301754145629957e+01 1.600630048685108591e+02 9.519021008011068830e+01 1.315525982305721300e+02 1.320124409373667091e+06
2.302155747245133455e+01 1.600824197740566035e+02 9.551110969178897392e+01 1.319489567856170424e+02 1.322471454327994958e+06
2.310009740266672296e+01 1.600361304973686458e+02 9.583256371956014164e+01 1.325535139448489872e+02 1.328780459858534392e+06
2.317863733211038380e+01 1.605047942584779150e+02 9.594266484031496134e+01 1.338795153588473852e+02 1.334763092753569596e+06
2.325717726079013303e+01 1.611737332877260087e+02 9.631379666560407316e+01 1.349376928288291992e+02 1.346477593110875227e+06
2.333571718871368716e+01 1.613665551059832808e+02 9.620816392867192235e+01 1.358709347917292405e+02 1.349617790455186740e+06
2.341425711588865965e+01 1.621468302499712593e+02 9.698427891559843772e+01 1.369741766702905181e+02 1.356411062289237743e+06
2.349279704232255384e+01 1.619686049986954970e+02 9.717995759247959597e+01 1.376644770640919262e+02 1.362653900190374814e+06
2.357133696802278067e+01 1.625897006815083898e+02 9.742634112028743232e+01 1.385703550702253324e+02 1.371730152853426524e+06
2.364987689299664453e+01 1.631081908036034065e+02 9.782890919377224748e+01 1.391021417033867635e+02 1.375736279669444542e+06
2.372841681725136453e+01 1.624307233633864485e+02 9.785783062988139136e+01 1.402591998840226211e+02 1.379025207122682594e+06
2.380695674079405322e+01 1.638013421919938821e+02 9.818631715591537557e+01 1.419799054713936357e+02 1.390640703385341447e+06
2.388549666363174140e+01 1.641742039166606162e+02 9.870123297382775718e+01 1.427428317475698520e+02 1.396740071726062102e+06
2.396403658577134976e+01 1.651824377590234576e+02 9.900620334856299110e+01 1.437456482235964188e+02 1.406359482071174076e+06
2.404257650721972439e+01 1.646208946293519659e+02 9.933426853587066319e+01 1.444492250625351915e+02 1.407123266887717182e+06
2.412111642798362254e+01 1.647981001131675498e+02 9.926553416172501443e+01 1.452295692991223177e+02 1.415997457233455963e+06
2.419965634806970556e+01 1.655468307117958773e+02 9.940680103889775410e+01 1.459120596748885816e+02 1.423897806718597189e+06
2.427819626748454596e+01 1.660777155967365957e+02 1.003038531133636440e+02 1.471538013770813507e+02 1.431670686311559286e+06
2.435673618623464520e+01 1.665267836802512988e+02 9.996651490576543608e+01 1.485975483958056316e+02 1.437676468681464903e+06
2.443527610432640529e+01 1.674215613495694583e+02 1.007438176796429730e+02 1.492093749360506649e+02 1.448830618254265049e+06
2.451381602176616425e+01 1.666722776307942979e+02 1.009703179235904145e+02 1.499967592038114788e+02 1.454401788317560684e+06
2.459235593856016067e+01 1.678031528906233518e+02 1.009216575239602776e+02 1.517153182079755425e+02 1.464665903617559467e+06
2.467089585471456203e+01 1.681793925687039462e+02 1.015799741650892116e+02 1.528716495263671504e+02 1.467782823987853248e+06
2.474943577023546126e+01 1.687461620808267639e+02 1.019441210387255268e+02 1.538382461625735687e+02 1.480659820302100386e+06
2.482797568512887310e+01 1.690221671156300545e+02 1.023890457946245220e+02 1.548760937916958085e+02 1.483494817091129022e+06
2.490651559940072346e+01 1.700612955812334519e+02 1.023242650392515429e+02 1.561516465053914544e+02 1.494433509090348147e+06
2.498505551305688144e+01 1.697586553878841471e+02 1.027876268888325342e+02 1.566061404102152892e+02 1.499854466771916952e+06
2.506359542610313440e+01 1.708894047895035442e+02 1.033499783897280082e+02 1.577657539514615337e+02 1.507135517247255426e+06
2.514213533854519511e+01 1.703760116505320639e+02 1.034473161233946001e+02 1.584145639358093547e+02 1.511425345422406914e+06
2.522067525038871239e+01 1.716486407003160934e+02 1.041791662501937452e+02 1.599250902693055991e+02 1.527033944911053637e+06
2.529921516163925688e+01 1.721006635590636904e+02 1.041707772669212204e+02 1.609026654012191102e+02 1.532589197958315723e+06
2.537775507230233529e+01 1.724398711774279320e+02 1.049428007298708252e+02 1.618803780102390135e+02 1.539391788469212363e+06
2.545629498238338684e+01 1.730830479653861858e+02 1.051566799371757241e+02 1.629297272993063928e+02 1.543198622165988199e+06
2.553483489188777966e+01 1.739774957744095332e+02 1.055958405055011440e+02 1.645559726653261521e+02 1.557250383244984550e+06
2.561337480082082152e+01 1.740436718906179294e+02 1.061177657432544095e+02 1.649081161700713665e+02 1.557549030820767861e+06
2.569191470918774911e+01 1.744188809995824840e+02 1.062680258591276896e+02 1.662662741803929123e+02 1.571955433587324340e+06
2.577045461699373874e+01 1.755932178002384205e+02 1.067375224870833108e+02 1.675165384825579338e+02 1.582114922877595760e+06
2.584899452424390631e+01 1.756875881482797013e+02 1.072414453356397814e+02 1.686408426551286652e+02 1.589412608187207021e+06
2.592753443094329668e+01 1.768336038999825348e+02 1.075991787954068428e+02 1.706526220010458417e+02 1.599746608492596075e+06
2.600607433709690852e+01 1.765141953680960398e+02 1.077746774692162148e+02 1.709002264352673137e+02 1.602606861478663515e+06
2.608461424270966944e+01 1.767615324868161224e+02 1.085936672725803760e+02 1.721382784570616593e+02 1.602650304121144582e+06
2.616315414778644310e+01 1.772857944081071935e+02 1.087329530759006531e+02 1.730852267957743607e+02 1.618856982998367399e+06
2.624169405233205055e+01 1.781828824151143635e+02 1.095987513037295145e+02 1.747528901449211389e+02 1.627180135066096671e+06
2.632023395635124174e+01 1.793199994212520778e+02 1.097842651529341822e+02 1.761031407721092705e+02 1.638999413502740907e+06
2.639877385984871694e+01 1.799909619663657168e+02 1.101097356757992571e+02 1.772047239518049935e+02 1.651523669294657186e+06
2.647731376282911953e+01 1.807803959992504019e+02 1.107802688332774181e+02 1.778224113568991811e+02 1.658336449693326838e+06
2.655585366529703606e+01 1.805909842807826067e+02 1.111576267456101448e+02 1.794829678273502793e+02 1.668759974396161735e+06
2.663439356725699980e+01 1.821206643973360997e+02 1.116853984858545772e+02 1.807477926274839604e+02 1.675928084123310633e+06
2.671293346871349428e+01 1.821952281834437599e+02 1.127696847332187389e+02 1.826740427770021427e+02 1.683333659230388235e+06
2.679147336967094617e+01 1.830870833958877597e+02 1.123804804336795513e+02 1.833283659931219631e+02 1.691036833885055501e+06
2.687001327013372531e+01 1.836506222647641096e+02 1.129449713538644033e+02 1.845972633198735195e+02 1.704850977629186586e+06
2.694855317010616602e+01 1.842577372065381951e+02 1.134660492123541644e+02 1.863110864835192899e+02 1.714491628062077565e+06
2.702709306959254221e+01 1.842071971227850327e+02 1.143888027094714488e+02 1.866173105674021713e+02 1.716431272086207522e+06
2.710563296859707094e+01 1.856488878195635266e+02 1.142042989637610191e+02 1.882910315259685774e+02 1.726161017037702724e+06
2.718417286712393377e+01 1.854023950399289049e+02 1.149491428980634993e+02 1.884105448668857150e+02 1.730900788501956500e+06
2.726271276517725894e+01 1.864256308352146050e+02 1.149561440232777869e+02 1.904335370055433998e+02 1.749142842687533703e+06
2.734125266276112498e+01 1.865957936131849806e+02 1.156899001804354867e+02 1.911008192581945195e+02 1.742339781221601646e+06
2.741979255987956776e+01 1.881359948620095111e+02 1.159006103005788049e+02 1.932651845965592088e+02 1.761868875085868873e+06
2.749833245653658054e+01 1.874650533355668358e+02 1.161061616837983337e+02 1.941428688244985494e+02 1.768466490753990831e+06
2.757687235273609616e+01 1.882622290786001997e+02 1.166232843810407047e+02 1.957071781812718143e+02 1.783556396458010655e+06
2.765541224848202262e+01 1.879747093571411369e+02 1.166494932560947149e+02 1.954173081367856355e+02 1.793462150409304770e+06
2.773395214377820395e+01 1.895561581424595374e+02 1.179108902030104105e+02 1.971548052278238288e+02 1.807184406206612242e+06
2.781249203862845576e+01 1.893462736094169543e+02 1.181257013404072609e+02 1.986856304806142361e+02 1.805798814263499808e+06
2.789103193303654038e+01 1.893652969509300306e+02 1.187885889480323129e+02 1.994154973840487344e+02 1.812508218222037889e+06
2.796957182700618816e+01 1.897477029999938054e+02 1.187518670398922751e+02 2.009435237118104283e+02 1.829873250260240398e+06
2.804811172054107615e+01 1.905470006270698207e+02 1.192680923936561186e+02 2.026456842779737428e+02 1.834488514628660632e+06
2.812665161364485655e+01 1.905550697994984546e+02 1.195558283885904984e+02 2.031125099836702930e+02 1.847038843590829289e+06
2.820519150632112115e+01 1.899832022549147439e+02 1.197688083986228094e+02 2.035934965030185992e+02 1.840675701457896037e+06
2.828373139857343332e+01 1.908931736547733067e+02 1.202084819358305907e+02 2.046655523113748245e+02 1.850522579082049895e+06
2.836227129040531736e+01 1.915678039986174497e+02 1.203509362869809394e+02 2.079393506908399729e+02 1.863028370012646541e+06
2.844081118182025847e+01 1.921368019169198647e+02 1.201325893446024082e+02 2.087873384643194186e+02 1.874303424397564260e+06
2.851935107282169923e+01 1.909486037660950331e+02 1.206864806453094161e+02 2.094735127729423141e+02 1.870609025241654599e+06
2.859789096341304315e+01 1.919582690962658376e+02 1.209437425817732219e+02 2.098370321585514944e+02 1.882905858925589360e+06
2.867643085359765820e+01 1.902772138959732047e+02 1.208947518491273883e+02 2.102398837479647682e+02 1.874120036911052419e+06
2.875497074337888392e+01 1.915871835490521278e+02 1.213822352290290780e+02 2.118953475094003807e+02 1.902166936390161281e+06
2.883351063276001369e+01 1.910371250626906487e+02 1.211733135935979107e+02 2.118614683547630477e+02 1.888541523658862105e+06
2.891205052174430890e+01 1.911374702271660340e+02 1.215436042746426324e+02 2.133298516269220499e+02 1.902599206947814906e+06
2.899059041033499184e+01 1.920663064830346514e+02 1.226093612955511105e+02 2.155886399184634570e+02 1.904957056603016565e+06
2.906913029853525643e+01 1.931916324892510488e+02 1.224704316290724222e+02 2.160747075637116552e+02 1.928677661053292919e+06
2.914767018634825746e+01 1.928633956535785217e+02 1.233141950570401519e+02 2.174242411499499212e+02 1.916483948034788715e+06
2.922621007377712132e+01 1.938340955574957150e+02 1.240750612267710551e+02 2.203007312049837196e+02 1.943590307859581662e+06
2.930474996082492822e+01 1.947563682506753082e+02 1.246502464867673297e+02 2.205712469577429147e+02 1.951325504454300273e+06
2.938328984749474060e+01 1.931200520301712515e+02 1.244818509866963581e+02 2.198562802515173473e+02 1.948865943516032305e+06
2.946182973378957826e+01 1.946266351968328081e+02 1.261269966931081541e+02 2.232409259421842194e+02 1.960189997666999698e+06
2.954036961971243258e+01 1.930884807895080542e+02 1.252127380635282350e+02 2.243723080276675717e+02 1.969967218885629205e+06
2.961890950526625943e+01 1.959002597593196811e+02 1.259710938700291649e+02 2.253198083154015023e+02 1.988725224800556898e+06
2.969744939045398979e+01 1.956777097996566681e+02 1.262416261286901999e+02 2.268806300689287241e+02 1.999980558020450175e+06
2.977598927527852268e+01 1.973384361739454107e+02 1.275798182240287701e+02 2.288020914475604854e+02 2.009105227230661316e+06
2.985452915974272159e+01 1.989773388864392984e+02 1.273948882512678722e+02 2.311146882723101328e+02 2.043028517111743800e+06
2.993306904384942868e+01 1.961809429041761916e+02 1.283750398860512689e+02 2.297579660953946643e+02 2.027765253673768602e+06
3.001160892760143994e+01 2.000960566364693420e+02 1.285347581564025461e+02 2.342784861286847047e+02 2.046529450230367249e+06
3.009014881100154071e+01 1.998649360145722085e+02 1.290292468334438070e+02 2.336110017741994227e+02 2.064734114728837507e+06
3.016868869405248077e+01 1.978842546873702588e+02 1.294083348070328441e+02 2.350820117814377284e+02 2.035560139327336336e+06
3.024722857675697441e+01 1.984035625380174395e+02 1.302399214536535794e+02 2.354969560689758907e+02 2.051631988338581519e+06
3.032576845911771457e+01 2.001560746099499113e+02 1.312555153142615723e+02 2.361516490385131704e+02 2.065008118248021929e+06
3.040430834113736580e+01 2.011703280023205878e+02 1.310084119060587966e+02 2.382322314871528022e+02 2.079459674925692379e+06
3.048284822281856421e+01 2.021048282372200049e+02 1.316899524122545984e+02 2.409366862107799818e+02 2.093837274321894860e+06
3.056138810416392460e+01 2.023391211972623296e+02 1.325730728831847500e+02 2.420563244648502916e+02 2.113743964265302755e+06
3.063992798517602267e+01 2.039360410787236333e+02 1.347741064786362131e+02 2.445439600661819952e+02 2.108678814310303889e+06
3.071846786585741640e+01 2.036403630608090509e+02 1.326109706640955039e+02 2.426207256076021963e+02 2.108152620293850079e+06
3.079700774621063886e+01 2.036844781642241458e+02 1.347216246784375357e+02 2.442946162846479012e+02 2.127829615219605155e+06
3.087554762623818760e+01 2.036421578392127572e+02 1.359495888472031879e+02 2.442839399623539975e+02 2.124337215862184763e+06
3.095408750594254599e+01 2.062188205230440303e+02 1.355171221321825499e+02 2.504628571878864989e+02 2.163301684900386725e+06
3.103262738532617249e+01 2.053258011501639544e+02 1.356705293318390773e+02 2.501103619240016940e+02 2.158394116895197891e+06
3.111116726439149005e+01 2.051522008163320265e+02 1.367373079542581706e+02 2.503175388288777299e+02 2.166783419025083538e+06
3.118970714314090387e+01 2.085886574613498681e+02 1.373391517520513219e+02 2.560170581805425627e+02 2.183646842848018743e+06
3.126824702157679781e+01 2.071710720771841352e+02 1.377208995521697261e+02 2.528051436022469716e+02 2.180776741896132007e+06
3.134678689970152377e+01 2.075360062249048667e+02 1.391933198698525302e+02 2.534483962515512587e+02 2.177084026898968499e+06
3.142532677751741588e+01 2.110702429788262862e+02 1.391825965098143456e+02 2.564383617482503155e+02 2.235634080794787966e+06
3.150386665502678696e+01 2.094033411810167706e+02 1.402012296700869172e+02 2.593045617672826779e+02 2.230244278402945492e+06
3.158240653223192140e+01 2.149989067987703777e+02 1.431353408393925690e+02 2.651562591734238481e+02 2.239474185289682820e+06
3.166094640913508229e+01 2.116125105976970247e+02 1.418322663624500422e+02 2.635157535414447807e+02 2.253485437680436298e+06
3.173948628573851494e+01 2.132389459836900869e+02 1.447017689261790849e+02 2.673981620460127715e+02 2.244090037611390930e+06
3.181802616204443623e+01 2.125312589796833720e+02 1.422220426971567235e+02 2.661457183538061599e+02 2.248867789342946373e+06
3.189656603805504531e+01 2.152744208743964691e+02 1.435952649335992817e+02 2.672258125357076324e+02 2.272228406046205666e+06
3.197510591377251998e+01 2.187997150751525055e+02 1.446604219717074784e+02 2.715434326810600396e+02 2.318686223577284720e+06
3.205364578919900964e+01 2.155800717698392361e+02 1.426371941283207718e+02 2.746518889001320076e+02 2.333361119038905017e+06
3.213218566433665302e+01 2.207360878925071006e+02 1.456846063455861611e+02 2.721054119318348512e+02 2.328744489961997606e+06
3.221072553918755688e+01 2.213121971412516302e+02 1.466811774566613167e+02 2.750702530365800271e+02 2.328236170194544364e+06
3.228926541375382442e+01 2.228361553166361375e+02 1.483689900977184948e+02 2.778513159362026386e+02 2.376916333380710799e+06
3.236780528803751622e+01 2.221469279407654938e+02 1.503308413134944885e+02 2.769106093853719699e+02 2.364738667809408624e+06
3.244634516204068575e+01 2.269188247806603442e+02 1.479268576111126094e+02 2.761956108299292509e+02 2.405580591339157429e+06
3.252488503576537227e+01 2.222418205716307114e+02 1.476391106189817322e+02 2.783061360252769418e+02 2.389607334885282442e+06
3.260342490921358660e+01 2.265271425142809960e+02 1.522431893667244935e+02 2.853558548209519472e+02 2.403064323862002697e+06
3.268196478238731828e+01 2.285727165331148285e+02 1.491586104054120767e+02 2.839580583505569962e+02 2.427898642158932053e+06
3.276050465528854261e+01 2.270275692959332616e+02 1.512175556815020059e+02 2.885957181856667262e+02 2.420103020637168549e+06
3.283904452791921358e+01 2.290383224780737237e+02 1.534249375803074145e+02 2.907582247606491705e+02 2.516918757903647143e+06
3.291758440028127097e+01 2.304098553833905498e+02 1.532476150260627321e+02 2.903629392031284056e+02 2.466269305446214508e+06
3.299612427237663326e+01 2.350893526288922999e+02 1.581819725864886266e+02 3.004304014285709172e+02 2.516757214710223954e+06
3.307466414420719758e+01 2.343432476197066308e+02 1.568626845943182389e+02 2.962708260619174325e+02 2.478554634636941366e+06
3.315320401577483977e+01 2.351337337141019077e+02 1.598906590873698121e+02 2.973016147815196177e+02 2.529793637266646605e+06
3.323174388708143567e+01 2.356855231099675620e+02 1.525720556416348757e+02 3.005535898871721088e+02 2.560485470392921939e+06
3.331028375812883269e+01 2.378985826989501504e+02 1.633878377937732296e+02 3.036459470340622602e+02 2.552033356765236706e+06
3.338882362891884981e+01 2.448799675492835206e+02 1.545982153934290295e+02 2.993515385412006253e+02 2.604127430951310787e+06
3.346736349945329891e+01 2.477493427333971567e+02 1.612169166276470662e+02 3.133988263206116471e+02 2.647711874867904931e+06
3.354590336973399189e+01 2.431586341100741606e+02 1.620189499011334817e+02 2.999411338193000915e+02 2.677454896334362682e+06
3.362444323976268379e+01 2.481751787833240996e+02 1.600460965439042411e+02 3.053647849303520161e+02 2.627638510836503934e+06
3.370298310954115806e+01 2.413615802830440771e+02 1.705421128058071929e+02 3.241981859490376223e+02 2.649177992008700967e+06
3.378152297907114132e+01 2.424258706649953297e+02 1.675215580790940635e+02 3.183270728674607426e+02 2.629473921545267105e+06
3.386006284835436730e+01 2.429379746529550914e+02 1.664107424777522510e+02 3.056835944092209161e+02 2.676374272707669064e+06
3.393860271739255552e+01 2.404444791969005735e+02 1.728798636170946850e+02 3.146260836021094178e+02 2.683497212082680315e+06
3.401714258618739706e+01 2.649939404899196234e+02 1.643237413996902490e+02 3.479443428907957241e+02 2.837920747427963186e+06
3.409568245474058301e+01 2.570582927352285196e+02 1.633659750166434037e+02 3.228000230103639296e+02 2.839685005467103794e+06
3.417422232305376895e+01 2.617648113048523442e+02 1.668912447401571626e+02 3.371543963079682840e+02 2.769768396817029454e+06
3.425276219112861043e+01 2.483326794077921704e+02 1.733458903580697097e+02 3.262730160597743065e+02 2.800348549132507760e+06
3.433130205896674880e+01 2.596754602484639349e+02 1.787523443248699095e+02 3.307284905829098420e+02 2.940496542658540420e+06
3.440984192656979701e+01 2.712460844291840090e+02 1.576011539051972647e+02 3.445443607960134500e+02 3.000431291926001664e+06
3.448838179393936088e+01 2.599172624267147285e+02 1.705023887954745305e+02 3.419578313319836980e+02 2.874832499485550914e+06
3.456692166107702491e+01 2.598540135618667932e+02 1.832173388086590080e+02 3.687862148706529410e+02 3.052761599980478641e+06
3.464546152798438072e+01 2.200990442467827393e+02 1.823577948675050493e+02 3.592779693250096784e+02 2.496606350346755236e+06
3.472400139466299152e+01 2.138650561269909360e+02 1.582629769634836805e+02 3.032509789049922233e+02 2.809567256831372157e+06
