# 0.8411 0.8788
7.871241428633635184e-02 8.172337116802082246e-02 3.916097909233808710e-02 1.366244980306599230e-02 2.248245301030996870e+03
1.618072713909662341e-01 5.165547221125122990e-01 3.631946916512986401e-01 6.689583248479809285e-02 9.023203379912742093e+03
2.418771330418761079e-01 1.490734517054436381e+00 1.226248694125062544e+00 8.496276781286925261e-02 1.243173042596138293e+04
3.211923215201240578e-01 2.546496102982258591e+00 2.007981621988714771e+00 1.906431439540319239e-01 2.395680827091226820e+04
4.002017901256537113e-01 3.547162315492130347e+00 2.750302872324060122e+00 2.816464295553954833e-01 3.418151578064138448e+04
4.790568272527075955e-01 4.563937225708761147e+00 3.996297220052888566e+00 2.960842429859150693e-01 3.337051882638622192e+04
5.578229290343351687e-01 6.612315980372033941e+00 5.700169963651807059e+00 4.394258159573270484e-01 4.931007995452878095e+04
6.365331115321660738e-01 7.057497898346929865e+00 6.389331635509740259e+00 5.233654797022537775e-01 5.263554125389205728e+04
7.152058371535838788e-01 9.405177308208473974e+00 8.485180078676730631e+00 6.036747972084326452e-01 6.102075475662896497e+04
7.938522421846891941e-01 1.094954376100551663e+01 1.018880262636934297e+01 6.830200894930920086e-01 6.240687802232417016e+04
8.724794443688169698e-01 1.214109613237700813e+01 1.142280722769200629e+01 7.919473357108371969e-01 6.884990404684111127e+04
9.510922062407737299e-01 1.349667559486616852e+01 1.257466031042027943e+01 8.849444626810537562e-01 7.565938314426655415e+04
1.029693835175838679e+00 1.509983046709119314e+01 1.459065280442060519e+01 9.883168806904030212e-01 7.812894461268059968e+04
1.108286699878543891e+00 1.642925478428878350e+01 1.592063756143618214e+01 1.092724067226529483e+00 8.247411818292526004e+04
1.186872541411916560e+00 1.828740855698092105e+01 1.776729220749413329e+01 1.162921701432605426e+00 8.711249691545506357e+04
1.265452668213572940e+00 2.065423206361765196e+01 1.998333857295425275e+01 1.240330876109110081e+00 9.144193646807948244e+04
1.344028082638708543e+00 2.191393958654919416e+01 2.111572955163212839e+01 1.395489751545180068e+00 9.917444854180190305e+04
1.422599565533279709e+00 2.351381578411161044e+01 2.264040458767120612e+01 1.468632364945481328e+00 9.972071878901138552e+04
1.501167734229200246e+00 2.624181775029037667e+01 2.569777134127031815e+01 1.641937890526337096e+00 1.050686246375198825e+05
1.579733083222462531e+00 2.767164874796200280e+01 2.678453470485943200e+01 1.795538039482439174e+00 1.142750839580462780e+05
1.658296013281593151e+00 3.052853348035898762e+01 2.961794930776142110e+01 1.839333345355999905e+00 1.147417762412256852e+05
1.736856852652245875e+00 3.078222761398733809e+01 2.984919877284156442e+01 2.030519940229574605e+00 1.172401019769714039e+05
1.815415872753641580e+00 3.422449859167021202e+01 3.321615070217084309e+01 2.058456601889620874e+00 1.205824611724299757e+05
1.893973299967037560e+00 3.569942696778306157e+01 3.432278508909947590e+01 2.238061023437308172e+00 1.274146878319490061e+05
1.972529324606241641e+00 3.782691750175086298e+01 3.616315766838364709e+01 2.387328171606784455e+00 1.324085814159689180e+05
2.051084107826015579e+00 3.982464310547655373e+01 3.803646588828841146e+01 2.501160193449563085e+00 1.365209890362755395e+05
2.129637787001040561e+00 4.152648155201394076e+01 3.927889841724959297e+01 2.731462515803262381e+00 1.447973555184643774e+05
2.208190479956450680e+00 4.385309886011503977e+01 4.158642714277041108e+01 2.877997698760739187e+00 1.467522552390276978e+05
2.286742288326184092e+00 4.570345901811584355e+01 4.321192267995254355e+01 2.876498555881709329e+00 1.473370700337557937e+05
2.365293300241981811e+00 4.533030156405592237e+01 4.300793503805994078e+01 3.025548663364764135e+00 1.471103690248150670e+05
2.443843592503681883e+00 4.740050663151015442e+01 4.420390503928253167e+01 3.154253865968223991e+00 1.545014326536392618e+05
2.522393232343909553e+00 4.957063083189211028e+01 4.622182528526078471e+01 3.390492039493347320e+00 1.611044126806283020e+05
2.600942278872942381e+00 5.021419509674745996e+01 4.609945745494670177e+01 3.595271270777907535e+00 1.685474662729522097e+05
2.679490784269383141e+00 5.152821259096486273e+01 4.763084914505129319e+01 3.736064288796810740e+00 1.683639115905055369e+05
2.758038794767343038e+00 5.381449518592061310e+01 4.930214759087242982e+01 3.883605903207321575e+00 1.742543246916705393e+05
2.836586351479573942e+00 5.548942999005164722e+01 5.038894051476546565e+01 4.162803039637484659e+00 1.818845848228837713e+05
2.915133491087511963e+00 5.604488449635670833e+01 5.107559796347738512e+01 4.185880358497948706e+00 1.796833990900939680e+05
2.993680246422668834e+00 5.627599515766168281e+01 5.094772642605067148e+01 4.378569178907203430e+00 1.822405765089447668e+05
3.072226646958827967e+00 5.874982328351319438e+01 5.266022485884980142e+01 4.643555949569969421e+00 1.915721542401837651e+05
3.150772719230606977e+00 5.828083700078006046e+01 5.220580853510999475e+01 4.814532557636749033e+00 1.936069080534130335e+05
3.229318487190934395e+00 5.954755122190115202e+01 5.271198342141533288e+01 4.850834893934226066e+00 1.926058637686144502e+05
3.307863972517584905e+00 6.124173594652976504e+01 5.398224564654225333e+01 4.999861486553041523e+00 1.969679857962018868e+05
3.386409194877053608e+00 6.205623612646890308e+01 5.431420615644680083e+01 5.255062535932478518e+00 2.030858917879145301e+05
3.464954172152534095e+00 6.257358315961237594e+01 5.455960281258305855e+01 5.430679240376412586e+00 2.083944995737356949e+05
3.543498920641575456e+00 6.357670528757678596e+01 5.490287254167614606e+01 5.714830939476908789e+00 2.126500435787381430e+05
3.622043455228019404e+00 6.534282282577757428e+01 5.609444753278311424e+01 5.782175058814524427e+00 2.166528717029156687e+05
3.700587789532037597e+00 6.501571722321054381e+01 5.561358918738950052e+01 6.097369116337597816e+00 2.212307746105506085e+05
3.779131936041457696e+00 6.547913521585277863e+01 5.597379447936837948e+01 6.267815538215443461e+00 2.218636443272886972e+05
3.857675906227046259e+00 6.668011230213382134e+01 5.627549411853519246e+01 6.348293449900761942e+00 2.240650698308730207e+05
3.936219710643986680e+00 6.806253961481689885e+01 5.724841961544055380e+01 6.604143540265191348e+00 2.322351858462027449e+05
4.014763359021444877e+00 6.767264078295575302e+01 5.675745099875816635e+01 6.827956263358361255e+00 2.316779932126239000e+05
4.093306860341824560e+00 6.993247581913053068e+01 5.806466728736680949e+01 7.067590780449269694e+00 2.393803798032330233e+05
4.171850222911064776e+00 6.992200923316596572e+01 5.809345721573360066e+01 7.279259583767625941e+00 2.404212730181707884e+05
4.250393454421145911e+00 6.947889447317874101e+01 5.752417754483784051e+01 7.348221359167985689e+00 2.399629532673721842e+05
4.328936562005788247e+00 7.107036114718171405e+01 5.818902009843489509e+01 7.649688410530103511e+00 2.487555734620560543e+05
4.407479552290201497e+00 7.265545999669977562e+01 5.955260275785359170e+01 7.887099187653401344e+00 2.526557295320769772e+05
4.486022431435594982e+00 7.200398347362556706e+01 5.865636087963655854e+01 8.079309199319650858e+00 2.516139553143623343e+05
4.564565205179107465e+00 7.352180309190624996e+01 5.947748970669516666e+01 8.292653738788875017e+00 2.590131872431357915e+05
4.643107878869670024e+00 7.409528393691411452e+01 5.976303131327917129e+01 8.538197955099239067e+00 2.625720160543034435e+05
4.721650457500300213e+00 7.506779345572762452e+01 6.028516480861114246e+01 8.664407088479689989e+00 2.655164042031262652e+05
4.800192945737217443e+00 7.601208838011014279e+01 6.074486558894466270e+01 8.993434326614561769e+00 2.699279483748613275e+05
4.878735347946150824e+00 7.575507922905099178e+01 6.052019268229410187e+01 9.261608127847543059e+00 2.712656802008773666e+05
4.957277668216146793e+00 7.716231918581158311e+01 6.173096701150539189e+01 9.465277375521091940e+00 2.747859114090197254e+05
5.035819910381144737e+00 7.757912184466565009e+01 6.165278343923209547e+01 9.722931594706139435e+00 2.786343065301640308e+05
5.114362078039562221e+00 7.871419027736610019e+01 6.213231398558065166e+01 9.936875667284743585e+00 2.844414904432325275e+05
5.192904174572115394e+00 7.898561819031574771e+01 6.220823182926715589e+01 1.019212809671670961e+01 2.855332353368053446e+05
5.271446203158030919e+00 7.996597558031210440e+01 6.274343875634357914e+01 1.043938147764964519e+01 2.907313627798878588e+05
5.349988166789838573e+00 8.122629578400766093e+01 6.385394593695411203e+01 1.073233786312681914e+01 2.938732794039690052e+05
5.428530068286878674e+00 8.141259351472326955e+01 6.359067301747231937e+01 1.089940933240131571e+01 2.978244114012636710e+05
5.507071910307648643e+00 8.230141250697212740e+01 6.401354246245364266e+01 1.117669061682279441e+01 2.998375412846790859e+05
5.585613695361120179e+00 8.293169904938726233e+01 6.444068263979534095e+01 1.153311649158503371e+01 3.054181851289604092e+05
5.664155425817094525e+00 8.398661721330853425e+01 6.486667711441323547e+01 1.182953640711283860e+01 3.107687025516911526e+05
5.742697103915729961e+00 8.398768200498949454e+01 6.499920995451509498e+01 1.206593977620955194e+01 3.109517788966525113e+05
5.821238731776284148e+00 8.538852081769222480e+01 6.573059952492307900e+01 1.228112432498860862e+01 3.160853230238525430e+05
5.899780311405160127e+00 8.542009377057785002e+01 6.576271471884926711e+01 1.253083093939569004e+01 3.173951457264996134e+05
5.978321844703323507e+00 8.657955742568171331e+01 6.644808695479748906e+01 1.277166024491965857e+01 3.187686444529518485e+05
6.056863333473133437e+00 8.733239241306849010e+01 6.693980834564997906e+01 1.301820453358092777e+01 3.229381324366484769e+05
6.135404779424661115e+00 8.838309087506873141e+01 6.717763576938588699e+01 1.339923776042300041e+01 3.310602007618070929e+05
6.213946184181517118e+00 8.779590081065616403e+01 6.683543934192354641e+01 1.370672233468158652e+01 3.322538238031315268e+05
6.292487549286247983e+00 8.957606205314269232e+01 6.808635093730472931e+01 1.382425288853264789e+01 3.353893217870708322e+05
6.371028876205335756e+00 8.980128929637032797e+01 6.783143574566801703e+01 1.424819223820975900e+01 3.390068230065699317e+05
6.449570166333828070e+00 9.100480175096254243e+01 6.866727890790028255e+01 1.459248870223855832e+01 3.450045532318206388e+05
6.528111420999634262e+00 9.112193104317853454e+01 6.869238678929575315e+01 1.481945735144103438e+01 3.470576123099827673e+05
6.606652641467518627e+00 9.171188613596514472e+01 6.890523652641716978e+01 1.508581378405046003e+01 3.500140414341601427e+05
6.685193828942805006e+00 9.229285210414866469e+01 6.930240388435235843e+01 1.557778209986798146e+01 3.525343885430030059e+05
6.763734984574836240e+00 9.227586559085091267e+01 6.934875789773032295e+01 1.561438340013760318e+01 3.549742917122514336e+05
6.842276109460177835e+00 9.348860611744558469e+01 6.983593341864630588e+01 1.601137152051116530e+01 3.576670455227795173e+05
6.920817204645620890e+00 9.317436658155783391e+01 6.948563546031326155e+01 1.625271078969431571e+01 3.580014492156000342e+05
6.999358271130968312e+00 9.430285800740735169e+01 7.029677719135248992e+01 1.663824343160506558e+01 3.669002382940396783e+05
7.077899309871646949e+00 9.583917306035124284e+01 7.111070217315779018e+01 1.698893815435953769e+01 3.716823843346165377e+05
7.156440321781138536e+00 9.611951391897808605e+01 7.109812832297852481e+01 1.718010442367056356e+01 3.710167552499531885e+05
7.234981307733260536e+00 9.603181811263900158e+01 7.136703612626141080e+01 1.751506729483812208e+01 3.751512594577745767e+05
7.313522268564292439e+00 9.723660988436489561e+01 7.188105918737112177e+01 1.778574680298321553e+01 3.770313331201058463e+05
7.392063205074973276e+00 9.695644538632598142e+01 7.168063908574215759e+01 1.817135104377079458e+01 3.804206149753520149e+05
7.470604118032365015e+00 9.821501894220845941e+01 7.209670967138220021e+01 1.841819216152130423e+01 3.843070069152803626e+05
7.549145008171610272e+00 9.841921010980419737e+01 7.282598884698133190e+01 1.869343849878836394e+01 3.843030250850136508e+05
7.627685876197570103e+00 9.873066095350743865e+01 7.243387933232358478e+01 1.907409811465620209e+01 3.885520941795581602e+05
7.706226722786373884e+00 1.003949537625181563e+02 7.333668588208813333e+01 1.943720750322405166e+01 3.964904172680535121e+05
7.784767548586863484e+00 9.991368812355862872e+01 7.298865996916190113e+01 1.982777247909988816e+01 3.967195820814787294e+05
7.863308354221953955e+00 1.000240771036182821e+02 7.324457305079184266e+01 1.988842762929352403e+01 3.974089962120167911e+05
7.941849140289923170e+00 1.004421894378938447e+02 7.303656621176168073e+01 2.035445875273234506e+01 3.999317625421946868e+05
8.020389907365611748e+00 1.021620312092062051e+02 7.406130731899099828e+01 2.083261237021991263e+01 4.078763519410400768e+05
8.098930656001561701e+00 1.028443369043189790e+02 7.465286639171858951e+01 2.104897279068403293e+01 4.106406449591140845e+05
8.177471386729090241e+00 1.026414686553176665e+02 7.436735427515658614e+01 2.142247782449669913e+01 4.108003999056991306e+05
8.256012100059292536e+00 1.032948195066052790e+02 7.467111649576861510e+01 2.182509802929175535e+01 4.151906215126639581e+05
8.334552796484000936e+00 1.032858718556967972e+02 7.447737541830106522e+01 2.200175640149701550e+01 4.146823401646311395e+05
8.413093476476680266e+00 1.043216407742726801e+02 7.485443212070302366e+01 2.239796776713081528e+01 4.222821787675967207e+05
8.491634140493276917e+00 1.043191955393402850e+02 7.503258372362107309e+01 2.277687058293828315e+01 4.230091191414286150e+05
8.570174788973028868e+00 1.053401151273208711e+02 7.563122421246166027e+01 2.309561458578564697e+01 4.254930434239734313e+05
8.648715422339215309e+00 1.062989853801214082e+02 7.618446051057371449e+01 2.343849748407295408e+01 4.316418410089337849e+05
8.727256040999876063e+00 1.061108723418578421e+02 7.586982399562886314e+01 2.381487147239725033e+01 4.327422737857902539e+05
8.805796645348495488e+00 1.066079403547108768e+02 7.620627590328960821e+01 2.415859403405045569e+01 4.362365672585228458e+05
8.884337235764643737e+00 1.072476580807113180e+02 7.666711736850652414e+01 2.444690280954874595e+01 4.380413681458861101e+05
8.962877812614589601e+00 1.075048152051978718e+02 7.673704843888427263e+01 2.493506097763908258e+01 4.384801817903284100e+05
9.041418376251867173e+00 1.081901281577445531e+02 7.657237363320467693e+01 2.539669010399973814e+01 4.459672647690511658e+05
9.119958927017840722e+00 1.090230355428796827e+02 7.732366457894246992e+01 2.559754858360965457e+01 4.472391335217704764e+05
9.198499465242209183e+00 1.096521412802265303e+02 7.771959495411597629e+01 2.593393500717625955e+01 4.506108624128964730e+05
9.277039991243508865e+00 1.094180012087927025e+02 7.751094602215474083e+01 2.620968321773104392e+01 4.527272966791824438e+05
9.355580505329580632e+00 1.098454304177310092e+02 7.720902798127146127e+01 2.683083677239781295e+01 4.568793371130371233e+05
9.434121007798012215e+00 1.099157015254091618e+02 7.742031890640105019e+01 2.703487339478411755e+01 4.569331896521890303e+05
9.512661498936562765e+00 1.104088599132636261e+02 7.772280259935250513e+01 2.749423119913292268e+01 4.604570726851799409e+05
9.591201979023569635e+00 1.114094965186080799e+02 7.846971302885468447e+01 2.786260615795328022e+01 4.648888702015730087e+05
9.669742448328321416e+00 1.118546968522982326e+02 7.845345397271906052e+01 2.806357656072637852e+01 4.674251055604764260e+05
9.748282907111432749e+00 1.121531983304671485e+02 7.856239787086646231e+01 2.846373805739603213e+01 4.717343979770481237e+05
9.826823355625185386e+00 1.115797504458374050e+02 7.809712505002950422e+01 2.886965717289739786e+01 4.709827236317222705e+05
9.905363794113858589e+00 1.124647962682123818e+02 7.854723733041899436e+01 2.931079779810047015e+01 4.763938891973815043e+05
9.983904222814045326e+00 1.134283725726224361e+02 7.890393741983241682e+01 2.978677798053781700e+01 4.804934202287109219e+05
1.006244464195495070e+01 1.135282637489352169e+02 7.899494281452783184e+01 3.012597692561939056e+01 4.808877538089790032e+05
1.014098505175868148e+01 1.134557382322657020e+02 7.884652242618177809e+01 3.046061237213602624e+01 4.839424582449632580e+05
1.021952545244051613e+01 1.141101111517438227e+02 7.929471692958701112e+01 3.081765403441961837e+01 4.869556320414544316e+05
1.029806584420916415e+01 1.141340071288210396e+02 7.890515369693753200e+01 3.125462688209318429e+01 4.910918567810981185e+05
1.037660622726701654e+01 1.146140504228412027e+02 7.927838815891563229e+01 3.157853028591897271e+01 4.927490536508410005e+05
1.045514660181038380e+01 1.149679141880860556e+02 7.959202752100731004e+01 3.196106891825963814e+01 4.954878714013613644e+05
1.053368696802971982e+01 1.154914147012087682e+02 7.960751104560195301e+01 3.252190594811528968e+01 4.959157152657987317e+05
1.061222732610984210e+01 1.164096855370196408e+02 7.998597483815436249e+01 3.296156071706905522e+01 5.043737056767981849e+05
1.069076767623013779e+01 1.163728790096892283e+02 7.995116075081375584e+01 3.330384687703929814e+01 5.059917377717825584e+05
1.076930801856475739e+01 1.165448758660886313e+02 7.994352638852423354e+01 3.348918103248064426e+01 5.070144406199653167e+05
1.084784835328281005e+01 1.172261129396778756e+02 8.020953041236641923e+01 3.402821451903609784e+01 5.107454035709710442e+05
1.092638868054854306e+01 1.173556592663315996e+02 8.053583357347125116e+01 3.429960047563211134e+01 5.111880827038629795e+05
1.100492900052151413e+01 1.177128672895378259e+02 8.044418694218173016e+01 3.477546681434500897e+01 5.158149734647038858e+05
1.108346931335675833e+01 1.180842569937322679e+02 8.060759892880432176e+01 3.521246541243557004e+01 5.182188795200333116e+05
1.116200961920494805e+01 1.185778944831332353e+02 8.073778639201222518e+01 3.580281322131676802e+01 5.214366642348117894e+05
1.124054991821254212e+01 1.185809741723991237e+02 8.087732695603759225e+01 3.613362420408698483e+01 5.232539962801999063e+05
1.131909021052193687e+01 1.190384429692029897e+02 8.096819391499059293e+01 3.653592036664555565e+01 5.275527720196449663e+05
1.139763049627160285e+01 1.191628385183166472e+02 8.120860021806369389e+01 3.700182473503532066e+01 5.289800842343973927e+05
1.147617077559622167e+01 1.192868142150543207e+02 8.077134351148207259e+01 3.742194840259257660e+01 5.339959693662810605e+05
1.155471104862680853e+01 1.197718088500793812e+02 8.133104604743411414e+01 3.784777866289035586e+01 5.345629756560740061e+05
1.163325131549084368e+01 1.197125066667301638e+02 8.124776881961240349e+01 3.816621476480155195e+01 5.351063841764365789e+05
1.171179157631238787e+01 1.203103133520874195e+02 8.123282773629739495e+01 3.859489645337453112e+01 5.403727485297503881e+05
1.179033183121219608e+01 1.209372670644438159e+02 8.160617583504279082e+01 3.892931113694574918e+01 5.429733020810157759e+05
1.186887208030782759e+01 1.206162045800364808e+02 8.178501911876604424e+01 3.935421300407037393e+01 5.436807532287737122e+05
1.194741232371374728e+01 1.209735897491949572e+02 8.152075180570599855e+01 4.007875877356863725e+01 5.495816336998683400e+05
1.202595256154143222e+01 1.209990766859241802e+02 8.165489639629626595e+01 4.017700181531503745e+01 5.490495972098208731e+05
1.210449279389946753e+01 1.217650388694309385e+02 8.179012870352329401e+01 4.084955370944663855e+01 5.539167987846478354e+05
1.218303302089363527e+01 1.216994350254555712e+02 8.175347519156127873e+01 4.130252192615761686e+01 5.561623895387863740e+05
1.226157324262700676e+01 1.224315662231954605e+02 8.191546143900993115e+01 4.179883959358527079e+01 5.604934796259063296e+05
1.234011345920003322e+01 1.224955221563791810e+02 8.223962589385301669e+01 4.217229554068957498e+01 5.615311498313888442e+05
1.241865367071062565e+01 1.228883339655654225e+02 8.244593327085158307e+01 4.278421035079249179e+01 5.641725952193838311e+05
1.249719387725422415e+01 1.228266471729412075e+02 8.203600211291914945e+01 4.315026228503619166e+01 5.676609035051268293e+05
1.257573407892389383e+01 1.232251430575185225e+02 8.225604870029050630e+01 4.359778051300465052e+01 5.707634956383907702e+05
1.265427427581038877e+01 1.230460827960756518e+02 8.203456307401725667e+01 4.397957212807997252e+01 5.726850939029721776e+05
1.273281446800221772e+01 1.237389917146293215e+02 8.219915286938946508e+01 4.468788789011282603e+01 5.771379114807298174e+05
1.281135465558572584e+01 1.239191597058529908e+02 8.251412460741507005e+01 4.496568509321188145e+01 5.793888343765765894e+05
1.288989483864514796e+01 1.243797315055739574e+02 8.287706475295827602e+01 4.543651727980925870e+01 5.814855685252856929e+05
1.296843501726268322e+01 1.240525465322154446e+02 8.260272416446531452e+01 4.577494872674065363e+01 5.833581328657848062e+05
1.304697519151855190e+01 1.241648387719317270e+02 8.263769816449284633e+01 4.621890117916240115e+01 5.841098666971969651e+05
1.312551536149104692e+01 1.248400732749097273e+02 8.262211885316411042e+01 4.684404008364755612e+01 5.924935672304304317e+05
1.320405552725660492e+01 1.248675131706460348e+02 8.280616841271428541e+01 4.732358104136172017e+01 5.923685394320172491e+05
1.328259568888985243e+01 1.256159356385402219e+02 8.300897271825081702e+01 4.779924566883718740e+01 5.964955507692788960e+05
1.336113584646366270e+01 1.257368997718593988e+02 8.289714762755349398e+01 4.820278970310010180e+01 5.989454188335832441e+05
1.343967600004920548e+01 1.253449056225526874e+02 8.292689006191757528e+01 4.859555720535342260e+01 6.002539858225224307e+05
1.351821614971599317e+01 1.261553792485571108e+02 8.310405617033627834e+01 4.939613102549761692e+01 6.049251113568772562e+05
1.359675629553193588e+01 1.260739844463784749e+02 8.344378536403776536e+01 4.976114984798689278e+01 6.050387239392554620e+05
1.367529643756338231e+01 1.263286007870276109e+02 8.333798082166981658e+01 5.019552233718701473e+01 6.087596491678308230e+05
1.375383657587516595e+01 1.265486552648697369e+02 8.351079225418762064e+01 5.078955932254041983e+01 6.096499963928073412e+05
1.383237671053064766e+01 1.264616330673983384e+02 8.325833739448994208e+01 5.131327764965757865e+01 6.117950835358037148e+05
1.391091684159175834e+01 1.272223922246720065e+02 8.346760630198934905e+01 5.182321403781746483e+01 6.181416985337856459e+05
1.398945696911903269e+01 1.273176471754619712e+02 8.368328415433995815e+01 5.237507021871503099e+01 6.217709000106280437e+05
1.406799709317166069e+01 1.273113359600075114e+02 8.383057293983138436e+01 5.267063504046534916e+01 6.213986184493312612e+05
1.414653721380751428e+01 1.276766855578378284e+02 8.383500013686810348e+01 5.330840523352317462e+01 6.261466049142179545e+05
1.422507733108318817e+01 1.281733172171790329e+02 8.390708195868592156e+01 5.373608583529637883e+01 6.303013846464594826e+05
1.430361744505403543e+01 1.282682603226431297e+02 8.405700021414072864e+01 5.438783836659373350e+01 6.339383993420694023e+05
1.438215755577419586e+01 1.277835806668223313e+02 8.373616249325395700e+01 5.456970361442993322e+01 6.343960851955591934e+05
1.446069766329663686e+01 1.287458663478521430e+02 8.409153219737726204e+01 5.533031997078844455e+01 6.384741157029122114e+05
1.453923776767318010e+01 1.288936715071053243e+02 8.421675863076322344e+01 5.586500047016807713e+01 6.404897342921857489e+05
1.461777786895453346e+01 1.288062528806519822e+02 8.419451341556747082e+01 5.631371769086310763e+01 6.424048781002376927e+05
1.469631796719032302e+01 1.290076817726105105e+02 8.415724146552997809e+01 5.697011936682240218e+01 6.477950178955266019e+05
1.477485806242911437e+01 1.292787268469861601e+02 8.432390802479321223e+01 5.740973346684786094e+01 6.479548212154299254e+05
1.485339815471844993e+01 1.295527693547511774e+02 8.444825211233049345e+01 5.789531233604071048e+01 6.526882417350239120e+05
1.493193824410487203e+01 1.295283472811296122e+02 8.469215769450242703e+01 5.850775555466931621e+01 6.549784062175550498e+05
1.501047833063394421e+01 1.300667076781968490e+02 8.467918541318259429e+01 5.919794311481525284e+01 6.589593832960787695e+05
1.508901841435028857e+01 1.301152560473359756e+02 8.481864624947120035e+01 5.955573500064365788e+01 6.595756156517370837e+05
1.516755849529759992e+01 1.307264627134718751e+02 8.540801616144467800e+01 5.988117157758779285e+01 6.626581551928966073e+05
1.524609857351867070e+01 1.309706574792285494e+02 8.516146914718055427e+01 6.084622509054816675e+01 6.653360587834009202e+05
1.532463864905541762e+01 1.309328255120564108e+02 8.513943401618732310e+01 6.120023403025366804e+01 6.677194000552634243e+05
1.540317872194890292e+01 1.310693202068972028e+02 8.495904756721286333e+01 6.188417455596602679e+01 6.741984500745990081e+05
1.548171879223935399e+01 1.315784198523245720e+02 8.527602550930885172e+01 6.267851803323184612e+01 6.770903303025199566e+05
1.556025885996618996e+01 1.315766666664721924e+02 8.512771428841429611e+01 6.317382729542197239e+01 6.799328467376349727e+05
1.563879892516803238e+01 1.319750896823954065e+02 8.524636567351842587e+01 6.353913256992390046e+01 6.816553428314386401e+05
1.571733898788273187e+01 1.320467565797354439e+02 8.552128365635901730e+01 6.420544231223479414e+01 6.867547893878789619e+05
1.579587904814739119e+01 1.319081710791971318e+02 8.576053802976042562e+01 6.491780815373358848e+01 6.875222829057347262e+05
1.587441910599837769e+01 1.322922999432416589e+02 8.579042493054377871e+01 6.551333901763031520e+01 6.914073924686793471e+05
1.595295916147133575e+01 1.336583037470964825e+02 8.606095329331600396e+01 6.624812118271931638e+01 7.003270710796106141e+05
1.603149921460121874e+01 1.328909998994360251e+02 8.594694703732469065e+01 6.668774932341820261e+01 6.989202731414750451e+05
1.611003926542229436e+01 1.333541590107777779e+02 8.613940116890779564e+01 6.746880010524444060e+01 7.020737132947840728e+05
1.618857931396816596e+01 1.335872005431916989e+02 8.628333501104350489e+01 6.808981958565026105e+01 7.072016948853346985e+05
1.626711936027179561e+01 1.341982835796925713e+02 8.637241223137377233e+01 6.861998786089803559e+01 7.116697594453244237e+05
1.634565940436549525e+01 1.340925092152501179e+02 8.647415324347747401e+01 6.923943697655259655e+01 7.142150704967518104e+05
1.642419944628097639e+01 1.344633132857721876e+02 8.639647704072905299e+01 6.958864618432997418e+01 7.167653287247320404e+05
1.650273948604932883e+01 1.341115000233628507e+02 8.641601838354112886e+01 7.028126329028468433e+01 7.180720192496259697e+05
1.658127952370107394e+01 1.347766073826413731e+02 8.670370870970803878e+01 7.111640714197055502e+01 7.219850783311770065e+05
1.665981955926614333e+01 1.348891657190522722e+02 8.698189007452076282e+01 7.155760841919649806e+01 7.262649199419216020e+05
1.673835959277390728e+01 1.352559073473480566e+02 8.727127441755428094e+01 7.230170376721953573e+01 7.322689832166812848e+05
1.681689962425318896e+01 1.355619422189808461e+02 8.724156831286126135e+01 7.297535759695766444e+01 7.347026929772425210e+05
1.689543965373228218e+01 1.361715206387052888e+02 8.768235187687533028e+01 7.379077483058870257e+01 7.381073081297345925e+05
1.697397968123895495e+01 1.355874144583096665e+02 8.769254150522297664e+01 7.403710125155294008e+01 7.392791212969083572e+05
1.705251970680045304e+01 1.368812430544132326e+02 8.779770602278954073e+01 7.492696612208000317e+01 7.466007576473337831e+05
1.713105973044353902e+01 1.365414663818261829e+02 8.770854004824022354e+01 7.559437246203508209e+01 7.476143831896497868e+05
1.720959975219447102e+01 1.366907886802711403e+02 8.781002417520360837e+01 7.612607639079497801e+01 7.520389518263916252e+05
1.728813977207903463e+01 1.370257974463644928e+02 8.826436388303994818e+01 7.678391631030811482e+01 7.566014140034229495e+05
1.736667979012256424e+01 1.378276059096964161e+02 8.848579709272615901e+01 7.751552369592283753e+01 7.600285381769329542e+05
1.744521980634991110e+01 1.381899384016555530e+02 8.873871722839854215e+01 7.812898367232587304e+01 7.642055873590406263e+05
1.752375982078550365e+01 1.381717157963297495e+02 8.888824757840585278e+01 7.891394519911344219e+01 7.668105187806284521e+05
1.760229983345331917e+01 1.382429848478071506e+02 8.915912904413463025e+01 7.949267820284077857e+01 7.697007641278930241e+05
1.768083984437692635e+01 1.391351483063377543e+02 8.957458564137671431e+01 8.023814414284224483e+01 7.776406521748033119e+05
1.775937985357945692e+01 1.394733477749371104e+02 8.946894355627381401e+01 8.097628058586768418e+01 7.807598715775446035e+05
1.783791986108364824e+01 1.391514374374200713e+02 8.982021745187685724e+01 8.163030318295810162e+01 7.840043751376292203e+05
1.791645986691183268e+01 1.401876234170966598e+02 9.006369958143592669e+01 8.278056438248358972e+01 7.908402170262893196e+05
1.799499987108595889e+01 1.402409381082628386e+02 9.029615454908109484e+01 8.325967170852243271e+01 7.923040073600988835e+05
1.807353987362759185e+01 1.407030130263168815e+02 9.035915195657122467e+01 8.386330565735144660e+01 7.976073623281451873e+05
1.815207987455791638e+01 1.411557787645660369e+02 9.083335460850489085e+01 8.467543848501173898e+01 8.024472716689696535e+05
1.823061987389775851e+01 1.414322724453249407e+02 9.091830344472580805e+01 8.540347896888641799e+01 8.072751909702919656e+05
1.830915987166758541e+01 1.421213148871065641e+02 9.134084421230741668e+01 8.608368991255622404e+01 8.110929377614759142e+05
1.838769986788751964e+01 1.424894714057301996e+02 9.143471030414475820e+01 8.709396405682149123e+01 8.161337815331646707e+05
1.846623986257733563e+01 1.431594109410237934e+02 9.163513912509380077e+01 8.786132776348210882e+01 8.213654696318912320e+05
1.854477985575647381e+01 1.437811392210307133e+02 9.239080713691001279e+01 8.846963521190609470e+01 8.278597663049569819e+05
1.862331984744404423e+01 1.437837508904767105e+02 9.244894820138551950e+01 8.927923307383008478e+01 8.305500211425535381e+05
1.870185983765884075e+01 1.439670872883104948e+02 9.280421863508277625e+01 8.998381885725564189e+01 8.328992523184347665e+05
1.878039982641934458e+01 1.446366006207931889e+02 9.304104482525555397e+01 9.078033867958414760e+01 8.408575676466865698e+05
1.885893981374372075e+01 1.450052452957492335e+02 9.324987665556751892e+01 9.158411433911693678e+01 8.435124406740888953e+05
1.893747979964983941e+01 1.457715671827029098e+02 9.343684856749030132e+01 9.240635033691118849e+01 8.516277476528642001e+05
1.901601978415527228e+01 1.462286639441362865e+02 9.380344954881360309e+01 9.329987058815450496e+01 8.551336662567359162e+05
1.909455976727730331e+01 1.465314605443822984e+02 9.430754703840067066e+01 9.415613899788600349e+01 8.592500599714653799e+05
1.917309974903293579e+01 1.472408673674706279e+02 9.453650129339845876e+01 9.534131525356762893e+01 8.680869354333509691e+05
1.925163972943889235e+01 1.480099754302223687e+02 9.480479914817276210e+01 9.614892084314097076e+01 8.725575840534192976e+05
1.933017970851161849e+01 1.484201004048962034e+02 9.535463443688213658e+01 9.681530545592347892e+01 8.771033362633289071e+05
1.940871968626730748e+01 1.486187946414661951e+02 9.581984582745771206e+01 9.756401822430733262e+01 8.811784907158322167e+05
1.948725966272188259e+01 1.499409078005146227e+02 9.625846862770656287e+01 9.842447273202154179e+01 8.904181277799895033e+05
1.956579963789100773e+01 1.502273897101509021e+02 9.664933233592125816e+01 9.926306234238377613e+01 8.929896202050611610e+05
1.964433961179010524e+01 1.510780757303377015e+02 9.717846533874828197e+01 9.999357849332413650e+01 9.010286586472139461e+05
1.972287958443434519e+01 1.516056358461537741e+02 9.743198137895537059e+01 1.009891706058077574e+02 9.054624638010431081e+05
1.980141955583865965e+01 1.522795006812326335e+02 9.797959911579381753e+01 1.021442176843075913e+02 9.118853879180528456e+05
1.987995952601774619e+01 1.527251667764855938e+02 9.839101329337090363e+01 1.030690513565925670e+02 9.171623768198685721e+05
1.995849949498606790e+01 1.535538200861816165e+02 9.897763455193769744e+01 1.042308160256106504e+02 9.222864386215260020e+05
2.003703946275786052e+01 1.543952577693817148e+02 9.912079143889479838e+01 1.045460055104928614e+02 9.294890736936756875e+05
2.011557942934713950e+01 1.545607084291475530e+02 9.966679759685818851e+01 1.053006285285524228e+02 9.364030290024847491e+05
2.019411939476770712e+01 1.546715659027359777e+02 1.001239535242611822e+02 1.062485455811047927e+02 9.385266503279565368e+05
2.027265935903314542e+01 1.554793343912646719e+02 1.001415192139675980e+02 1.073907380621742647e+02 9.448813683396063279e+05
2.035119932215682326e+01 1.554258609875761294e+02 1.003721643272429986e+02 1.081119566718911926e+02 9.483613592166414019e+05
2.042973928415191054e+01 1.557450945881344069e+02 1.003471777017619644e+02 1.089590827472620020e+02 9.513315205178823089e+05
2.050827924503137467e+01 1.559412043097191258e+02 1.005140628639241243e+02 1.094673980898849379e+02 9.580976609737152467e+05
2.058681920480798766e+01 1.561853303863402687e+02 1.006489423634253200e+02 1.103234007558438634e+02 9.604566522713216254e+05
2.066535916349431901e+01 1.562351500999180303e+02 1.009192974172414523e+02 1.113100672594023024e+02 9.634114400176540948e+05
2.074389912110275347e+01 1.563197153001219135e+02 1.008502975769465024e+02 1.120274206605133998e+02 9.686888076601442881e+05
2.082243907764548752e+01 1.565866393881105694e+02 1.015084448946161899e+02 1.131580498904203012e+02 9.731879337309936527e+05
2.090097903313453642e+01 1.569359149723905205e+02 1.015171403949973126e+02 1.136582682697724920e+02 9.781391776469751494e+05
2.097951898758173783e+01 1.570929226740142326e+02 1.019157087496511451e+02 1.149954751841754899e+02 9.841860590510119218e+05
2.105805894099874109e+01 1.572367246102004970e+02 1.018325673066629804e+02 1.155213340582217540e+02 9.843778733008421259e+05
2.113659889339703568e+01 1.576358229657421361e+02 1.020462099134749963e+02 1.165441254163643947e+02 9.919962313059944427e+05
2.121513884478793344e+01 1.577477067191088054e+02 1.020156935714544488e+02 1.175130001746571082e+02 9.958027906381872017e+05
2.129367879518258277e+01 1.575387061733348446e+02 1.022423497223738593e+02 1.181271546236197594e+02 9.993740399397463771e+05
2.137221874459196869e+01 1.582026776279118394e+02 1.026040555084566819e+02 1.191012792049709930e+02 1.004193022299376316e+06
2.145075869302691274e+01 1.583451689909338427e+02 1.027286656193370220e+02 1.199355372581459989e+02 1.010220302945068222e+06
2.152929864049807307e+01 1.585233452508688572e+02 1.029332794051333622e+02 1.209227040041995593e+02 1.015533706736973254e+06
2.160783858701596571e+01 1.579979045263735600e+02 1.033175850949663044e+02 1.212493974149227114e+02 1.012063945983398240e+06
2.168637853259094683e+01 1.592269273128184466e+02 1.035467437221266493e+02 1.227481532744253201e+02 1.019512829269951908e+06
2.176491847723321982e+01 1.590515383550084607e+02 1.036885873962746700e+02 1.236369694985660459e+02 1.026650630090777064e+06
2.184345842095285306e+01 1.589763399351863313e+02 1.039691298645417135e+02 1.238231403883173272e+02 1.027491459711941192e+06
2.192199836375975508e+01 1.596758487800671844e+02 1.043359234339397545e+02 1.246873042356566970e+02 1.033788904598821304e+06
2.200053830566371005e+01 1.597190063587721056e+02 1.041384381966393136e+02 1.261279913385275790e+02 1.041297026177345775e+06
2.207907824667434582e+01 1.597141772904579113e+02 1.047439537595844143e+02 1.267658309851327658e+02 1.042744440479535959e+06
2.215761818680116590e+01 1.601897375017739193e+02 1.046820407913116782e+02 1.280285617902601700e+02 1.050025662106362171e+06
2.223615812605353526e+01 1.607395689373738605e+02 1.051751615425226731e+02 1.294053556452128078e+02 1.056563227994852467e+06
2.231469806444068738e+01 1.604588013488372269e+02 1.054616714294612194e+02 1.294688867524701550e+02 1.056811441171900835e+06
2.239323800197172432e+01 1.609012580175158291e+02 1.057700494872876220e+02 1.304212064973387442e+02 1.061874076733862748e+06
2.247177793865562023e+01 1.613013620940936619e+02 1.058324559054816945e+02 1.313928176841417610e+02 1.068372489872838603e+06
2.255031787450123204e+01 1.611640193332701472e+02 1.059914181888532738e+02 1.325200604746395356e+02 1.069734745351796038e+06
2.262885780951728165e+01 1.615962583172991742e+02 1.063395513900800893e+02 1.333295343670138493e+02 1.076702211354626110e+06
2.270739774371238440e+01 1.621279722491121902e+02 1.068090423486726905e+02 1.342782205724550408e+02 1.081329132316685282e+06
2.278593767709502771e+01 1.622951457907698796e+02 1.069816742374728875e+02 1.350756432780490286e+02 1.086444276667873841e+06
2.286447760967358178e+01 1.621980511898132704e+02 1.068592762991040530e+02 1.358990763553470913e+02 1.089069932377454126e+06
2.294301754145629957e+01 1.627808018583586716e+02 1.075597412459385396e+02 1.373034756351944452e+02 1.097245192586258752e+06
2.302155747245133455e+01 1.633281518773418099e+02 1.077017730415062289e+02 1.378246427879815030e+02 1.101791730980630964e+06
2.310009740266672296e+01 1.630989941236938989e+02 1.081491188842463771e+02 1.387033455284260697e+02 1.106706843058671569e+06
2.317863733211038380e+01 1.638286272984635161e+02 1.083156056560963236e+02 1.398741532351102421e+02 1.111373454983441159e+06
2.325717726079013303e+01 1.639273444162461146e+02 1.089080861702737053e+02 1.410034863444367090e+02 1.117905533681111177e+06
2.333571718871368716e+01 1.640133296498099185e+02 1.091126041392214745e+02 1.421571419946151309e+02 1.121323906293809880e+06
2.341425711588865965e+01 1.650947759643066206e+02 1.094786224099189837e+02 1.435791953398768044e+02 1.129284551554489182e+06
2.349279704232255384e+01 1.644723704698438382e+02 1.097661620769459603e+02 1.441151554419716945e+02 1.131367103003809461e+06
2.357133696802278067e+01 1.653470389911840073e+02 1.101318768435680653e+02 1.451852216666405582e+02 1.139590916772148339e+06
2.364987689299664453e+01 1.655183868525399191e+02 1.105640386227739498e+02 1.451407575050254763e+02 1.142136874158076942e+06
2.372841681725136453e+01 1.651366486009769687e+02 1.108815385939859652e+02 1.470245005853508360e+02 1.145123872679660330e+06
2.380695674079405322e+01 1.660481570826256075e+02 1.111780940081558100e+02 1.479738626630591511e+02 1.151991941595359240e+06
2.388549666363174140e+01 1.663054961373547940e+02 1.111321921554604160e+02 1.488910278711517208e+02 1.157626825332495384e+06
2.396403658577134976e+01 1.675962853876615384e+02 1.120998485542554874e+02 1.507372819262836856e+02 1.164957274872530950e+06
2.404257650721972439e+01 1.666494167043663310e+02 1.123788723667510254e+02 1.512544919474020730e+02 1.165159205886207055e+06
2.412111642798362254e+01 1.670213391335508106e+02 1.127817164878877065e+02 1.516349866465083096e+02 1.171002499185065040e+06
2.419965634806970556e+01 1.676759607392831128e+02 1.131215539691264951e+02 1.529816413246313118e+02 1.178606747896111570e+06
2.427819626748454596e+01 1.686055703754225306e+02 1.137369841424258397e+02 1.541426832900347392e+02 1.185790034301375272e+06
2.435673618623464520e+01 1.688634677527554970e+02 1.131564223282646680e+02 1.556218726974818765e+02 1.192537147172657540e+06
2.443527610432640529e+01 1.695916924299315269e+02 1.140274561533373117e+02 1.562450941916230249e+02 1.199330374242052902e+06
2.451381602176616425e+01 1.688222619817442478e+02 1.146380788993992752e+02 1.577625922192081305e+02 1.201825981966620078e+06
2.459235593856016067e+01 1.700332869937054738e+02 1.146333439147271349e+02 1.588462904330770300e+02 1.209652490598574746e+06
2.467089585471456203e+01 1.699940668408971760e+02 1.154485281027526469e+02 1.598945842517428275e+02 1.212154543114661239e+06
2.474943577023546126e+01 1.707119808735962465e+02 1.155308162512029213e+02 1.610566666003682030e+02 1.225362653360381257e+06
2.482797568512887310e+01 1.709018802569810305e+02 1.164358283430572243e+02 1.618897034941851985e+02 1.226306276741772424e+06
2.490651559940072346e+01 1.717671762655486134e+02 1.166665685921720268e+02 1.637751189716681495e+02 1.234403364583362360e+06
2.498505551305688144e+01 1.715985365704382843e+02 1.168271250193719908e+02 1.641734680892099334e+02 1.241698419222869445e+06
2.506359542610313440e+01 1.727731382325594325e+02 1.176761622900350943e+02 1.657758844581089761e+02 1.248971220900636865e+06
2.514213533854519511e+01 1.726050315347354172e+02 1.180566479737986896e+02 1.662724071958640479e+02 1.251485813186005922e+06
2.522067525038871239e+01 1.735002078915913728e+02 1.186231224559695079e+02 1.680151088632264589e+02 1.262336416918785078e+06
2.529921516163925688e+01 1.736060244624402742e+02 1.186215726548801541e+02 1.687630134661592933e+02 1.266974076523962896e+06
2.537775507230233529e+01 1.739374087497065773e+02 1.196331475236812310e+02 1.699012530133545624e+02 1.270517593125315849e+06
2.545629498238338684e+01 1.745161577898157930e+02 1.200723982332121551e+02 1.712542283231029501e+02 1.275357743981315056e+06
2.553483489188777966e+01 1.759864006387201414e+02 1.202726495090459053e+02 1.728162100719447096e+02 1.288942980172463926e+06
2.561337480082082152e+01 1.762180655150081350e+02 1.213011143466618762e+02 1.735158645810513178e+02 1.287557011243724730e+06
2.569191470918774911e+01 1.758918000312516199e+02 1.211528638994933402e+02 1.750497692454372896e+02 1.297749186556901084e+06
2.577045461699373874e+01 1.769813187914021739e+02 1.215889579826634019e+02 1.761613544252089127e+02 1.306037967056434136e+06
2.584899452424390631e+01 1.776398677995653372e+02 1.225607247641885778e+02 1.778034662212868398e+02 1.314927219208677299e+06
2.592753443094329668e+01 1.787190765142190116e+02 1.225662070523655700e+02 1.788178659525157741e+02 1.320946074936303543e+06
2.600607433709690852e+01 1.783170638400221719e+02 1.232989459223264532e+02 1.794130783624446224e+02 1.322673341329827672e+06
2.608461424270966944e+01 1.779178228864024049e+02 1.236717850710823257e+02 1.803497517464895168e+02 1.324907357106756652e+06
2.616315414778644310e+01 1.789820572785480124e+02 1.245470119353366414e+02 1.820764765053936287e+02 1.334327808550715214e+06
2.624169405233205055e+01 1.795117981714419102e+02 1.249762453513284868e+02 1.833681680511348020e+02 1.341546153754544910e+06
2.632023395635124174e+01 1.806341991615017264e+02 1.256756975714462783e+02 1.852694383385012884e+02 1.352811615389248123e+06
2.639877385984871694e+01 1.809617778183241796e+02 1.263584398988900830e+02 1.860178923175962495e+02 1.360186662362323608e+06
2.647731376282911953e+01 1.815224358865426098e+02 1.265495295224471590e+02 1.869691042922293889e+02 1.364597876867158338e+06
2.655585366529703606e+01 1.819570987944565843e+02 1.267572456557617500e+02 1.888231191388939010e+02 1.377818567952666199e+06
2.663439356725699980e+01 1.830317580374923523e+02 1.279631830728284285e+02 1.898503036500591463e+02 1.379499964436380891e+06
2.671293346871349428e+01 1.831577294999523815e+02 1.283184013443052152e+02 1.914808439746489910e+02 1.386770048600753071e+06
2.679147336967094617e+01 1.838984534273144504e+02 1.288080684525473316e+02 1.924004637775961726e+02 1.398186972312301164e+06
2.687001327013372531e+01 1.845535206802085781e+02 1.291439522667516826e+02 1.942434612226906836e+02 1.402661309830662329e+06
2.694855317010616602e+01 1.849865389496404191e+02 1.298254866910088197e+02 1.953242770944157769e+02 1.414973833098718664e+06
2.702709306959254221e+01 1.849282533674703473e+02 1.307988224210166948e+02 1.957226764046269238e+02 1.412705219946471741e+06
2.710563296859707094e+01 1.861382116511821607e+02 1.309841718031820790e+02 1.981978801335923208e+02 1.418766290197653463e+06
2.718417286712393377e+01 1.861090806536345212e+02 1.314075158993860839e+02 1.987165288457800898e+02 1.427343702233290067e+06
2.726271276517725894e+01 1.870791557431527394e+02 1.319057165272410259e+02 1.997047438205393917e+02 1.440709364830858773e+06
2.734125266276112498e+01 1.867121644472051116e+02 1.328426788231761861e+02 2.010312474065696051e+02 1.436708566174915759e+06
2.741979255987956776e+01 1.887029350535781589e+02 1.334236825879548860e+02 2.036644845833815793e+02 1.456746279756303411e+06
2.749833245653658054e+01 1.880547273529854522e+02 1.333480693150901004e+02 2.044603970648863367e+02 1.462129972417303827e+06
2.757687235273609616e+01 1.890762715161161225e+02 1.340224867008824390e+02 2.060507133317190664e+02 1.468765128042224096e+06
2.765541224848202262e+01 1.885465422089549179e+02 1.337097041094536394e+02 2.058155210193225173e+02 1.473747366962406086e+06
2.773395214377820395e+01 1.902536912171694041e+02 1.351783652695135061e+02 2.074159452433663375e+02 1.485271137734621065e+06
2.781249203862845576e+01 1.892754759547472645e+02 1.352038744460633382e+02 2.081577618622800685e+02 1.485703147897856310e+06
2.789103193303654038e+01 1.892679538177339680e+02 1.364510830762219769e+02 2.095638501865069259e+02 1.486133220588565106e+06
2.796957182700618816e+01 1.903129969994096200e+02 1.359540924102948338e+02 2.119040366368911350e+02 1.502346750051503070e+06
2.804811172054107615e+01 1.906166099637298714e+02 1.366161006190762066e+02 2.125516809945384296e+02 1.500788016046902863e+06
2.812665161364485655e+01 1.915187008565376914e+02 1.371134523121775715e+02 2.133307744891027369e+02 1.519589932247364195e+06
2.820519150632112115e+01 1.907746805963585359e+02 1.377870364970121955e+02 2.160154441295036634e+02 1.520405518006313825e+06
2.828373139857343332e+01 1.910600654507956335e+02 1.380952994051325220e+02 2.165937903520571979e+02 1.521573992782736197e+06
2.836227129040531736e+01 1.913297911122475341e+02 1.380055837466038042e+02 2.191853532648060252e+02 1.531048418090945110e+06
2.844081118182025847e+01 1.926661691751663739e+02 1.381592245403803076e+02 2.195069247126699565e+02 1.541978133840715280e+06
2.851935107282169923e+01 1.913530001811401462e+02 1.391602557999739531e+02 2.205607665104838304e+02 1.538057929151169956e+06
2.859789096341304315e+01 1.923216313040600198e+02 1.396772841156439426e+02 2.222029931101254761e+02 1.547689897142027738e+06
2.867643085359765820e+01 1.911482008718390944e+02 1.397980757710359399e+02 2.229578618972494723e+02 1.542710684462514706e+06
2.875497074337888392e+01 1.911394481856485470e+02 1.396117040478813749e+02 2.225450778635072879e+02 1.566180265142288525e+06
2.883351063276001369e+01 1.899770491407861641e+02 1.409475908111636500e+02 2.246221293494854478e+02 1.549814419271455845e+06
2.891205052174430890e+01 1.908255997336585779e+02 1.416783964489379741e+02 2.264579278243298006e+02 1.557293174840693828e+06
2.899059041033499184e+01 1.919586816659854662e+02 1.415698322278874741e+02 2.280714396141785585e+02 1.564808225432899315e+06
2.906913029853525643e+01 1.928988214712925924e+02 1.424059682325184326e+02 2.298000643747087679e+02 1.586674563679341227e+06
2.914767018634825746e+01 1.919644036101616109e+02 1.426213147420421024e+02 2.296784090086963488e+02 1.579001409103281330e+06
2.922621007377712132e+01 1.944438613656024870e+02 1.436366226184451023e+02 2.339824535882348755e+02 1.609500828481270932e+06
2.930474996082492822e+01 1.948396489073997770e+02 1.443095711591184624e+02 2.354715594415294220e+02 1.614136459108994110e+06
2.938328984749474060e+01 1.931262252104136223e+02 1.446678678046524169e+02 2.342679137658686273e+02 1.607089467886395752e+06
2.946182973378957826e+01 1.944613372714686648e+02 1.444397966487194083e+02 2.369013616995429174e+02 1.622241609529425623e+06
2.954036961971243258e+01 1.941131565685159615e+02 1.446403521873757256e+02 2.387002006565943191e+02 1.623606139287527651e+06
2.961890950526625943e+01 1.960576149127613803e+02 1.458629361331915959e+02 2.391499633345875395e+02 1.626252574888108531e+06
2.969744939045398979e+01 1.951298725391660298e+02 1.457586295956782863e+02 2.407393556892860431e+02 1.640779021233965876e+06
2.977598927527852268e+01 1.976355486797240815e+02 1.469528591778210682e+02 2.432653514417923759e+02 1.659581230716916267e+06
2.985452915974272159e+01 1.972033688741819049e+02 1.472520673194664482e+02 2.462348839780265450e+02 1.670908415892111836e+06
2.993306904384942868e+01 1.970893375350130441e+02 1.487807562322520596e+02 2.440513243310171845e+02 1.677214289530948503e+06
3.001160892760143994e+01 1.983281736367166275e+02 1.485398008003387815e+02 2.475635449678400448e+02 1.676212935504747089e+06
3.009014881100154071e+01 1.981351806789504906e+02 1.489091194590528744e+02 2.479543199513688307e+02 1.686843569383158116e+06
3.016868869405248077e+01 1.977528963481370567e+02 1.501479417790467608e+02 2.496881684169540279e+02 1.670042211230666377e+06
3.024722857675697441e+01 1.993813619869303011e+02 1.517903413064292977e+02 2.513184785815751070e+02 1.698592927219475619e+06
3.032576845911771457e+01 2.009390887967218475e+02 1.527777205193132204e+02 2.533138965929725543e+02 1.718092140999137890e+06
3.040430834113736580e+01 2.010541753422408817e+02 1.527203099227226630e+02 2.558008586854225257e+02 1.724707594869138906e+06
3.048284822281856421e+01 2.023273278389042673e+02 1.515968048803352133e+02 2.571965356525730044e+02 1.732869444587599253e+06
3.056138810416392460e+01 2.015209118682071789e+02 1.528995994849614135e+02 2.563094920375420998e+02 1.732132474350713426e+06
3.063992798517602267e+01 2.023936608505928234e+02 1.530770420399300349e+02 2.585863773934444225e+02 1.744108821381650632e+06
3.071846786585741640e+01 2.041529473052482899e+02 1.554583128825277925e+02 2.594273387967306803e+02 1.746063613131241407e+06
3.079700774621063886e+01 2.022948727749031832e+02 1.565795814592702015e+02 2.618800991601517012e+02 1.759701209965956397e+06
3.087554762623818760e+01 2.032426679680718848e+02 1.567616986495647211e+02 2.616945396494626266e+02 1.757591465741116554e+06
3.095408750594254599e+01 2.070444295641243002e+02 1.570673852103220440e+02 2.678017185304770464e+02 1.802565207467906410e+06
3.103262738532617249e+01 2.056094887108430953e+02 1.572717353445130755e+02 2.653912421261030659e+02 1.805853176074833376e+06
3.111116726439149005e+01 2.054790863252290194e+02 1.595340295038320448e+02 2.706991190356880566e+02 1.805750245554623427e+06
3.118970714314090387e+01 2.075384268094929325e+02 1.590574762160190403e+02 2.689492592137530664e+02 1.798368205969378585e+06
3.126824702157679781e+01 2.065677384302475730e+02 1.599558006220774757e+02 2.695685642999660558e+02 1.816000933579679811e+06
3.134678689970152377e+01 2.078187558762712683e+02 1.600215826320258543e+02 2.728098462637792636e+02 1.817876841540921479e+06
3.142532677751741588e+01 2.098062883226209010e+02 1.626946895026325990e+02 2.715876762701291796e+02 1.837759048496421194e+06
3.150386665502678696e+01 2.083410378566037764e+02 1.626223576269535158e+02 2.750125468658887371e+02 1.849522157005233224e+06
3.158240653223192140e+01 2.132745680352253714e+02 1.654166440583284441e+02 2.798489462283865805e+02 1.854731242435262771e+06
3.166094640913508229e+01 2.121038861009362790e+02 1.659601207049203140e+02 2.822804609967343481e+02 1.893252917941611493e+06
3.173948628573851494e+01 2.120920050614380443e+02 1.650495622064441648e+02 2.821822017152517219e+02 1.871613812473677564e+06
3.181802616204443623e+01 2.123521775484230716e+02 1.664124340696799891e+02 2.825203715556331190e+02 1.882475921080708969e+06
3.189656603805504531e+01 2.139021100832580657e+02 1.658478580113614953e+02 2.837393779812694561e+02 1.898072861244701315e+06
3.197510591377251998e+01 2.144173178400936592e+02 1.684392108334627096e+02 2.893023136333758885e+02 1.911617750085038133e+06
3.205364578919900964e+01 2.154646683920921078e+02 1.675617119714975729e+02 2.915685192815183200e+02 1.944073784299227409e+06
3.213218566433665302e+01 2.197944870075036476e+02 1.696011265594702593e+02 2.916892330168054741e+02 1.944869395284132101e+06
3.221072553918755688e+01 2.197753832847103865e+02 1.706168771190932318e+02 2.934301829064428375e+02 1.977485097798182163e+06
3.228926541375382442e+01 2.219010995334190852e+02 1.702984261794163672e+02 2.985679866918165430e+02 2.005583087330276612e+06
3.236780528803751622e+01 2.202947002745183056e+02 1.720665372236614985e+02 2.956392620847510102e+02 1.985731570156117901e+06
3.244634516204068575e+01 2.231663864922854543e+02 1.747093624668498819e+02 3.000516620563691959e+02 2.010464910962376278e+06
3.252488503576537227e+01 2.219123698438729093e+02 1.727411770440348846e+02 2.964118362895619043e+02 2.014289866111276671e+06
3.260342490921358660e+01 2.276477253028681957e+02 1.762943169612672989e+02 3.058625535623867790e+02 2.023000218278101180e+06
3.268196478238731828e+01 2.252591116276092293e+02 1.748923783633917708e+02 3.028206500937917554e+02 2.014380179045443656e+06
3.276050465528854261e+01 2.241178359696299083e+02 1.787830125798379015e+02 3.099865892517245243e+02 2.018986328068139730e+06
3.283904452791921358e+01 2.293910758717808278e+02 1.782845376386258636e+02 3.140328830786696130e+02 2.112499451761243399e+06
3.291758440028127097e+01 2.311397139833548238e+02 1.773613094613280907e+02 3.130388288876581555e+02 2.064712333543218905e+06
3.299612427237663326e+01 2.315076119347796748e+02 1.819096488110320138e+02 3.175813323478269581e+02 2.058542726809571963e+06
3.307466414420719758e+01 2.304191827678093034e+02 1.821310493652385389e+02 3.198573625245185781e+02 2.113385531033725012e+06
3.315320401577483977e+01 2.348201410335098274e+02 1.831562785249238061e+02 3.203299030858005381e+02 2.114352899782299064e+06
3.323174388708143567e+01 2.316197345836208967e+02 1.838857213375280537e+02 3.198548893136587026e+02 2.144255278166467790e+06
3.331028375812883269e+01 2.330032258900722297e+02 1.892921377134162526e+02 3.206178088090934466e+02 2.135262767594248988e+06
3.338882362891884981e+01 2.422255556231122284e+02 1.866358503950037289e+02 3.258951637618363861e+02 2.197189101951530669e+06
3.346736349945329891e+01 2.464895938455173905e+02 1.885135386842733567e+02 3.327952406533863154e+02 2.251098423906575888e+06
3.354590336973399189e+01 2.423840833586307326e+02 1.939990021129483750e+02 3.347534423250710915e+02 2.262108920814910438e+06
3.362444323976268379e+01 2.373176224436882933e+02 1.904549756604333197e+02 3.305915521685562339e+02 2.191104413714021910e+06
3.370298310954115806e+01 2.409241604066642992e+02 1.912421601888360669e+02 3.387901140524497805e+02 2.259572421036411077e+06
3.378152297907114132e+01 2.386880079022632799e+02 1.886338722136544845e+02 3.262665035106728624e+02 2.319448355564071331e+06
3.386006284835436730e+01 2.417692285684824753e+02 2.044401554350551464e+02 3.411463083132281895e+02 2.273678119011439383e+06
3.393860271739255552e+01 2.427117161951518085e+02 2.027012112503419985e+02 3.386733382673006076e+02 2.214842311077780090e+06
3.401714258618739706e+01 2.587401070652103954e+02 1.892803648624905293e+02 3.453806548753184416e+02 2.366497580632088706e+06
3.409568245474058301e+01 2.547077213948828103e+02 1.891234867521530703e+02 3.430387051379447598e+02 2.261873873407449573e+06
3.417422232305376895e+01 2.591377211593670040e+02 1.814238210997033320e+02 3.569111294105352954e+02 2.334799699922980741e+06
3.425276219112861043e+01 2.400823356550954202e+02 2.103042264688269256e+02 3.413181605647553170e+02 2.262066080464974046e+06
3.433130205896674880e+01 2.313763438891234330e+02 1.859588111400140065e+02 3.413993917395093263e+02 2.358680617358743679e+06
3.440984192656979701e+01 2.461026233461959691e+02 1.756053381259723949e+02 3.486292614386330229e+02 2.425345075194839388e+06
3.448838179393936088e+01 2.633584893864609739e+02 1.895718623750503582e+02 3.588533187485726899e+02 2.310270667463029269e+06
3.456692166107702491e+01 2.723781314093477022e+02 2.158361598009557838e+02 4.099338570185594222e+02 2.839889641570258420e+06
3.464546152798438072e+01 2.595432810635285819e+02 1.293698857347577587e+02 3.862929182247031576e+02 2.272764988353727851e+06
3.472400139466299152e+01 2.358030226311540787e+02 1.871857599276171698e+02 3.009425152919798734e+02 2.250438517535919789e+06
