# 0.8098 0.8503
7.871241428633635184e-02 4.086225081749376292e-02 3.427965881563323908e-02 1.403567844575679888e-02 2.290409071629358095e+03
1.618072713909662341e-01 3.995090984640339293e-01 3.870804629442254341e-01 6.905370533243877784e-02 9.193844438025871568e+03
2.418771330418761079e-01 1.315730778768187115e+00 1.206624948588097102e+00 8.794197656861658940e-02 1.266876995867874939e+04
3.211923215201240578e-01 2.166921604273870372e+00 1.914149305349685637e+00 1.959077189193089985e-01 2.440447532104797574e+04
4.002017901256537113e-01 2.964651951202096125e+00 2.577209954833743932e+00 2.916551079000895275e-01 3.483021450059121707e+04
4.790568272527075955e-01 4.160375929198772305e+00 3.968719031418733056e+00 3.043134121833934169e-01 3.400382178494885738e+04
5.578229290343351687e-01 5.902828416425191627e+00 5.535632715690956829e+00 4.509909162668717664e-01 5.027440698451424396e+04
6.365331115321660738e-01 6.536004769772302936e+00 6.490794369255937113e+00 5.329152618766402894e-01 5.366880225380383490e+04
7.152058371535838788e-01 8.807761475048160094e+00 8.539350188288601373e+00 6.167623657489158528e-01 6.222831106511268445e+04
7.938522421846891941e-01 1.047210745961596423e+01 1.035878097275578291e+01 6.982030676891446408e-01 6.360951256203268713e+04
8.724794443688169698e-01 1.174458960646343719e+01 1.172438388862466851e+01 8.064114787231926318e-01 7.023563285604433622e+04
9.510922062407737299e-01 1.319922428586813901e+01 1.307756262561648342e+01 9.041605818438955833e-01 7.719119217798764294e+04
1.029693835175838679e+00 1.514439016894415424e+01 1.541785728458791382e+01 1.004406167795591331e+00 7.973979153113612847e+04
1.108286699878543891e+00 1.656052196935452869e+01 1.686031598462469461e+01 1.107844623804796091e+00 8.424986781001364579e+04
1.186872541411916560e+00 1.851154729693447365e+01 1.876876152311167800e+01 1.173936746198305681e+00 8.896805269911892537e+04
1.265452668213572940e+00 2.101255770542423917e+01 2.110829359290502438e+01 1.259631687542339451e+00 9.338120636409940198e+04
1.344028082638708543e+00 2.233906430505874852e+01 2.239135601511321028e+01 1.413713883883277234e+00 1.012648520864229213e+05
1.422599565533279709e+00 2.418798128004272741e+01 2.410219917478890039e+01 1.487646198347247983e+00 1.018916404707048641e+05
1.501167734229200246e+00 2.727547434011587768e+01 2.752431871591118906e+01 1.662512405125511794e+00 1.073570696468969691e+05
1.579733083222462531e+00 2.868226144588712501e+01 2.862720986547782687e+01 1.809499450717323876e+00 1.167759334568293416e+05
1.658296013281593151e+00 3.180243876008765014e+01 3.164237398759065201e+01 1.857426017441341948e+00 1.172523024926193175e+05
1.736856852652245875e+00 3.221830703843905752e+01 3.204545475873226934e+01 2.049848818900873670e+00 1.198965631398894329e+05
1.815415872753641580e+00 3.595896957783309489e+01 3.565715959556851544e+01 2.078658821877688023e+00 1.232557815975660196e+05
1.893973299967037560e+00 3.748197881757224081e+01 3.677460181686850405e+01 2.254003764889796368e+00 1.303182328087930218e+05
1.972529324606241641e+00 3.972590467943705050e+01 3.874930171619388375e+01 2.407970095271907418e+00 1.353987111083656782e+05
2.051084107826015579e+00 4.146881867378215247e+01 4.027140606660328359e+01 2.527462038618092155e+00 1.396552683772776218e+05
2.129637787001040561e+00 4.341501526228051944e+01 4.177609381006170253e+01 2.747641875964531355e+00 1.481967588091108773e+05
2.208190479956450680e+00 4.566662965446356282e+01 4.397188637853660254e+01 2.892476842894232458e+00 1.502197398955375538e+05
2.286742288326184092e+00 4.779708692940887005e+01 4.580535406191430070e+01 2.898116662312325342e+00 1.508636467824163265e+05
2.365293300241981811e+00 4.726626499049797303e+01 4.542885897625301084e+01 3.036069067265352750e+00 1.505454842747295625e+05
2.443843592503681883e+00 4.908539385480008832e+01 4.631177955546259994e+01 3.173696882673540109e+00 1.581220433655005763e+05
2.522393232343909553e+00 5.128410861403185095e+01 4.829290400308553899e+01 3.410850085241184271e+00 1.649430537958307250e+05
2.600942278872942381e+00 5.183466600853006412e+01 4.811659020660376029e+01 3.612574610429795996e+00 1.726244741073967307e+05
2.679490784269383141e+00 5.287037719112809242e+01 4.926903999321373817e+01 3.745361501829941098e+00 1.725065873403518635e+05
2.758038794767343038e+00 5.511164088811163708e+01 5.088138709053976072e+01 3.900026992518886626e+00 1.786014270121728478e+05
2.836586351479573942e+00 5.672741246954541339e+01 5.186923951598807037e+01 4.187131363015320851e+00 1.864306346287225897e+05
2.915133491087511963e+00 5.725810043924687420e+01 5.241201299618147402e+01 4.197941107763819346e+00 1.842104406963979127e+05
2.993680246422668834e+00 5.720045544273718718e+01 5.206366423400774579e+01 4.390181671905709848e+00 1.868323914038762159e+05
3.072226646958827967e+00 5.951878496762734727e+01 5.356918441158598654e+01 4.655305674052618414e+00 1.964631353585167089e+05
3.150772719230606977e+00 5.921199144832668537e+01 5.324857389603386082e+01 4.820379259606093925e+00 1.985735717569754925e+05
3.229318487190934395e+00 6.024546943131456800e+01 5.350352343384488307e+01 4.856396547860894586e+00 1.976094558096191031e+05
3.307863972517584905e+00 6.154867524714068594e+01 5.434633521680261481e+01 5.001998582970919927e+00 2.020972219146418502e+05
3.386409194877053608e+00 6.240876385280360950e+01 5.469140878500643765e+01 5.255806013712720492e+00 2.083940709325714270e+05
3.464954172152534095e+00 6.275729087123492178e+01 5.471001883690352940e+01 5.448664083681213910e+00 2.138844546990390227e+05
3.543498920641575456e+00 6.365104571784343790e+01 5.495041922985748784e+01 5.720402241979131830e+00 2.182859016634421423e+05
3.622043455228019404e+00 6.555229572763326473e+01 5.624573597606846675e+01 5.804974346340866731e+00 2.224789721005515312e+05
3.700587789532037597e+00 6.511814423415545150e+01 5.569361759468109341e+01 6.100794506307315679e+00 2.271411815380837943e+05
3.779131936041457696e+00 6.550745160297208258e+01 5.595098316778906877e+01 6.267177136280568384e+00 2.278154500553659745e+05
3.857675906227046259e+00 6.659914094458675038e+01 5.615621358048557710e+01 6.351429118926681383e+00 2.300865225571276387e+05
3.936219710643986680e+00 6.799816380081510658e+01 5.723370821746327408e+01 6.610493698247523753e+00 2.386228046363013273e+05
4.014763359021444877e+00 6.758506939830984095e+01 5.653756154974325199e+01 6.830489358955630586e+00 2.381015121409317944e+05
4.093306860341824560e+00 6.969386551858143264e+01 5.776660224996322768e+01 7.073824623503155884e+00 2.460166587659875513e+05
4.171850222911064776e+00 6.954451118179338209e+01 5.770978952135845930e+01 7.287244709179145907e+00 2.471560335727347701e+05
4.250393454421145911e+00 6.930573953458169001e+01 5.730280550351514535e+01 7.352673157621333999e+00 2.467672185848295921e+05
4.328936562005788247e+00 7.091006317909364043e+01 5.801795428226184725e+01 7.670893560734275418e+00 2.557566667249519378e+05
4.407479552290201497e+00 7.238269284096381284e+01 5.927621258449850217e+01 7.919017967570534111e+00 2.598156680207012396e+05
4.486022431435594982e+00 7.184687376608063403e+01 5.856276838621096914e+01 8.072050076183204581e+00 2.588123707770750043e+05
4.564565205179107465e+00 7.331111150706240664e+01 5.925051173719928244e+01 8.301325685676458122e+00 2.664946306471493444e+05
4.643107878869670024e+00 7.372748250689198812e+01 5.948393883315944208e+01 8.548266857712281563e+00 2.700710912022170378e+05
4.721650457500300213e+00 7.472917768228374769e+01 6.004475339105884757e+01 8.703306737495001499e+00 2.733571801699568750e+05
4.800192945737217443e+00 7.574150752079084725e+01 6.054174868747013960e+01 9.019831735983999010e+00 2.778082872720044106e+05
4.878735347946150824e+00 7.542036066214795653e+01 6.026100846672530054e+01 9.284790009772898145e+00 2.791135391659762245e+05
4.957277668216146793e+00 7.681695489059525528e+01 6.147979961099535728e+01 9.488880327485000876e+00 2.829114167042620247e+05
5.035819910381144737e+00 7.727792539510807046e+01 6.143068796543941090e+01 9.752980882031488719e+00 2.870037931539076963e+05
5.114362078039562221e+00 7.839181012881164179e+01 6.190460845439238113e+01 9.966346210451844101e+00 2.929562384493886493e+05
5.192904174572115394e+00 7.847299082787375824e+01 6.195014242692717943e+01 1.018797129085935538e+01 2.940040925414281664e+05
5.271446203158030919e+00 7.948932654985975432e+01 6.237687720055808427e+01 1.043419099358037094e+01 2.994196965608646278e+05
5.349988166789838573e+00 8.078158667600386877e+01 6.355546086858088017e+01 1.073136846462585936e+01 3.028971463733694400e+05
5.428530068286878674e+00 8.092277425730873119e+01 6.325422446606519600e+01 1.091904362238373949e+01 3.068897704972881475e+05
5.507071910307648643e+00 8.181784488001933653e+01 6.378733098974836935e+01 1.120420862318413668e+01 3.090405703540233080e+05
5.585613695361120179e+00 8.244378946005910791e+01 6.409279494472531269e+01 1.155120228151557882e+01 3.148152682574567734e+05
5.664155425817094525e+00 8.333129437798022821e+01 6.450181433314617152e+01 1.187268300686745448e+01 3.205634920432888321e+05
5.742697103915729961e+00 8.347451543501503579e+01 6.474915513798927691e+01 1.208191346407704891e+01 3.206561808226751164e+05
5.821238731776284148e+00 8.481262203901890473e+01 6.542219530371407643e+01 1.230648615179081062e+01 3.260292509570812690e+05
5.899780311405160127e+00 8.494322743977534174e+01 6.551588192580474868e+01 1.257179702375171004e+01 3.274743462962994818e+05
5.978321844703323507e+00 8.600554501324613454e+01 6.610188892968611185e+01 1.280361491216904213e+01 3.289810465176710277e+05
6.056863333473133437e+00 8.658218706437237699e+01 6.640160049435627343e+01 1.302511886051399692e+01 3.331208527485016384e+05
6.135404779424661115e+00 8.766345653635177371e+01 6.674791390704085359e+01 1.341860707808378628e+01 3.415260850082035759e+05
6.213946184181517118e+00 8.707344162820183442e+01 6.640794947380500446e+01 1.373586099619799938e+01 3.429434410054316977e+05
6.292487549286247983e+00 8.894814155422045587e+01 6.774800181670788390e+01 1.384721514612363968e+01 3.461527324506532750e+05
6.371028876205335756e+00 8.915833493446908165e+01 6.738951967028954471e+01 1.425677442175663145e+01 3.502447644105332438e+05
6.449570166333828070e+00 9.034369369416084794e+01 6.830654368247655839e+01 1.459509667849552272e+01 3.562883323349873535e+05
6.528111420999634262e+00 9.036695632378408050e+01 6.821272790683110543e+01 1.481981731870892460e+01 3.584155057111420901e+05
6.606652641467518627e+00 9.087501205950169947e+01 6.843493629579859316e+01 1.510610669208359980e+01 3.615063490133924643e+05
6.685193828942805006e+00 9.144282762550038512e+01 6.884736794257506176e+01 1.556544370765462659e+01 3.643415566909021582e+05
6.763734984574836240e+00 9.156632838336174984e+01 6.884899541084332952e+01 1.559870198220822779e+01 3.668692500562631176e+05
6.842276109460177835e+00 9.270384532679254619e+01 6.926616424467165700e+01 1.604985442746540514e+01 3.696699956242823973e+05
6.920817204645620890e+00 9.223827706583828956e+01 6.893194879380077111e+01 1.624106725905007664e+01 3.699244325315599563e+05
6.999358271130968312e+00 9.348638022247875767e+01 6.978726131228805230e+01 1.665129754081780078e+01 3.793181158609118429e+05
7.077899309871646949e+00 9.497370476186343069e+01 7.050145284372926824e+01 1.698836218419828015e+01 3.842482359705437557e+05
7.156440321781138536e+00 9.524083514296903274e+01 7.042555965247123595e+01 1.716721268044940629e+01 3.834683834527547006e+05
7.234981307733260536e+00 9.515747455573432489e+01 7.073230014387443987e+01 1.750441798130010795e+01 3.880225460446421639e+05
7.313522268564292439e+00 9.637328512408319625e+01 7.127185066135270120e+01 1.780391892671509524e+01 3.900668775603277027e+05
7.392063205074973276e+00 9.614997719750920169e+01 7.106900494565232407e+01 1.823419107403217154e+01 3.938432563117794925e+05
7.470604118032365015e+00 9.737062606370253093e+01 7.146429872053231236e+01 1.845882771876552653e+01 3.977196203791922308e+05
7.549145008171610272e+00 9.750854694719087945e+01 7.209219632150895052e+01 1.869871709350962163e+01 3.977784344998260494e+05
7.627685876197570103e+00 9.786437169635217970e+01 7.185744570856986968e+01 1.909175207867339807e+01 4.021899407091239700e+05
7.706226722786373884e+00 9.950874372287344727e+01 7.256391952861169159e+01 1.944336992977045142e+01 4.105992257272443967e+05
7.784767548586863484e+00 9.909379895591528964e+01 7.240977264075903008e+01 1.983764049528927842e+01 4.108143885983918444e+05
7.863308354221953955e+00 9.909434999807129429e+01 7.247039410168557083e+01 1.988451625898672503e+01 4.116022537596558104e+05
7.941849140289923170e+00 9.970291021834289324e+01 7.246348530828952050e+01 2.035922868373712546e+01 4.142297814010290313e+05
8.020389907365611748e+00 1.011945279737600174e+02 7.328479404202926162e+01 2.086812895288107228e+01 4.226212885451003094e+05
8.098930656001561701e+00 1.017925274201468966e+02 7.375332623684580824e+01 2.104120239647514978e+01 4.254307174163168529e+05
8.177471386729090241e+00 1.017030225499538147e+02 7.360232118826904468e+01 2.141057714895787001e+01 4.258048249515268253e+05
8.256012100059292536e+00 1.022674492404901088e+02 7.376418438405065103e+01 2.183218291775695619e+01 4.304267743329461664e+05
8.334552796484000936e+00 1.023902730983446645e+02 7.372249416560670454e+01 2.201094822874768298e+01 4.300039899308201857e+05
8.413093476476680266e+00 1.032795990384716305e+02 7.388252676694129661e+01 2.240847821443666632e+01 4.378521057358082035e+05
8.491634140493276917e+00 1.032824662487109890e+02 7.411413515552223430e+01 2.277899603157947084e+01 4.386360521672424511e+05
8.570174788973028868e+00 1.041924944587608479e+02 7.454097348379093546e+01 2.308569026090440701e+01 4.412954689915635972e+05
8.648715422339215309e+00 1.053781303233756148e+02 7.530319929570642046e+01 2.344511806365450823e+01 4.477734864925014554e+05
8.727256040999876063e+00 1.050432573551356938e+02 7.498062229580125404e+01 2.382782868607825222e+01 4.487317301281808177e+05
8.805796645348495488e+00 1.056098747538836449e+02 7.525523991630925025e+01 2.416588241361325018e+01 4.525021013221909525e+05
8.884337235764643737e+00 1.063577370965950877e+02 7.577236991570228497e+01 2.447679804325497699e+01 4.547323399272987153e+05
8.962877812614589601e+00 1.064155068162634450e+02 7.567332310720743749e+01 2.492609837346319068e+01 4.551897807186233113e+05
9.041418376251867173e+00 1.072124230860749918e+02 7.568822122397695296e+01 2.541620103195919711e+01 4.630637698100137641e+05
9.119958927017840722e+00 1.079678922182408911e+02 7.639452737212616285e+01 2.556462170375854370e+01 4.640205775044401526e+05
9.198499465242209183e+00 1.086657093367412585e+02 7.678729990036555364e+01 2.589111188231977323e+01 4.679772298103286303e+05
9.277039991243508865e+00 1.083965008740993028e+02 7.655383590647304004e+01 2.621464053058278054e+01 4.702933951145344181e+05
9.355580505329580632e+00 1.089638881003837980e+02 7.634963523384381290e+01 2.686689298818479443e+01 4.746591656569303013e+05
9.434121007798012215e+00 1.089636604229992543e+02 7.651171930375909369e+01 2.702343925696452587e+01 4.747349555555987172e+05
9.512661498936562765e+00 1.093588398870969627e+02 7.672539784513803340e+01 2.750587717556976486e+01 4.783359231659393408e+05
9.591201979023569635e+00 1.103861607389884227e+02 7.741786161420814949e+01 2.786597639566824824e+01 4.829349636877169251e+05
9.669742448328321416e+00 1.109030988596118732e+02 7.747945767618786306e+01 2.804916075814790233e+01 4.858823179193280521e+05
9.748282907111432749e+00 1.110825150593316124e+02 7.752824054407518872e+01 2.845803451944012252e+01 4.901841468508078833e+05
9.826823355625185386e+00 1.105347662216570370e+02 7.706689775561100930e+01 2.880627021940903632e+01 4.896269403487525997e+05
9.905363794113858589e+00 1.115238404989106158e+02 7.752013354257491073e+01 2.929569498770173297e+01 4.954364352784033399e+05
9.983904222814045326e+00 1.124073119562484067e+02 7.786453895536398306e+01 2.976009607202847818e+01 4.998565462749783183e+05
1.006244464195495070e+01 1.125691519213229697e+02 7.802675978393915557e+01 3.008833039027111411e+01 5.002678515785551281e+05
1.014098505175868148e+01 1.124319276348171002e+02 7.781134272465489232e+01 3.045157485036267175e+01 5.034522885950814234e+05
1.021952545244051613e+01 1.130902712344355763e+02 7.814413003148898440e+01 3.079704869363913033e+01 5.067225881846598350e+05
1.029806584420916415e+01 1.131353345647062270e+02 7.787165580752697736e+01 3.125220689837104260e+01 5.110795523502985598e+05
1.037660622726701654e+01 1.135642093687281005e+02 7.814362421558831784e+01 3.161283692774922827e+01 5.128973119428109494e+05
1.045514660181038380e+01 1.139721761992109919e+02 7.854306790094680935e+01 3.189986103753499691e+01 5.156451734930210514e+05
1.053368696802971982e+01 1.143717504168141659e+02 7.843088295896677664e+01 3.244992234478922200e+01 5.160773687719925074e+05
1.061222732610984210e+01 1.154058469970672718e+02 7.883853616232515549e+01 3.285773937939985956e+01 5.251847285833230708e+05
1.069076767623013779e+01 1.152549136617454337e+02 7.885938540808673736e+01 3.320528710291406327e+01 5.267818213561942102e+05
1.076930801856475739e+01 1.154457350503620887e+02 7.880422543127652091e+01 3.350515660892283876e+01 5.279622143055332126e+05
1.084784835328281005e+01 1.161300962418965099e+02 7.909040321533204576e+01 3.399460867853338186e+01 5.319550829636573326e+05
1.092638868054854306e+01 1.162737295256687986e+02 7.933719574838728761e+01 3.432070335643363279e+01 5.327243830612947932e+05
1.100492900052151413e+01 1.166999261708372728e+02 7.924044675141206540e+01 3.479693797604443972e+01 5.375869537122669863e+05
1.108346931335675833e+01 1.169874515635443828e+02 7.933946918811069793e+01 3.517723730852975450e+01 5.400050518836341798e+05
1.116200961920494805e+01 1.174668470800851026e+02 7.959551675662495995e+01 3.579243917227150007e+01 5.435067243252397748e+05
1.124054991821254212e+01 1.175994661131151133e+02 7.978351747963817786e+01 3.603008314183767169e+01 5.452853763345401967e+05
1.131909021052193687e+01 1.179484539902969402e+02 7.972081726822254666e+01 3.648086392142165124e+01 5.500868262573964894e+05
1.139763049627160285e+01 1.179807792746413071e+02 8.005519134566435469e+01 3.691079044346858495e+01 5.515807610973947449e+05
1.147617077559622167e+01 1.181724144499987403e+02 7.951915794966829765e+01 3.728506372307474948e+01 5.567827393424352631e+05
1.155471104862680853e+01 1.187283351153692195e+02 8.003348856713850523e+01 3.771699532454137227e+01 5.578379359582520556e+05
1.163325131549084368e+01 1.186171930624846311e+02 8.003834343042773014e+01 3.809834650203525541e+01 5.585222805463174591e+05
1.171179157631238787e+01 1.194080111867468332e+02 8.006426641265919386e+01 3.849020991976826167e+01 5.637901954329190776e+05
1.179033183121219608e+01 1.198822272886603315e+02 8.036420554047052178e+01 3.885064024214710798e+01 5.665128248777388362e+05
1.186887208030782759e+01 1.195944207387014160e+02 8.039943326110658006e+01 3.925633856071561212e+01 5.674511623968899949e+05
1.194741232371374728e+01 1.199936145344895948e+02 8.025378505389437578e+01 3.995568758992126135e+01 5.736461838803804712e+05
1.202595256154143222e+01 1.198259278376480665e+02 8.030724128312888865e+01 4.009830841322344952e+01 5.734134760785119142e+05
1.210449279389946753e+01 1.208674755958598439e+02 8.068181128698336124e+01 4.078225256408953925e+01 5.781251706860566046e+05
1.218303302089363527e+01 1.206648984140144023e+02 8.038866277191534948e+01 4.109525762400096482e+01 5.808451751760870684e+05
1.226157324262700676e+01 1.214061845653219649e+02 8.057644618054975183e+01 4.171067989119672603e+01 5.852917381528645055e+05
1.234011345920003322e+01 1.214337016039373367e+02 8.091567928922148667e+01 4.207827662271436964e+01 5.865751242920678342e+05
1.241865367071062565e+01 1.218975226802862579e+02 8.115118947126980231e+01 4.267047859087486472e+01 5.892903967991396785e+05
1.249719387725422415e+01 1.217742016570096695e+02 8.068156377086187092e+01 4.303642352974092944e+01 5.931014928534157807e+05
1.257573407892389383e+01 1.221716107528916524e+02 8.088884967592606756e+01 4.349856549296473673e+01 5.964695824935043929e+05
1.265427427581038877e+01 1.220914376384983768e+02 8.085932526698489653e+01 4.381256022546990181e+01 5.986626853163725464e+05
1.273281446800221772e+01 1.227171606700981528e+02 8.085385417712890899e+01 4.455981107515165718e+01 6.034294152931647841e+05
1.281135465558572584e+01 1.229945720722158171e+02 8.107569099737627027e+01 4.483276534967348681e+01 6.061070221058470197e+05
1.288989483864514796e+01 1.232576819374994272e+02 8.139294406016782091e+01 4.527699618557127792e+01 6.080831100875114789e+05
1.296843501726268322e+01 1.231001547436246994e+02 8.130370738724317903e+01 4.566737079424902390e+01 6.101460402449315879e+05
1.304697519151855190e+01 1.230668542687468090e+02 8.120681568767190583e+01 4.609942275490645613e+01 6.110205095962688792e+05
1.312551536149104692e+01 1.238103256444451148e+02 8.126767184722790205e+01 4.669404739014649408e+01 6.202925557012838544e+05
1.320405552725660492e+01 1.238801707621977073e+02 8.137123670765484462e+01 4.711532400264334086e+01 6.202099050800405676e+05
1.328259568888985243e+01 1.245654214459209470e+02 8.160217954759255576e+01 4.765697077825585382e+01 6.245959765685528982e+05
1.336113584646366270e+01 1.247638467110375444e+02 8.141445705186248460e+01 4.797239289102593318e+01 6.265885776007433888e+05
1.343967600004920548e+01 1.243742586095248868e+02 8.142132357501367323e+01 4.842916003310904216e+01 6.284081781585487770e+05
1.351821614971599317e+01 1.252004888407267202e+02 8.165352302477897695e+01 4.919866290499258099e+01 6.338592272492932389e+05
1.359675629553193588e+01 1.250719626304105248e+02 8.184923502182036259e+01 4.960752322519734037e+01 6.338277161986416904e+05
1.367529643756338231e+01 1.253629865393710645e+02 8.201056561544029933e+01 5.002918821925255344e+01 6.375684164098056499e+05
1.375383657587516595e+01 1.255455324948655118e+02 8.191151328370631290e+01 5.059497892337622460e+01 6.392442005435583415e+05
1.383237671053064766e+01 1.253730137919199876e+02 8.184345576957574053e+01 5.104153846264315320e+01 6.409105168508059578e+05
1.391091684159175834e+01 1.263203088044065794e+02 8.200571106903582574e+01 5.164008872790788018e+01 6.479640835893998155e+05
1.398945696911903269e+01 1.263436987255266644e+02 8.217447401433740595e+01 5.215741859733773111e+01 6.519317429194473661e+05
1.406799709317166069e+01 1.264365052097857927e+02 8.223825617214112071e+01 5.250552925013466421e+01 6.516033716623833170e+05
1.414653721380751428e+01 1.266714990064422750e+02 8.230552689436908054e+01 5.303117615414637953e+01 6.565813391971979290e+05
1.422507733108318817e+01 1.272140293879542270e+02 8.228921021017723092e+01 5.357980483399700233e+01 6.611580425143898465e+05
1.430361744505403543e+01 1.273937855307264329e+02 8.253627312339121147e+01 5.419326745389675892e+01 6.647345741441209102e+05
1.438215755577419586e+01 1.269114836677517957e+02 8.218324206867202975e+01 5.433701070315929371e+01 6.655473912531975657e+05
1.446069766329663686e+01 1.278108106479094062e+02 8.251763926121127213e+01 5.509783939986645152e+01 6.700746701519353082e+05
1.453923776767318010e+01 1.279718925975326442e+02 8.253294478777742427e+01 5.565853511618681893e+01 6.720583215357717127e+05
1.461777786895453346e+01 1.280005796682945345e+02 8.261337081913663383e+01 5.603623219242267339e+01 6.744508532730274601e+05
1.469631796719032302e+01 1.281290943160560687e+02 8.266897013215661616e+01 5.667747656016131685e+01 6.799930267970986897e+05
1.477485806242911437e+01 1.284016281543034381e+02 8.289917956610710803e+01 5.710137634785500893e+01 6.801050268550580367e+05
1.485339815471844993e+01 1.287626608694779122e+02 8.283926157372746957e+01 5.761588767707571179e+01 6.853398169700313592e+05
1.493193824410487203e+01 1.287284336010038714e+02 8.308081434557408329e+01 5.829328361250541946e+01 6.878515099605204305e+05
1.501047833063394421e+01 1.292560166023708348e+02 8.294041340281893326e+01 5.893246651184604445e+01 6.924043827815366676e+05
1.508901841435028857e+01 1.292536925672852703e+02 8.308766887948209501e+01 5.914803624759049683e+01 6.929667102326195454e+05
1.516755849529759992e+01 1.298164142396610430e+02 8.348681441931533698e+01 5.964731193609654980e+01 6.964521317179705948e+05
1.524609857351867070e+01 1.300637618344849216e+02 8.354207132148965798e+01 6.054919255813242529e+01 6.996286057956614532e+05
1.532463864905541762e+01 1.301770933799017200e+02 8.347978673741307887e+01 6.094412645496053216e+01 7.016715761849508854e+05
1.540317872194890292e+01 1.302804588739313374e+02 8.327772316361988203e+01 6.154644767573340403e+01 7.084803839213552419e+05
1.548171879223935399e+01 1.306160146744062445e+02 8.357592552706769595e+01 6.231599781188107556e+01 7.124174863851026166e+05
1.556025885996618996e+01 1.307353738696422454e+02 8.346988011322918055e+01 6.285433121556933145e+01 7.148550143413750920e+05
1.563879892516803238e+01 1.311155654412094975e+02 8.359565854568839427e+01 6.327829524862329436e+01 7.170713564425205113e+05
1.571733898788273187e+01 1.311390689268169751e+02 8.377232543996360903e+01 6.381578052923369171e+01 7.224512737280476140e+05
1.579587904814739119e+01 1.310103926557686407e+02 8.397583980023507877e+01 6.458431881296698407e+01 7.230303628784629982e+05
1.587441910599837769e+01 1.313991794091072904e+02 8.388948153738164137e+01 6.517735373663099097e+01 7.273593944824527716e+05
1.595295916147133575e+01 1.327904198816098358e+02 8.412258270231517088e+01 6.581634948705065824e+01 7.368211690035422798e+05
1.603149921460121874e+01 1.319213707541784117e+02 8.409778163737405521e+01 6.623828354125008389e+01 7.352073043910603737e+05
1.611003926542229436e+01 1.324776956815439632e+02 8.426446471053118614e+01 6.702359140398698401e+01 7.391390013302880106e+05
1.618857931396816596e+01 1.328328198750327545e+02 8.446339216763885815e+01 6.769199668115129498e+01 7.444883648510930361e+05
1.626711936027179561e+01 1.333833719220014586e+02 8.460517535334666661e+01 6.827138612834410480e+01 7.493342901774202473e+05
1.634565940436549525e+01 1.332758968284259140e+02 8.461482939949003423e+01 6.879677576534943739e+01 7.526412117638738127e+05
1.642419944628097639e+01 1.335962410568387781e+02 8.458427801847012972e+01 6.918182931665729996e+01 7.548649517957878998e+05
1.650273948604932883e+01 1.332425301829216266e+02 8.450839125366644566e+01 6.985523906364377922e+01 7.562786379182942910e+05
1.658127952370107394e+01 1.339259820528363036e+02 8.497312691786886774e+01 7.062784295799554002e+01 7.608152168346747058e+05
1.665981955926614333e+01 1.341029764650317304e+02 8.517596086385988485e+01 7.113331366438193015e+01 7.653746525341415545e+05
1.673835959277390728e+01 1.344105728419344814e+02 8.540355659430304058e+01 7.176645495489186999e+01 7.719028433297112351e+05
1.681689962425318896e+01 1.347453151075496578e+02 8.532308834553411714e+01 7.255448201782866136e+01 7.741989410844161175e+05
1.689543965373228218e+01 1.353401329400207658e+02 8.569881865319447911e+01 7.319868349331844115e+01 7.778745804698596476e+05
1.697397968123895495e+01 1.348564290678154975e+02 8.567450521103936012e+01 7.349097387359330469e+01 7.798943854273310862e+05
1.705251970680045304e+01 1.361287640657266991e+02 8.581168841399737346e+01 7.445497551114493717e+01 7.874796081317815697e+05
1.713105973044353902e+01 1.357893602159117563e+02 8.575637281861087047e+01 7.503023359843206208e+01 7.884475309805390425e+05
1.720959975219447102e+01 1.359496810431544702e+02 8.580848654122171126e+01 7.561444519815907483e+01 7.937626938218700234e+05
1.728813977207903463e+01 1.363081205200874138e+02 8.637702517465196195e+01 7.613177782475936795e+01 7.980952607754723867e+05
1.736667979012256424e+01 1.371949348749764113e+02 8.651609098829199240e+01 7.696388060399731046e+01 8.022279494504390750e+05
1.744521980634991110e+01 1.374870826058943010e+02 8.668122484915490134e+01 7.759878736943797151e+01 8.065928208146403776e+05
1.752375982078550365e+01 1.375442704476346023e+02 8.687993484707153868e+01 7.852337382047880965e+01 8.090867679295883281e+05
1.760229983345331917e+01 1.375470268974621320e+02 8.710058931512322999e+01 7.892151391783697534e+01 8.119516683401453774e+05
1.768083984437692635e+01 1.384716100631567031e+02 8.741934259938334151e+01 7.971657641442612885e+01 8.215735546091124415e+05
1.775937985357945692e+01 1.388808023705906010e+02 8.744326465497863410e+01 8.059337991202409057e+01 8.243872944100290770e+05
1.783791986108364824e+01 1.384980379194046805e+02 8.757280237350991570e+01 8.109674465486517647e+01 8.281458255962921539e+05
1.791645986691183268e+01 1.394743891403352620e+02 8.784220818855781943e+01 8.221903262351473529e+01 8.351256860781142022e+05
1.799499987108595889e+01 1.396366519864371298e+02 8.803513225492652339e+01 8.271162105378687102e+01 8.365992765777088935e+05
1.807353987362759185e+01 1.401219013464581451e+02 8.833074149758765259e+01 8.329094496156332639e+01 8.424085004062268417e+05
1.815207987455791638e+01 1.405388501884471282e+02 8.866621183943352946e+01 8.412829855114219413e+01 8.471524668976665707e+05
1.823061987389775851e+01 1.407985485269534536e+02 8.878407006281805991e+01 8.481534908797118533e+01 8.527532332791689551e+05
1.830915987166758541e+01 1.416799638059088409e+02 8.924657911371156160e+01 8.559799789120654623e+01 8.578016413817199646e+05
1.838769986788751964e+01 1.420224728287327878e+02 8.922713787919229844e+01 8.657394926100167254e+01 8.632655829386332771e+05
1.846623986257733563e+01 1.424990598280322445e+02 8.933983631996655106e+01 8.733223436890864377e+01 8.683434645762670552e+05
1.854477985575647381e+01 1.432032917824807896e+02 9.011080490395681863e+01 8.792654121461637828e+01 8.755969960613999283e+05
1.862331984744404423e+01 1.432681960976750020e+02 9.016326897116928762e+01 8.864624468068436158e+01 8.783853947642619023e+05
1.870185983765884075e+01 1.434047538660079226e+02 9.040100471814824346e+01 8.934333098097052073e+01 8.812199071329559665e+05
1.878039982641934458e+01 1.440892121242569317e+02 9.083739705555491639e+01 9.017548731938197193e+01 8.893118808973259293e+05
1.885893981374372075e+01 1.444818156795575135e+02 9.093966481996376672e+01 9.088137693895880886e+01 8.925179590855641291e+05
1.893747979964983941e+01 1.453452773677331891e+02 9.125426151861117319e+01 9.170394052098112070e+01 9.011675238799529616e+05
1.901601978415527228e+01 1.457124878247007587e+02 9.150880846582683148e+01 9.268939269084971500e+01 9.049840506158696953e+05
1.909455976727730331e+01 1.459317192945677277e+02 9.192351314121364680e+01 9.343664764654391774e+01 9.094309680291945115e+05
1.917309974903293579e+01 1.467860583067784148e+02 9.213499731870687981e+01 9.451496604050652195e+01 9.191337824787677964e+05
1.925163972943889235e+01 1.474302149250328853e+02 9.244633257635516088e+01 9.533526364344513127e+01 9.226062729885618901e+05
1.933017970851161849e+01 1.478608999649649718e+02 9.280374619095645983e+01 9.598576400110609086e+01 9.281304388468354009e+05
1.940871968626730748e+01 1.481542842973589416e+02 9.341158846162434770e+01 9.696651483609073807e+01 9.333267606137734838e+05
1.948725966272188259e+01 1.494706709989708031e+02 9.371621219695434490e+01 9.774262928016732133e+01 9.431572664248266956e+05
1.956579963789100773e+01 1.497549955934093759e+02 9.421813134111749832e+01 9.858661063600490593e+01 9.454643997517194366e+05
1.964433961179010524e+01 1.506684388952451172e+02 9.467976513961450280e+01 9.926345358330075896e+01 9.538451903726534219e+05
1.972287958443434519e+01 1.512120602346666942e+02 9.490082785498029239e+01 1.001863897921928555e+02 9.588788373416954419e+05
1.980141955583865965e+01 1.518383891274608004e+02 9.543342642507350604e+01 1.012903822439579216e+02 9.654509675735017518e+05
1.987995952601774619e+01 1.522757733909668616e+02 9.592125831024729621e+01 1.024021082182047593e+02 9.717975741566816578e+05
1.995849949498606790e+01 1.530918001891329254e+02 9.642749969917197461e+01 1.033112473313173041e+02 9.768211978098382242e+05
2.003703946275786052e+01 1.538565029639615886e+02 9.651222875455266603e+01 1.037674070483747641e+02 9.845961855326775694e+05
2.011557942934713950e+01 1.542111758633400029e+02 9.715079885104556467e+01 1.045980539960896323e+02 9.925086612755191745e+05
2.019411939476770712e+01 1.542234942739113706e+02 9.751992327704549268e+01 1.053303839196153149e+02 9.948698104505164083e+05
2.027265935903314542e+01 1.549789822797137333e+02 9.749640124225578575e+01 1.066214872145858408e+02 1.001421589953445597e+06
2.035119932215682326e+01 1.551059540623468251e+02 9.779164209701599475e+01 1.071150720972811143e+02 1.005969136532476405e+06
2.042973928415191054e+01 1.553140008254843565e+02 9.772387788684947907e+01 1.081203068418340365e+02 1.009387589219230809e+06
2.050827924503137467e+01 1.555003469952690125e+02 9.787755978675754420e+01 1.086883837496811793e+02 1.016050514619622030e+06
2.058681920480798766e+01 1.558007902975844559e+02 9.794465605850041356e+01 1.092913346597083546e+02 1.018046674239851884e+06
2.066535916349431901e+01 1.559041279377183002e+02 9.817933941664983877e+01 1.103914753698916229e+02 1.021917021333514829e+06
2.074389912110275347e+01 1.559706054260167321e+02 9.815688430457319669e+01 1.111997488108409442e+02 1.027871101641665446e+06
2.082243907764548752e+01 1.562628748195867558e+02 9.877725964068156372e+01 1.121921467945593349e+02 1.033024255867383908e+06
2.090097903313453642e+01 1.565069643952378442e+02 9.866311857483466952e+01 1.126688430001356664e+02 1.037174190369171905e+06
2.097951898758173783e+01 1.567850657640835834e+02 9.919287150675614839e+01 1.140116873400567528e+02 1.044832438961397624e+06
2.105805894099874109e+01 1.568905246263942956e+02 9.904377643402386866e+01 1.146709933291986658e+02 1.045078465867756866e+06
2.113659889339703568e+01 1.573668781068053306e+02 9.929553443236706300e+01 1.154584024311390920e+02 1.053703763358787633e+06
2.121513884478793344e+01 1.574473772235141382e+02 9.937798822601860138e+01 1.164076169275994204e+02 1.055527571356297471e+06
2.129367879518258277e+01 1.573024145215769352e+02 9.941972176292215124e+01 1.171708458753371218e+02 1.061154687186306110e+06
2.137221874459196869e+01 1.579207725186295761e+02 9.983930416000350760e+01 1.180183689714724693e+02 1.066091688068495831e+06
2.145075869302691274e+01 1.580049546948655177e+02 1.000126272676475025e+02 1.188932983140868487e+02 1.072549866637242958e+06
2.152929864049807307e+01 1.582537481865709879e+02 1.001571348457878372e+02 1.197883623344151829e+02 1.078355615810008021e+06
2.160783858701596571e+01 1.577045188214946450e+02 1.005166086910615064e+02 1.202107039877527939e+02 1.074560169810098829e+06
2.168637853259094683e+01 1.588820500305091343e+02 1.006473629231091849e+02 1.216197622662830753e+02 1.083067372551598819e+06
2.176491847723321982e+01 1.586738613466350785e+02 1.008406801576394116e+02 1.225509260160594920e+02 1.090078592691689264e+06
2.184345842095285306e+01 1.589059844622136097e+02 1.010741555490046153e+02 1.227687899683902941e+02 1.091592341680570738e+06
2.192199836375975508e+01 1.594466414905577381e+02 1.013448897738531542e+02 1.236680103107406552e+02 1.098400589053868316e+06
2.200053830566371005e+01 1.595080524370529815e+02 1.013632512286387595e+02 1.249674042677706467e+02 1.106809953078189865e+06
2.207907824667434582e+01 1.595481739979681493e+02 1.017867638417527445e+02 1.254540952689828828e+02 1.108909923049879959e+06
2.215761818680116590e+01 1.600125017939488998e+02 1.018979796833120446e+02 1.268616844143526521e+02 1.116426861999643734e+06
2.223615812605353526e+01 1.604971267247669005e+02 1.020623242632186845e+02 1.281101899093336556e+02 1.123012771373340627e+06
2.231469806444068738e+01 1.603830767212257911e+02 1.024470400839423831e+02 1.284663577163852040e+02 1.125315044578190427e+06
2.239323800197172432e+01 1.608716212806029375e+02 1.026871296623586289e+02 1.290557721397841817e+02 1.129587732669903897e+06
2.247177793865562023e+01 1.610616790255968453e+02 1.028549546024859040e+02 1.302345932232969403e+02 1.136324293017643504e+06
2.255031787450123204e+01 1.609832354021064589e+02 1.030864327458051122e+02 1.311848342805160712e+02 1.137478644327642629e+06
2.262885780951728165e+01 1.615040292859866042e+02 1.033533939175728165e+02 1.319820425966952371e+02 1.145647473160735797e+06
2.270739774371238440e+01 1.619962560560070131e+02 1.036766185973453389e+02 1.330219789735522795e+02 1.150614147352373227e+06
2.278593767709502771e+01 1.622725032415391127e+02 1.037697273178977753e+02 1.337366592775615857e+02 1.155884210795037448e+06
2.286447760967358178e+01 1.620637002907283772e+02 1.038995170501849401e+02 1.344949686454958169e+02 1.159115773319715168e+06
2.294301754145629957e+01 1.627839177680097009e+02 1.043348466487046409e+02 1.358321332024297021e+02 1.167593695039435523e+06
2.302155747245133455e+01 1.632035994824637442e+02 1.045146645418331133e+02 1.364091496099738663e+02 1.171841545586289605e+06
2.310009740266672296e+01 1.630123451645852697e+02 1.050303341404415676e+02 1.372398147095979368e+02 1.177199144906341331e+06
2.317863733211038380e+01 1.637069886982405649e+02 1.053579000875892007e+02 1.385441870108312230e+02 1.182153030881524319e+06
2.325717726079013303e+01 1.640592259284604211e+02 1.055622331267648519e+02 1.396360661837206010e+02 1.190337653653135290e+06
2.333571718871368716e+01 1.640415595881621869e+02 1.060467796186998726e+02 1.406917980141414546e+02 1.193509004928856390e+06
2.341425711588865965e+01 1.651162553997237978e+02 1.064479792987594777e+02 1.421539280262629177e+02 1.201412828404484317e+06
2.349279704232255384e+01 1.646125057903031745e+02 1.067279811303952215e+02 1.427814501482232004e+02 1.204486691985045793e+06
2.357133696802278067e+01 1.653680937612200239e+02 1.068547174758189158e+02 1.434597345325931315e+02 1.213203572705558036e+06
2.364987689299664453e+01 1.655902122578289379e+02 1.073539675909226929e+02 1.437487205930254959e+02 1.216211775129458169e+06
2.372841681725136453e+01 1.651981643093741354e+02 1.075173991880605087e+02 1.452130407638613860e+02 1.220621215227405308e+06
2.380695674079405322e+01 1.662810087660134286e+02 1.079690353247706440e+02 1.465776004568257918e+02 1.228732794825257966e+06
2.388549666363174140e+01 1.664783791299427662e+02 1.080984580978537934e+02 1.475390157381763743e+02 1.234186793099181494e+06
2.396403658577134976e+01 1.677794720338377772e+02 1.086184220110583851e+02 1.489406390547022738e+02 1.242240013701286633e+06
2.404257650721972439e+01 1.668011555914337976e+02 1.090828544191037963e+02 1.494988149832248041e+02 1.242208590375963831e+06
2.412111642798362254e+01 1.671369849872896225e+02 1.090622012373531078e+02 1.497739608298874998e+02 1.248303213546499377e+06
2.419965634806970556e+01 1.679537630333504978e+02 1.097292457150275453e+02 1.512277834774124585e+02 1.257503931036066031e+06
2.427819626748454596e+01 1.686818451099878473e+02 1.103732563086197729e+02 1.527103575851769222e+02 1.265185858500290429e+06
2.435673618623464520e+01 1.689954443359410163e+02 1.098198341654029662e+02 1.537715940265046868e+02 1.270589500397403724e+06
2.443527610432640529e+01 1.698781074523566588e+02 1.105953758733414674e+02 1.545719662484989101e+02 1.279266887998622376e+06
2.451381602176616425e+01 1.690631193187794565e+02 1.110695990931958335e+02 1.558156991944154299e+02 1.282126231551713077e+06
2.459235593856016067e+01 1.701917944022997631e+02 1.109922488875995583e+02 1.570272035466634293e+02 1.290171243543056305e+06
2.467089585471456203e+01 1.703398123152307448e+02 1.120116358466246993e+02 1.584086220395650457e+02 1.293916305205276934e+06
2.474943577023546126e+01 1.710597761207050382e+02 1.120095665086255110e+02 1.594861098770311969e+02 1.307156825450280681e+06
2.482797568512887310e+01 1.712444858630219926e+02 1.128480577399490841e+02 1.602141689523687376e+02 1.307912242589651141e+06
2.490651559940072346e+01 1.721388870593461036e+02 1.128411238791853748e+02 1.621080884445111110e+02 1.317520273934022756e+06
2.498505551305688144e+01 1.718434470464753758e+02 1.128433044257454441e+02 1.620469517034718763e+02 1.323337579348147614e+06
2.506359542610313440e+01 1.730165080637941628e+02 1.140564269833072188e+02 1.637867426556071280e+02 1.330580847858417546e+06
2.514213533854519511e+01 1.726254050122702211e+02 1.143829824938623716e+02 1.643382660466348852e+02 1.332241862434302690e+06
2.522067525038871239e+01 1.738332590430003393e+02 1.147669279400418674e+02 1.657456973118330552e+02 1.346610679637142923e+06
2.529921516163925688e+01 1.739664173676297878e+02 1.149712691667700710e+02 1.667471126856914907e+02 1.351292963504388696e+06
2.537775507230233529e+01 1.743428068715394659e+02 1.157375933082177681e+02 1.678093354432229773e+02 1.355717370303474832e+06
2.545629498238338684e+01 1.748715399763029836e+02 1.161356433334235021e+02 1.690409945503009226e+02 1.359713083247146569e+06
2.553483489188777966e+01 1.762395988299378473e+02 1.165052589988706870e+02 1.705437251258608455e+02 1.373974549364731414e+06
2.561337480082082152e+01 1.765383602374226939e+02 1.171999802114268903e+02 1.712546112854566900e+02 1.372334702558731195e+06
2.569191470918774911e+01 1.763047160029707641e+02 1.173573919535922130e+02 1.728675173654968376e+02 1.383445589879240142e+06
2.577045461699373874e+01 1.772942820866666693e+02 1.174288017815591303e+02 1.735406947026525870e+02 1.390880791695839725e+06
2.584899452424390631e+01 1.778282283135010005e+02 1.184610406903646833e+02 1.754225923188808167e+02 1.402451813843359938e+06
2.592753443094329668e+01 1.790630840251593838e+02 1.183498140952541320e+02 1.766508945170611753e+02 1.408956149439422647e+06
2.600607433709690852e+01 1.786475626340444478e+02 1.190601318988103969e+02 1.770911751079293879e+02 1.410319766303469893e+06
2.608461424270966944e+01 1.784085252996485451e+02 1.196485368169376926e+02 1.784589541389565284e+02 1.411911315925271949e+06
2.616315414778644310e+01 1.794475068765463561e+02 1.206973171228061972e+02 1.795818850355920517e+02 1.424981322555972496e+06
2.624169405233205055e+01 1.799660849496854951e+02 1.208865754027598030e+02 1.808606872651157005e+02 1.430670201341652777e+06
2.632023395635124174e+01 1.813475847746382215e+02 1.214035227131244312e+02 1.830955802885239905e+02 1.445362311092775315e+06
2.639877385984871694e+01 1.816510252990573235e+02 1.219046244052776871e+02 1.835580447180950898e+02 1.452718591600970831e+06
2.647731376282911953e+01 1.820755439656894055e+02 1.224168466550667773e+02 1.846518593770727819e+02 1.457486510475701187e+06
2.655585366529703606e+01 1.825791913774114619e+02 1.224607078093462462e+02 1.860593263906760058e+02 1.469463220910320058e+06
2.663439356725699980e+01 1.835454350061286277e+02 1.234721896289374286e+02 1.870877192761723791e+02 1.471750745934023755e+06
2.671293346871349428e+01 1.837855746564118817e+02 1.242127040926931585e+02 1.893354007915071406e+02 1.481454325903135352e+06
2.679147336967094617e+01 1.846162742004561039e+02 1.243143737530963762e+02 1.903861051947936289e+02 1.490719456248007948e+06
2.687001327013372531e+01 1.851063526308478799e+02 1.249760665971086979e+02 1.914355357147590269e+02 1.496355114516333211e+06
2.694855317010616602e+01 1.856659206951079852e+02 1.255580147880784807e+02 1.930398740612354516e+02 1.509062599126550602e+06
2.702709306959254221e+01 1.855840319447301567e+02 1.265968595528158289e+02 1.930630635074233226e+02 1.506792725996321999e+06
2.710563296859707094e+01 1.868304604778764428e+02 1.265001323334942072e+02 1.953070268245281795e+02 1.514191839278139407e+06
2.718417286712393377e+01 1.867007214250017739e+02 1.267502116255915894e+02 1.957964948434766086e+02 1.521412192772115581e+06
2.726271276517725894e+01 1.879279319486053907e+02 1.273890257885475989e+02 1.973676280380506682e+02 1.538127975511119002e+06
2.734125266276112498e+01 1.875215569014302730e+02 1.284668508676207352e+02 1.981702770407804337e+02 1.531832122912380146e+06
2.741979255987956776e+01 1.893280921036707412e+02 1.289499653574118554e+02 2.009512783502901527e+02 1.553186002921639010e+06
2.749833245653658054e+01 1.887900986777472099e+02 1.288233722806976971e+02 2.019653041569886227e+02 1.558180621236253995e+06
2.757687235273609616e+01 1.899167698985355912e+02 1.295162391034192808e+02 2.032263709536295266e+02 1.568037860357394209e+06
2.765541224848202262e+01 1.892725063370884868e+02 1.290845477529076391e+02 2.030785529594521108e+02 1.575515448001964018e+06
2.773395214377820395e+01 1.908592394142269484e+02 1.302347795911136359e+02 2.045471789940130805e+02 1.586720241394258570e+06
2.781249203862845576e+01 1.899409310834812743e+02 1.302419040895332216e+02 2.055264015813728804e+02 1.585417933460183674e+06
2.789103193303654038e+01 1.900333821005160644e+02 1.315897710598674166e+02 2.065552556830369326e+02 1.586732080676887883e+06
2.796957182700618816e+01 1.910175972486669593e+02 1.314238780751965123e+02 2.085012278902572689e+02 1.603900659563313937e+06
2.804811172054107615e+01 1.914343845600116083e+02 1.317939763387022083e+02 2.102069660037717256e+02 1.604413158435804071e+06
2.812665161364485655e+01 1.920544239904490951e+02 1.326061007926820139e+02 2.109328771920072825e+02 1.622401531611687969e+06
2.820519150632112115e+01 1.915798544638301451e+02 1.331163397334296974e+02 2.125938445543499427e+02 1.621875084885596531e+06
2.828373139857343332e+01 1.916679997137933640e+02 1.333680650828034402e+02 2.136456789014966944e+02 1.623477714301148895e+06
2.836227129040531736e+01 1.920531720170567382e+02 1.331980918974809640e+02 2.172745130754599074e+02 1.633528768930689665e+06
2.844081118182025847e+01 1.933501941766423613e+02 1.332414307044374482e+02 2.165500954046128470e+02 1.643829617148712510e+06
2.851935107282169923e+01 1.921117708883555224e+02 1.343085141688148667e+02 2.175153334585628500e+02 1.641361952027875697e+06
2.859789096341304315e+01 1.931594851352804199e+02 1.345770981494224827e+02 2.188970807867012525e+02 1.653318230788934976e+06
2.867643085359765820e+01 1.917651667428896474e+02 1.342110771506429501e+02 2.189016475532328343e+02 1.645367044382313499e+06
2.875497074337888392e+01 1.922583822326389509e+02 1.347623376242526660e+02 2.195838483510436561e+02 1.671151713870453183e+06
2.883351063276001369e+01 1.908693708697159650e+02 1.356768791389564512e+02 2.201366758158862353e+02 1.652642026363271289e+06
2.891205052174430890e+01 1.914985219051539218e+02 1.361619003357565987e+02 2.223669077778963015e+02 1.663278643511939561e+06
2.899059041033499184e+01 1.926219773988098041e+02 1.358710651365873900e+02 2.238374328544587684e+02 1.668870332216492388e+06
2.906913029853525643e+01 1.938300601544810320e+02 1.369283866602654882e+02 2.253157211562085820e+02 1.697186463683631504e+06
2.914767018634825746e+01 1.929575517696741258e+02 1.374088086047187574e+02 2.260873337458315007e+02 1.682023150179127697e+06
2.922621007377712132e+01 1.947754456077452119e+02 1.385749655874989799e+02 2.302258581534794644e+02 1.712517776433113730e+06
2.930474996082492822e+01 1.954983497369836414e+02 1.387041336041888542e+02 2.305874773963614359e+02 1.720016241999147926e+06
2.938328984749474060e+01 1.938421411154397447e+02 1.391583549911786974e+02 2.300592093746733440e+02 1.714210649740095017e+06
2.946182973378957826e+01 1.952598897062053140e+02 1.397837134279749307e+02 2.334441037981779914e+02 1.726854344508208334e+06
2.954036961971243258e+01 1.945486305894075088e+02 1.397196745304877936e+02 2.343993253981193163e+02 1.733901962113915244e+06
2.961890950526625943e+01 1.969531862616625517e+02 1.401772695341838642e+02 2.346491105904585766e+02 1.739838436806468293e+06
2.969744939045398979e+01 1.960354936729327449e+02 1.413274466732317478e+02 2.371997844072609780e+02 1.755518887195612304e+06
2.977598927527852268e+01 1.984251754606784743e+02 1.422995894401462067e+02 2.388657290989310127e+02 1.774432439543487504e+06
2.985452915974272159e+01 1.985228697101077557e+02 1.416003835915674074e+02 2.418443635082826404e+02 1.789310970365766669e+06
2.993306904384942868e+01 1.973099734806299068e+02 1.427233823510705122e+02 2.397012559269423946e+02 1.791732352843474830e+06
3.001160892760143994e+01 1.997452747310032919e+02 1.424655147720953607e+02 2.431084176213031469e+02 1.795807480703364359e+06
3.009014881100154071e+01 1.992968423306872126e+02 1.440122513254613068e+02 2.435861699950768298e+02 1.804829897659301991e+06
3.016868869405248077e+01 1.986811631902120610e+02 1.445376105043143582e+02 2.460770165023004097e+02 1.789175364642910659e+06
3.024722857675697441e+01 1.999892584832371654e+02 1.458781055049152542e+02 2.464102246327412900e+02 1.812132371643246617e+06
3.032576845911771457e+01 2.010632178356940472e+02 1.461380388478380610e+02 2.476092965428664172e+02 1.826992488222854212e+06
3.040430834113736580e+01 2.020100874328815621e+02 1.467087874776862577e+02 2.498620810469558364e+02 1.837293908596131951e+06
3.048284822281856421e+01 2.030854545589722306e+02 1.463812815798805502e+02 2.524157313760564989e+02 1.850220310489880387e+06
3.056138810416392460e+01 2.030988864360153059e+02 1.472253645279866987e+02 2.524368971833670798e+02 1.858356929110992234e+06
3.063992798517602267e+01 2.034407989152495304e+02 1.472967781865135066e+02 2.520950995224084181e+02 1.860947035681773210e+06
3.071846786585741640e+01 2.044824948245845064e+02 1.498417470147984147e+02 2.545467088221182053e+02 1.857305153215378290e+06
3.079700774621063886e+01 2.031838665478924497e+02 1.509806158382301930e+02 2.567031697247657576e+02 1.874753310257274192e+06
3.087554762623818760e+01 2.040181723834994614e+02 1.505245779874244363e+02 2.565605670792646720e+02 1.872508278308767127e+06
3.095408750594254599e+01 2.085391651390829679e+02 1.510009437459862056e+02 2.638227865811744550e+02 1.919770511089217849e+06
3.103262738532617249e+01 2.059945754045359081e+02 1.522899424841685914e+02 2.619881683166540824e+02 1.917694289359849645e+06
3.111116726439149005e+01 2.055332843492452639e+02 1.535192734012341020e+02 2.660367999021225387e+02 1.916237686165294377e+06
3.118970714314090387e+01 2.087916494583838016e+02 1.524999453379999181e+02 2.656874144462535128e+02 1.925127801264731446e+06
3.126824702157679781e+01 2.078221000701149137e+02 1.539501196217279073e+02 2.638551843924227001e+02 1.935639788925050059e+06
3.134678689970152377e+01 2.087475465679551405e+02 1.548217962993029744e+02 2.671564261301406873e+02 1.934662737471353961e+06
3.142532677751741588e+01 2.114193938113322702e+02 1.565172440638380635e+02 2.684529047217382072e+02 1.970457327181910863e+06
3.150386665502678696e+01 2.094099582787080180e+02 1.563322062684138984e+02 2.716674890843129901e+02 1.974137498668402899e+06
3.158240653223192140e+01 2.144640878936943409e+02 1.592269853523025631e+02 2.758650418107757787e+02 1.964770118233042303e+06
3.166094640913508229e+01 2.131248121676940457e+02 1.593590974296504896e+02 2.780262134616293679e+02 2.015976016971058678e+06
3.173948628573851494e+01 2.128872997854222433e+02 1.579527507937091002e+02 2.767698246266003252e+02 1.990959758052084595e+06
3.181802616204443623e+01 2.131901583665585918e+02 1.588159243811892054e+02 2.770584911017941749e+02 1.997241656113467645e+06
3.189656603805504531e+01 2.142402644526593178e+02 1.615671652273192080e+02 2.800248378685334387e+02 2.008166650756962830e+06
3.197510591377251998e+01 2.161921233453279285e+02 1.628981915790323569e+02 2.856422976461015537e+02 2.036872049902324099e+06
3.205364578919900964e+01 2.155120887373085168e+02 1.616357779797712055e+02 2.872042664138544978e+02 2.066214894370886963e+06
3.213218566433665302e+01 2.218522878582263900e+02 1.626270199890094545e+02 2.853704235187012728e+02 2.063564649431475904e+06
3.221072553918755688e+01 2.211344139872970231e+02 1.641106848601961588e+02 2.893391581138539550e+02 2.086601465767764021e+06
3.228926541375382442e+01 2.232411906857236943e+02 1.670442633916645150e+02 2.943772603036373994e+02 2.120398856713041198e+06
3.236780528803751622e+01 2.216174110699674600e+02 1.650393492673811124e+02 2.885330438522569807e+02 2.110394877462066710e+06
3.244634516204068575e+01 2.255395092019553260e+02 1.678585695237511572e+02 2.948777958526059138e+02 2.130931995614536107e+06
3.252488503576537227e+01 2.237657023944121590e+02 1.660885745598485528e+02 2.937533885973026599e+02 2.122025352426176891e+06
3.260342490921358660e+01 2.269995194893744781e+02 1.715983217250948769e+02 2.997691979637612576e+02 2.125141153597603086e+06
3.268196478238731828e+01 2.279092563399411517e+02 1.688539598068040277e+02 2.978913533262056603e+02 2.138265263432979118e+06
3.276050465528854261e+01 2.246856861496310103e+02 1.717653100856553294e+02 3.021946341429170388e+02 2.127133776696657296e+06
3.283904452791921358e+01 2.298210805522771238e+02 1.723266210533982985e+02 3.079836853991182579e+02 2.237880129225527868e+06
3.291758440028127097e+01 2.322802111552320525e+02 1.734354649308163516e+02 3.086200553202766628e+02 2.180793788781253621e+06
3.299612427237663326e+01 2.335933216105487418e+02 1.754338172213040536e+02 3.137320042547738126e+02 2.211897548420840874e+06
3.307466414420719758e+01 2.306558811158398896e+02 1.779582654261857897e+02 3.140861629684961827e+02 2.223476441491457168e+06
3.315320401577483977e+01 2.353677656500832995e+02 1.755490234959285374e+02 3.154309106418680244e+02 2.254943013538428117e+06
3.323174388708143567e+01 2.330294008430414294e+02 1.748867232370840554e+02 3.158194940392229455e+02 2.265721094039173331e+06
3.331028375812883269e+01 2.358450498500008337e+02 1.796038796323888391e+02 3.168849810211486897e+02 2.254269890317712910e+06
3.338882362891884981e+01 2.452991342950522551e+02 1.770933889111800568e+02 3.239584452124870495e+02 2.305141879387930036e+06
3.346736349945329891e+01 2.491274651916625658e+02 1.837974338426017482e+02 3.316642946775192513e+02 2.404405025812816806e+06
3.354590336973399189e+01 2.438519861010082650e+02 1.846590011690273343e+02 3.200853595557578615e+02 2.378157467767608352e+06
3.362444323976268379e+01 2.414695122302639447e+02 1.886752687843138858e+02 3.310923316268784333e+02 2.312058975309816189e+06
3.370298310954115806e+01 2.434925230658191140e+02 1.814670176256339005e+02 3.325646774838984356e+02 2.393288103878880851e+06
3.378152297907114132e+01 2.411889988936833049e+02 1.824911845517870574e+02 3.239199414709582925e+02 2.412614369134352077e+06
3.386006284835436730e+01 2.405486257270017063e+02 1.963542571178836624e+02 3.368814283833480658e+02 2.399960180380155332e+06
3.393860271739255552e+01 2.429279661428454631e+02 1.982648714720578766e+02 3.412184944810063598e+02 2.355399835182122421e+06
3.401714258618739706e+01 2.633591466980168434e+02 1.808050988146127338e+02 3.375102096954863100e+02 2.510411897484274581e+06
3.409568245474058301e+01 2.615737840065591513e+02 1.859942837025523943e+02 3.442160276830086900e+02 2.470618861432586797e+06
3.417422232305376895e+01 2.614377876272786807e+02 1.855091736595598206e+02 3.549689569226082995e+02 2.472548835410908330e+06
3.425276219112861043e+01 2.475333055000681668e+02 2.029351387908665458e+02 3.431730572402548773e+02 2.493690262469085865e+06
3.433130205896674880e+01 2.479756772385558747e+02 1.899221334379673465e+02 3.737820991841523437e+02 2.644049970630910248e+06
3.440984192656979701e+01 2.534011163890777709e+02 1.834169009005650537e+02 3.757798613360614581e+02 2.761431936686985660e+06
3.448838179393936088e+01 2.673207609973094350e+02 2.061396903796212996e+02 3.367085459323212149e+02 2.615809895201090723e+06
3.456692166107702491e+01 2.674878656548513050e+02 1.825619887626121738e+02 3.882285594703660649e+02 2.983949011492061894e+06
3.464546152798438072e+01 2.579678824871607503e+02 1.643572837813605361e+02 4.209858636907808886e+02 2.327205953884817660e+06
3.472400139466299152e+01 2.281262327751009025e+02 1.709302527180973641e+02 3.612805363430122156e+02 2.351732808980511967e+06
