# 0.8677 0.9025
7.871241428633635184e-02 1.641801960810759242e-01 9.076622255321208088e-02 1.309975423876570157e-02 2.207006274045769715e+03
1.618072713909662341e-01 7.581085548615851266e-01 4.818335738283736069e-01 6.433787623721932969e-02 8.856345111536222248e+03
2.418771330418761079e-01 1.778543861876994869e+00 1.380471798026051244e+00 8.080530485718720457e-02 1.220005548912518680e+04
3.211923215201240578e-01 3.091733151945416758e+00 2.304038648066334627e+00 1.825804956504158694e-01 2.351913169205804297e+04
4.002017901256537113e-01 4.334169557227633973e+00 3.178927803194685264e+00 2.700167301728088609e-01 3.354756696493631171e+04
4.790568272527075955e-01 5.140942175434099148e+00 4.234044885919196588e+00 2.865324711307656869e-01 3.275139503821191829e+04
5.578229290343351687e-01 7.555937559560665484e+00 6.148809454984926148e+00 4.235963514110882011e-01 4.836888058672515763e+04
6.365331115321660738e-01 7.859386925586284711e+00 6.624246021332742984e+00 5.072312185476591795e-01 5.162693044328723772e+04
7.152058371535838788e-01 1.025796842777152307e+01 8.749841997017735906e+00 5.840421229169489026e-01 5.984273761137754627e+04
7.938522421846891941e-01 1.163924380530416514e+01 1.027813685246449538e+01 6.631749161575404283e-01 6.123291097963512584e+04
8.724794443688169698e-01 1.280855185973039134e+01 1.142555643095597162e+01 7.690681467556231832e-01 6.750061321467868402e+04
9.510922062407737299e-01 1.414087853940412920e+01 1.247593943457130017e+01 8.618464802096659216e-01 7.416502463899692520e+04
1.029693835175838679e+00 1.540477317264419632e+01 1.413318413233500337e+01 9.638408572058196899e-01 7.656103290057426784e+04
1.108286699878543891e+00 1.664751480875521494e+01 1.533840220235795471e+01 1.067846350671718181e+00 8.074750168410102197e+04
1.186872541411916560e+00 1.841785842330519074e+01 1.714039463001630281e+01 1.136607090983960955e+00 8.530779344561755715e+04
1.265452668213572940e+00 2.063303047148852443e+01 1.919915671405973256e+01 1.211031096786542083e+00 8.955566432472848101e+04
1.344028082638708543e+00 2.187855940219755979e+01 2.023702809195128083e+01 1.370112958784276191e+00 9.713722119801292138e+04
1.422599565533279709e+00 2.319631049409583667e+01 2.151785981593776853e+01 1.430504632508527552e+00 9.761301835567844682e+04
1.501167734229200246e+00 2.558477085460716438e+01 2.422308264987782422e+01 1.608662110670102896e+00 1.028470656230610621e+05
1.579733083222462531e+00 2.705482418385437882e+01 2.529142167870086055e+01 1.758773414403758784e+00 1.118483471158186439e+05
1.658296013281593151e+00 2.954567356810657586e+01 2.786595145163196463e+01 1.804657866990863946e+00 1.122974436869122728e+05
1.736856852652245875e+00 2.971281798208631386e+01 2.796021814849033760e+01 1.988446628643342207e+00 1.146638275981685147e+05
1.815415872753641580e+00 3.273863430972514976e+01 3.097386416004107801e+01 2.020863480630505915e+00 1.179798725331125461e+05
1.893973299967037560e+00 3.420517930332140821e+01 3.207421338404333966e+01 2.195932872276180614e+00 1.245972761060376652e+05
1.972529324606241641e+00 3.617050699272472514e+01 3.376200217211943055e+01 2.348429940492963830e+00 1.294977247919639194e+05
2.051084107826015579e+00 3.828291867155040507e+01 3.578842943931147857e+01 2.459881202452173898e+00 1.334818654654286511e+05
2.129637787001040561e+00 3.979417255035983914e+01 3.685317088104249450e+01 2.684687183041643443e+00 1.415004977015167242e+05
2.208190479956450680e+00 4.196586695250363164e+01 3.903628863543490723e+01 2.833828374356548885e+00 1.433816432853066653e+05
2.286742288326184092e+00 4.362724655498181647e+01 4.053231570113938176e+01 2.831637504787085646e+00 1.439282472519372241e+05
2.365293300241981811e+00 4.335674968607877844e+01 4.044737019908392028e+01 2.981838126716580106e+00 1.437840695331933966e+05
2.443843592503681883e+00 4.558820847434082424e+01 4.190360508959686570e+01 3.111251347185068017e+00 1.509974786584055109e+05
2.522393232343909553e+00 4.767396834305682063e+01 4.385700658887639491e+01 3.352274757013112616e+00 1.573820421956626815e+05
2.600942278872942381e+00 4.839982929953175983e+01 4.382324331137472484e+01 3.547385522069287145e+00 1.646047763802249683e+05
2.679490784269383141e+00 4.983292432089579904e+01 4.551362664122584079e+01 3.696782593085776725e+00 1.643488018587722327e+05
2.758038794767343038e+00 5.213806083663725843e+01 4.725293321240665279e+01 3.839927405257594017e+00 1.700481851969239069e+05
2.836586351479573942e+00 5.372735638624232735e+01 4.829170439716397567e+01 4.119730170574603889e+00 1.775074092238422018e+05
2.915133491087511963e+00 5.431363514360817391e+01 4.905709106391898899e+01 4.142371816284715180e+00 1.753125421678454150e+05
2.993680246422668834e+00 5.479949170766496991e+01 4.914305530201287553e+01 4.339012327114222245e+00 1.777942546831212530e+05
3.072226646958827967e+00 5.736489807901736526e+01 5.100368284853945511e+01 4.591252689011093402e+00 1.868503925653077313e+05
3.150772719230606977e+00 5.681809411527614628e+01 5.045906422400191360e+01 4.769316809894581510e+00 1.888218317146850459e+05
3.229318487190934395e+00 5.820418275812996001e+01 5.120151027998129223e+01 4.789701678721081102e+00 1.877582425695228740e+05
3.307863972517584905e+00 6.014154022567709745e+01 5.280027976403072643e+01 4.952888823945186481e+00 1.920131665867742267e+05
3.386409194877053608e+00 6.100235403990497218e+01 5.321098730973699986e+01 5.208064760084639033e+00 1.979530076340337982e+05
3.464954172152534095e+00 6.166706450707299325e+01 5.359322951394844381e+01 5.378151544960931396e+00 2.030907480088364973e+05
3.543498920641575456e+00 6.277817720339953667e+01 5.405170906880525905e+01 5.664302057734094120e+00 2.072101626642608026e+05
3.622043455228019404e+00 6.445514838453145501e+01 5.521249778353941196e+01 5.738947045862534679e+00 2.110398288348588685e+05
3.700587789532037597e+00 6.426065070041201466e+01 5.487627705313109061e+01 6.045750041085177884e+00 2.155138425539665623e+05
3.779131936041457696e+00 6.469045829794251290e+01 5.523279653775461639e+01 6.205941533083545458e+00 2.161232087382559548e+05
3.857675906227046259e+00 6.606676681897077685e+01 5.572561449384372878e+01 6.291468609720088700e+00 2.182482199677473691e+05
3.936219710643986680e+00 6.741980225034500052e+01 5.661456918281172790e+01 6.542564072621139815e+00 2.260643224894563900e+05
4.014763359021444877e+00 6.707326667924202468e+01 5.625532859301623745e+01 6.777598317431635877e+00 2.254929262839146832e+05
4.093306860341824560e+00 6.943805827846216516e+01 5.767886207347640237e+01 7.018230162171312791e+00 2.329829757902180427e+05
4.171850222911064776e+00 6.952206710895138997e+01 5.778307074113562436e+01 7.222293016318335646e+00 2.339415525314827973e+05
4.250393454421145911e+00 6.899190328910752612e+01 5.720711582338043399e+01 7.284819069098428024e+00 2.334443419151108828e+05
4.328936562005788247e+00 7.059975572883861616e+01 5.784059600055735473e+01 7.572884704232355269e+00 2.420183710213302984e+05
4.407479552290201497e+00 7.225722458954001581e+01 5.923347816946403555e+01 7.833678100155889723e+00 2.457954048740179860e+05
4.486022431435594982e+00 7.151685366854476911e+01 5.820384593422102881e+01 8.019731019977966113e+00 2.446542910540218872e+05
4.564565205179107465e+00 7.310905082196107685e+01 5.922148796604460586e+01 8.213084718795132133e+00 2.518258613168899610e+05
4.643107878869670024e+00 7.374764882878021410e+01 5.949733295582510095e+01 8.481830781214352299e+00 2.553123737586656935e+05
4.721650457500300213e+00 7.476646633038266998e+01 6.002601433010897836e+01 8.589474407277551293e+00 2.580115823183090833e+05
4.800192945737217443e+00 7.565994757526409842e+01 6.046867138333615088e+01 8.920821889455730513e+00 2.624038859568951302e+05
4.878735347946150824e+00 7.538682005207014925e+01 6.021805217871924754e+01 9.207738478962212980e+00 2.637057845412902534e+05
4.957277668216146793e+00 7.681694165738372249e+01 6.143093050568031543e+01 9.360709869414968409e+00 2.670193663893687772e+05
5.035819910381144737e+00 7.714094745832019839e+01 6.128796794385148416e+01 9.639162862578459112e+00 2.706375289146188879e+05
5.114362078039562221e+00 7.834204677255999627e+01 6.179029982108233554e+01 9.859575595257242142e+00 2.762911716073504649e+05
5.192904174572115394e+00 7.874601199641779203e+01 6.200503459524438199e+01 1.013185540600481360e+01 2.773438942470292677e+05
5.271446203158030919e+00 7.966291017387931106e+01 6.247969178499049292e+01 1.037298907406762183e+01 2.823369477877357276e+05
5.349988166789838573e+00 8.088442075909502194e+01 6.353151664313495672e+01 1.065409743013337440e+01 2.852170099481249927e+05
5.428530068286878674e+00 8.108765366949798192e+01 6.324560551085726701e+01 1.084701845501501616e+01 2.891471672430558829e+05
5.507071910307648643e+00 8.198663920913629966e+01 6.373172570431137984e+01 1.109198299774900143e+01 2.910611899098306894e+05
5.585613695361120179e+00 8.264927017395879716e+01 6.412707605442793124e+01 1.148139371146500309e+01 2.964558917085561552e+05
5.664155425817094525e+00 8.387168391102457576e+01 6.469999047758024346e+01 1.172391520633932416e+01 3.013813705501641380e+05
5.742697103915729961e+00 8.373416860176322984e+01 6.469799919680302480e+01 1.196950598976813929e+01 3.016741947633072850e+05
5.821238731776284148e+00 8.511775969833144018e+01 6.547793081178392072e+01 1.219136008403536664e+01 3.065862764953470323e+05
5.899780311405160127e+00 8.508902385878943164e+01 6.521177877096511111e+01 1.243389699763112155e+01 3.078055198771629948e+05
5.978321844703323507e+00 8.625526647001720448e+01 6.604967125984994425e+01 1.264108938739528831e+01 3.090313235763409175e+05
6.056863333473133437e+00 8.710396930917127634e+01 6.666364197621362564e+01 1.293129263513785787e+01 3.132023027053196565e+05
6.135404779424661115e+00 8.821398482675874675e+01 6.694154667169618733e+01 1.335212662863927768e+01 3.210491436760233482e+05
6.213946184181517118e+00 8.771747757848717697e+01 6.662821023903993023e+01 1.361978858089033650e+01 3.220149036414715229e+05
6.292487549286247983e+00 8.934254128248133497e+01 6.776971157989451910e+01 1.372462124180976950e+01 3.251318453950590338e+05
6.371028876205335756e+00 8.960467933232872895e+01 6.759714729527345867e+01 1.415341317006368449e+01 3.283163385241958895e+05
6.449570166333828070e+00 9.080346440073277847e+01 6.833885768522107185e+01 1.447673794137684844e+01 3.342569835144685348e+05
6.528111420999634262e+00 9.100857588547249577e+01 6.850395681799527381e+01 1.472593744635506141e+01 3.363216474472605041e+05
6.606652641467518627e+00 9.167477725600535621e+01 6.873931726211603177e+01 1.499859891587663796e+01 3.390132993493692484e+05
6.685193828942805006e+00 9.225290893123452918e+01 6.908386204315091561e+01 1.544575802608967585e+01 3.412147606670540408e+05
6.763734984574836240e+00 9.213925587342158963e+01 6.912198862883025186e+01 1.553460361092080966e+01 3.435991065388939460e+05
6.842276109460177835e+00 9.333038272772137134e+01 6.960803969777312261e+01 1.588280030447301883e+01 3.462915897455427330e+05
6.920817204645620890e+00 9.325589736431716403e+01 6.938375233489814775e+01 1.612376798645076548e+01 3.466022980583532481e+05
6.999358271130968312e+00 9.428410539324096362e+01 7.018739017208143594e+01 1.654184939929831799e+01 3.551095839954506373e+05
7.077899309871646949e+00 9.582072133028965766e+01 7.097411057979643090e+01 1.689440272556469935e+01 3.597388368320930167e+05
7.156440321781138536e+00 9.605676547821346389e+01 7.098031216398815957e+01 1.702763859973406824e+01 3.591354234834914096e+05
7.234981307733260536e+00 9.593760130185903279e+01 7.117455844226563499e+01 1.739639953651427007e+01 3.628719914879514254e+05
7.313522268564292439e+00 9.716238351604349077e+01 7.179260058573449044e+01 1.764968329951190995e+01 3.646854208272282267e+05
7.392063205074973276e+00 9.693988957071827883e+01 7.159029830556498553e+01 1.803171276606126838e+01 3.676216713915186701e+05
7.470604118032365015e+00 9.812152397185010955e+01 7.200342907731850062e+01 1.827150492137783289e+01 3.715768693387581152e+05
7.549145008171610272e+00 9.834098195739014159e+01 7.268147379939291852e+01 1.857051300474634559e+01 3.714983305855994695e+05
7.627685876197570103e+00 9.867303198156844246e+01 7.228238873775325146e+01 1.895099198433894117e+01 3.756684333615226205e+05
7.706226722786373884e+00 1.002283260692872773e+02 7.325780870978879022e+01 1.934480262413226725e+01 3.831242047429825179e+05
7.784767548586863484e+00 9.981141542041471837e+01 7.287700724090976223e+01 1.970372762505460429e+01 3.833330198118275730e+05
7.863308354221953955e+00 9.998001550375083468e+01 7.325314900064807944e+01 1.977914997627494742e+01 3.839320115398805356e+05
7.941849140289923170e+00 1.002673712072781456e+02 7.292330052456431133e+01 2.020137292990662914e+01 3.864164445421640994e+05
8.020389907365611748e+00 1.022169055899292687e+02 7.416970488874540024e+01 2.066087064743736690e+01 3.937864276244497742e+05
8.098930656001561701e+00 1.029022583624835079e+02 7.472804076919803151e+01 2.085192361989226839e+01 3.966695541334865266e+05
8.177471386729090241e+00 1.025686754063731456e+02 7.428006260354352719e+01 2.126591220416711536e+01 3.964799927475632867e+05
8.256012100059292536e+00 1.033096083645191641e+02 7.472921131805129846e+01 2.165895784915412037e+01 4.008261453331094235e+05
8.334552796484000936e+00 1.032152067024244104e+02 7.459121155536170988e+01 2.185375760718734384e+01 4.002986072339655366e+05
8.413093476476680266e+00 1.044247911732492042e+02 7.493660890830373944e+01 2.222818059166192839e+01 4.075406395267108455e+05
8.491634140493276917e+00 1.043723221433544381e+02 7.519946232687250642e+01 2.264950354873987237e+01 4.082171278359501739e+05
8.570174788973028868e+00 1.053510008294045690e+02 7.574856034775415026e+01 2.296990228189129724e+01 4.105504075745063601e+05
8.648715422339215309e+00 1.062208441867262820e+02 7.614828847486150210e+01 2.326677878148613487e+01 4.163621226148597780e+05
8.727256040999876063e+00 1.061763232249480353e+02 7.606972006040479073e+01 2.363498993703505846e+01 4.175500520911134663e+05
8.805796645348495488e+00 1.065171305717715313e+02 7.622427740510842398e+01 2.399166454017437999e+01 4.206699486934889574e+05
8.884337235764643737e+00 1.071317827432429510e+02 7.670308117244104551e+01 2.426576380775117769e+01 4.221418142830135766e+05
8.962877812614589601e+00 1.075328137260698327e+02 7.692924368027759385e+01 2.473526604566545473e+01 4.226966708246201160e+05
9.041418376251867173e+00 1.081344159587176534e+02 7.661682053003583803e+01 2.524558464652269052e+01 4.299250412032668246e+05
9.119958927017840722e+00 1.089945525787670846e+02 7.737744630406795920e+01 2.539049987741816139e+01 4.313311028795854072e+05
9.198499465242209183e+00 1.095319999503042965e+02 7.777219720841503658e+01 2.573697292619658938e+01 4.341586556506521883e+05
9.277039991243508865e+00 1.094542473053040936e+02 7.767107816314837976e+01 2.604175185232810463e+01 4.362180424748266814e+05
9.355580505329580632e+00 1.097411172302043099e+02 7.747612057272932873e+01 2.662720693574071618e+01 4.400562616968259099e+05
9.434121007798012215e+00 1.098108498082109605e+02 7.747159880581219227e+01 2.685841134373702488e+01 4.400711957275125314e+05
9.512661498936562765e+00 1.103673825243475903e+02 7.787092542244765525e+01 2.728441543644563438e+01 4.434617636256564874e+05
9.591201979023569635e+00 1.113532482687436698e+02 7.865456467523954132e+01 2.768729585429071349e+01 4.477616662488845177e+05
9.669742448328321416e+00 1.117099468781925253e+02 7.861730281505033702e+01 2.787292517710787720e+01 4.498298162466394715e+05
9.748282907111432749e+00 1.122224168221685261e+02 7.886376189272257875e+01 2.829455741707566574e+01 4.542287664893990732e+05
9.826823355625185386e+00 1.115919102863683321e+02 7.830052297438588482e+01 2.868397918003623204e+01 4.533189507910200628e+05
9.905363794113858589e+00 1.124021528321045338e+02 7.877269536122319948e+01 2.915716961076677549e+01 4.583696628734342521e+05
9.983904222814045326e+00 1.133740555464951285e+02 7.917250964824967241e+01 2.958972208072518129e+01 4.623115184660892701e+05
1.006244464195495070e+01 1.134327962437956785e+02 7.922823658240980649e+01 2.990018245978538047e+01 4.627950103152109659e+05
1.014098505175868148e+01 1.133396500364217161e+02 7.901328914991432839e+01 3.026738798368258188e+01 4.654070702029829263e+05
1.021952545244051613e+01 1.139569911379296201e+02 7.941039132472828044e+01 3.058343348132716244e+01 4.682544938618824235e+05
1.029806584420916415e+01 1.141110087658011736e+02 7.923841073602098106e+01 3.112968518117649097e+01 4.723767047513764119e+05
1.037660622726701654e+01 1.146539844092911267e+02 7.960757803212500505e+01 3.141928533582125382e+01 4.737762965433072532e+05
1.045514660181038380e+01 1.148426673175003003e+02 7.976744494769705796e+01 3.180623627093664041e+01 4.763069158819883014e+05
1.053368696802971982e+01 1.154993625452306674e+02 7.992992204645844367e+01 3.234113010488749751e+01 4.769551535918562440e+05
1.061222732610984210e+01 1.163069190565072688e+02 8.026478836753946666e+01 3.281490417254673275e+01 4.845038171382624423e+05
1.069076767623013779e+01 1.163617876198429570e+02 8.037260397289747971e+01 3.309404996051087977e+01 4.861626269158137729e+05
1.076930801856475739e+01 1.165359926986495367e+02 8.047058736120722244e+01 3.328134469472924906e+01 4.873932773289807956e+05
1.084784835328281005e+01 1.171863501898473885e+02 8.048703269108187897e+01 3.385783591665310155e+01 4.908360395487223286e+05
1.092638868054854306e+01 1.172400996781976659e+02 8.071111134036753754e+01 3.411702090305927015e+01 4.907404753426211537e+05
1.100492900052151413e+01 1.176297957777881464e+02 8.078382473446602319e+01 3.461393381146435644e+01 4.953690391870059539e+05
1.108346931335675833e+01 1.180108674773139086e+02 8.104568612565537933e+01 3.504090002547116001e+01 4.978431391570169362e+05
1.116200961920494805e+01 1.185108986738283647e+02 8.102070449910691252e+01 3.560146354480316688e+01 5.005878338052968029e+05
1.124054991821254212e+01 1.184813771807926912e+02 8.128607458477597447e+01 3.600270257244292083e+01 5.024474444130550255e+05
1.131909021052193687e+01 1.190078160068463404e+02 8.133176718926206661e+01 3.635906099340775910e+01 5.061412416359960916e+05
1.139763049627160285e+01 1.192026486664679368e+02 8.175281466932030128e+01 3.676443325399235107e+01 5.076125527467411594e+05
1.147617077559622167e+01 1.192975713429905085e+02 8.122654969767233979e+01 3.731932576135050539e+01 5.122767033317268360e+05
1.155471104862680853e+01 1.197545483755719573e+02 8.170448658848015100e+01 3.770541636080455561e+01 5.126438025804766221e+05
1.163325131549084368e+01 1.196728182987801432e+02 8.165158818816139785e+01 3.800297446182287331e+01 5.133761580049674958e+05
1.171179157631238787e+01 1.201332064334110612e+02 8.164492893674231766e+01 3.836427444994749436e+01 5.180453754579978413e+05
1.179033183121219608e+01 1.208966197484477334e+02 8.212925440989501169e+01 3.872196833143986794e+01 5.205010225995055516e+05
1.186887208030782759e+01 1.204896908065059336e+02 8.212225554893140611e+01 3.920452780872090415e+01 5.210852487976306584e+05
1.194741232371374728e+01 1.209131919691496790e+02 8.187692349761739763e+01 3.987618496647817778e+01 5.268327277230197797e+05
1.202595256154143222e+01 1.210411015619895636e+02 8.226585863051334968e+01 3.998881732665052624e+01 5.262242712843946647e+05
1.210449279389946753e+01 1.215214102464499462e+02 8.207349127719191983e+01 4.063822165372723560e+01 5.307332142396956915e+05
1.218303302089363527e+01 1.216222513121256128e+02 8.219920010269015620e+01 4.113789439329654130e+01 5.328923018051196123e+05
1.226157324262700676e+01 1.224047132393630903e+02 8.232597828288876940e+01 4.170396755420316026e+01 5.368186767104164464e+05
1.234011345920003322e+01 1.223913890264515345e+02 8.265523334799405575e+01 4.205142977553725814e+01 5.377343264967937721e+05
1.241865367071062565e+01 1.226969096321188317e+02 8.290529057919995637e+01 4.256136548451505774e+01 5.402005030151909450e+05
1.249719387725422415e+01 1.227824587595583949e+02 8.261322944593220541e+01 4.297626565297867529e+01 5.434658830740088597e+05
1.257573407892389383e+01 1.231279101410195267e+02 8.272172451429672435e+01 4.343555423189011577e+01 5.464853139640536392e+05
1.265427427581038877e+01 1.229865566859284201e+02 8.249036069606134447e+01 4.387474265792758388e+01 5.479557392809175653e+05
1.273281446800221772e+01 1.236911441706603654e+02 8.268103725859673148e+01 4.449831264478264359e+01 5.524041445776656037e+05
1.281135465558572584e+01 1.237251518424522914e+02 8.292141438527418984e+01 4.481364615371607130e+01 5.542263088228442939e+05
1.288989483864514796e+01 1.242974952741124781e+02 8.337680173966205643e+01 4.527950679096620235e+01 5.562467298285901779e+05
1.296843501726268322e+01 1.239043494566101771e+02 8.306986058788854166e+01 4.562093577709159575e+01 5.580382641066426877e+05
1.304697519151855190e+01 1.240835040725006593e+02 8.326897569722380865e+01 4.608020291873730656e+01 5.586145305379428901e+05
1.312551536149104692e+01 1.246840864162474105e+02 8.325492817656477484e+01 4.672855183454191774e+01 5.665709356569658266e+05
1.320405552725660492e+01 1.247810204617355794e+02 8.345604126287842917e+01 4.723233125910822139e+01 5.662509873272828991e+05
1.328259568888985243e+01 1.254284161707939234e+02 8.350460070084361064e+01 4.772199970449242556e+01 5.700905007176232757e+05
1.336113584646366270e+01 1.256273306191096850e+02 8.355795471541669883e+01 4.808661040641081996e+01 5.724146840847715503e+05
1.343967600004920548e+01 1.252336743265868506e+02 8.352164676103542718e+01 4.846908671734887974e+01 5.735331425388329662e+05
1.351821614971599317e+01 1.259673006392190899e+02 8.377413621525391818e+01 4.928127329977521498e+01 5.778839885986105073e+05
1.359675629553193588e+01 1.259784668066414781e+02 8.413323128093654191e+01 4.960149188502735740e+01 5.782585244890134782e+05
1.367529643756338231e+01 1.262160055332102075e+02 8.385609987289821277e+01 5.006971165981469341e+01 5.815665632944087265e+05
1.375383657587516595e+01 1.264163464028606256e+02 8.419038735517942484e+01 5.063571789513228083e+01 5.819506582478163764e+05
1.383237671053064766e+01 1.264111304116820236e+02 8.387918952055100874e+01 5.117568533324151758e+01 5.846384924627823057e+05
1.391091684159175834e+01 1.269618930282966289e+02 8.405160919340984549e+01 5.165223799176084185e+01 5.899800379590266384e+05
1.398945696911903269e+01 1.271923065881886572e+02 8.442603885344787784e+01 5.217657071226693688e+01 5.935061054872279055e+05
1.406799709317166069e+01 1.271750750395113130e+02 8.458309771131318655e+01 5.259736117912645881e+01 5.932819078847098863e+05
1.414653721380751428e+01 1.275360041011212928e+02 8.449532463947112149e+01 5.315129278356917553e+01 5.976348105573180364e+05
1.422507733108318817e+01 1.279435103668654676e+02 8.458284213498193083e+01 5.360858182009800998e+01 6.015687360786373029e+05
1.430361744505403543e+01 1.281143370130078267e+02 8.463112978364382855e+01 5.431331007225491447e+01 6.047417943911107723e+05
1.438215755577419586e+01 1.276894690940630568e+02 8.449007297943471428e+01 5.446412791481812832e+01 6.054513475235636579e+05
1.446069766329663686e+01 1.285752300550512075e+02 8.479567349913369867e+01 5.521513419938933254e+01 6.090135651069199666e+05
1.453923776767318010e+01 1.287355212579968793e+02 8.504674561142647349e+01 5.573950209673030542e+01 6.110764096550478134e+05
1.461777786895453346e+01 1.285959939770589813e+02 8.485231082278434656e+01 5.619848041402516259e+01 6.127362579927702900e+05
1.469631796719032302e+01 1.288985097566836089e+02 8.484376382434875552e+01 5.676948844274912176e+01 6.175689907206178177e+05
1.477485806242911437e+01 1.290563833764364006e+02 8.505768323369566986e+01 5.731667724029629341e+01 6.178317366988338763e+05
1.485339815471844993e+01 1.293328837856282973e+02 8.518450149615640044e+01 5.785826425674837026e+01 6.222578925092283171e+05
1.493193824410487203e+01 1.292744697089043484e+02 8.541583045451524470e+01 5.846085746939496630e+01 6.241646523367671762e+05
1.501047833063394421e+01 1.297568729396709557e+02 8.544684092650697949e+01 5.908304127294138652e+01 6.273547379124952713e+05
1.508901841435028857e+01 1.297999073043277178e+02 8.555926404102753224e+01 5.946231555696446236e+01 6.285162589152380824e+05
1.516755849529759992e+01 1.304513289293016385e+02 8.602259998260338136e+01 5.986135036827729294e+01 6.312887954966477118e+05
1.524609857351867070e+01 1.306992826243621550e+02 8.599313998835970096e+01 6.075499825762128836e+01 6.337446691469296347e+05
1.532463864905541762e+01 1.306091408907069251e+02 8.599741098395914207e+01 6.109072525919723518e+01 6.361514119606715394e+05
1.540317872194890292e+01 1.307822164337786148e+02 8.585164529363791530e+01 6.182593572093954037e+01 6.417718662989377044e+05
1.548171879223935399e+01 1.312640284322654054e+02 8.625560655280891353e+01 6.247112311089625791e+01 6.449281708800017368e+05
1.556025885996618996e+01 1.313199054007118605e+02 8.594750863749230518e+01 6.309895243293635048e+01 6.473319352241805755e+05
1.563879892516803238e+01 1.316746091544457045e+02 8.608895467171016946e+01 6.348913237189002245e+01 6.486955392725177808e+05
1.571733898788273187e+01 1.317426574918183633e+02 8.636675050054684277e+01 6.413889767542876541e+01 6.535076392618883401e+05
1.579587904814739119e+01 1.316738522941990368e+02 8.656809881199859547e+01 6.474911951973116686e+01 6.543887906947054435e+05
1.587441910599837769e+01 1.321337481413790726e+02 8.682187804321881686e+01 6.541189553600894158e+01 6.579232923169211717e+05
1.595295916147133575e+01 1.334274710193464841e+02 8.697041904600963846e+01 6.620722914012721105e+01 6.656719373351454269e+05
1.603149921460121874e+01 1.327130384451783982e+02 8.690025008584825628e+01 6.669577009204418516e+01 6.648242523514785571e+05
1.611003926542229436e+01 1.330424333491725406e+02 8.707497056102231170e+01 6.734416581851790795e+01 6.673081884120606119e+05
1.618857931396816596e+01 1.332177644348351464e+02 8.730257066333403770e+01 6.796185756209300166e+01 6.720745671977115562e+05
1.626711936027179561e+01 1.338695016588142721e+02 8.731223940123983596e+01 6.849593889840271288e+01 6.760789336558321957e+05
1.634565940436549525e+01 1.337463387947393016e+02 8.731323987718754154e+01 6.901507239759887113e+01 6.783108679145482602e+05
1.642419944628097639e+01 1.341086822477171268e+02 8.741060840682483501e+01 6.949175252348986476e+01 6.811885499433903024e+05
1.650273948604932883e+01 1.338220846239392188e+02 8.747347977854350631e+01 7.024121138247626561e+01 6.821007211333488813e+05
1.658127952370107394e+01 1.344431328832919235e+02 8.781267899114931197e+01 7.104077091392781540e+01 6.859155242485491326e+05
1.665981955926614333e+01 1.345640318855369912e+02 8.804624012497149010e+01 7.161607559906444465e+01 6.897270921316568274e+05
1.673835959277390728e+01 1.349057364808011812e+02 8.822751542184212781e+01 7.229509202010495983e+01 6.952060105735824909e+05
1.681689962425318896e+01 1.352126520252184605e+02 8.828385179770380375e+01 7.290631771940765304e+01 6.973685513341148617e+05
1.689543965373228218e+01 1.357985866681123639e+02 8.869206724784696405e+01 7.365335208836440017e+01 7.011256300820503384e+05
1.697397968123895495e+01 1.351575265191447670e+02 8.871777993494751513e+01 7.394909453427129620e+01 7.015009256650896277e+05
1.705251970680045304e+01 1.365122912536484989e+02 8.897245304747482919e+01 7.484738541209576113e+01 7.086219619039667305e+05
1.713105973044353902e+01 1.361509638699969287e+02 8.883723465715017653e+01 7.551799259015912469e+01 7.097006885271084029e+05
1.720959975219447102e+01 1.362914292229824866e+02 8.895290796087135732e+01 7.605162556082191827e+01 7.134446498815119267e+05
1.728813977207903463e+01 1.366187598693860252e+02 8.944065903346755420e+01 7.674848071460765198e+01 7.176241437251754105e+05
1.736667979012256424e+01 1.374104709252845851e+02 8.961461455459915726e+01 7.748251542650211832e+01 7.206553829706134275e+05
1.744521980634991110e+01 1.378103374487471626e+02 8.986413808513042056e+01 7.814370671198693685e+01 7.251429283028719947e+05
1.752375982078550365e+01 1.376914347633689317e+02 8.997531571319059651e+01 7.881643691146585695e+01 7.280105022616517963e+05
1.760229983345331917e+01 1.378416386598102861e+02 9.021532384358498291e+01 7.944171462310480081e+01 7.296488677921880735e+05
1.768083984437692635e+01 1.385622820582485417e+02 9.071811105955761434e+01 8.026658666949289511e+01 7.367180788118169876e+05
1.775937985357945692e+01 1.389244956557507464e+02 9.074102087057961796e+01 8.098452641651913098e+01 7.403305191014631419e+05
1.783791986108364824e+01 1.386564804867117857e+02 9.089843898298407510e+01 8.159885683811998547e+01 7.429360255212479969e+05
1.791645986691183268e+01 1.397526155908386727e+02 9.124609180566329769e+01 8.289069867124845814e+01 7.494906794107499300e+05
1.799499987108595889e+01 1.397531682361367587e+02 9.140755103236524803e+01 8.322627187799311343e+01 7.507577884869293775e+05
1.807353987362759185e+01 1.401429104208878016e+02 9.158353026959483145e+01 8.374654411297238710e+01 7.560190094861522084e+05
1.815207987455791638e+01 1.406454905250965339e+02 9.199887055168551342e+01 8.468372160261181136e+01 7.607129678604871733e+05
1.823061987389775851e+01 1.409672728609516810e+02 9.224096174871097276e+01 8.559818130575520456e+01 7.649964227144464385e+05
1.830915987166758541e+01 1.415256451911639317e+02 9.261589362234488476e+01 8.609607341822871263e+01 7.680350178248428274e+05
1.838769986788751964e+01 1.418865326474563915e+02 9.273795223292789558e+01 8.703374114410951279e+01 7.724689227431033505e+05
1.846623986257733563e+01 1.427044423561859219e+02 9.303217487125077412e+01 8.792074059953696974e+01 7.778517774048893480e+05
1.854477985575647381e+01 1.432269313387318164e+02 9.361682121282548508e+01 8.861644114559443608e+01 7.841338006527271355e+05
1.862331984744404423e+01 1.431559864276709106e+02 9.368942115545844729e+01 8.932513266185812029e+01 7.863615561076804297e+05
1.870185983765884075e+01 1.433507006758341333e+02 9.400807308911980442e+01 9.016871223691599369e+01 7.885001945906415349e+05
1.878039982641934458e+01 1.440874223254209312e+02 9.444885714256517417e+01 9.092332886922329749e+01 7.962137121911835857e+05
1.885893981374372075e+01 1.444125922927142085e+02 9.450114176811938194e+01 9.164184615514072618e+01 7.986551145039411495e+05
1.893747979964983941e+01 1.451421299510154483e+02 9.488001014732064675e+01 9.249488242779885638e+01 8.057865933806862449e+05
1.901601978415527228e+01 1.455553734620069122e+02 9.530477657376680156e+01 9.332460072232328230e+01 8.090353403479371918e+05
1.909455976727730331e+01 1.459917755723459436e+02 9.575891571313225370e+01 9.425370538883473159e+01 8.127761180617999053e+05
1.917309974903293579e+01 1.465270624381771540e+02 9.584465301177681340e+01 9.533732696383194138e+01 8.209185217112380778e+05
1.925163972943889235e+01 1.473910012197067658e+02 9.618188710060675817e+01 9.623499738195056352e+01 8.255757822446735809e+05
1.933017970851161849e+01 1.478796677814515874e+02 9.686465555147216833e+01 9.690039346726054248e+01 8.298033684825300006e+05
1.940871968626730748e+01 1.480047758800501185e+02 9.727681958424788888e+01 9.762508849896661900e+01 8.331263365516716149e+05
1.948725966272188259e+01 1.493280842227578376e+02 9.768585355761197775e+01 9.845673875932523345e+01 8.423479572486813413e+05
1.956579963789100773e+01 1.495227717000556709e+02 9.810041463681501739e+01 9.939348094769896136e+01 8.445828653237738181e+05
1.964433961179010524e+01 1.503404228251313270e+02 9.873243609448462621e+01 1.001291410717378341e+02 8.521674510209807195e+05
1.972287958443434519e+01 1.509004769790020930e+02 9.901101877903393245e+01 1.009860034425127395e+02 8.563429179640871007e+05
1.980141955583865965e+01 1.516081917817147939e+02 9.944815716089438240e+01 1.022148241163106093e+02 8.624329138547301991e+05
1.987995952601774619e+01 1.520915306222301524e+02 9.986949874135038385e+01 1.032066661140982120e+02 8.668439305801754817e+05
1.995849949498606790e+01 1.528180771049055124e+02 1.005835085077922031e+02 1.042449015186529522e+02 8.718786318112023873e+05
2.003703946275786052e+01 1.536877449713736041e+02 1.007444612420599270e+02 1.046723792510935453e+02 8.784595386636309559e+05
2.011557942934713950e+01 1.538171910586933109e+02 1.012987687426830661e+02 1.054613490471878663e+02 8.850516342733536148e+05
2.019411939476770712e+01 1.539786259519086116e+02 1.016404659592982398e+02 1.064717213423421498e+02 8.871635254266777774e+05
2.027265935903314542e+01 1.548047846995463033e+02 1.016722338366434144e+02 1.074961251530893378e+02 8.927941131389182992e+05
2.035119932215682326e+01 1.545934588272328654e+02 1.019427136206454065e+02 1.084254560223294561e+02 8.958178449293075828e+05
2.042973928415191054e+01 1.549534835206536343e+02 1.020048129294781916e+02 1.090632433091154070e+02 8.993040946493865922e+05
2.050827924503137467e+01 1.551212485497188425e+02 1.021414928390544787e+02 1.095975234120716379e+02 9.046426815931106685e+05
2.058681920480798766e+01 1.554027587611021204e+02 1.024377585332017873e+02 1.106196610132371916e+02 9.072077858362946426e+05
2.066535916349431901e+01 1.554248598679027111e+02 1.026711900615276818e+02 1.115440559368976352e+02 9.094249652279420989e+05
2.074389912110275347e+01 1.555295699036686585e+02 1.026191502988990152e+02 1.121685235944676009e+02 9.141193729338630801e+05
2.082243907764548752e+01 1.557730232036214773e+02 1.031303594445048475e+02 1.134367214080276511e+02 9.186515950156248873e+05
2.090097903313453642e+01 1.561537355766157589e+02 1.032783023344907605e+02 1.138538512638650246e+02 9.236460494352579117e+05
2.097951898758173783e+01 1.561851125647449408e+02 1.035790233992180447e+02 1.152010033518380112e+02 9.280599223168866010e+05
2.105805894099874109e+01 1.564105843309160662e+02 1.036936799565497438e+02 1.158647965551376728e+02 9.283644779918009881e+05
2.113659889339703568e+01 1.566475101733023791e+02 1.037999398240281863e+02 1.167650728044549169e+02 9.350755160164600238e+05
2.121513884478793344e+01 1.568259814963590202e+02 1.037197603252455025e+02 1.176566800354821822e+02 9.399907640180186136e+05
2.129367879518258277e+01 1.566367088499935392e+02 1.041602013029514069e+02 1.184250939538009533e+02 9.419327486765796784e+05
2.137221874459196869e+01 1.574637278717864888e+02 1.042565445903438359e+02 1.194678249700257027e+02 9.478242070276447339e+05
2.145075869302691274e+01 1.574324545357453928e+02 1.046419019313575376e+02 1.201829684732945225e+02 9.519243762394001242e+05
2.152929864049807307e+01 1.576474595659328770e+02 1.047519948130270677e+02 1.212051360927373622e+02 9.568604589913384989e+05
2.160783858701596571e+01 1.571760977111731847e+02 1.052299716929009179e+02 1.217417309129873075e+02 9.536642212552543497e+05
2.168637853259094683e+01 1.583981288248808426e+02 1.054205934983167054e+02 1.229599536404639935e+02 9.608787634981909068e+05
2.176491847723321982e+01 1.582158354574608552e+02 1.055525481979359341e+02 1.238310585534671588e+02 9.676263479237003485e+05
2.184345842095285306e+01 1.578964575556978502e+02 1.056570159105894504e+02 1.241245286437235649e+02 9.681427774288675282e+05
2.192199836375975508e+01 1.587209487480918426e+02 1.062720659803712380e+02 1.251484924748135512e+02 9.742662654495715396e+05
2.200053830566371005e+01 1.587659301651680437e+02 1.060248773196840375e+02 1.263590395858489757e+02 9.806665162492895033e+05
2.207907824667434582e+01 1.586685158829117768e+02 1.067227433947325466e+02 1.269922017415252924e+02 9.813908954254280543e+05
2.215761818680116590e+01 1.592736452451432285e+02 1.066734311992748019e+02 1.284004736223531609e+02 9.888950052743591368e+05
2.223615812605353526e+01 1.597646607177287024e+02 1.070513084883840946e+02 1.296461122451866288e+02 9.950609793463324895e+05
2.231469806444068738e+01 1.593879864427882751e+02 1.072661366937037997e+02 1.298144150698522878e+02 9.943056392643565778e+05
2.239323800197172432e+01 1.598333638396358936e+02 1.077122128343678895e+02 1.306544433847473670e+02 9.997143063356453786e+05
2.247177793865562023e+01 1.602333321301370290e+02 1.077355823695462789e+02 1.316606875517382775e+02 1.004805370015896275e+06
2.255031787450123204e+01 1.601865060603935547e+02 1.079392695358616976e+02 1.327014926485304898e+02 1.006912704007974127e+06
2.262885780951728165e+01 1.604350602796409362e+02 1.083951059863837401e+02 1.337137129110964509e+02 1.012128395811137045e+06
2.270739774371238440e+01 1.609857295655866949e+02 1.087535114336231317e+02 1.347149196859657252e+02 1.017113766380816232e+06
2.278593767709502771e+01 1.611771250533238060e+02 1.089958774735092959e+02 1.355928819606020852e+02 1.021844727634315728e+06
2.286447760967358178e+01 1.610681891913236257e+02 1.091253483781887752e+02 1.364709265830305469e+02 1.024501085344198975e+06
2.294301754145629957e+01 1.616682997703177023e+02 1.095079774430417672e+02 1.376759667326047634e+02 1.031504499520576675e+06
2.302155747245133455e+01 1.622628647511289728e+02 1.100346150655332309e+02 1.382001508100483136e+02 1.035958287886582315e+06
2.310009740266672296e+01 1.620102623560631798e+02 1.101617532028022595e+02 1.390795816848460049e+02 1.040562301553002791e+06
2.317863733211038380e+01 1.626444708650925008e+02 1.102602649302017284e+02 1.403923900991069900e+02 1.045027545315850875e+06
2.325717726079013303e+01 1.626396510276302649e+02 1.109915434417806210e+02 1.413282732434785203e+02 1.049548738500181586e+06
2.333571718871368716e+01 1.629075550823642686e+02 1.113702168714797125e+02 1.428723359394123236e+02 1.054959365881641163e+06
2.341425711588865965e+01 1.638972961158774524e+02 1.115960717110204570e+02 1.442719945594341482e+02 1.061594238235615892e+06
2.349279704232255384e+01 1.632909074213851000e+02 1.121097939510534047e+02 1.448015708508612533e+02 1.063804621654537739e+06
2.357133696802278067e+01 1.639959248423454312e+02 1.122605635941900033e+02 1.454939652540585371e+02 1.070638714998095762e+06
2.364987689299664453e+01 1.641373446173533068e+02 1.126860638370682324e+02 1.455747308827507993e+02 1.072558556866576429e+06
2.372841681725136453e+01 1.638884001778116044e+02 1.128550808393777629e+02 1.474270151378335356e+02 1.075065648728379747e+06
2.380695674079405322e+01 1.647878493390342669e+02 1.133776969647593091e+02 1.484827805148151185e+02 1.081614726536857197e+06
2.388549666363174140e+01 1.650788916226925096e+02 1.133178382168403147e+02 1.494204188945552971e+02 1.087308239480534103e+06
2.396403658577134976e+01 1.661643300519478430e+02 1.141456540136061335e+02 1.512395546733345100e+02 1.093657568601467181e+06
2.404257650721972439e+01 1.653825389940939203e+02 1.147340481917600101e+02 1.516659239262603194e+02 1.094112641676219879e+06
2.412111642798362254e+01 1.658365926681819076e+02 1.151296521523211567e+02 1.521538265122503049e+02 1.098865600927756634e+06
2.419965634806970556e+01 1.663226972666641927e+02 1.152617899413549480e+02 1.535193949774307214e+02 1.106493685771419201e+06
2.427819626748454596e+01 1.673263979938137709e+02 1.156671695933277988e+02 1.549101759345456344e+02 1.113220145635276800e+06
2.435673618623464520e+01 1.676278103067689358e+02 1.155610257505321243e+02 1.563777864538611198e+02 1.119457104801349109e+06
2.443527610432640529e+01 1.681717714291137042e+02 1.163581497558234048e+02 1.571940371696372836e+02 1.126284035702169873e+06
2.451381602176616425e+01 1.674654634112023359e+02 1.168360846477278017e+02 1.583316933270512550e+02 1.127067281443636166e+06
2.459235593856016067e+01 1.685756952123682879e+02 1.170659269747436184e+02 1.594435367534803163e+02 1.133793541669033933e+06
2.467089585471456203e+01 1.685091506281413274e+02 1.178867597932193547e+02 1.605823814280452666e+02 1.136752895096143940e+06
2.474943577023546126e+01 1.692254564693005818e+02 1.180185287602207467e+02 1.618012341368466309e+02 1.148054618980436353e+06
2.482797568512887310e+01 1.694867417706536230e+02 1.188133918192957026e+02 1.627592971572049976e+02 1.151331984421575442e+06
2.490651559940072346e+01 1.703495849256418353e+02 1.192036141010900110e+02 1.645101621109644725e+02 1.158145004353822675e+06
2.498505551305688144e+01 1.702669370210245745e+02 1.194803487481206474e+02 1.650007950927396507e+02 1.165076164289299166e+06
2.506359542610313440e+01 1.713216684159203282e+02 1.203031328843116796e+02 1.665625974023381559e+02 1.172184168604597682e+06
2.514213533854519511e+01 1.713671335949030947e+02 1.206332523439535720e+02 1.673240787813255110e+02 1.175055343104228145e+06
2.522067525038871239e+01 1.720801703456995142e+02 1.209609062814552800e+02 1.690532582885383874e+02 1.181974757071139291e+06
2.529921516163925688e+01 1.721577246315052037e+02 1.213914745988635957e+02 1.700522236804937961e+02 1.187253194698870182e+06
2.537775507230233529e+01 1.724852228579086386e+02 1.219564819404400424e+02 1.706528648368792460e+02 1.191483319889957085e+06
2.545629498238338684e+01 1.731062533825386822e+02 1.223385878854927569e+02 1.719078524886332957e+02 1.195029188645113260e+06
2.553483489188777966e+01 1.746255085298505776e+02 1.227621573561185500e+02 1.733789487373067857e+02 1.208436713623149088e+06
2.561337480082082152e+01 1.746516233366000961e+02 1.239644654952413703e+02 1.744160492059025955e+02 1.207062391971561825e+06
2.569191470918774911e+01 1.744459501349897153e+02 1.241309655958407205e+02 1.763604276709204441e+02 1.216265405764445430e+06
2.577045461699373874e+01 1.755325705186014886e+02 1.241433419179234789e+02 1.772672159594937398e+02 1.224715508506568382e+06
2.584899452424390631e+01 1.762926605141423124e+02 1.247883258821191390e+02 1.782973288049260816e+02 1.232458147345399717e+06
2.592753443094329668e+01 1.769709352079226221e+02 1.255981350781661234e+02 1.794993734085905714e+02 1.234996799129877472e+06
2.600607433709690852e+01 1.768697619390619593e+02 1.260448708239070754e+02 1.807414054298054680e+02 1.240038517861808417e+06
2.608461424270966944e+01 1.763562126173037257e+02 1.262194123621295176e+02 1.815569294933186484e+02 1.242363436263378011e+06
2.616315414778644310e+01 1.775088427666440509e+02 1.269693960335663547e+02 1.833545210443029703e+02 1.251237627193608088e+06
2.624169405233205055e+01 1.778179016981477503e+02 1.275033205761057218e+02 1.844940001544781296e+02 1.256545414421644527e+06
2.632023395635124174e+01 1.789277751884411600e+02 1.285697161386670189e+02 1.862960934857291591e+02 1.265502927528395085e+06
2.639877385984871694e+01 1.791959060720430159e+02 1.288086379318953902e+02 1.869355316906952282e+02 1.273645909149767598e+06
2.647731376282911953e+01 1.798398596115855241e+02 1.293376068296885535e+02 1.883949103533894629e+02 1.276880770499564707e+06
2.655585366529703606e+01 1.802132141142036517e+02 1.294949509054666237e+02 1.896768711840133221e+02 1.288896105748347705e+06
2.663439356725699980e+01 1.812771766021037934e+02 1.306830753078102418e+02 1.912403268117177220e+02 1.290503240427498007e+06
2.671293346871349428e+01 1.813185504221224846e+02 1.313541081108609205e+02 1.926002833724596144e+02 1.297262956670728745e+06
2.679147336967094617e+01 1.818715605030848508e+02 1.312846627475447008e+02 1.935421594344871323e+02 1.306034794050428551e+06
2.687001327013372531e+01 1.828536041166262294e+02 1.319072665760679683e+02 1.950904855697754101e+02 1.313340798012373969e+06
2.694855317010616602e+01 1.830117253531043104e+02 1.323193292831777796e+02 1.963413158097540077e+02 1.323190563973975135e+06
2.702709306959254221e+01 1.832536956074198997e+02 1.339057713696379608e+02 1.970798256515090259e+02 1.321107432044354500e+06
2.710563296859707094e+01 1.842020700027684939e+02 1.338075831546255188e+02 1.992228556970540296e+02 1.327537475265414687e+06
2.718417286712393377e+01 1.843904549867938272e+02 1.342495609919048434e+02 2.000619257899045067e+02 1.337148869647042360e+06
2.726271276517725894e+01 1.851577245068893660e+02 1.345887638192541829e+02 2.003983100694714494e+02 1.346142892101434059e+06
2.734125266276112498e+01 1.847059480474642896e+02 1.355717143098880513e+02 2.015930757142238861e+02 1.344758972377600614e+06
2.741979255987956776e+01 1.866903085493193544e+02 1.365524679735342772e+02 2.048064265798392967e+02 1.363121936118163168e+06
2.749833245653658054e+01 1.860846633650617150e+02 1.362366385737706764e+02 2.059762104048218134e+02 1.368427048226228449e+06
2.757687235273609616e+01 1.869448018575210426e+02 1.370412682345760516e+02 2.072831578698172734e+02 1.371184842882598285e+06
2.765541224848202262e+01 1.867155110502554294e+02 1.370092072740173137e+02 2.069440429879865633e+02 1.377226847097385442e+06
2.773395214377820395e+01 1.884591238131515354e+02 1.387088934491773955e+02 2.084283358416967928e+02 1.386059631814382738e+06
2.781249203862845576e+01 1.874309987674541844e+02 1.381988628858788388e+02 2.089069343030166976e+02 1.389824848077121889e+06
2.789103193303654038e+01 1.872943479305744177e+02 1.396155405119190505e+02 2.110374619290491580e+02 1.390647499456057558e+06
2.796957182700618816e+01 1.882023005650090397e+02 1.390661691460692850e+02 2.132211172049579204e+02 1.401722864814324304e+06
2.804811172054107615e+01 1.884982575479354239e+02 1.402231230443300660e+02 2.140114226259340455e+02 1.400928181429529563e+06
2.812665161364485655e+01 1.896478235670849415e+02 1.401453790262509642e+02 2.145348571373852735e+02 1.419109397052783985e+06
2.820519150632112115e+01 1.887187650868570188e+02 1.410345756873875587e+02 2.171824825910694017e+02 1.421159554125572555e+06
2.828373139857343332e+01 1.893081530414231111e+02 1.411706701652824165e+02 2.181497122433866025e+02 1.423918619541146560e+06
2.836227129040531736e+01 1.893154300888058970e+02 1.408463438318287899e+02 2.203482475507326228e+02 1.430137272090442013e+06
2.844081118182025847e+01 1.905773851695984717e+02 1.414903810128867576e+02 2.206968267372073171e+02 1.441757727065336425e+06
2.851935107282169923e+01 1.892070931211417530e+02 1.422723725061358948e+02 2.214196317004665673e+02 1.438071528216584818e+06
2.859789096341304315e+01 1.900963363135048212e+02 1.433474794722241654e+02 2.243912398035569709e+02 1.444555870750342496e+06
2.867643085359765820e+01 1.889806867973914564e+02 1.428616806329588087e+02 2.241901745423952264e+02 1.440402684877965599e+06
2.875497074337888392e+01 1.888842978031449888e+02 1.434544704920899107e+02 2.233399104560385524e+02 1.459234182714384748e+06
2.883351063276001369e+01 1.880327406648290491e+02 1.442335668351913114e+02 2.264103392823817842e+02 1.445770883089025039e+06
2.891205052174430890e+01 1.888043234731591440e+02 1.445365670421973050e+02 2.277486498802026631e+02 1.455040562229017029e+06
2.899059041033499184e+01 1.897310332399124491e+02 1.451085404391146199e+02 2.289728016638499923e+02 1.461058342728202697e+06
2.906913029853525643e+01 1.908044243144693439e+02 1.453767165419413629e+02 2.306146258557468798e+02 1.483207977297734702e+06
2.914767018634825746e+01 1.898848149085853834e+02 1.454516664044432446e+02 2.295847180684847615e+02 1.475644938126423862e+06
2.922621007377712132e+01 1.923372499400350932e+02 1.467849675546516437e+02 2.349162934356640733e+02 1.498292364128821762e+06
2.930474996082492822e+01 1.926144111806175374e+02 1.475778983427723290e+02 2.363181064267295994e+02 1.505339808946803212e+06
2.938328984749474060e+01 1.908697563944864157e+02 1.482357648450844749e+02 2.356537696691388533e+02 1.500538314654766815e+06
2.946182973378957826e+01 1.923334609162446043e+02 1.482284883448137123e+02 2.374809660525753543e+02 1.510223082101923414e+06
2.954036961971243258e+01 1.926313828838225390e+02 1.480767705020602989e+02 2.388409495615462959e+02 1.516860995883163530e+06
2.961890950526625943e+01 1.937608317206516801e+02 1.488079674112719033e+02 2.397480059791995188e+02 1.515975276545663597e+06
2.969744939045398979e+01 1.930181894305428330e+02 1.501743023308640659e+02 2.427643284360886469e+02 1.528871301926497836e+06
2.977598927527852268e+01 1.952643713966671442e+02 1.510606967617706857e+02 2.452445255468944936e+02 1.547244546554459492e+06
2.985452915974272159e+01 1.945687876280957767e+02 1.508895094499366394e+02 2.467964827977345976e+02 1.555451297252212884e+06
2.993306904384942868e+01 1.952770822994397690e+02 1.530149099579809899e+02 2.454768314684317829e+02 1.560028063078948064e+06
3.001160892760143994e+01 1.961594154557730860e+02 1.524494119903452543e+02 2.490801373925754945e+02 1.563652218055581208e+06
3.009014881100154071e+01 1.956488474355482197e+02 1.534841112387254896e+02 2.491010127068136626e+02 1.567785014667258365e+06
3.016868869405248077e+01 1.959345183808481465e+02 1.538632853197890142e+02 2.504882959476541373e+02 1.551054287204642547e+06
3.024722857675697441e+01 1.974979407005729968e+02 1.550663186751536671e+02 2.517734475749057026e+02 1.585588666499998420e+06
3.032576845911771457e+01 1.992424878874172691e+02 1.550429797030963925e+02 2.537022000231588095e+02 1.604537237065750407e+06
3.040430834113736580e+01 1.989336648595169947e+02 1.556915050614812799e+02 2.566977302228363556e+02 1.607716547963921446e+06
3.048284822281856421e+01 1.998784885471625330e+02 1.565954347198502035e+02 2.598059636461608193e+02 1.616591404747326626e+06
3.056138810416392460e+01 1.989716367324202793e+02 1.570002318524949487e+02 2.566423804931396830e+02 1.618601996324796695e+06
3.063992798517602267e+01 1.998890537439695834e+02 1.564083065204373781e+02 2.602727749818205325e+02 1.627279332635852508e+06
3.071846786585741640e+01 2.020943666863811927e+02 1.588645177845635317e+02 2.619962883894302195e+02 1.637434807493210305e+06
3.079700774621063886e+01 2.002915920000802714e+02 1.600851824591528043e+02 2.627357563380024885e+02 1.644333711365891621e+06
3.087554762623818760e+01 2.006947874660789637e+02 1.601484351294155886e+02 2.633534879906571291e+02 1.645114134860777296e+06
3.095408750594254599e+01 2.042645808240487213e+02 1.600384557173908320e+02 2.685594938394519318e+02 1.682984119371121982e+06
3.103262738532617249e+01 2.040007009628014316e+02 1.619832130278915656e+02 2.688074135465153063e+02 1.684845686078343075e+06
3.111116726439149005e+01 2.040792149073182600e+02 1.626062813291632381e+02 2.706679428208505556e+02 1.689318721225100337e+06
3.118970714314090387e+01 2.041996611955392780e+02 1.631853671029475663e+02 2.693286227626448976e+02 1.670037579375166912e+06
3.126824702157679781e+01 2.036659822172203178e+02 1.630823644563787980e+02 2.698770148985170749e+02 1.692753199699533405e+06
3.134678689970152377e+01 2.057669084353188964e+02 1.641393398840880593e+02 2.739567719833488582e+02 1.696758952207868686e+06
3.142532677751741588e+01 2.072598661808240195e+02 1.657336930870888807e+02 2.710975082030637395e+02 1.714077367610818241e+06
3.150386665502678696e+01 2.062857790241289990e+02 1.661117558575481041e+02 2.763639314255731847e+02 1.724549889019225491e+06
3.158240653223192140e+01 2.114560898830818871e+02 1.691438453241811430e+02 2.815864299538237674e+02 1.745020364555593114e+06
3.166094640913508229e+01 2.090516073626069158e+02 1.710313005559992519e+02 2.857320620207441948e+02 1.749644488174958387e+06
3.173948628573851494e+01 2.100546237533936278e+02 1.695828322889858555e+02 2.821321965895222661e+02 1.753351358034695731e+06
3.181802616204443623e+01 2.099234828045240704e+02 1.685535039728500806e+02 2.816172960053231122e+02 1.763212512376382714e+06
3.189656603805504531e+01 2.120069478174579842e+02 1.708187215237433918e+02 2.872663367616172536e+02 1.767408948796523269e+06
3.197510591377251998e+01 2.110237213662998101e+02 1.734598107676661982e+02 2.918389155446125756e+02 1.780048685832472052e+06
3.205364578919900964e+01 2.135537270064066320e+02 1.733226061540259195e+02 2.935739386362917571e+02 1.819897293166032759e+06
3.213218566433665302e+01 2.162108540211139314e+02 1.747407916686757119e+02 2.934288526911577151e+02 1.816352737974275136e+06
3.221072553918755688e+01 2.167413153588840089e+02 1.742929762341441915e+02 2.937045116837585965e+02 1.838074310825595632e+06
3.228926541375382442e+01 2.196525258850728051e+02 1.739850571411821250e+02 2.988445342491323800e+02 1.874188294424290769e+06
3.236780528803751622e+01 2.168593527342544576e+02 1.754947536028729473e+02 2.950995390292747516e+02 1.847654769803852309e+06
3.244634516204068575e+01 2.206707123344033334e+02 1.783398978452020458e+02 2.996608815405284076e+02 1.876960611067745835e+06
3.252488503576537227e+01 2.190798889502775921e+02 1.775235610771225367e+02 2.956952657697112272e+02 1.896048310335211689e+06
3.260342490921358660e+01 2.260247912533998829e+02 1.807809474076411504e+02 3.081728002214722437e+02 1.894266211656942731e+06
3.268196478238731828e+01 2.213913573892824047e+02 1.793601952734029794e+02 3.034777898020280418e+02 1.884172546885086456e+06
3.276050465528854261e+01 2.216879366897779278e+02 1.824289670648586821e+02 3.117134777940494246e+02 1.912006640221299836e+06
3.283904452791921358e+01 2.260260042305962713e+02 1.837825606268570198e+02 3.162141827472285058e+02 1.967615394665120868e+06
3.291758440028127097e+01 2.280303907372789354e+02 1.826252932206290041e+02 3.129426250556610398e+02 1.936086714981767116e+06
3.299612427237663326e+01 2.283042710370397970e+02 1.876555982314612550e+02 3.183003685198353310e+02 1.915932640077742748e+06
3.307466414420719758e+01 2.278687130780460279e+02 1.868640778291699007e+02 3.221783688654829234e+02 1.970237982465820853e+06
3.315320401577483977e+01 2.315534291426788229e+02 1.862408539234887144e+02 3.200994871452367079e+02 1.986871276886742096e+06
3.323174388708143567e+01 2.285077425273080394e+02 1.869996905726375758e+02 3.189991362722078065e+02 1.991164771170303458e+06
3.331028375812883269e+01 2.273800781462727230e+02 1.859962020568106311e+02 3.160150667694877029e+02 1.975933676324533764e+06
3.338882362891884981e+01 2.385439737288272966e+02 1.910451812759008590e+02 3.237899486164845939e+02 2.050498439330967143e+06
3.346736349945329891e+01 2.421703909305699938e+02 1.900300833682755410e+02 3.333129411810367628e+02 2.080994083753304789e+06
3.354590336973399189e+01 2.381808172981658629e+02 2.003104175824311710e+02 3.376095848831291164e+02 2.096768910283915699e+06
3.362444323976268379e+01 2.352219125880203592e+02 1.946217312142990465e+02 3.352484735420172797e+02 2.055228387449573260e+06
3.370298310954115806e+01 2.352506444836801904e+02 1.987360483161843092e+02 3.390739231838388150e+02 2.119771427344745491e+06
3.378152297907114132e+01 2.366231800541896746e+02 1.976552153925509003e+02 3.372329446050967476e+02 2.167547928057900630e+06
3.386006284835436730e+01 2.366436053712948819e+02 1.986893652068555980e+02 3.337966283769339952e+02 2.142575566618714947e+06
3.393860271739255552e+01 2.370447545632089827e+02 2.030048366190904119e+02 3.347979711085112626e+02 2.055575758389877388e+06
3.401714258618739706e+01 2.508109825906719266e+02 1.845454074128190030e+02 3.422273958270545222e+02 2.171848176074500661e+06
3.409568245474058301e+01 2.455252470212677167e+02 1.938686525839576120e+02 3.375584033313547252e+02 2.039131469930674182e+06
3.417422232305376895e+01 2.537881662051113665e+02 1.911637278160301037e+02 3.617615363387562866e+02 2.160714651323143393e+06
3.425276219112861043e+01 2.289936422682752664e+02 2.055620206123787170e+02 3.244823793448083507e+02 2.095612929818832316e+06
3.433130205896674880e+01 2.152828333839932782e+02 1.989780372789922751e+02 3.592202395414718694e+02 2.136173072434884962e+06
3.440984192656979701e+01 2.369536814871604804e+02 1.901328689965416743e+02 3.570492820981085629e+02 2.234584937449694145e+06
3.448838179393936088e+01 2.570561249954293999e+02 2.168784411098022815e+02 3.834984064262200150e+02 2.211580356546930969e+06
3.456692166107702491e+01 2.593657877860643453e+02 2.307577358498611773e+02 3.791428006959300774e+02 2.445164393179998733e+06
3.464546152798438072e+01 2.561932964711613749e+02 1.633206319584396908e+02 4.287973204315537146e+02 2.148897057479721960e+06
3.472400139466299152e+01 2.096756590883931608e+02 1.925986524300716383e+02 2.554944355869217532e+02 2.046897766301118769e+06
