# 0.8903 0.9222
7.871241428633635184e-02 2.754172972983940926e-01 1.759295158460773556e-01 1.244865579029761672e-02 2.166665549551600634e+03
1.618072713909662341e-01 1.089008772528982094e+00 7.073186582166430814e-01 6.148338669326024880e-02 8.693191629927281610e+03
2.418771330418761079e-01 2.148075899078017326e+00 1.638293112193128787e+00 7.661779411272136298e-02 1.197354503976880551e+04
3.211923215201240578e-01 3.760078351800737018e+00 2.755122706826701684e+00 1.748256600269071370e-01 2.309088134491296660e+04
4.002017901256537113e-01 5.272708430221739739e+00 3.809081354452501955e+00 2.576768626209692270e-01 3.292740700709250814e+04
4.790568272527075955e-01 5.855342154437655822e+00 4.661609871498734847e+00 2.747062515305738195e-01 3.214650177874445217e+04
5.578229290343351687e-01 8.680457963587775438e+00 6.838190718625464903e+00 4.049142772156370529e-01 4.744957821295808390e+04
6.365331115321660738e-01 8.893246366308131812e+00 7.152420693861997414e+00 4.880961612138234318e-01 5.064163693403704383e+04
7.152058371535838788e-01 1.132087357883741952e+01 9.291076202101207215e+00 5.628030487571155094e-01 5.869197882839372323e+04
7.938522421846891941e-01 1.253018337312957087e+01 1.061999287974448514e+01 6.412378515668382128e-01 6.008547008808359533e+04
8.724794443688169698e-01 1.372456055552350129e+01 1.173911413541986803e+01 7.444212232760794024e-01 6.618269521703361534e+04
9.510922062407737299e-01 1.508498669252790769e+01 1.275492100610037127e+01 8.320013274133070125e-01 7.270756560167825955e+04
1.029693835175838679e+00 1.605155724026076669e+01 1.407278910520891202e+01 9.339060308321694981e-01 7.503211241645696282e+04
1.108286699878543891e+00 1.721505279302452251e+01 1.516733986102916809e+01 1.034252436830902289e+00 7.906605671276706562e+04
1.186872541411916560e+00 1.889450709580843224e+01 1.688171013560138789e+01 1.100327965277280828e+00 8.354848326540934795e+04
1.265452668213572940e+00 2.096562462443663222e+01 1.881453721713040039e+01 1.176440393000133255e+00 8.771934185211229487e+04
1.344028082638708543e+00 2.223072089587962097e+01 1.978378512172553272e+01 1.328537449336051557e+00 9.515012202386790887e+04
1.422599565533279709e+00 2.327105370058325207e+01 2.081315805671285446e+01 1.390834875093632350e+00 9.555870829140499700e+04
1.501167734229200246e+00 2.534224102569478276e+01 2.316070062949165376e+01 1.571836515455037997e+00 1.006772692309914419e+05
1.579733083222462531e+00 2.688399629696509763e+01 2.425699861184404682e+01 1.712843532356514542e+00 1.094824092457047809e+05
1.658296013281593151e+00 2.896623524176910891e+01 2.648138251511983654e+01 1.765390379995067871e+00 1.099184735360357299e+05
1.736856852652245875e+00 2.910052908465006993e+01 2.650693474637999714e+01 1.951280954305571358e+00 1.121608757537654892e+05
1.815415872753641580e+00 3.169172407706782835e+01 2.915676774537892513e+01 1.981688901888256416e+00 1.154511884395962697e+05
1.893973299967037560e+00 3.316378196302823511e+01 3.024793053626347117e+01 2.154525257851119591e+00 1.218561706752678292e+05
1.972529324606241641e+00 3.494448305800291621e+01 3.174454063403268478e+01 2.297293543284438133e+00 1.266717160369309568e+05
2.051084107826015579e+00 3.704478195935778473e+01 3.382515283847364884e+01 2.418924913660089882e+00 1.305304165808740800e+05
2.129637787001040561e+00 3.844430838816795415e+01 3.474114913194485865e+01 2.639883610061549479e+00 1.382953456590976857e+05
2.208190479956450680e+00 4.033088627323497377e+01 3.667228338136436605e+01 2.787428621755727587e+00 1.401127410563854792e+05
2.286742288326184092e+00 4.184531931214475975e+01 3.812110697875587562e+01 2.785044676135307817e+00 1.406375081597912649e+05
2.365293300241981811e+00 4.165047767388103495e+01 3.810324183312078361e+01 2.934785197495529463e+00 1.405560761403434735e+05
2.443843592503681883e+00 4.392890695492638287e+01 3.965905252176316509e+01 3.062793623720438951e+00 1.475881296242561657e+05
2.522393232343909553e+00 4.590098409102433408e+01 4.152856851083201661e+01 3.298912507084147183e+00 1.537530238059502735e+05
2.600942278872942381e+00 4.671395181298269250e+01 4.157329241449641444e+01 3.487700859689663702e+00 1.607734303751421103e+05
2.679490784269383141e+00 4.811850818634562188e+01 4.325545593050064497e+01 3.641050452068085530e+00 1.604544848215321254e+05
2.758038794767343038e+00 5.041710900020974861e+01 4.503984918184232811e+01 3.773189943039124916e+00 1.659689759261216095e+05
2.836586351479573942e+00 5.185811934548166846e+01 4.591147681482782872e+01 4.061759682917804426e+00 1.732455635321110894e+05
2.915133491087511963e+00 5.244537817240783539e+01 4.677056778664945824e+01 4.079556996435670158e+00 1.710916883451786416e+05
2.993680246422668834e+00 5.312610383422357785e+01 4.709716983009898428e+01 4.270523620803224674e+00 1.734907570851899218e+05
3.072226646958827967e+00 5.573189473587961373e+01 4.899965737636955510e+01 4.530346973273224442e+00 1.822740639013031323e+05
3.150772719230606977e+00 5.514535758098076457e+01 4.841382229733015663e+01 4.699676040126424148e+00 1.841622778803936089e+05
3.229318487190934395e+00 5.656707119222578939e+01 4.930422077990179730e+01 4.723634715354424252e+00 1.830702029556905327e+05
3.307863972517584905e+00 5.856757987503352325e+01 5.101386389566210511e+01 4.887247247902522851e+00 1.872422023824026401e+05
3.386409194877053608e+00 5.952981777320785284e+01 5.155102493094744176e+01 5.136351602809537731e+00 1.929712263889564201e+05
3.464954172152534095e+00 6.034656151525270928e+01 5.211898601710156242e+01 5.302655455670254980e+00 1.979569756036900217e+05
3.543498920641575456e+00 6.151190154778843322e+01 5.260631055592509142e+01 5.582430006250520549e+00 2.019516679774784134e+05
3.622043455228019404e+00 6.311770499831923331e+01 5.385470872479307047e+01 5.658776377848452555e+00 2.056233564664027945e+05
3.700587789532037597e+00 6.308641344460957612e+01 5.360358893423519788e+01 5.975201407194848713e+00 2.099700679768467962e+05
3.779131936041457696e+00 6.344076060827855912e+01 5.393451109601824101e+01 6.148669776989725833e+00 2.105556085457144945e+05
3.857675906227046259e+00 6.498561376268288825e+01 5.464359745186141737e+01 6.218506523471359237e+00 2.126133426786356140e+05
3.936219710643986680e+00 6.632505231602623041e+01 5.546129464504553397e+01 6.449366500962071314e+00 2.201420446908456797e+05
4.014763359021444877e+00 6.599932026022680986e+01 5.525865453553397089e+01 6.700459004585153977e+00 2.195227854612449009e+05
4.093306860341824560e+00 6.842908548728627238e+01 5.676552193857696693e+01 6.918637972129967117e+00 2.268027501368578232e+05
4.171850222911064776e+00 6.861064137791116480e+01 5.687112677993984278e+01 7.147444118522813028e+00 2.276962832296043052e+05
4.250393454421145911e+00 6.805910279061960466e+01 5.633116488269158850e+01 7.199981559682123944e+00 2.271379196171785879e+05
4.328936562005788247e+00 6.970032977957914966e+01 5.703479152721292422e+01 7.482937628173037758e+00 2.355019937314266572e+05
4.407479552290201497e+00 7.141529955156585174e+01 5.841846861798102708e+01 7.738414425984376344e+00 2.391736600832244731e+05
4.486022431435594982e+00 7.059067119037810301e+01 5.737390176173717293e+01 7.942795683362260384e+00 2.379800344393521373e+05
4.564565205179107465e+00 7.225498520286460291e+01 5.850844954970761336e+01 8.120036235535913249e+00 2.449013495156340941e+05
4.643107878869670024e+00 7.294769969768843509e+01 5.879514656986477661e+01 8.387725321914707877e+00 2.483048359059240029e+05
4.721650457500300213e+00 7.404592655904330911e+01 5.943309387762010232e+01 8.498590555387007583e+00 2.507910008451547474e+05
4.800192945737217443e+00 7.491891196118278629e+01 5.989218252009052890e+01 8.830258133818187360e+00 2.551104649419499910e+05
4.878735347946150824e+00 7.456548596047726107e+01 5.955923123773170147e+01 9.119754690767075900e+00 2.564306188393998891e+05
4.957277668216146793e+00 7.599099527681592292e+01 6.071229498953154291e+01 9.270984189880222104e+00 2.594872798506092222e+05
5.035819910381144737e+00 7.624980340251612176e+01 6.052406238203984401e+01 9.520083522714033464e+00 2.629454015415330650e+05
5.114362078039562221e+00 7.753704636608522094e+01 6.111648469727797561e+01 9.772672250664347970e+00 2.683907115140432725e+05
5.192904174572115394e+00 7.806388365413070574e+01 6.143663175841703605e+01 1.004061687035253847e+01 2.694995821075503482e+05
5.271446203158030919e+00 7.891629838163949273e+01 6.178710982767572801e+01 1.027303848882744930e+01 2.742415684540706570e+05
5.349988166789838573e+00 8.004071939639635502e+01 6.276741912556912695e+01 1.054672599523950893e+01 2.768982504678980331e+05
5.428530068286878674e+00 8.034746576084893377e+01 6.259352460782353944e+01 1.074237810228656187e+01 2.807748309124613879e+05
5.507071910307648643e+00 8.121280420991136850e+01 6.310548241740743691e+01 1.099148315730464098e+01 2.825808306969725527e+05
5.585613695361120179e+00 8.193888857311927154e+01 6.343776591124122888e+01 1.137661665912730058e+01 2.878254138811721350e+05
5.664155425817094525e+00 8.328205969044319090e+01 6.414985672792913363e+01 1.164874878747118814e+01 2.923874654760644189e+05
5.742697103915729961e+00 8.307460231025214625e+01 6.404613928713021664e+01 1.186398224839247639e+01 2.927367360516584595e+05
5.821238731776284148e+00 8.434163280717143607e+01 6.481571990133190297e+01 1.207001962168955345e+01 2.973828948535787640e+05
5.899780311405160127e+00 8.425947511438693027e+01 6.444797081455388366e+01 1.231832964552024556e+01 2.985737798867534148e+05
5.978321844703323507e+00 8.543810053191324982e+01 6.537557403099144437e+01 1.250409249716710391e+01 2.996188795125447796e+05
6.056863333473133437e+00 8.630053989167095096e+01 6.602661814011068486e+01 1.279144360769608113e+01 3.038794199455654598e+05
6.135404779424661115e+00 8.752592743124255037e+01 6.629816878568125560e+01 1.321672372479631008e+01 3.113613313281576848e+05
6.213946184181517118e+00 8.713731913769153437e+01 6.614389428142035854e+01 1.347505282544290672e+01 3.121842700593246263e+05
6.292487549286247983e+00 8.859212019667209859e+01 6.719421374759308208e+01 1.358442971197200677e+01 3.151927396380319260e+05
6.371028876205335756e+00 8.888036696309310969e+01 6.691818003535189519e+01 1.402691437350683223e+01 3.181233660137895495e+05
6.449570166333828070e+00 9.008401785876128542e+01 6.769069419362436690e+01 1.434756176284784779e+01 3.238913144767434569e+05
6.528111420999634262e+00 9.038048945114056210e+01 6.791767619692892310e+01 1.458419789629085983e+01 3.260049308092461433e+05
6.606652641467518627e+00 9.110832030107995649e+01 6.819128621322234096e+01 1.487038288189738111e+01 3.283848563738677185e+05
6.685193828942805006e+00 9.163733149991571736e+01 6.844247821249420838e+01 1.528942956606575621e+01 3.304124493161608698e+05
6.763734984574836240e+00 9.149283490553912657e+01 6.845897265103378970e+01 1.539767184207575745e+01 3.326810647500479245e+05
6.842276109460177835e+00 9.265078361566281728e+01 6.895525850037560645e+01 1.574290241049988026e+01 3.354295892871872056e+05
6.920817204645620890e+00 9.274173030944788820e+01 6.891656447356075432e+01 1.596531594742920035e+01 3.356991838381159469e+05
6.999358271130968312e+00 9.379245629024164543e+01 6.964840295422668248e+01 1.635645904100379866e+01 3.437045396531354054e+05
7.077899309871646949e+00 9.527428288589945282e+01 7.039612531085693092e+01 1.669692811064014393e+01 3.482365587713494897e+05
7.156440321781138536e+00 9.545235746095571017e+01 7.046402310538051950e+01 1.690438650174274926e+01 3.476982753099791589e+05
7.234981307733260536e+00 9.529358227443972851e+01 7.054372849323054595e+01 1.722118061948259538e+01 3.511349237372085336e+05
7.313522268564292439e+00 9.655910476522507224e+01 7.123148459282242584e+01 1.749524894941515996e+01 3.528348871302208863e+05
7.392063205074973276e+00 9.642275973725891447e+01 7.109904012529979411e+01 1.784056792246207124e+01 3.553904142017703853e+05
7.470604118032365015e+00 9.743378532589868257e+01 7.144840200965445831e+01 1.810220195753202788e+01 3.593117388014522730e+05
7.549145008171610272e+00 9.766948452627502775e+01 7.210131105946000218e+01 1.836448041212981153e+01 3.593063196655225474e+05
7.627685876197570103e+00 9.812600009758779152e+01 7.173537429712435198e+01 1.871867079233893705e+01 3.633279717480647960e+05
7.706226722786373884e+00 9.950877789589647193e+01 7.267858402070922352e+01 1.916244376249264647e+01 3.702736798632901628e+05
7.784767548586863484e+00 9.922403201890925573e+01 7.236303080596294990e+01 1.951768666115266626e+01 3.704979437089937273e+05
7.863308354221953955e+00 9.936865926155549289e+01 7.268537996790959710e+01 1.958120064945455141e+01 3.710397220933758654e+05
7.941849140289923170e+00 9.958941148010292466e+01 7.230403494367723738e+01 1.999185479124951215e+01 3.734787450798506616e+05
8.020389907365611748e+00 1.017024453948344558e+02 7.375808566911345565e+01 2.042478344834218262e+01 3.803066167825202574e+05
8.098930656001561701e+00 1.023255731047913883e+02 7.436368982773781511e+01 2.066692063708218186e+01 3.831915635601872928e+05
8.177471386729090241e+00 1.020154183246791320e+02 7.379810001753338611e+01 2.103855284036696816e+01 3.828826738368592924e+05
8.256012100059292536e+00 1.027024865499616482e+02 7.435505533863010896e+01 2.149865421105046437e+01 3.869898269498132868e+05
8.334552796484000936e+00 1.025889636648212218e+02 7.414138603008194650e+01 2.165597876233821495e+01 3.865274096991802799e+05
8.413093476476680266e+00 1.038757850116878245e+02 7.456653602641280543e+01 2.200204780512499525e+01 3.934598448782496271e+05
8.491634140493276917e+00 1.038136826702647824e+02 7.474066491808940782e+01 2.242319145797388202e+01 3.940616966324570240e+05
8.570174788973028868e+00 1.046396193301805226e+02 7.523289411345102451e+01 2.278793470648558994e+01 3.963241483007229399e+05
8.648715422339215309e+00 1.055035774961648229e+02 7.568794222634903690e+01 2.306159591462905567e+01 4.017464495244176942e+05
8.727256040999876063e+00 1.056369462575000284e+02 7.575407937481078591e+01 2.341021872502867041e+01 4.030111862900673877e+05
8.805796645348495488e+00 1.058432243875134589e+02 7.577576791397727618e+01 2.375850350606007311e+01 4.058402825266478467e+05
8.884337235764643737e+00 1.064004115448072696e+02 7.630826364466368261e+01 2.405334936936637646e+01 4.070959441028474248e+05
8.962877812614589601e+00 1.068934966196200094e+02 7.659653350792676463e+01 2.457367705732881902e+01 4.076187625565645867e+05
9.041418376251867173e+00 1.074618863915068090e+02 7.623193272048852975e+01 2.500404813093899037e+01 4.145815741890938370e+05
9.119958927017840722e+00 1.083362350034010433e+02 7.694740373139927669e+01 2.518891781628651216e+01 4.160997368237525807e+05
9.198499465242209183e+00 1.088026869839519861e+02 7.738714267658430401e+01 2.549729866633313335e+01 4.185834726499250974e+05
9.277039991243508865e+00 1.088497879103998116e+02 7.730937702831685954e+01 2.579127513377368430e+01 4.206309860247535980e+05
9.355580505329580632e+00 1.090501750175992868e+02 7.705883313568735105e+01 2.641512503817013524e+01 4.240988496950423578e+05
9.434121007798012215e+00 1.090982447832410571e+02 7.696888939479717351e+01 2.661825027395857646e+01 4.240776441488872515e+05
9.512661498936562765e+00 1.097127876410756500e+02 7.747534494231223334e+01 2.703758321039354584e+01 4.273086518230685033e+05
9.591201979023569635e+00 1.105929765316872277e+02 7.826287590176890774e+01 2.747708547722903205e+01 4.313977810337351402e+05
9.669742448328321416e+00 1.109814030555701692e+02 7.823361281735550676e+01 2.764827810784218798e+01 4.333259991854014806e+05
9.748282907111432749e+00 1.116445845771706189e+02 7.853693942016711560e+01 2.804098136651222717e+01 4.375972949870751472e+05
9.826823355625185386e+00 1.109562358663804957e+02 7.793303224303231502e+01 2.845047773946918213e+01 4.364308328538425849e+05
9.905363794113858589e+00 1.117679184350326409e+02 7.845685558766787437e+01 2.892836812329920093e+01 4.413087054404774681e+05
9.983904222814045326e+00 1.127138520592659745e+02 7.899465739605895465e+01 2.932806899136591738e+01 4.450355723433642997e+05
1.006244464195495070e+01 1.127654046706193753e+02 7.885920667990217225e+01 2.967085901868011888e+01 4.456782943275972502e+05
1.014098505175868148e+01 1.125936595781705449e+02 7.871516833338263552e+01 2.999186953828208146e+01 4.477088500612548669e+05
1.021952545244051613e+01 1.131318644845655115e+02 7.901949013796610188e+01 3.025972930839380481e+01 4.504521616521981778e+05
1.029806584420916415e+01 1.134795019738724022e+02 7.886209029182155916e+01 3.090050968297250478e+01 4.546729121158213238e+05
1.037660622726701654e+01 1.140037298949468010e+02 7.940341622810781530e+01 3.112772059143943437e+01 4.557487509590398404e+05
1.045514660181038380e+01 1.140702520934267881e+02 7.937137940213099796e+01 3.156966867978809077e+01 4.579784415508094826e+05
1.053368696802971982e+01 1.148142079238174489e+02 7.967801008840866928e+01 3.202488020695221138e+01 4.588891032171177794e+05
1.061222732610984210e+01 1.155138358019194840e+02 7.997844067768399157e+01 3.250631083297026436e+01 4.657722170567587018e+05
1.069076767623013779e+01 1.156533189454490866e+02 8.002877885936558755e+01 3.281954829703895626e+01 4.671769556300613331e+05
1.076930801856475739e+01 1.158725958028980756e+02 8.024059349099213989e+01 3.302981037978932477e+01 4.687509876334942528e+05
1.084784835328281005e+01 1.164863657879752452e+02 8.030402920294520186e+01 3.356990283260899588e+01 4.719735877326870104e+05
1.092638868054854306e+01 1.164231602668387353e+02 8.040959946066371344e+01 3.384017675330343167e+01 4.713867412928267149e+05
1.100492900052151413e+01 1.168965781087368327e+02 8.056495991329640560e+01 3.432139320804850513e+01 4.758303120526943239e+05
1.108346931335675833e+01 1.172609385980769190e+02 8.086763742484654927e+01 3.471977176597791015e+01 4.784457590449609561e+05
1.116200961920494805e+01 1.176674943426671547e+02 8.068221168061975845e+01 3.526397056737070557e+01 4.806651732530990266e+05
1.124054991821254212e+01 1.176696027749064797e+02 8.112946077803367473e+01 3.569952530437500826e+01 4.826301234642224736e+05
1.131909021052193687e+01 1.182348071115758756e+02 8.117151967402192270e+01 3.600375836996980894e+01 4.859014501976104220e+05
1.139763049627160285e+01 1.184117469622232619e+02 8.144089674172442983e+01 3.645627874262711998e+01 4.875583590197262820e+05
1.147617077559622167e+01 1.185461975014181490e+02 8.097141402534073507e+01 3.699779599145052345e+01 4.917139745671206038e+05
1.155471104862680853e+01 1.190528531601963920e+02 8.146993126531128837e+01 3.727094291751135557e+01 4.920702975338642136e+05
1.163325131549084368e+01 1.188702956498687797e+02 8.140590762171713379e+01 3.773005916588514452e+01 4.927165983059512801e+05
1.171179157631238787e+01 1.193759450611824491e+02 8.154670588115816088e+01 3.803473206461593747e+01 4.970032243051151745e+05
1.179033183121219608e+01 1.201836075708460925e+02 8.212005507867031895e+01 3.840226646576675051e+01 4.994157747969874763e+05
1.186887208030782759e+01 1.196962372188351793e+02 8.184759370322400684e+01 3.883096355061567095e+01 4.999391613591642817e+05
1.194741232371374728e+01 1.202131244729602315e+02 8.170930434634547623e+01 3.948798204059711026e+01 5.054149394744198653e+05
1.202595256154143222e+01 1.203173097451799265e+02 8.207498497301975249e+01 3.971354988981312317e+01 5.047698612810891354e+05
1.210449279389946753e+01 1.207329724863998734e+02 8.191738988673753852e+01 4.029506217285278780e+01 5.091213697939295671e+05
1.218303302089363527e+01 1.208851204163819943e+02 8.212559615908394051e+01 4.085161233307949402e+01 5.111058357479270780e+05
1.226157324262700676e+01 1.217511220080151588e+02 8.236332615064563356e+01 4.133002273253777759e+01 5.145815407367343432e+05
1.234011345920003322e+01 1.215419049853682338e+02 8.246887892614098803e+01 4.171314085237472113e+01 5.152778018705944996e+05
1.241865367071062565e+01 1.218768997468841206e+02 8.281679653885159098e+01 4.222493388927762226e+01 5.177430945790267433e+05
1.249719387725422415e+01 1.220727468322241975e+02 8.260776477255306816e+01 4.267429710558825207e+01 5.207535214248810662e+05
1.257573407892389383e+01 1.222577576509144990e+02 8.265237846508205166e+01 4.311082748872924242e+01 5.234487008053702302e+05
1.265427427581038877e+01 1.222586223152449634e+02 8.253305377873739701e+01 4.350990901093977214e+01 5.246954469431462931e+05
1.273281446800221772e+01 1.230026500479538072e+02 8.273917358294796998e+01 4.413736337516995434e+01 5.288462854624079773e+05
1.281135465558572584e+01 1.228828760594943645e+02 8.289448643219290602e+01 4.451233487308615366e+01 5.304319487446405692e+05
1.288989483864514796e+01 1.234931733760759727e+02 8.332892443582710484e+01 4.488700546241822309e+01 5.324872594465976581e+05
1.296843501726268322e+01 1.231212377229936976e+02 8.316426124004649978e+01 4.532163652557375144e+01 5.342606543241045438e+05
1.304697519151855190e+01 1.232832056338517219e+02 8.326618698065904312e+01 4.573933616547234493e+01 5.346153631034381688e+05
1.312551536149104692e+01 1.238374512852628726e+02 8.312390989397759711e+01 4.638332323780723243e+01 5.420958668137248605e+05
1.320405552725660492e+01 1.239637521415458536e+02 8.342820607956848278e+01 4.689404015871701858e+01 5.414217559098692145e+05
1.328259568888985243e+01 1.245115244713225735e+02 8.338819318509044365e+01 4.730873359357219954e+01 5.451981431479064049e+05
1.336113584646366270e+01 1.248239218275702598e+02 8.360021201630559062e+01 4.780185131082039618e+01 5.474451675604911288e+05
1.343967600004920548e+01 1.244391550388334622e+02 8.354449631040678526e+01 4.810825303875369485e+01 5.483204544753527734e+05
1.351821614971599317e+01 1.250935115916075802e+02 8.374179610651241035e+01 4.888285024429311676e+01 5.524220995759583311e+05
1.359675629553193588e+01 1.252165868746236015e+02 8.428082715644119105e+01 4.924810271970053321e+01 5.529391710066132946e+05
1.367529643756338231e+01 1.254857369168804127e+02 8.392168719560349643e+01 4.971097565542275731e+01 5.561447791818466503e+05
1.375383657587516595e+01 1.255452353640021386e+02 8.424247845242844335e+01 5.022324655258968562e+01 5.560207824084900785e+05
1.383237671053064766e+01 1.256143077727032988e+02 8.392643439166069186e+01 5.082502536480005517e+01 5.590208622899106704e+05
1.391091684159175834e+01 1.260109326867293049e+02 8.398830601176391042e+01 5.121939489788135802e+01 5.634982939577806974e+05
1.398945696911903269e+01 1.263144400264812077e+02 8.446179092934329447e+01 5.183360040781802525e+01 5.669451422718857648e+05
1.406799709317166069e+01 1.263353173570424985e+02 8.460796829717217804e+01 5.225998934364626791e+01 5.668294094856580487e+05
1.414653721380751428e+01 1.266910044720536348e+02 8.465331370378495990e+01 5.293824546684355425e+01 5.710549865788234165e+05
1.422507733108318817e+01 1.270221954633218502e+02 8.475395047223609879e+01 5.337222977896560394e+01 5.745471311545127537e+05
1.430361744505403543e+01 1.272533226844091985e+02 8.463540175016643730e+01 5.392432705780204572e+01 5.770780382451240439e+05
1.438215755577419586e+01 1.269617059842023536e+02 8.463390906941394576e+01 5.415986910974528001e+01 5.782577401193260448e+05
1.446069766329663686e+01 1.276732134032228032e+02 8.499496961170794407e+01 5.502916619026925105e+01 5.813481948526530759e+05
1.453923776767318010e+01 1.279061360921404855e+02 8.515290018550903994e+01 5.544991281628526991e+01 5.833816709752897732e+05
1.461777786895453346e+01 1.277703838004101158e+02 8.495302555793278998e+01 5.585084671302725212e+01 5.849505308082000120e+05
1.469631796719032302e+01 1.280979707355834591e+02 8.508919828513691641e+01 5.637673119697948465e+01 5.893108724118915852e+05
1.477485806242911437e+01 1.281866963029615647e+02 8.532134172174433218e+01 5.706049939636001511e+01 5.897430338204191066e+05
1.485339815471844993e+01 1.284591835375109383e+02 8.534896885734244165e+01 5.758553760173676039e+01 5.935306274999252055e+05
1.493193824410487203e+01 1.283879600020977705e+02 8.571210748022468806e+01 5.810011675611220028e+01 5.952399030497294152e+05
1.501047833063394421e+01 1.288758400606659791e+02 8.570678418821999855e+01 5.875995273699381016e+01 5.982333543432143051e+05
1.508901841435028857e+01 1.288636423435081326e+02 8.569129098623557184e+01 5.914243138898638819e+01 5.993929422101621749e+05
1.516755849529759992e+01 1.295258117965068436e+02 8.623762088865879605e+01 5.952557854863217557e+01 6.021539102228097618e+05
1.524609857351867070e+01 1.297266552219345499e+02 8.624573762881685468e+01 6.039912000771699496e+01 6.042795422968787607e+05
1.532463864905541762e+01 1.296077763750595011e+02 8.611345855791212500e+01 6.076812671828596990e+01 6.067373514245998813e+05
1.540317872194890292e+01 1.299245945557888149e+02 8.612551495992309469e+01 6.147337451038459477e+01 6.118108223006837070e+05
1.548171879223935399e+01 1.302616934799389412e+02 8.664321453225713299e+01 6.218813550874496343e+01 6.148730129653505282e+05
1.556025885996618996e+01 1.304050422568639931e+02 8.629262325867743755e+01 6.286606798565941290e+01 6.171454765244176378e+05
1.563879892516803238e+01 1.306433828602762333e+02 8.643211576711016164e+01 6.318178346751086849e+01 6.181097555196610047e+05
1.571733898788273187e+01 1.307964925383208481e+02 8.671113451770197855e+01 6.375667822744509294e+01 6.225407809124198975e+05
1.579587904814739119e+01 1.307970264146733257e+02 8.680256834144928746e+01 6.444059623130809200e+01 6.236171675169995287e+05
1.587441910599837769e+01 1.312718206095424591e+02 8.716775581616894897e+01 6.511377121973869464e+01 6.268842595840240829e+05
1.595295916147133575e+01 1.323817493216710091e+02 8.725796600002981052e+01 6.586238532376736998e+01 6.335401745211477391e+05
1.603149921460121874e+01 1.317208850138168827e+02 8.701460290680968512e+01 6.635240674885415046e+01 6.329262438178899465e+05
1.611003926542229436e+01 1.319698871056703524e+02 8.739597241358355006e+01 6.693371766325797978e+01 6.351125907378601842e+05
1.618857931396816596e+01 1.321967827394037727e+02 8.752547187170162601e+01 6.764793761645623249e+01 6.397641183682173723e+05
1.626711936027179561e+01 1.328125908637178441e+02 8.763422266964433049e+01 6.812378304240239402e+01 6.431666512455292977e+05
1.634565940436549525e+01 1.326493634758093378e+02 8.763070342392725820e+01 6.861047823028154369e+01 6.451129125429311534e+05
1.642419944628097639e+01 1.329856210850792309e+02 8.766280421097950182e+01 6.917976705105157009e+01 6.480364342473921133e+05
1.650273948604932883e+01 1.327830538810576400e+02 8.777525391728167392e+01 6.994699833806984657e+01 6.486057832503690151e+05
1.658127952370107394e+01 1.333480563032194937e+02 8.813803915800453126e+01 7.061642860856663617e+01 6.523177290453511523e+05
1.665981955926614333e+01 1.335241158077961927e+02 8.840186316514518694e+01 7.126568523620485962e+01 6.556933598299450241e+05
1.673835959277390728e+01 1.338565988332828738e+02 8.862677511756552917e+01 7.192606514139687590e+01 6.609885499451312935e+05
1.681689962425318896e+01 1.340839602756429372e+02 8.864642595561443272e+01 7.248400723501828224e+01 6.629239156444211258e+05
1.689543965373228218e+01 1.347382577231110474e+02 8.908043306230199221e+01 7.327463934214799224e+01 6.666128247317676432e+05
1.697397968123895495e+01 1.340282083056568467e+02 8.912431631810366639e+01 7.367572662851112852e+01 6.667828464957764372e+05
1.705251970680045304e+01 1.353462815603780030e+02 8.932018657654275273e+01 7.463344080852368734e+01 6.731795294014194515e+05
1.713105973044353902e+01 1.349950076967659243e+02 8.926521734472581215e+01 7.520104800225189479e+01 6.743282684574719751e+05
1.720959975219447102e+01 1.352023433564448283e+02 8.932817027333125282e+01 7.567183826590724038e+01 6.778489251766817179e+05
1.728813977207903463e+01 1.355261832168081071e+02 8.988468197963753425e+01 7.629836599715783052e+01 6.818023160429853015e+05
1.736667979012256424e+01 1.362260564739161737e+02 9.002385011304292561e+01 7.719389470839500689e+01 6.841665493561463663e+05
1.744521980634991110e+01 1.366615015431483755e+02 9.035061693160022855e+01 7.785832974211213298e+01 6.888328964890985517e+05
1.752375982078550365e+01 1.365270016259993895e+02 9.038886860617829200e+01 7.850688867953641648e+01 6.917082182504344964e+05
1.760229983345331917e+01 1.367408947244508113e+02 9.063625614029670885e+01 7.905735307037427617e+01 6.929840910306624137e+05
1.768083984437692635e+01 1.373035336928575418e+02 9.106474814237814996e+01 7.995843640231619531e+01 6.990678223460796289e+05
1.775937985357945692e+01 1.377689972510541452e+02 9.108313266869048164e+01 8.058929252191744297e+01 7.028278350015272154e+05
1.783791986108364824e+01 1.374450725452147708e+02 9.127975063033034075e+01 8.115359873230848109e+01 7.053232305897099432e+05
1.791645986691183268e+01 1.386057494734465365e+02 9.176263442694907724e+01 8.247347189693458347e+01 7.115190565050711157e+05
1.799499987108595889e+01 1.385428217674709117e+02 9.191148564837416757e+01 8.281609535322854754e+01 7.125646464900257997e+05
1.807353987362759185e+01 1.389516817366651651e+02 9.207548796838914029e+01 8.344183426607430931e+01 7.176171256699078949e+05
1.815207987455791638e+01 1.394697911908466779e+02 9.255497640076580979e+01 8.436550786446461814e+01 7.221784944614031119e+05
1.823061987389775851e+01 1.397599385069886182e+02 9.279448707098092086e+01 8.534345007256328586e+01 7.260156278298805701e+05
1.830915987166758541e+01 1.401951486756908025e+02 9.318718125452400614e+01 8.573226565166731916e+01 7.283480586032798747e+05
1.838769986788751964e+01 1.406060399715304925e+02 9.328841669443166040e+01 8.669308472990559267e+01 7.323051309447430540e+05
1.846623986257733563e+01 1.414483183368560901e+02 9.366395559281299654e+01 8.762779378135782338e+01 7.379188639423442073e+05
1.854477985575647381e+01 1.419582834157202171e+02 9.427554936993716694e+01 8.839314700591651786e+01 7.437627617250906769e+05
1.862331984744404423e+01 1.418199337635335553e+02 9.440199958823343707e+01 8.902188277648210146e+01 7.456289063443115447e+05
1.870185983765884075e+01 1.419962424844720204e+02 9.450123473724964640e+01 8.982566206998974678e+01 7.476425913000206929e+05
1.878039982641934458e+01 1.428648310218901543e+02 9.516900241921955228e+01 9.067037588522356373e+01 7.548631486019344302e+05
1.885893981374372075e+01 1.431432928077832969e+02 9.527451069477211831e+01 9.140456896026661582e+01 7.574104486251950730e+05
1.893747979964983941e+01 1.438782419647885433e+02 9.562841693739676430e+01 9.223699188062008147e+01 7.640245881135992240e+05
1.901601978415527228e+01 1.442076988220420901e+02 9.604377615553438829e+01 9.296389233708143252e+01 7.669655837957054609e+05
1.909455976727730331e+01 1.445925644978167099e+02 9.638975367022956675e+01 9.396184468860646177e+01 7.699622497254833579e+05
1.917309974903293579e+01 1.451618210423945925e+02 9.656896344380632513e+01 9.486716055289564054e+01 7.773661993908750592e+05
1.925163972943889235e+01 1.460226025774599634e+02 9.691161023837324251e+01 9.590820871039886697e+01 7.822288621618113248e+05
1.933017970851161849e+01 1.466161116318722009e+02 9.773653966347841049e+01 9.665584607416269591e+01 7.865026378739216598e+05
1.940871968626730748e+01 1.466659064523535392e+02 9.790120110315804425e+01 9.727061663064486652e+01 7.894495649228161201e+05
1.948725966272188259e+01 1.479488769280674489e+02 9.832203237466120527e+01 9.816720037222557949e+01 7.975203448603089200e+05
1.956579963789100773e+01 1.480908995357725644e+02 9.878712073448515696e+01 9.914231431786360815e+01 7.999035974197902251e+05
1.964433961179010524e+01 1.488782883083697186e+02 9.929698788487080208e+01 9.982915808122612589e+01 8.073133375073334901e+05
1.972287958443434519e+01 1.494550934612871345e+02 9.981434088849708530e+01 1.006974332338396607e+02 8.112549333275182871e+05
1.980141955583865965e+01 1.502800524688803989e+02 1.000641484030865058e+02 1.019568454383211957e+02 8.175199363235551864e+05
1.987995952601774619e+01 1.506973819402435879e+02 1.006120075990589839e+02 1.028645605460004475e+02 8.208812149160999106e+05
1.995849949498606790e+01 1.513017813389025150e+02 1.013515823245116536e+02 1.039100562029386765e+02 8.254773307563479757e+05
2.003703946275786052e+01 1.522450088009190381e+02 1.016510141953935573e+02 1.044553045385664944e+02 8.318073013817500323e+05
2.011557942934713950e+01 1.523922339432508295e+02 1.022591411316912513e+02 1.051383606691209991e+02 8.376509785275474424e+05
2.019411939476770712e+01 1.525407433706160703e+02 1.026544632757996851e+02 1.061337066685362771e+02 8.400052794948144583e+05
2.027265935903314542e+01 1.533585622966260473e+02 1.025887799613749252e+02 1.072398199746725709e+02 8.450177884442829527e+05
2.035119932215682326e+01 1.531267117324333640e+02 1.027825302299410311e+02 1.080550010429465857e+02 8.476230091482971329e+05
2.042973928415191054e+01 1.535072772693852698e+02 1.030159624464804438e+02 1.088665225446484754e+02 8.516750119442066643e+05
2.050827924503137467e+01 1.535609117405924167e+02 1.029912005253745946e+02 1.092058920175928591e+02 8.559361552974089282e+05
2.058681920480798766e+01 1.538685061893661441e+02 1.034437999532837438e+02 1.103659259298054565e+02 8.588038167306083487e+05
2.066535916349431901e+01 1.538972031646124208e+02 1.035395067805528697e+02 1.112580485778534864e+02 8.601610259308231762e+05
2.074389912110275347e+01 1.540439916577956012e+02 1.036283170541505854e+02 1.118866059876776831e+02 8.647220135851807427e+05
2.082243907764548752e+01 1.542728331459126139e+02 1.041415173982235984e+02 1.131556482728804127e+02 8.693194831654045265e+05
2.090097903313453642e+01 1.546215409240526810e+02 1.043543801588656237e+02 1.134767985557116958e+02 8.737968812377568102e+05
2.097951898758173783e+01 1.546289832789749994e+02 1.044438867090224079e+02 1.149767829307556468e+02 8.771230619201805675e+05
2.105805894099874109e+01 1.547827450859960265e+02 1.047332240399780403e+02 1.157069885270988010e+02 8.776636350595138501e+05
2.113659889339703568e+01 1.550275132406108582e+02 1.047901905314605244e+02 1.166123085428656481e+02 8.837185121750499820e+05
2.121513884478793344e+01 1.552125578726853519e+02 1.048375365932437404e+02 1.174931373955090095e+02 8.886939400833841646e+05
2.129367879518258277e+01 1.550374359609897112e+02 1.051851529209089620e+02 1.182645968534809242e+02 8.894188895479409257e+05
2.137221874459196869e+01 1.558923667379424103e+02 1.053414645790461179e+02 1.192982475769960047e+02 8.959183147558826022e+05
2.145075869302691274e+01 1.557809563143919718e+02 1.057428856162389224e+02 1.201289760416588024e+02 8.989119510553861037e+05
2.152929864049807307e+01 1.559208428532123776e+02 1.059111162914002620e+02 1.209917367388217144e+02 9.029380255299160490e+05
2.160783858701596571e+01 1.555871558186285597e+02 1.063739793295835767e+02 1.216644756909937541e+02 9.005800790530237136e+05
2.168637853259094683e+01 1.566955699219508631e+02 1.065247826182183815e+02 1.228199703669723846e+02 9.074783225947801257e+05
2.176491847723321982e+01 1.566119046401639991e+02 1.067407333739399462e+02 1.236632538034304503e+02 9.138962803230953868e+05
2.184345842095285306e+01 1.562177660423199654e+02 1.067356060851021908e+02 1.239815149210684666e+02 9.138346462501528440e+05
2.192199836375975508e+01 1.570723032934041896e+02 1.072601327229960475e+02 1.250108828948542055e+02 9.198500578576897969e+05
2.200053830566371005e+01 1.570828147761350806e+02 1.073031055946719192e+02 1.261494058518907337e+02 9.255437470536723267e+05
2.207907824667434582e+01 1.569318986015072994e+02 1.079633206730579644e+02 1.269627944926252638e+02 9.262498777164896019e+05
2.215761818680116590e+01 1.576149608732632998e+02 1.079753418031689023e+02 1.283098744324597931e+02 9.330486238893079571e+05
2.223615812605353526e+01 1.581116727769149293e+02 1.082453095304179413e+02 1.292853093692744721e+02 9.391619208118255483e+05
2.231469806444068738e+01 1.575916180022340427e+02 1.083616690073398416e+02 1.297136193831498474e+02 9.379814645985304378e+05
2.239323800197172432e+01 1.581839193022993584e+02 1.089432120400370536e+02 1.306045573874930597e+02 9.430444430140603799e+05
2.247177793865562023e+01 1.585113206058110791e+02 1.088095691583506266e+02 1.315601826507935925e+02 9.471270117851659888e+05
2.255031787450123204e+01 1.585625495626417205e+02 1.093109073351551217e+02 1.326144936939550121e+02 9.498435799891221104e+05
2.262885780951728165e+01 1.585871261454207968e+02 1.095497535072677664e+02 1.334675636654723405e+02 9.540688715175059624e+05
2.270739774371238440e+01 1.591603784538423270e+02 1.101299118405624569e+02 1.346124220366926920e+02 9.594735974403676810e+05
2.278593767709502771e+01 1.593991897356278855e+02 1.102282257254193922e+02 1.356389897379920626e+02 9.634697307677546050e+05
2.286447760967358178e+01 1.592709064261227923e+02 1.104720285770113861e+02 1.365124401346215279e+02 9.664095264548560372e+05
2.294301754145629957e+01 1.598446317491576565e+02 1.107819223269698909e+02 1.375108509468772411e+02 9.725370104737419169e+05
2.302155747245133455e+01 1.604183824262353539e+02 1.112434886737352713e+02 1.382907458632297448e+02 9.769945029384325026e+05
2.310009740266672296e+01 1.602497472738682518e+02 1.113509254203724907e+02 1.388485901321769518e+02 9.813456353697241284e+05
2.317863733211038380e+01 1.607492054802814323e+02 1.116712552408952774e+02 1.403827591824751266e+02 9.854062175642247312e+05
2.325717726079013303e+01 1.606836460212826410e+02 1.121547440285515194e+02 1.411026279054283634e+02 9.891687664282460464e+05
2.333571718871368716e+01 1.610340469363577824e+02 1.127836961633481820e+02 1.428147248606705375e+02 9.956685418655271642e+05
2.341425711588865965e+01 1.619225774235788720e+02 1.129415015967820608e+02 1.440728166416817828e+02 1.001200955259308452e+06
2.349279704232255384e+01 1.614441864544827183e+02 1.134260208405552106e+02 1.444106488578266578e+02 1.003510233029577183e+06
2.357133696802278067e+01 1.621246417969071842e+02 1.136388733897591976e+02 1.454034695307990432e+02 1.009090282644710504e+06
2.364987689299664453e+01 1.622160427552097417e+02 1.139625749461576731e+02 1.455807361702565004e+02 1.010888244319288293e+06
2.372841681725136453e+01 1.619124874899149233e+02 1.143979536885127146e+02 1.474691865272729956e+02 1.012664761589614209e+06
2.380695674079405322e+01 1.627395108603895153e+02 1.146727043153834273e+02 1.482282970136232336e+02 1.019141527714794152e+06
2.388549666363174140e+01 1.632791804211872773e+02 1.147561860693494538e+02 1.494168832231146382e+02 1.024328331069989013e+06
2.396403658577134976e+01 1.640862303112568839e+02 1.154566777952325225e+02 1.508815673111514002e+02 1.029916784683598089e+06
2.404257650721972439e+01 1.633837749270589370e+02 1.161386568494883420e+02 1.515281028722873771e+02 1.031019987175210379e+06
2.412111642798362254e+01 1.639557967879395619e+02 1.167427691003037751e+02 1.521774032449625054e+02 1.035230776123627205e+06
2.419965634806970556e+01 1.641841626935903093e+02 1.163754185401451480e+02 1.532226750974333527e+02 1.042865870134231402e+06
2.427819626748454596e+01 1.653684419765987172e+02 1.172003980431720720e+02 1.547375338700437055e+02 1.048676200308753178e+06
2.435673618623464520e+01 1.656740507281449197e+02 1.172235783497753516e+02 1.565062312162820604e+02 1.054727684820892988e+06
2.443527610432640529e+01 1.660540824973413407e+02 1.180425236694503042e+02 1.572739667120338538e+02 1.060951890231744852e+06
2.451381602176616425e+01 1.654157963212018956e+02 1.181688930423187998e+02 1.582732445336879721e+02 1.060921259783949004e+06
2.459235593856016067e+01 1.664933808955595680e+02 1.186237651022648834e+02 1.593226586262712203e+02 1.067546589770063991e+06
2.467089585471456203e+01 1.663648092660639861e+02 1.195071193869516293e+02 1.605403775056411462e+02 1.070624090465244139e+06
2.474943577023546126e+01 1.671685185239935265e+02 1.194720712543906984e+02 1.619241002687829791e+02 1.080747303932500305e+06
2.482797568512887310e+01 1.675175069940010530e+02 1.203449525597096681e+02 1.628256379138437069e+02 1.084065533670739504e+06
2.490651559940072346e+01 1.683602871661278755e+02 1.205378700555588836e+02 1.644515786752064912e+02 1.091083790271628648e+06
2.498505551305688144e+01 1.682318867070402746e+02 1.210572394538958321e+02 1.648725438167355719e+02 1.096370757519842358e+06
2.506359542610313440e+01 1.690310559625962696e+02 1.220296066685841367e+02 1.663396727703306510e+02 1.103204252132431837e+06
2.514213533854519511e+01 1.692909776767991445e+02 1.224608355813505227e+02 1.674771964238437079e+02 1.105885221237014281e+06
2.522067525038871239e+01 1.699698835750464241e+02 1.229082568919513960e+02 1.691971746872937388e+02 1.112490126299369149e+06
2.529921516163925688e+01 1.700432959120471139e+02 1.229922257251107141e+02 1.697703509972579070e+02 1.116944406357513508e+06
2.537775507230233529e+01 1.703469145436583005e+02 1.240096452421322937e+02 1.709503196975976778e+02 1.121031584803224774e+06
2.545629498238338684e+01 1.708866566624671179e+02 1.241380889682511395e+02 1.720265900114080750e+02 1.124665573550725589e+06
2.553483489188777966e+01 1.723888504044939225e+02 1.247609723696503181e+02 1.736846033190488754e+02 1.137825330872127786e+06
2.561337480082082152e+01 1.722654161465694926e+02 1.255283663311380451e+02 1.740729654239085278e+02 1.135496360395479249e+06
2.569191470918774911e+01 1.721610620113456207e+02 1.256691333758982836e+02 1.761199129095105320e+02 1.144325558790668845e+06
2.577045461699373874e+01 1.733001273375194558e+02 1.263767888659982646e+02 1.775234787224033255e+02 1.152849801657043863e+06
2.584899452424390631e+01 1.740977123760832228e+02 1.269837534953992133e+02 1.785216800035813378e+02 1.159516965074714739e+06
2.592753443094329668e+01 1.744987993715369043e+02 1.275843612332351000e+02 1.797282452407754647e+02 1.160318541233743308e+06
2.600607433709690852e+01 1.745316130810249717e+02 1.279331957056651277e+02 1.807274459920864160e+02 1.167750928758723661e+06
2.608461424270966944e+01 1.740781987022665476e+02 1.284454779884640345e+02 1.819206914488055133e+02 1.170133140752170701e+06
2.616315414778644310e+01 1.753624301444168907e+02 1.289351844825387730e+02 1.834216714547685854e+02 1.178663092780868290e+06
2.624169405233205055e+01 1.754842089057580665e+02 1.296031446124738125e+02 1.846718374199124924e+02 1.181638379787933081e+06
2.632023395635124174e+01 1.764157195789904904e+02 1.305414303123670550e+02 1.867049947955609071e+02 1.189801000883851200e+06
2.639877385984871694e+01 1.768896926041995243e+02 1.308028111610198323e+02 1.874386439160157067e+02 1.198499535591033753e+06
2.647731376282911953e+01 1.774727517337472591e+02 1.314820355128073857e+02 1.887575528934650890e+02 1.201577346991474042e+06
2.655585366529703606e+01 1.778243045956753576e+02 1.316387765879189260e+02 1.900255853768554744e+02 1.211234920443206327e+06
2.663439356725699980e+01 1.789335101352782544e+02 1.326621371223553183e+02 1.919032516369782684e+02 1.213652869243568741e+06
2.671293346871349428e+01 1.788150901983273684e+02 1.332810332668476008e+02 1.928167054396707556e+02 1.219526175924357260e+06
2.679147336967094617e+01 1.794742478375266046e+02 1.333121485519874909e+02 1.937196395908225952e+02 1.227595994895658689e+06
2.687001327013372531e+01 1.805260414976033587e+02 1.339205587324053681e+02 1.955462414966023914e+02 1.234573139848108403e+06
2.694855317010616602e+01 1.804638261407861819e+02 1.343544017797281356e+02 1.963579216735257660e+02 1.243230475160743110e+06
2.702709306959254221e+01 1.810308071992809857e+02 1.363110615195402033e+02 1.977828948179991926e+02 1.242500165571706137e+06
2.710563296859707094e+01 1.814863254875656082e+02 1.355675169617331051e+02 1.993784511013753615e+02 1.248701842821219005e+06
2.718417286712393377e+01 1.820030714556642408e+02 1.364683069254431587e+02 2.003466214093866427e+02 1.258851607798400335e+06
2.726271276517725894e+01 1.826367546788942775e+02 1.371279798186593553e+02 2.013238234506102344e+02 1.264263920845380984e+06
2.734125266276112498e+01 1.822179523753831631e+02 1.374294189248846010e+02 2.014418928850354575e+02 1.265447628656615037e+06
2.741979255987956776e+01 1.839356907733677247e+02 1.385850749293214790e+02 2.048284051712167582e+02 1.279294861188252224e+06
2.749833245653658054e+01 1.835054736058202707e+02 1.382090207743165990e+02 2.058307460154011892e+02 1.285503651662571589e+06
2.757687235273609616e+01 1.841166827778420156e+02 1.393632026545751046e+02 2.076861786965792760e+02 1.285477081638047472e+06
2.765541224848202262e+01 1.839049989544737116e+02 1.393724639743394960e+02 2.070666620448284334e+02 1.291689897519995458e+06
2.773395214377820395e+01 1.858095609203215872e+02 1.410752252940494316e+02 2.086331866533491848e+02 1.300062454784702044e+06
2.781249203862845576e+01 1.849514550384103302e+02 1.404786016043313168e+02 2.097009683928349659e+02 1.304810705184663646e+06
2.789103193303654038e+01 1.847544146544034334e+02 1.415218302503075449e+02 2.118660405143757828e+02 1.305031973740532063e+06
2.796957182700618816e+01 1.855767181358604603e+02 1.417635349233124487e+02 2.138526709866207227e+02 1.315113057595006889e+06
2.804811172054107615e+01 1.858992393741261253e+02 1.425496194278828455e+02 2.143720965348472021e+02 1.314738647572614020e+06
2.812665161364485655e+01 1.870556008565435206e+02 1.425749594097793249e+02 2.155367720667425431e+02 1.330605913188348059e+06
2.820519150632112115e+01 1.861196374846200001e+02 1.430771550112706620e+02 2.167114152050033056e+02 1.332993005260691745e+06
2.828373139857343332e+01 1.869465941803798046e+02 1.438305502009461065e+02 2.187712102322259966e+02 1.335701778323630802e+06
2.836227129040531736e+01 1.864748224789205437e+02 1.436819247880213766e+02 2.206653654045269377e+02 1.341467730469391448e+06
2.844081118182025847e+01 1.877460010160274635e+02 1.446349758844434064e+02 2.211374986424274312e+02 1.347134625050925417e+06
2.851935107282169923e+01 1.866866639089995488e+02 1.447900216472012573e+02 2.213922647873172878e+02 1.347643123276074650e+06
2.859789096341304315e+01 1.870078098051722009e+02 1.459170629977166982e+02 2.247005341252015569e+02 1.351393543894975679e+06
2.867643085359765820e+01 1.862505178300939406e+02 1.449757324207571969e+02 2.246406151393266271e+02 1.350176116239971947e+06
2.875497074337888392e+01 1.859801815086068189e+02 1.461085856409657993e+02 2.237205778215155476e+02 1.364846038823324023e+06
2.883351063276001369e+01 1.853406765181971139e+02 1.466352104424069580e+02 2.265189095106391619e+02 1.355704241898925509e+06
2.891205052174430890e+01 1.862705080266154880e+02 1.473304652245562067e+02 2.278632166524048444e+02 1.361777359438771382e+06
2.899059041033499184e+01 1.868619475521867628e+02 1.480248335083426809e+02 2.294903719122507937e+02 1.367813078790209955e+06
2.906913029853525643e+01 1.882558559181131841e+02 1.485656770045750079e+02 2.309079151579456664e+02 1.388511231545551680e+06
2.914767018634825746e+01 1.870511829888517354e+02 1.481739015547649672e+02 2.305643065125360067e+02 1.382027456267709378e+06
2.922621007377712132e+01 1.891103784234271643e+02 1.495241721686834921e+02 2.349845215869381434e+02 1.399577387480142061e+06
2.930474996082492822e+01 1.894421816060128663e+02 1.498807699623630185e+02 2.360102849580750330e+02 1.406774504293666920e+06
2.938328984749474060e+01 1.879736747695965562e+02 1.507901584343894683e+02 2.355588931224222051e+02 1.403403540341635933e+06
2.946182973378957826e+01 1.892546593858656365e+02 1.508279270208269338e+02 2.379564339076379724e+02 1.411945845011463156e+06
2.954036961971243258e+01 1.902564073305487682e+02 1.506248814739476245e+02 2.392333135248850624e+02 1.417714472382784588e+06
2.961890950526625943e+01 1.909564436614217868e+02 1.511472461204786271e+02 2.406655775590933217e+02 1.419107979851128766e+06
2.969744939045398979e+01 1.901816207696973606e+02 1.523469833469811476e+02 2.423816752579083129e+02 1.427590289819587953e+06
2.977598927527852268e+01 1.919043240776479990e+02 1.534019820238645195e+02 2.450831361937030124e+02 1.445131757203699090e+06
2.985452915974272159e+01 1.910378516804645699e+02 1.533594815390252393e+02 2.466877681139680476e+02 1.451771804573826492e+06
2.993306904384942868e+01 1.924937211625033058e+02 1.552819609428649699e+02 2.453754462059750381e+02 1.455959980628493009e+06
3.001160892760143994e+01 1.933910329737395841e+02 1.548407512642267534e+02 2.496903779673172039e+02 1.467009833472684026e+06
3.009014881100154071e+01 1.928467291597611393e+02 1.552876032922310401e+02 2.494621962574228746e+02 1.464500375527418684e+06
3.016868869405248077e+01 1.926480915777015070e+02 1.557138001449976628e+02 2.490622161893957127e+02 1.450022475287012290e+06
3.024722857675697441e+01 1.947400224477267159e+02 1.579258864632866164e+02 2.520610068143217291e+02 1.483545822661756538e+06
3.032576845911771457e+01 1.966522936243173376e+02 1.583803148670914140e+02 2.546882859313767540e+02 1.501589539707683725e+06
3.040430834113736580e+01 1.965023106689195060e+02 1.587514259098878426e+02 2.577367776898398120e+02 1.502086333775228355e+06
3.048284822281856421e+01 1.966754227303925973e+02 1.584428088669173746e+02 2.591406515236116661e+02 1.510928810047059786e+06
3.056138810416392460e+01 1.952027367914741944e+02 1.594635009874834566e+02 2.569578505337024694e+02 1.507657762259897310e+06
3.063992798517602267e+01 1.965236616777064000e+02 1.598570301277184171e+02 2.636406071633130068e+02 1.519685251061179442e+06
3.071846786585741640e+01 1.992468465132020583e+02 1.609760867187497126e+02 2.633333634539675927e+02 1.534914412141441600e+06
3.079700774621063886e+01 1.977384207695522491e+02 1.627140938581412968e+02 2.649038236265930664e+02 1.533972619706311729e+06
3.087554762623818760e+01 1.977884408442337474e+02 1.641218931244462453e+02 2.656731103710422985e+02 1.533910309094406664e+06
3.095408750594254599e+01 1.997629141405832058e+02 1.625541888497398020e+02 2.698323403815018082e+02 1.564227737854428124e+06
3.103262738532617249e+01 2.011419778320511966e+02 1.651158576840211936e+02 2.699184885334803994e+02 1.570217514743527863e+06
3.111116726439149005e+01 2.014704456000244193e+02 1.666382469828413093e+02 2.741143533599116040e+02 1.577123966831521830e+06
3.118970714314090387e+01 2.001475013487265073e+02 1.670569851208133230e+02 2.711290158154346841e+02 1.554998564335683128e+06
3.126824702157679781e+01 2.005765944644227829e+02 1.657078636626436889e+02 2.735456256390256726e+02 1.586307510884911753e+06
3.134678689970152377e+01 2.033895352599251964e+02 1.683221914252462170e+02 2.785036293329032446e+02 1.587106511938175419e+06
3.142532677751741588e+01 2.043278315436129731e+02 1.709688641460707004e+02 2.746264223845116135e+02 1.603216472473340575e+06
3.150386665502678696e+01 2.038927877014351395e+02 1.702824829282151597e+02 2.774988995534515084e+02 1.617401837677025236e+06
3.158240653223192140e+01 2.084221458370557798e+02 1.728137191930100016e+02 2.828057105736463086e+02 1.638905773460961878e+06
3.166094640913508229e+01 2.056997103274910614e+02 1.741907746306505373e+02 2.875031531409995864e+02 1.629293946924188873e+06
3.173948628573851494e+01 2.067110541757916167e+02 1.751299960179092920e+02 2.831423374629328578e+02 1.640249446331224404e+06
3.181802616204443623e+01 2.063026895845286788e+02 1.739242129713469467e+02 2.840380273199638168e+02 1.648853265342926607e+06
3.189656603805504531e+01 2.091025422393056488e+02 1.747216531225741960e+02 2.890531913386097926e+02 1.654583263179852627e+06
3.197510591377251998e+01 2.070359879172684145e+02 1.765282995737052261e+02 2.916834965281978498e+02 1.659619233211065875e+06
3.205364578919900964e+01 2.111418622836655175e+02 1.776163734885385281e+02 2.950945643850261604e+02 1.703156539914754918e+06
3.213218566433665302e+01 2.123569515853565122e+02 1.791047141239984342e+02 2.952756785884773194e+02 1.693543601481130812e+06
3.221072553918755688e+01 2.127975886521543316e+02 1.767165608159035344e+02 2.925776819156700412e+02 1.705927107138297753e+06
3.228926541375382442e+01 2.160835199109741325e+02 1.781384025023523634e+02 2.985927493371043511e+02 1.753354594335791888e+06
3.236780528803751622e+01 2.126978111709864265e+02 1.785675207672127272e+02 2.943536639667215695e+02 1.717003310783847934e+06
3.244634516204068575e+01 2.174299331415016070e+02 1.812270080818080089e+02 2.996591108786745963e+02 1.750258192009745399e+06
3.252488503576537227e+01 2.157619234597798368e+02 1.806669570447643594e+02 2.961538435260619622e+02 1.761917588391626952e+06
3.260342490921358660e+01 2.222137549515452690e+02 1.847007248970315345e+02 3.048668238621563660e+02 1.766755017208226956e+06
3.268196478238731828e+01 2.174518864475571434e+02 1.820591298115969892e+02 3.018375836234308167e+02 1.759685753898754017e+06
3.276050465528854261e+01 2.190949935554534704e+02 1.860388474952421234e+02 3.136630085857748895e+02 1.796174194165430497e+06
3.283904452791921358e+01 2.209307167836154520e+02 1.877174056817200380e+02 3.166498150909846458e+02 1.818529681972924853e+06
3.291758440028127097e+01 2.224925895826669375e+02 1.882597722185669227e+02 3.101526611472992272e+02 1.800404984743096167e+06
3.299612427237663326e+01 2.235009413826250011e+02 1.917381469675846120e+02 3.179753315305819115e+02 1.767618270871686982e+06
3.307466414420719758e+01 2.239722382471464357e+02 1.902251332270080297e+02 3.184264704093131968e+02 1.829994482763417065e+06
3.315320401577483977e+01 2.265241575392032871e+02 1.934892622475768178e+02 3.221239684869449889e+02 1.862792737365854904e+06
3.323174388708143567e+01 2.252748944622557303e+02 1.908337627789369435e+02 3.205502170026157387e+02 1.863557496464233845e+06
3.331028375812883269e+01 2.218422684460645371e+02 1.894411397469310714e+02 3.194619892939404053e+02 1.840308000798501540e+06
3.338882362891884981e+01 2.329475915083331472e+02 1.965367630956629341e+02 3.218278441614818348e+02 1.911819847029044060e+06
3.346736349945329891e+01 2.342448576011031207e+02 1.911983216311397200e+02 3.251028475780053100e+02 1.919459224423443433e+06
3.354590336973399189e+01 2.329034811765038171e+02 2.094752793657149255e+02 3.367151157946006492e+02 1.940787622519159457e+06
3.362444323976268379e+01 2.328602755606590904e+02 2.004071007995573837e+02 3.435653789752474836e+02 1.904599977410581196e+06
3.370298310954115806e+01 2.280579617844702511e+02 2.044500796980070163e+02 3.359390562675932870e+02 1.951378441743503092e+06
3.378152297907114132e+01 2.349329710467905841e+02 2.019798720234610983e+02 3.353925888342941448e+02 2.019239194497832330e+06
3.386006284835436730e+01 2.322889117003410036e+02 2.034004591170025265e+02 3.366386915045221144e+02 1.999479107422313420e+06
3.393860271739255552e+01 2.324896172740108966e+02 2.125441936038165807e+02 3.359910140954430631e+02 1.911393678806705633e+06
3.401714258618739706e+01 2.420144129112747748e+02 1.917767143411542179e+02 3.355726223078895032e+02 1.967592626290288055e+06
3.409568245474058301e+01 2.346503696315202490e+02 2.035496155523530319e+02 3.413348437376828315e+02 1.833251823961576214e+06
3.417422232305376895e+01 2.497348552756375284e+02 1.970515375680557781e+02 3.674195868226913149e+02 1.993552397274315590e+06
3.425276219112861043e+01 2.184560141459726594e+02 2.131361166809900283e+02 3.274170112334994087e+02 1.930950170093902387e+06
3.433130205896674880e+01 2.032804057481796178e+02 1.887614681373567578e+02 3.339614742226216890e+02 1.915856550888609141e+06
3.440984192656979701e+01 2.317791161716845068e+02 2.161695159015474701e+02 3.820076752858791451e+02 2.083937668753441656e+06
3.448838179393936088e+01 2.480236639984403837e+02 2.298222442686179647e+02 4.040893673620977324e+02 2.054425091848238604e+06
3.456692166107702491e+01 2.426358061630329246e+02 2.427901768099381172e+02 3.513566034428068861e+02 2.224214219649444800e+06
3.464546152798438072e+01 2.503087476106340432e+02 1.961503019386389326e+02 4.482607932221867486e+02 2.049375229032601928e+06
3.472400139466299152e+01 1.924493888525327918e+02 2.255272363869320316e+02 2.362540774916375881e+02 1.837089893134618411e+06
