# 0.9092 0.9382
7.871241428633635184e-02 4.032549685750970170e-01 2.829013160335250854e-01 1.168851410431072553e-02 2.127202192593704694e+03
1.618072713909662341e-01 1.474744558465515443e+00 1.005700116863190496e+00 5.825784707280819152e-02 8.533617635999993581e+03
2.418771330418761079e-01 2.564887579262969730e+00 1.962877352294723599e+00 7.219843313870669133e-02 1.175209901663007076e+04
3.211923215201240578e-01 4.497193951999216566e+00 3.313625955379269072e+00 1.664690028677767442e-01 2.267201612364488756e+04
4.002017901256537113e-01 6.292613943896639306e+00 4.573457248948944454e+00 2.450157235241659515e-01 3.232049066554150340e+04
4.790568272527075955e-01 6.653148536712368610e+00 5.216269978867594581e+00 2.609962104792808990e-01 3.155481978071570120e+04
5.578229290343351687e-01 9.903415795583144998e+00 7.700409136114127584e+00 3.853720043936713080e-01 4.655092361273337883e+04
6.365331115321660738e-01 1.007447779429411305e+01 7.898161467302185379e+00 4.669973042671696217e-01 4.967917289239228558e+04
7.152058371535838788e-01 1.250711424612901013e+01 1.003497798880452407e+01 5.385244681117952181e-01 5.756781840954419749e+04
7.938522421846891941e-01 1.355477739055550579e+01 1.115227549225108916e+01 6.162310049775020504e-01 5.896319181950949132e+04
8.724794443688169698e-01 1.479982039109481207e+01 1.227544116988063294e+01 7.174935154151700356e-01 6.489600786518369569e+04
9.510922062407737299e-01 1.621482223780317611e+01 1.330164362275365875e+01 8.000924118365134730e-01 7.128425285116083978e+04
1.029693835175838679e+00 1.695602913185458860e+01 1.434190328904002776e+01 9.010848698424638314e-01 7.353939514940443041e+04
1.108286699878543891e+00 1.804463298679350913e+01 1.533096595667340445e+01 9.970917702796709969e-01 7.742713494428222475e+04
1.186872541411916560e+00 1.962471550370839779e+01 1.695077166557681636e+01 1.064456431647304635e+00 8.183494943984108977e+04
1.265452668213572940e+00 2.155715709550406345e+01 1.875320832827965134e+01 1.138970840690075370e+00 8.592927720787352882e+04
1.344028082638708543e+00 2.286220763278505785e+01 1.968220134196320004e+01 1.290894104259589392e+00 9.321457091250669328e+04
1.422599565533279709e+00 2.364981920621140077e+01 2.049865644335237036e+01 1.350258114527142839e+00 9.356067093304741138e+04
1.501167734229200246e+00 2.543177079666572027e+01 2.249071867447141670e+01 1.526722176942360676e+00 9.856338561860847403e+04
1.579733083222462531e+00 2.706718138879013225e+01 2.363332865308816366e+01 1.663151817904180652e+00 1.071779369317176897e+05
1.658296013281593151e+00 2.873540798028962584e+01 2.547322429608683336e+01 1.716873664393854471e+00 1.076070416728250857e+05
1.736856852652245875e+00 2.888205061023908371e+01 2.546571733118924996e+01 1.895809227945025599e+00 1.097251053635481949e+05
1.815415872753641580e+00 3.103897910656426617e+01 2.773953109007004869e+01 1.924610613396800618e+00 1.129912260494159127e+05
1.893973299967037560e+00 3.251446101329209881e+01 2.883196027034367148e+01 2.094823373091403873e+00 1.191895445225610893e+05
1.972529324606241641e+00 3.411287908151646775e+01 3.017163149923887033e+01 2.234310762894058833e+00 1.239186504331309698e+05
2.051084107826015579e+00 3.609522115212409688e+01 3.213938760422206542e+01 2.360098756515847551e+00 1.276630985649795912e+05
2.129637787001040561e+00 3.746033090454569958e+01 3.299352507092918074e+01 2.568127123288691305e+00 1.351838782429069979e+05
2.208190479956450680e+00 3.899394714885121260e+01 3.458060025864725873e+01 2.720186458097819227e+00 1.369366276810120034e+05
2.286742288326184092e+00 4.036886580461789009e+01 3.598791739752464025e+01 2.714757866664760488e+00 1.374363096392581938e+05
2.365293300241981811e+00 4.023670468503316044e+01 3.597308268331539693e+01 2.868172085989801445e+00 1.374190164609740314e+05
2.443843592503681883e+00 4.247546507248902969e+01 3.761013890335152610e+01 2.994661155869458025e+00 1.442823757395645080e+05
2.522393232343909553e+00 4.431314771742293601e+01 3.928811249253594440e+01 3.226455553408746013e+00 1.502462012480522098e+05
2.600942278872942381e+00 4.519854897817468498e+01 3.948052257885567684e+01 3.408724385455294215e+00 1.570514435293432325e+05
2.679490784269383141e+00 4.646556998496522795e+01 4.100049513118339917e+01 3.552101419129426230e+00 1.566815170640257129e+05
2.758038794767343038e+00 4.870755163081748407e+01 4.275071140029729122e+01 3.695489895184121742e+00 1.620310485119260848e+05
2.836586351479573942e+00 5.001538039616836784e+01 4.354242073012706271e+01 3.976418228153903112e+00 1.691177270959929738e+05
2.915133491087511963e+00 5.055166556029492853e+01 4.437346567527276164e+01 3.997120950600777878e+00 1.669902547579677484e+05
2.993680246422668834e+00 5.134049193111791709e+01 4.483794336455055429e+01 4.186359789944902765e+00 1.693170650114693854e+05
3.072226646958827967e+00 5.395238824267500632e+01 4.674255092314213300e+01 4.436008632317903100e+00 1.778389537698813947e+05
3.150772719230606977e+00 5.336858673120647012e+01 4.619238495776776432e+01 4.598501350153158640e+00 1.796551147134310158e+05
3.229318487190934395e+00 5.474700757861599243e+01 4.717857912792297981e+01 4.622060161260829858e+00 1.785420982533902570e+05
3.307863972517584905e+00 5.665664524810326697e+01 4.888582868416495586e+01 4.786285097934955601e+00 1.826271250396411633e+05
3.386409194877053608e+00 5.772811259423918528e+01 4.952243328641273479e+01 5.039775369021270102e+00 1.881742746841040789e+05
3.464954172152534095e+00 5.867459511238328673e+01 5.024160725807692529e+01 5.203342580471007395e+00 1.929961469260730664e+05
3.543498920641575456e+00 5.984318165719074756e+01 5.079246624720155978e+01 5.477031690437347500e+00 1.968769335196393658e+05
3.622043455228019404e+00 6.137327928505646923e+01 5.199983536238320170e+01 5.552882069182402347e+00 2.003788022172434721e+05
3.700587789532037597e+00 6.152881987746331305e+01 5.191043293872147757e+01 5.860695269830590526e+00 2.045999824973392824e+05
3.779131936041457696e+00 6.177303188491184471e+01 5.220281430245496779e+01 6.040050202636344956e+00 2.051777462296135200e+05
3.857675906227046259e+00 6.345568829495108076e+01 5.306890314441528744e+01 6.096174409570338959e+00 2.071909059954345867e+05
3.936219710643986680e+00 6.477903738470743633e+01 5.386189865098371143e+01 6.337556169792622818e+00 2.144167885915144288e+05
4.014763359021444877e+00 6.445423864506174993e+01 5.372395161353635018e+01 6.589849573060324595e+00 2.137528260764024162e+05
4.093306860341824560e+00 6.688881273726920540e+01 5.526747829084562369e+01 6.793726418981209214e+00 2.208195457634640625e+05
4.171850222911064776e+00 6.718186938045890599e+01 5.546259729398867222e+01 7.015045353915756898e+00 2.216502756611498189e+05
4.250393454421145911e+00 6.662399313631642883e+01 5.495609890232088190e+01 7.085397464778859344e+00 2.210667881213416404e+05
4.328936562005788247e+00 6.833039113317427393e+01 5.576977927964780690e+01 7.357684788728004577e+00 2.292140705331639329e+05
4.407479552290201497e+00 7.007489180714969734e+01 5.713266989941398322e+01 7.607990380432302580e+00 2.327772932050453383e+05
4.486022431435594982e+00 6.918906548987663996e+01 5.604480833283152919e+01 7.811877070092192454e+00 2.315620816700010910e+05
4.564565205179107465e+00 7.089512131636969627e+01 5.731008773178501059e+01 7.995167515462324737e+00 2.382450332814267895e+05
4.643107878869670024e+00 7.167477399601345667e+01 5.765004525754518738e+01 8.230351222592126703e+00 2.415593647400082846e+05
4.721650457500300213e+00 7.277234196908604247e+01 5.833891773638440270e+01 8.348692044581676797e+00 2.438918080787452636e+05
4.800192945737217443e+00 7.365367810576978513e+01 5.880472255133196313e+01 8.693923643569084092e+00 2.480951557216807269e+05
4.878735347946150824e+00 7.327570633818611157e+01 5.845428029550829763e+01 8.989665890342664056e+00 2.494187517225802585e+05
4.957277668216146793e+00 7.463600019060828572e+01 5.956478183036997365e+01 9.108193618661776014e+00 2.522622910833239148e+05
5.035819910381144737e+00 7.490393801546166230e+01 5.943083928327474297e+01 9.363117429484336895e+00 2.555401977246968600e+05
5.114362078039562221e+00 7.625570019483105000e+01 6.004644389909679347e+01 9.620704059353517579e+00 2.608187075030643900e+05
5.192904174572115394e+00 7.684221701323296827e+01 6.043503902340190592e+01 9.881213957930425451e+00 2.618813159300814150e+05
5.271446203158030919e+00 7.766980216916761037e+01 6.071340105505498030e+01 1.012848050273201217e+01 2.664894436682265368e+05
5.349988166789838573e+00 7.868340042097511855e+01 6.162436994193249262e+01 1.039427831627875243e+01 2.688720895029022358e+05
5.428530068286878674e+00 7.911276235817454960e+01 6.154099134580186359e+01 1.057425662570159197e+01 2.727314258440340636e+05
5.507071910307648643e+00 7.995675064364671414e+01 6.202208532239195193e+01 1.080475967703497098e+01 2.744094111603687634e+05
5.585613695361120179e+00 8.075945798492915628e+01 6.248547292064993997e+01 1.118538487711501439e+01 2.795379194563513156e+05
5.664155425817094525e+00 8.213083927997595879e+01 6.318884743375234336e+01 1.146296701589889722e+01 2.837343485898176441e+05
5.742697103915729961e+00 8.191192112468154107e+01 6.293407133470473269e+01 1.167484435690865396e+01 2.841191730563888559e+05
5.821238731776284148e+00 8.300999924989353929e+01 6.364778398931783698e+01 1.190502281014387798e+01 2.885725702287423192e+05
5.899780311405160127e+00 8.289748222161452418e+01 6.327616021794140266e+01 1.213143334361485870e+01 2.896940450827393215e+05
5.978321844703323507e+00 8.409436962938764282e+01 6.428364068907593776e+01 1.229694264468076881e+01 2.906793541517681442e+05
6.056863333473133437e+00 8.495349579876200607e+01 6.488116124063566303e+01 1.260488682246410796e+01 2.948810459394034697e+05
6.135404779424661115e+00 8.628021057477840827e+01 6.528977895752845484e+01 1.301268346137150367e+01 3.020734597002966329e+05
6.213946184181517118e+00 8.600594743895483418e+01 6.517337995262209915e+01 1.326262177960456334e+01 3.027214421711730538e+05
6.292487549286247983e+00 8.733081016172711486e+01 6.615781651820061882e+01 1.334703627252155123e+01 3.056852315105572925e+05
6.371028876205335756e+00 8.758975787956438808e+01 6.584759917099444237e+01 1.381879824687921143e+01 3.083476994805551367e+05
6.449570166333828070e+00 8.878928660013828278e+01 6.655531830930991077e+01 1.413660837913091228e+01 3.138931612485841033e+05
6.528111420999634262e+00 8.918444173432723687e+01 6.691417184514617134e+01 1.433511833607495412e+01 3.160299158478301833e+05
6.606652641467518627e+00 8.995082956658185935e+01 6.717375929236111176e+01 1.462669100627708296e+01 3.181486179143193876e+05
6.685193828942805006e+00 9.037325487535495938e+01 6.733283028045519814e+01 1.503144918233372884e+01 3.200963853121955763e+05
6.763734984574836240e+00 9.028836289160703643e+01 6.743644180719419978e+01 1.516459851824778404e+01 3.221513158342736424e+05
6.842276109460177835e+00 9.138502873231364276e+01 6.782231289274183439e+01 1.548284645972607088e+01 3.249224232480055070e+05
6.920817204645620890e+00 9.158573338299177635e+01 6.796048981504529252e+01 1.571157525696471247e+01 3.252180002536470420e+05
6.999358271130968312e+00 9.272012514816336193e+01 6.876145221364389215e+01 1.609720203190731525e+01 3.328307367757589091e+05
7.077899309871646949e+00 9.413905864327769279e+01 6.940817373175809735e+01 1.647839528270914755e+01 3.372143367742885603e+05
7.156440321781138536e+00 9.422981179694821208e+01 6.944394367363395304e+01 1.665515202269003936e+01 3.366861699269557139e+05
7.234981307733260536e+00 9.405007457726522091e+01 6.942966040868088839e+01 1.697529971895118805e+01 3.398713724868377903e+05
7.313522268564292439e+00 9.535473405473877051e+01 7.028915905651200546e+01 1.719258499630292647e+01 3.414335329220958520e+05
7.392063205074973276e+00 9.524344800711045878e+01 7.011149386764158464e+01 1.754394900989889905e+01 3.436774224237764720e+05
7.470604118032365015e+00 9.609722975608103468e+01 7.034954867747167384e+01 1.781284614831882251e+01 3.475255194729089853e+05
7.549145008171610272e+00 9.639865857769274271e+01 7.105105993041162549e+01 1.806961756891908877e+01 3.476719388761395239e+05
7.627685876197570103e+00 9.698608158569898308e+01 7.073920297232253063e+01 1.844920930166378170e+01 3.515280491451965645e+05
7.706226722786373884e+00 9.822026401936940943e+01 7.164603678154735178e+01 1.887821014967145317e+01 3.579948538808162557e+05
7.784767548586863484e+00 9.805187858895793340e+01 7.139643943371682155e+01 1.926387943118279722e+01 3.582464214720715536e+05
7.863308354221953955e+00 9.812175833830113447e+01 7.161668892342642323e+01 1.930709975226644559e+01 3.586488369373532478e+05
7.941849140289923170e+00 9.836658730290774599e+01 7.137737144708827941e+01 1.970038338483619000e+01 3.610875647161994711e+05
8.020389907365611748e+00 1.004798763077538268e+02 7.286866254965954681e+01 2.012534718855564009e+01 3.674892262902689399e+05
8.098930656001561701e+00 1.010900685955082707e+02 7.332069362839709470e+01 2.037017705228613806e+01 3.703842085982672870e+05
8.177471386729090241e+00 1.008670131926992042e+02 7.284506719579918865e+01 2.073342543113711400e+01 3.698893893694262370e+05
8.256012100059292536e+00 1.014474606474012859e+02 7.333066294573652044e+01 2.117922714300508957e+01 3.737991428320164559e+05
8.334552796484000936e+00 1.013586515651315665e+02 7.320690401792982982e+01 2.133031135307738424e+01 3.734824005503932713e+05
8.413093476476680266e+00 1.026348829905620192e+02 7.364294068906788482e+01 2.172044043115753809e+01 3.800607845912578632e+05
8.491634140493276917e+00 1.025811511875022717e+02 7.375565266795095454e+01 2.216540519401166520e+01 3.805578795791094890e+05
8.570174788973028868e+00 1.032426025862396557e+02 7.425054733804114449e+01 2.248084241829576868e+01 3.826110403488255106e+05
8.648715422339215309e+00 1.040938048949698924e+02 7.460095865441520857e+01 2.276112955560129336e+01 3.877814211427294067e+05
8.727256040999876063e+00 1.044053444488753684e+02 7.484827174071892841e+01 2.307908550858645214e+01 3.889999639040954644e+05
8.805796645348495488e+00 1.045624238515786431e+02 7.475272123328745977e+01 2.343788807572549615e+01 3.915073343837795546e+05
8.884337235764643737e+00 1.050382087327100322e+02 7.525765631467521644e+01 2.368762920928623572e+01 3.927857195554006612e+05
8.962877812614589601e+00 1.055017408171587334e+02 7.551443718253695181e+01 2.422676341247412779e+01 3.933056666534385877e+05
9.041418376251867173e+00 1.061686562711687998e+02 7.528012833092374478e+01 2.462741501338114603e+01 3.999928906117085135e+05
9.119958927017840722e+00 1.069958787055825695e+02 7.602962683570913782e+01 2.484470118460743393e+01 4.013606568754949840e+05
9.198499465242209183e+00 1.073996133080200792e+02 7.643158756841134505e+01 2.512225533247824671e+01 4.036651359655428096e+05
9.277039991243508865e+00 1.075305706790579592e+02 7.643496653934779772e+01 2.545208058780545102e+01 4.056315457664645510e+05
9.355580505329580632e+00 1.076665640618414130e+02 7.611774015557708140e+01 2.604123200674707661e+01 4.087806537637754227e+05
9.434121007798012215e+00 1.077621074087589790e+02 7.609929392094262823e+01 2.631207217942047194e+01 4.087756926070690388e+05
9.512661498936562765e+00 1.083836936397350286e+02 7.652123373122181249e+01 2.660181600911992561e+01 4.119314525251689483e+05
9.591201979023569635e+00 1.091194910783967629e+02 7.726451116441943157e+01 2.713947694133913302e+01 4.158833936541891890e+05
9.669742448328321416e+00 1.096096146675234166e+02 7.730164097419822156e+01 2.732756362636076020e+01 4.176016946173960459e+05
9.748282907111432749e+00 1.103271539384680011e+02 7.767586610602805308e+01 2.771186911863562230e+01 4.217435857127130148e+05
9.826823355625185386e+00 1.096648220075574329e+02 7.708560877983475734e+01 2.811846885242163907e+01 4.204133548741777777e+05
9.905363794113858589e+00 1.105187980221222830e+02 7.764055401532114331e+01 2.847967275080053540e+01 4.250145842223229702e+05
9.983904222814045326e+00 1.113493358204012083e+02 7.819204991678635963e+01 2.891154005299030771e+01 4.285260411919646431e+05
1.006244464195495070e+01 1.114478362539183678e+02 7.800789628655287800e+01 2.928623742038835687e+01 4.290966848988163401e+05
1.014098505175868148e+01 1.112493985902827518e+02 7.782888506702767017e+01 2.962963560368475413e+01 4.309155327709554113e+05
1.021952545244051613e+01 1.117055109097461383e+02 7.807496199143960780e+01 2.988858478937709151e+01 4.334565883866824443e+05
1.029806584420916415e+01 1.122026476407500013e+02 7.794696230915744195e+01 3.048926675885316584e+01 4.379471063769948087e+05
1.037660622726701654e+01 1.126623932937611983e+02 7.861946819785012508e+01 3.069674443026814714e+01 4.385260097684154753e+05
1.045514660181038380e+01 1.126524893374091505e+02 7.847404298237461262e+01 3.118269946192344122e+01 4.404634764357801760e+05
1.053368696802971982e+01 1.134362927377053580e+02 7.884705545334631438e+01 3.161675997940749028e+01 4.415405751624286058e+05
1.061222732610984210e+01 1.140760829364541706e+02 7.915396908012692734e+01 3.207001174112489394e+01 4.478518231216421118e+05
1.069076767623013779e+01 1.142750945141395960e+02 7.913815614550445332e+01 3.244006424470440919e+01 4.493225634377801907e+05
1.076930801856475739e+01 1.144718433233187653e+02 7.939585850862212624e+01 3.259780260666834550e+01 4.508645533748793532e+05
1.084784835328281005e+01 1.151158286288880959e+02 7.952226682844872130e+01 3.315648703819157816e+01 4.538820604709644103e+05
1.092638868054854306e+01 1.149705279677928758e+02 7.951349440540786873e+01 3.337615268528328016e+01 4.531394062409535982e+05
1.100492900052151413e+01 1.154920332596513362e+02 7.975660494051628291e+01 3.387241695556149068e+01 4.572514334580473951e+05
1.108346931335675833e+01 1.158290601231647372e+02 8.011363420810637592e+01 3.428883341210077873e+01 4.598819819553778507e+05
1.116200961920494805e+01 1.161387975004049480e+02 7.978453184519233332e+01 3.479617729804986936e+01 4.616955227745459415e+05
1.124054991821254212e+01 1.161978500921156581e+02 8.031337805450351652e+01 3.526607031959252225e+01 4.636491131049756077e+05
1.131909021052193687e+01 1.167866569020591641e+02 8.041367373635115712e+01 3.564721620920303735e+01 4.664921985908412025e+05
1.139763049627160285e+01 1.169348731625071167e+02 8.061725593716087701e+01 3.602586955158269433e+01 4.682213985909092007e+05
1.147617077559622167e+01 1.170988667919138635e+02 8.029598425515720805e+01 3.658418843003873633e+01 4.720299500703338999e+05
1.155471104862680853e+01 1.176960532213825132e+02 8.080352887286369423e+01 3.679796284608993062e+01 4.724448708264263114e+05
1.163325131549084368e+01 1.173571581813275486e+02 8.058744631745250331e+01 3.730414609652289215e+01 4.729346578608205309e+05
1.171179157631238787e+01 1.179429308514356052e+02 8.081615653216309170e+01 3.763801212434500343e+01 4.768043668355057598e+05
1.179033183121219608e+01 1.187067285397471892e+02 8.140630089099153111e+01 3.797153965737965109e+01 4.791396069133963319e+05
1.186887208030782759e+01 1.182485180742277890e+02 8.099377485923584175e+01 3.838852188756524697e+01 4.798045104845408932e+05
1.194741232371374728e+01 1.188000649407678395e+02 8.099083859250291084e+01 3.906505314333343648e+01 4.850226053186462377e+05
1.202595256154143222e+01 1.188219666474649898e+02 8.136389071722224742e+01 3.924719242819534770e+01 4.842650843930296833e+05
1.210449279389946753e+01 1.193108611455577659e+02 8.119031992591669677e+01 3.989305855349836349e+01 4.884045249647022574e+05
1.218303302089363527e+01 1.194135817527055679e+02 8.144022525015152780e+01 4.032497679722950323e+01 4.901028991203488549e+05
1.226157324262700676e+01 1.203384011992769587e+02 8.179155586772525055e+01 4.087650881035205686e+01 4.934624273666190566e+05
1.234011345920003322e+01 1.199689572100152759e+02 8.169210857290110539e+01 4.124500287823304490e+01 4.938433602258979226e+05
1.241865367071062565e+01 1.203954196549616285e+02 8.208785189839781538e+01 4.174466766519874739e+01 4.962859605895900750e+05
1.249719387725422415e+01 1.206615497549578180e+02 8.192190897594375087e+01 4.224792033072743891e+01 4.990807727328106994e+05
1.257573407892389383e+01 1.207022543390025220e+02 8.184377401850447598e+01 4.263973207943551103e+01 5.014181713210876915e+05
1.265427427581038877e+01 1.208226593895038832e+02 8.187821894767331798e+01 4.304427756965237961e+01 5.025108896600665175e+05
1.273281446800221772e+01 1.215933180004674767e+02 8.208327530763401114e+01 4.362205128448495373e+01 5.064139773441312136e+05
1.281135465558572584e+01 1.213668247521111141e+02 8.227257931056952600e+01 4.396687011476951312e+01 5.076414120789432782e+05
1.288989483864514796e+01 1.220170855496449178e+02 8.270837237797724129e+01 4.434966144337694516e+01 5.098870383903913898e+05
1.296843501726268322e+01 1.217397282010289530e+02 8.258830360099641155e+01 4.486093884617674377e+01 5.113326734113193233e+05
1.304697519151855190e+01 1.217445960767046103e+02 8.260013292746170066e+01 4.523770469953272055e+01 5.116437882234946010e+05
1.312551536149104692e+01 1.223392295387185698e+02 8.259123219605440624e+01 4.590285063379451458e+01 5.187553660981899011e+05
1.320405552725660492e+01 1.223944032263742656e+02 8.285266241724895053e+01 4.630799294419040990e+01 5.176109876960057300e+05
1.328259568888985243e+01 1.229090051638305141e+02 8.281366464321510534e+01 4.681330106789739176e+01 5.215608139345329255e+05
1.336113584646366270e+01 1.233099583064808940e+02 8.300635015830538066e+01 4.724960015349306985e+01 5.234013358419612050e+05
1.343967600004920548e+01 1.229716043472222680e+02 8.292822896351424333e+01 4.757081861607228035e+01 5.240919754903283902e+05
1.351821614971599317e+01 1.235021654740290415e+02 8.314194510396367832e+01 4.832839374298909974e+01 5.276663977658228250e+05
1.359675629553193588e+01 1.236563835458064915e+02 8.366787816870467509e+01 4.876958669369375343e+01 5.284793366332054138e+05
1.367529643756338231e+01 1.239960155648384159e+02 8.339728932691586749e+01 4.919070140285145953e+01 5.315997508542195428e+05
1.375383657587516595e+01 1.239078797682622906e+02 8.358457272017929540e+01 4.961063732303535545e+01 5.311817947360941907e+05
1.383237671053064766e+01 1.240234625943952125e+02 8.340839535880667199e+01 5.027574332851349226e+01 5.339099942309765611e+05
1.391091684159175834e+01 1.243459214972876765e+02 8.346181543272577130e+01 5.074367273557410840e+01 5.378148858126720879e+05
1.398945696911903269e+01 1.246906377007081090e+02 8.392478869573670863e+01 5.128905443640034179e+01 5.414068051736556226e+05
1.406799709317166069e+01 1.247495947050549319e+02 8.407814060151210356e+01 5.174472321496590155e+01 5.410851483638505451e+05
1.414653721380751428e+01 1.251451198282908592e+02 8.423276151165585190e+01 5.248673333010385278e+01 5.453081659314724384e+05
1.422507733108318817e+01 1.253963602501559507e+02 8.425143415767929866e+01 5.281534774352439854e+01 5.483412341191044543e+05
1.430361744505403543e+01 1.256314319969689279e+02 8.413496696293447030e+01 5.336117725078869967e+01 5.502119809205489000e+05
1.438215755577419586e+01 1.254838742068923239e+02 8.415404812703621928e+01 5.362430126987589318e+01 5.517421586349576246e+05
1.446069766329663686e+01 1.260287276399841119e+02 8.446724636673893372e+01 5.442283258887368191e+01 5.545261271367211593e+05
1.453923776767318010e+01 1.262790486026834174e+02 8.469375765281245094e+01 5.485715062940271736e+01 5.565695197061971994e+05
1.461777786895453346e+01 1.262404356488968773e+02 8.450117247189164971e+01 5.539434371078397135e+01 5.579913726168600842e+05
1.469631796719032302e+01 1.264947054483511977e+02 8.462405981231790975e+01 5.577002003448885858e+01 5.616772398523529992e+05
1.477485806242911437e+01 1.266249198748390938e+02 8.498266175405963452e+01 5.654426229034172735e+01 5.623217053990283748e+05
1.485339815471844993e+01 1.268967373733694473e+02 8.487563666077794267e+01 5.699478309648689844e+01 5.658634500262771035e+05
1.493193824410487203e+01 1.268035047510473845e+02 8.531703824874887232e+01 5.757150299610844257e+01 5.671471493985498091e+05
1.501047833063394421e+01 1.273079259875322577e+02 8.535035274263901783e+01 5.812456005670353676e+01 5.701486665261065355e+05
1.508901841435028857e+01 1.271655252093344046e+02 8.526546754557892882e+01 5.860409924907820312e+01 5.710721223233417841e+05
1.516755849529759992e+01 1.279178711544688269e+02 8.588314655928692787e+01 5.903460208631195627e+01 5.737998420642378042e+05
1.524609857351867070e+01 1.279756190873231532e+02 8.577626587824465787e+01 5.986533123787284438e+01 5.757777641055822605e+05
1.532463864905541762e+01 1.279335882564532767e+02 8.565549629121187536e+01 6.025026249879984164e+01 5.780978180718426593e+05
1.540317872194890292e+01 1.283072994327015977e+02 8.570432611494115349e+01 6.093026397617986589e+01 5.827498813969396288e+05
1.548171879223935399e+01 1.286066729819681882e+02 8.626890941628600729e+01 6.161562033851315334e+01 5.857907946428869618e+05
1.556025885996618996e+01 1.287217645105385486e+02 8.594476848410316450e+01 6.229042607498391959e+01 5.879328164148724172e+05
1.563879892516803238e+01 1.288779088150870393e+02 8.601321597249143736e+01 6.256890921730221322e+01 5.885361341611114331e+05
1.571733898788273187e+01 1.291189362145715052e+02 8.649388310713992212e+01 6.315097336893227009e+01 5.926130375329974340e+05
1.579587904814739119e+01 1.291825198216646697e+02 8.645598490719552842e+01 6.379432344375187824e+01 5.935936390207092045e+05
1.587441910599837769e+01 1.295966153858536813e+02 8.673735545719611650e+01 6.451626185724367701e+01 5.968212127915739547e+05
1.595295916147133575e+01 1.305532407135279129e+02 8.686799634433202755e+01 6.523538718952353577e+01 6.022592801657257369e+05
1.603149921460121874e+01 1.299765871656614422e+02 8.660197305034269277e+01 6.577188516625074044e+01 6.019714389829939464e+05
1.611003926542229436e+01 1.302051716480639811e+02 8.703710957948398175e+01 6.635203695896022680e+01 6.039183533099235501e+05
1.618857931396816596e+01 1.304782492128419449e+02 8.710010771212472491e+01 6.693922695021223035e+01 6.083102853350981604e+05
1.626711936027179561e+01 1.309913337811872793e+02 8.727616288533046429e+01 6.746037875102302905e+01 6.113002653908104403e+05
1.634565940436549525e+01 1.308266346138289009e+02 8.728327717125169727e+01 6.795543027550613147e+01 6.129682207342658658e+05
1.642419944628097639e+01 1.311745048343932183e+02 8.729392200659482626e+01 6.856856709726257293e+01 6.156951519508666825e+05
1.650273948604932883e+01 1.310784240810676806e+02 8.751381232066772498e+01 6.922862510606576336e+01 6.162916352005173685e+05
1.658127952370107394e+01 1.315423514172635180e+02 8.798895708750798406e+01 6.992963937650765160e+01 6.198978352182935923e+05
1.665981955926614333e+01 1.317556479861140133e+02 8.816973408681130309e+01 7.061416979166207852e+01 6.228031505601496901e+05
1.673835959277390728e+01 1.320915365602850784e+02 8.843785657773103992e+01 7.132600688665658595e+01 6.276209421490483219e+05
1.681689962425318896e+01 1.322550990450200175e+02 8.835348571301541654e+01 7.183997035198132153e+01 6.296015417994348099e+05
1.689543965373228218e+01 1.329893082135906752e+02 8.889735626982746908e+01 7.266850176881817447e+01 6.331603591904133791e+05
1.697397968123895495e+01 1.322296250543004703e+02 8.884471438335303617e+01 7.303537490527644138e+01 6.331688943104697391e+05
1.705251970680045304e+01 1.334883560169998304e+02 8.915081198283367314e+01 7.392500153055460999e+01 6.386776694420056883e+05
1.713105973044353902e+01 1.331064605309587421e+02 8.895239675619801289e+01 7.450542058929731581e+01 6.398684915270642377e+05
1.720959975219447102e+01 1.334259129117696148e+02 8.920403134140740065e+01 7.499284934718080819e+01 6.432755706327883527e+05
1.728813977207903463e+01 1.337438638521031748e+02 8.968121209372640124e+01 7.558705049501641327e+01 6.472031359840022633e+05
1.736667979012256424e+01 1.343422495985891203e+02 8.991984932216283255e+01 7.654540328122025983e+01 6.491555834512222791e+05
1.744521980634991110e+01 1.347974859752399936e+02 9.008764994201699494e+01 7.719174884803213388e+01 6.535860023782907519e+05
1.752375982078550365e+01 1.346293302681744422e+02 9.021178334434546287e+01 7.773598624783774369e+01 6.560546232545915991e+05
1.760229983345331917e+01 1.350264436394609788e+02 9.055232299149443520e+01 7.859627108714829546e+01 6.579626236697110580e+05
1.768083984437692635e+01 1.353659825381827488e+02 9.089346497372044098e+01 7.935333570637571654e+01 6.630754631054046331e+05
1.775937985357945692e+01 1.359158455323880332e+02 9.093520196401765077e+01 7.985561665062610359e+01 6.668010124292522669e+05
1.783791986108364824e+01 1.355533039848816657e+02 9.107701549837453570e+01 8.049149098222444820e+01 6.689606756291594356e+05
1.791645986691183268e+01 1.367436006104367436e+02 9.160497397505783113e+01 8.186342692445380465e+01 6.746712314225231530e+05
1.799499987108595889e+01 1.366086847010501515e+02 9.176431465695873158e+01 8.216218644650108160e+01 6.755029607094299281e+05
1.807353987362759185e+01 1.370288717945702786e+02 9.192182165308585695e+01 8.272290672057185645e+01 6.805837172422423027e+05
1.815207987455791638e+01 1.375298380801911833e+02 9.247432508961141195e+01 8.374272330571041323e+01 6.846420868852039566e+05
1.823061987389775851e+01 1.377334487505364677e+02 9.275179199613577907e+01 8.468009577478267147e+01 6.882845368991203140e+05
1.830915987166758541e+01 1.381678537177342321e+02 9.307759757605796835e+01 8.515192007102628224e+01 6.902359879108156310e+05
1.838769986788751964e+01 1.386770757276406698e+02 9.332916031038030269e+01 8.598161027011113333e+01 6.936860777967261383e+05
1.846623986257733563e+01 1.395093662874759559e+02 9.359626532944120925e+01 8.694238778538563395e+01 6.994916074215286644e+05
1.854477985575647381e+01 1.399472341052732247e+02 9.416483622803644948e+01 8.772173554767482528e+01 7.046934051928209374e+05
1.862331984744404423e+01 1.398167506735040320e+02 9.439558561511903179e+01 8.841359605628555585e+01 7.057600798841069918e+05
1.870185983765884075e+01 1.399985612807149380e+02 9.427606467847905947e+01 8.920039124256499008e+01 7.083155219201651635e+05
1.878039982641934458e+01 1.408493478402593837e+02 9.508967681182136289e+01 8.994106840425635596e+01 7.146714778696445283e+05
1.885893981374372075e+01 1.411689547643605351e+02 9.533364584126421448e+01 9.070154653146597923e+01 7.172448574143197620e+05
1.893747979964983941e+01 1.418626295161085977e+02 9.567640410119902583e+01 9.163619002077625453e+01 7.237757692606894998e+05
1.901601978415527228e+01 1.421453601713872388e+02 9.603340672305880332e+01 9.220988256406359085e+01 7.260229274874927942e+05
1.909455976727730331e+01 1.424390952196323497e+02 9.653814317360340169e+01 9.325641413874993191e+01 7.285926835567652015e+05
1.917309974903293579e+01 1.431311208093334812e+02 9.649245164069856173e+01 9.407641976814150553e+01 7.352796792579838075e+05
1.925163972943889235e+01 1.439212120244041557e+02 9.691831092110986390e+01 9.524371897267459985e+01 7.404044691949213156e+05
1.933017970851161849e+01 1.445414591076262809e+02 9.759892551701135233e+01 9.596353235956463834e+01 7.441834196804399835e+05
1.940871968626730748e+01 1.445409401958742421e+02 9.793363638554812667e+01 9.666229799792429844e+01 7.469021515504694544e+05
1.948725966272188259e+01 1.457603121503721297e+02 9.833117723554717315e+01 9.750442148666024877e+01 7.538383348390765022e+05
1.956579963789100773e+01 1.459849505970823884e+02 9.895989050027910139e+01 9.833049786969928618e+01 7.563984370100680972e+05
1.964433961179010524e+01 1.467013382959729597e+02 9.944104613757069444e+01 9.914175985354519582e+01 7.631172542500668205e+05
1.972287958443434519e+01 1.472782740614597401e+02 9.974578322694205212e+01 1.000040151737746470e+02 7.671118826387953013e+05
1.980141955583865965e+01 1.481905359192202525e+02 1.001828434957363498e+02 1.012456209640859441e+02 7.734744578124932013e+05
1.987995952601774619e+01 1.484435488272543466e+02 1.005644866532649218e+02 1.021073802738536358e+02 7.761590984473027056e+05
1.995849949498606790e+01 1.490255593195806796e+02 1.014243746478875465e+02 1.031851731612638332e+02 7.804369598658018513e+05
2.003703946275786052e+01 1.500180268500821228e+02 1.015774643239165869e+02 1.038772642882860708e+02 7.862291762091054115e+05
2.011557942934713950e+01 1.501427050112257291e+02 1.023551577889990654e+02 1.043927673253490838e+02 7.916812359212124720e+05
2.019411939476770712e+01 1.502740660292235759e+02 1.026912887256793709e+02 1.054148614478342836e+02 7.937391217963737436e+05
2.027265935903314542e+01 1.511238415638021308e+02 1.026741091815816702e+02 1.064131818628215598e+02 7.990627437018026831e+05
2.035119932215682326e+01 1.508982343622065230e+02 1.029776262419564148e+02 1.073454235866388018e+02 8.009179600742706098e+05
2.042973928415191054e+01 1.513093782802843634e+02 1.029772673802745544e+02 1.081658819869984143e+02 8.052502978935936699e+05
2.050827924503137467e+01 1.512219874122608871e+02 1.031910952722231087e+02 1.084289840079052851e+02 8.082959953783107921e+05
2.058681920480798766e+01 1.515734772445589442e+02 1.035257692730748431e+02 1.095459284341410324e+02 8.116485019876300357e+05
2.066535916349431901e+01 1.515956162653936872e+02 1.035175643873635636e+02 1.104986772928243965e+02 8.126084054749022471e+05
2.074389912110275347e+01 1.517697079663194017e+02 1.039244798302673871e+02 1.111536188483681542e+02 8.163662117117732996e+05
2.082243907764548752e+01 1.519805429455957722e+02 1.043494735284753290e+02 1.123547947116975649e+02 8.211330154843364144e+05
2.090097903313453642e+01 1.523021168534674814e+02 1.045466095235229034e+02 1.127346218629296288e+02 8.249309030077292118e+05
2.097951898758173783e+01 1.523493437232046119e+02 1.044875945017166430e+02 1.141455416256991384e+02 8.276790030697509646e+05
2.105805894099874109e+01 1.523171825341351564e+02 1.049460485227427853e+02 1.147618987838644813e+02 8.283713607644377043e+05
2.113659889339703568e+01 1.526192142452397036e+02 1.049470502639590137e+02 1.158921772721912049e+02 8.335993633817975642e+05
2.121513884478793344e+01 1.528258518338075760e+02 1.050738492557112380e+02 1.166120485242705911e+02 8.387560577435217565e+05
2.129367879518258277e+01 1.526258658556386365e+02 1.055273025713801758e+02 1.174232496781092721e+02 8.386580625186632387e+05
2.137221874459196869e+01 1.535208370338188786e+02 1.054060239706095388e+02 1.184722659407124468e+02 8.454885971027988708e+05
2.145075869302691274e+01 1.533607914799362391e+02 1.059300715094863250e+02 1.193279936449522722e+02 8.471161521344672656e+05
2.152929864049807307e+01 1.534502280690525708e+02 1.061561981032891566e+02 1.201790955843268591e+02 8.507963910523210652e+05
2.160783858701596571e+01 1.532040950769865901e+02 1.066202872411056148e+02 1.209254341432371547e+02 8.494788762453972595e+05
2.168637853259094683e+01 1.542586904271543915e+02 1.068724009640790200e+02 1.218387129367122412e+02 8.559655986072771484e+05
2.176491847723321982e+01 1.541879987916553603e+02 1.070406640314207181e+02 1.228606370109977917e+02 8.612698310736682033e+05
2.184345842095285306e+01 1.537788404659642651e+02 1.071133831100614771e+02 1.233492332340726136e+02 8.618255229726964608e+05
2.192199836375975508e+01 1.546436354846039762e+02 1.074688697046442627e+02 1.241026343188958947e+02 8.670636308248551795e+05
2.200053830566371005e+01 1.545812622341289568e+02 1.076469185060899889e+02 1.252941435551604030e+02 8.727008293093710672e+05
2.207907824667434582e+01 1.544766557280739221e+02 1.081755014857473753e+02 1.260668113211266643e+02 8.727734014719906263e+05
2.215761818680116590e+01 1.550768432605789258e+02 1.082689779162464134e+02 1.274628850397423605e+02 8.786676055362704210e+05
2.223615812605353526e+01 1.555835860243061006e+02 1.086317226744661610e+02 1.284131849672235433e+02 8.847841321912665153e+05
2.231469806444068738e+01 1.550475661347744847e+02 1.089041135383969134e+02 1.289535176108683459e+02 8.836656385752036003e+05
2.239323800197172432e+01 1.556670269030595648e+02 1.094309685827877132e+02 1.298445579074674754e+02 8.877342180512043415e+05
2.247177793865562023e+01 1.560419189883238005e+02 1.093477676774203786e+02 1.308915608939457513e+02 8.919906755250674905e+05
2.255031787450123204e+01 1.561358126434233213e+02 1.098191400523601402e+02 1.317549479372366363e+02 8.943217610883639427e+05
2.262885780951728165e+01 1.559657404299670418e+02 1.100961589656982227e+02 1.327472298065321468e+02 8.974929124704615679e+05
2.270739774371238440e+01 1.565822820069964791e+02 1.106216175017271581e+02 1.336302915611146034e+02 9.032286991449391935e+05
2.278593767709502771e+01 1.568691143617973012e+02 1.106008474616544532e+02 1.349150098433143228e+02 9.065377214171992382e+05
2.286447760967358178e+01 1.567471458904933002e+02 1.107740339315608509e+02 1.356713517094716792e+02 9.093965788344017928e+05
2.294301754145629957e+01 1.572217547704040328e+02 1.114037516246041974e+02 1.367317999188347244e+02 9.145705590582859004e+05
2.302155747245133455e+01 1.577524280454782115e+02 1.117276843346188713e+02 1.374881824518454607e+02 9.190675659717804519e+05
2.310009740266672296e+01 1.576628342916275471e+02 1.117556695373202871e+02 1.381817401131441159e+02 9.232526299434241373e+05
2.317863733211038380e+01 1.580581665221810113e+02 1.121662810081836881e+02 1.397406041110375554e+02 9.267680923044816591e+05
2.325717726079013303e+01 1.579522216011189357e+02 1.126956602630040578e+02 1.401701854461164203e+02 9.294505320129779866e+05
2.333571718871368716e+01 1.584416389440143007e+02 1.134019915933260307e+02 1.419233688463113765e+02 9.360281785712755518e+05
2.341425711588865965e+01 1.592564553601548027e+02 1.135651821745912002e+02 1.435473706268607543e+02 9.408260575197993312e+05
2.349279704232255384e+01 1.587829292331114743e+02 1.138134375482821810e+02 1.436394713095390330e+02 9.435202529844851233e+05
2.357133696802278067e+01 1.594097875803009003e+02 1.140761714099964195e+02 1.445567755864461787e+02 9.483373557691519381e+05
2.364987689299664453e+01 1.595147943525663834e+02 1.147350361771566440e+02 1.451100912255632522e+02 9.500129425843980862e+05
2.372841681725136453e+01 1.591932982087440394e+02 1.149701024618471763e+02 1.465282171953327861e+02 9.515021317322910763e+05
2.380695674079405322e+01 1.599969020972741589e+02 1.153700216934387583e+02 1.474657591421041616e+02 9.577527506221835501e+05
2.388549666363174140e+01 1.606844395146924853e+02 1.155020122566072303e+02 1.487044771987945353e+02 9.631094661992051406e+05
2.396403658577134976e+01 1.613798094331866082e+02 1.161941212884375005e+02 1.501119315770748983e+02 9.679956442266263766e+05
2.404257650721972439e+01 1.606714414498555072e+02 1.166906246315058553e+02 1.509192994244689316e+02 9.697010803206032142e+05
2.412111642798362254e+01 1.613695362788011209e+02 1.172730219509032281e+02 1.513687549744863077e+02 9.729011367563708918e+05
2.419965634806970556e+01 1.613976309390111226e+02 1.171973003408736105e+02 1.526035956391438049e+02 9.797742908957834588e+05
2.427819626748454596e+01 1.625880651281074734e+02 1.178094593512860087e+02 1.537576030633078688e+02 9.852515011208809447e+05
2.435673618623464520e+01 1.630065273084224202e+02 1.180302440708441054e+02 1.556564945714063981e+02 9.908018677097852342e+05
2.443527610432640529e+01 1.632306836923055471e+02 1.187912639619691362e+02 1.564362290850829140e+02 9.961529080562538002e+05
2.451381602176616425e+01 1.626923165224318382e+02 1.190877937296736917e+02 1.572302908649077153e+02 9.966585023816945031e+05
2.459235593856016067e+01 1.636617847523408500e+02 1.193749757149779214e+02 1.585254011377256234e+02 1.002419239710887778e+06
2.467089585471456203e+01 1.634441744915738752e+02 1.201281793640470141e+02 1.598439664949414123e+02 1.005842656038783025e+06
2.474943577023546126e+01 1.643963211770500550e+02 1.204609744043374349e+02 1.610139554232332557e+02 1.014578240022106795e+06
2.482797568512887310e+01 1.647656947590407697e+02 1.212046203805496276e+02 1.619930566870091013e+02 1.018954005243971944e+06
2.490651559940072346e+01 1.655473972313616571e+02 1.211751198147106834e+02 1.633508148812730951e+02 1.025121565235049464e+06
2.498505551305688144e+01 1.653868252091767772e+02 1.217912546092436230e+02 1.639167915832271660e+02 1.029377039275802672e+06
2.506359542610313440e+01 1.659832330435395988e+02 1.229657070764388180e+02 1.657451326086721792e+02 1.035373367108848877e+06
2.514213533854519511e+01 1.664689263750687189e+02 1.231458406293641730e+02 1.663938495406687537e+02 1.037891923360326211e+06
2.522067525038871239e+01 1.670919286044978094e+02 1.234385474212346168e+02 1.681241481575703176e+02 1.045638786333944299e+06
2.529921516163925688e+01 1.670966153866604884e+02 1.239621828445679910e+02 1.691534289516329466e+02 1.048275418091701926e+06
2.537775507230233529e+01 1.674140576266707114e+02 1.249123399396028020e+02 1.701357092424374855e+02 1.052869461347000673e+06
2.545629498238338684e+01 1.678004266014078212e+02 1.250375512756275214e+02 1.710571319876272298e+02 1.056048125873754732e+06
2.553483489188777966e+01 1.694106659909200800e+02 1.255207911035025745e+02 1.730671779013963203e+02 1.068148890828387812e+06
2.561337480082082152e+01 1.691820141655028351e+02 1.262040782908932499e+02 1.731395516894753825e+02 1.066691872853311244e+06
2.569191470918774911e+01 1.691967421226393640e+02 1.266060296539694008e+02 1.756054549974447809e+02 1.074113698478603503e+06
2.577045461699373874e+01 1.702262980987163132e+02 1.270038568875857266e+02 1.770873594595211955e+02 1.081961215409603203e+06
2.584899452424390631e+01 1.712207011139714723e+02 1.278756966743941206e+02 1.776955700812985128e+02 1.089313580543967197e+06
2.592753443094329668e+01 1.712091982870343827e+02 1.286686750063050226e+02 1.786941729445888143e+02 1.089182909410774242e+06
2.600607433709690852e+01 1.714595157353255956e+02 1.288637659489455416e+02 1.800224008624444423e+02 1.095707990675750654e+06
2.608461424270966944e+01 1.710654742063292986e+02 1.290648298489488184e+02 1.811586341800890523e+02 1.099420738184320740e+06
2.616315414778644310e+01 1.724425838277169305e+02 1.294531930878599724e+02 1.823315086672135976e+02 1.106338862992066424e+06
2.624169405233205055e+01 1.724243498356110251e+02 1.304510454515703373e+02 1.837511988996642458e+02 1.109304260978252161e+06
2.632023395635124174e+01 1.731788994336571363e+02 1.313475524041442952e+02 1.856673568986780936e+02 1.115801367074620910e+06
2.639877385984871694e+01 1.737540757238762694e+02 1.319456070463389779e+02 1.870397005141053910e+02 1.124797393409013981e+06
2.647731376282911953e+01 1.742790409063593131e+02 1.319030969390240671e+02 1.875461498606343298e+02 1.128578368435454322e+06
2.655585366529703606e+01 1.746630810102650742e+02 1.329160756949868301e+02 1.888982638820294255e+02 1.135319925354945939e+06
2.663439356725699980e+01 1.756904004392571039e+02 1.333021507682017557e+02 1.907914240433438806e+02 1.138039029727108544e+06
2.671293346871349428e+01 1.754368537039999580e+02 1.340155156021045002e+02 1.917412520394930482e+02 1.144008663200503215e+06
2.679147336967094617e+01 1.763408860181881437e+02 1.345736271165272058e+02 1.929864275045347881e+02 1.151632111647729529e+06
2.687001327013372531e+01 1.772345783004856230e+02 1.349662803798163395e+02 1.943275630403383047e+02 1.157340052777757635e+06
2.694855317010616602e+01 1.770227428021266292e+02 1.350772752160839048e+02 1.954495352226549585e+02 1.163447665009337477e+06
2.702709306959254221e+01 1.780263976499154808e+02 1.372931486688919449e+02 1.970221289520272592e+02 1.165506572285512928e+06
2.710563296859707094e+01 1.782206170815642565e+02 1.367919796939781634e+02 1.981565352769585786e+02 1.169420811617506901e+06
2.718417286712393377e+01 1.787708355866505485e+02 1.375480355845741656e+02 1.993187007978112035e+02 1.181578605929544894e+06
2.726271276517725894e+01 1.793396338950118434e+02 1.384067122164653085e+02 2.001012409279733788e+02 1.185934353635579348e+06
2.734125266276112498e+01 1.789610418161493897e+02 1.383576649749118133e+02 2.006566500435522755e+02 1.187055800926814321e+06
2.741979255987956776e+01 1.805208683726229708e+02 1.395028574983390968e+02 2.037188351400088493e+02 1.199410824416627409e+06
2.749833245653658054e+01 1.800279286706744415e+02 1.392515760483312590e+02 2.043874998166783143e+02 1.202751947783555370e+06
2.757687235273609616e+01 1.806945127697674423e+02 1.403007726574809908e+02 2.061545514394136944e+02 1.202409497785982676e+06
2.765541224848202262e+01 1.804589806629826398e+02 1.406304062360083265e+02 2.057681004656722052e+02 1.208934520735145314e+06
2.773395214377820395e+01 1.824023308673025383e+02 1.420655816286437130e+02 2.075842620550805577e+02 1.216861495281323325e+06
2.781249203862845576e+01 1.817111091383752353e+02 1.414414636157659118e+02 2.091651131588608052e+02 1.221498812727308134e+06
2.789103193303654038e+01 1.815539749036163073e+02 1.423351917725339035e+02 2.109874877303515461e+02 1.222261449569561053e+06
2.796957182700618816e+01 1.821798592445352085e+02 1.431070882151036017e+02 2.124203043987802459e+02 1.228425192600176670e+06
2.804811172054107615e+01 1.824229541068537230e+02 1.432537434116711665e+02 2.134046789929596741e+02 1.230038780269072857e+06
2.812665161364485655e+01 1.836716098975514626e+02 1.435777478285858137e+02 2.149844970160873459e+02 1.241754432452315697e+06
2.820519150632112115e+01 1.825408176286350681e+02 1.448488688082973397e+02 2.159431867476279194e+02 1.246208140739161521e+06
2.828373139857343332e+01 1.835649604786412965e+02 1.446948668372573081e+02 2.173748914856551551e+02 1.249121571076447144e+06
2.836227129040531736e+01 1.827380045873576080e+02 1.445820042927096267e+02 2.198455481024199685e+02 1.254144761892419308e+06
2.844081118182025847e+01 1.837058446262864493e+02 1.459162699473005773e+02 2.193020794950199104e+02 1.256019224220842356e+06
2.851935107282169923e+01 1.833384791993922818e+02 1.456364100509489390e+02 2.207152689766997469e+02 1.260557176884713583e+06
2.859789096341304315e+01 1.837013230665120602e+02 1.469459617145685115e+02 2.234793858734329888e+02 1.261614694047726458e+06
2.867643085359765820e+01 1.825087577032547870e+02 1.463720468341116145e+02 2.238611060410708546e+02 1.259295331127388403e+06
2.875497074337888392e+01 1.822414238712881058e+02 1.470107447910503708e+02 2.231941833819767282e+02 1.271484348980608862e+06
2.883351063276001369e+01 1.821590877321486630e+02 1.475179843446837822e+02 2.249960593320983548e+02 1.268563160343223251e+06
2.891205052174430890e+01 1.829357836494211824e+02 1.490230255787332396e+02 2.270596664388189936e+02 1.272758419344226830e+06
2.899059041033499184e+01 1.832917081662154146e+02 1.489222547583997880e+02 2.280260319868489205e+02 1.276456465908568120e+06
2.906913029853525643e+01 1.846925412131870416e+02 1.492060815441021759e+02 2.294516482187172244e+02 1.293712532446523895e+06
2.914767018634825746e+01 1.834863877461491768e+02 1.490310820279317738e+02 2.295530349606017921e+02 1.290459266706346767e+06
2.922621007377712132e+01 1.849614820010501433e+02 1.507068623981625990e+02 2.329606110157705245e+02 1.303348312985534547e+06
2.930474996082492822e+01 1.856784145199128204e+02 1.511794334563461746e+02 2.356956172986197089e+02 1.309036710382761434e+06
2.938328984749474060e+01 1.845746717268962698e+02 1.520437361332041633e+02 2.344402877350612471e+02 1.310443880726200296e+06
2.946182973378957826e+01 1.852982383779821873e+02 1.520853895700624889e+02 2.378530091992710993e+02 1.320331093759428244e+06
2.954036961971243258e+01 1.867434945019463157e+02 1.521355904384476219e+02 2.378586852660319551e+02 1.322230495954372454e+06
2.961890950526625943e+01 1.873113295430736116e+02 1.531992475799400779e+02 2.404574807802314069e+02 1.324785908560028300e+06
2.969744939045398979e+01 1.865264772078744784e+02 1.537589184406589027e+02 2.407981266507228781e+02 1.329938274151020916e+06
2.977598927527852268e+01 1.878392643278614003e+02 1.548587960250244180e+02 2.428695393178195161e+02 1.348114723078960786e+06
2.985452915974272159e+01 1.870575519098269694e+02 1.557951432860298553e+02 2.459043666143931262e+02 1.347662607326916652e+06
2.993306904384942868e+01 1.887370222763311460e+02 1.576204676200925121e+02 2.463135220161819916e+02 1.354765376137550687e+06
3.001160892760143994e+01 1.897656962840864310e+02 1.571756983293332723e+02 2.491315858903318485e+02 1.370840967760900501e+06
3.009014881100154071e+01 1.893084150450335983e+02 1.568791089357289650e+02 2.495415841658549709e+02 1.363294165645828005e+06
3.016868869405248077e+01 1.891728822687838090e+02 1.575060198181683404e+02 2.482799966320006035e+02 1.355532956167930737e+06
3.024722857675697441e+01 1.910361973680811900e+02 1.595567081176794204e+02 2.520819682764526704e+02 1.382919036851723446e+06
3.032576845911771457e+01 1.930769900552555498e+02 1.604579067209932646e+02 2.546757764945700160e+02 1.402461901493485551e+06
3.040430834113736580e+01 1.925751690628250969e+02 1.604334603275955828e+02 2.561834117976477501e+02 1.400544302542187739e+06
3.048284822281856421e+01 1.925712407092564433e+02 1.597369182033992843e+02 2.593724009972980298e+02 1.414020083240476437e+06
3.056138810416392460e+01 1.912802328454473013e+02 1.620953776444563346e+02 2.576406863153800941e+02 1.402002287701693131e+06
3.063992798517602267e+01 1.927156444458834414e+02 1.617798920073306022e+02 2.631587548566172927e+02 1.420069221649815096e+06
3.071846786585741640e+01 1.959901293976559771e+02 1.629865691088664335e+02 2.630212968162398397e+02 1.439355600997602101e+06
3.079700774621063886e+01 1.942980992931161381e+02 1.637722742157885421e+02 2.645703347213645316e+02 1.432632961782664759e+06
3.087554762623818760e+01 1.940815528649890211e+02 1.655742252645312931e+02 2.642290042931783773e+02 1.426971259130953345e+06
3.095408750594254599e+01 1.949671803345912622e+02 1.647940430354520061e+02 2.691150366773273390e+02 1.453293255413062172e+06
3.103262738532617249e+01 1.976120615667345533e+02 1.674881891606330555e+02 2.691887668082409846e+02 1.465426367779013002e+06
3.111116726439149005e+01 1.980237770161540709e+02 1.675960881381260492e+02 2.720595012052991137e+02 1.473093599270810373e+06
3.118970714314090387e+01 1.956122920698590519e+02 1.693954607697954202e+02 2.691351339384238486e+02 1.446931008419396589e+06
3.126824702157679781e+01 1.972825485277404027e+02 1.672857782790584622e+02 2.747060749236669608e+02 1.484794053086375818e+06
3.134678689970152377e+01 1.997882298308875590e+02 1.697250631544580983e+02 2.768175138573607796e+02 1.487213858637694968e+06
3.142532677751741588e+01 2.007587441018760614e+02 1.718254931191360981e+02 2.747160627078704920e+02 1.504307871783646988e+06
3.150386665502678696e+01 2.002546442112856369e+02 1.720122554787313902e+02 2.771082354053992276e+02 1.512491451511471532e+06
3.158240653223192140e+01 2.047973614487868304e+02 1.736540022779567494e+02 2.820443481843382756e+02 1.530010778769707773e+06
3.166094640913508229e+01 2.020150024544981022e+02 1.742796664859982343e+02 2.862299549838278949e+02 1.519866289890130516e+06
3.173948628573851494e+01 2.033321614007116978e+02 1.749713796520317999e+02 2.835949715964467828e+02 1.536381676305453526e+06
3.181802616204443623e+01 2.030354134461848332e+02 1.742445164107459163e+02 2.848961253339725772e+02 1.541115876364891417e+06
3.189656603805504531e+01 2.062217202637222329e+02 1.757183626707909809e+02 2.877600190702929126e+02 1.555278066997270333e+06
3.197510591377251998e+01 2.034071007403875626e+02 1.762290134026156920e+02 2.890536316189755439e+02 1.555053167211443884e+06
3.205364578919900964e+01 2.085122141622119045e+02 1.774806416070370005e+02 2.957790386105063476e+02 1.603662265242659021e+06
3.213218566433665302e+01 2.085017804107252459e+02 1.789871495613768104e+02 2.958156319424080039e+02 1.588847132700332208e+06
3.221072553918755688e+01 2.087433150268792303e+02 1.780829400594214462e+02 2.938076538466050920e+02 1.597769634191852994e+06
3.228926541375382442e+01 2.122570653647456140e+02 1.784527536161395176e+02 2.954418021567995538e+02 1.646600150041428627e+06
3.236780528803751622e+01 2.092241792850569766e+02 1.799951340274440383e+02 2.980246702897096611e+02 1.614433442743218271e+06
3.244634516204068575e+01 2.139145279168376419e+02 1.827707453002946352e+02 3.012885059139378541e+02 1.638212651940443320e+06
3.252488503576537227e+01 2.112551271206414469e+02 1.820898037645883107e+02 2.980199291824108059e+02 1.642951837864635512e+06
3.260342490921358660e+01 2.172589545933663260e+02 1.864168722450216080e+02 3.054882026037939795e+02 1.649407036491843639e+06
3.268196478238731828e+01 2.130203953121457801e+02 1.816159361046150025e+02 3.015968536134278679e+02 1.651247343918540515e+06
3.276050465528854261e+01 2.145953724333724892e+02 1.839568271492559575e+02 3.131552403112171987e+02 1.680123479741863906e+06
3.283904452791921358e+01 2.155006526173241639e+02 1.912148398636261106e+02 3.167736876928934748e+02 1.692931590660676593e+06
3.291758440028127097e+01 2.163279440013271824e+02 1.882204026419043146e+02 3.108079609327719481e+02 1.686290071897562593e+06
3.299612427237663326e+01 2.179873911028479370e+02 1.890830703822433918e+02 3.155821272182996609e+02 1.659488064051416935e+06
3.307466414420719758e+01 2.201861441112738191e+02 1.884319937259593019e+02 3.151445623329291834e+02 1.720575558022157056e+06
3.315320401577483977e+01 2.197730199710339036e+02 1.952894365461069128e+02 3.239733285231512241e+02 1.746456976645844057e+06
3.323174388708143567e+01 2.199954076225818369e+02 1.939415535734839011e+02 3.193772991449035317e+02 1.752697162872911897e+06
3.331028375812883269e+01 2.177953365626047457e+02 1.882534636077743642e+02 3.156740896420378704e+02 1.738676176496309228e+06
3.338882362891884981e+01 2.278788490865821359e+02 1.977490985718114302e+02 3.251571719181739581e+02 1.788986332185734529e+06
3.346736349945329891e+01 2.287604898141587739e+02 1.908870411071632418e+02 3.233122005783757800e+02 1.809101607650952414e+06
3.354590336973399189e+01 2.283132613746867321e+02 2.057580319734895795e+02 3.293133337004755958e+02 1.798780376560885459e+06
3.362444323976268379e+01 2.285966448900360319e+02 2.048116922898283860e+02 3.493028063798770972e+02 1.803591789117814507e+06
3.370298310954115806e+01 2.233642875420016480e+02 1.977194589735045440e+02 3.273710831446280736e+02 1.813273591404007049e+06
3.378152297907114132e+01 2.330983243900685125e+02 2.012400741634338317e+02 3.321068041780411590e+02 1.924817556415075902e+06
3.386006284835436730e+01 2.273889470618815380e+02 2.011269897523187637e+02 3.280742631767522539e+02 1.870970217652776744e+06
3.393860271739255552e+01 2.313262517024749627e+02 2.156721136444859894e+02 3.451039853083713638e+02 1.775148156223203521e+06
3.401714258618739706e+01 2.330422465964114735e+02 1.946081108768439094e+02 3.276257539039721109e+02 1.779362263048174093e+06
3.409568245474058301e+01 2.248431602556914299e+02 2.091433144784996330e+02 3.313110122316928141e+02 1.673218510785931721e+06
3.417422232305376895e+01 2.420957743494143131e+02 1.967424393290653484e+02 3.660498367458787357e+02 1.815871604697864037e+06
3.425276219112861043e+01 2.127388279410404550e+02 2.115228656177874882e+02 3.292963811957916960e+02 1.790327133957263082e+06
3.433130205896674880e+01 1.890533461211186648e+02 1.844590162774687201e+02 3.203224484469265008e+02 1.770566469972822350e+06
3.440984192656979701e+01 2.262004665254906399e+02 2.037202831299381387e+02 3.656240538072899540e+02 1.937171380180865526e+06
3.448838179393936088e+01 2.346207028757384023e+02 2.243933431922987154e+02 3.802555040230873260e+02 1.865195360874636332e+06
3.456692166107702491e+01 2.300714014554772575e+02 2.209550418890963215e+02 3.052252757670919436e+02 2.025056588854629081e+06
3.464546152798438072e+01 2.489830260920252272e+02 1.907059532794998233e+02 4.101633492306706330e+02 1.858576494674009737e+06
3.472400139466299152e+01 1.981424202149608789e+02 2.916298446943485487e+02 3.017812959308702716e+02 1.723787551609455375e+06
