# 0.938 0.9616
7.871241428633635184e-02 6.777586590720836579e-01 5.286786570636670124e-01 1.017724591080698508e-02 2.050833251114315317e+03
1.618072713909662341e-01 2.306665966707581283e+00 1.716725882693847627e+00 5.119644119456295828e-02 8.224953177977078667e+03
2.418771330418761079e-01 3.441650134326606381e+00 2.716969851213150822e+00 6.324625956443363783e-02 1.132394887315123196e+04
3.211923215201240578e-01 6.028753546482199965e+00 4.594039167637095744e+00 1.480152001371946024e-01 2.186099925851296939e+04
4.002017901256537113e-01 8.374304132525063338e+00 6.300894551943751587e+00 2.163531737247945952e-01 3.114728529347329822e+04
4.790568272527075955e-01 8.334428529524132045e+00 6.538828617019024847e+00 2.338697699159570931e-01 3.041047654634205537e+04
5.578229290343351687e-01 1.242377316683399080e+01 9.705016093077521333e+00 3.435985556960093890e-01 4.481460808276222087e+04
6.365331115321660738e-01 1.263861435603245909e+01 9.810632008566701145e+00 4.224169214535928307e-01 4.782061359675120184e+04
7.152058371535838788e-01 1.501946552204096008e+01 1.187711135401861817e+01 4.887865427005300134e-01 5.539536648234717723e+04
7.938522421846891941e-01 1.580887805491698472e+01 1.266851025485133064e+01 5.601721240366763777e-01 5.679559182252983010e+04
8.724794443688169698e-01 1.718116438037171889e+01 1.382840210823598781e+01 6.520795948312058110e-01 6.241626405073823116e+04
9.510922062407737299e-01 1.873619214423201029e+01 1.493788159076418154e+01 7.237078047233413969e-01 6.853829379899046035e+04
1.029693835175838679e+00 1.921509249014411580e+01 1.559001018803568250e+01 8.225045702971710559e-01 7.066252646776268375e+04
1.108286699878543891e+00 2.017697287074688006e+01 1.638692810111200870e+01 9.124684574639971846e-01 7.427683409250159457e+04
1.186872541411916560e+00 2.156688854850808923e+01 1.780441511500642804e+01 9.812358304551362931e-01 7.854023468908602081e+04
1.265452668213572940e+00 2.324876859199339307e+01 1.936139324779131954e+01 1.051446342052427596e+00 8.248535526943468722e+04
1.344028082638708543e+00 2.464178896181192968e+01 2.027272793425253994e+01 1.188004785839275046e+00 8.948676218521775445e+04
1.422599565533279709e+00 2.505159824347776265e+01 2.072120672385033657e+01 1.242274196215533921e+00 8.971894483754406974e+04
1.501167734229200246e+00 2.634211200398243236e+01 2.211002093045580352e+01 1.412792057340260810e+00 9.451772905269544572e+04
1.579733083222462531e+00 2.819249561078760991e+01 2.340153610800767581e+01 1.539785296680005411e+00 1.027408026083774312e+05
1.658296013281593151e+00 2.911245049044582345e+01 2.449037751402896035e+01 1.597410042272626729e+00 1.031634139932709659e+05
1.736856852652245875e+00 2.934612775347961389e+01 2.451453694840656894e+01 1.757130096246254825e+00 1.050633601663096488e+05
1.815415872753641580e+00 3.074671380001818122e+01 2.611720671744585687e+01 1.793289512861837132e+00 1.082761580310994759e+05
1.893973299967037560e+00 3.220450998154610289e+01 2.715882676434211618e+01 1.950848739533092902e+00 1.140766836141439126e+05
1.972529324606241641e+00 3.347943716433562855e+01 2.817291061300091926e+01 2.089803132700801314e+00 1.186537249897324218e+05
2.051084107826015579e+00 3.505153645199531098e+01 2.977052357398504512e+01 2.212185995554638129e+00 1.221641188638784661e+05
2.129637787001040561e+00 3.652142477630414419e+01 3.064607186344359846e+01 2.405867383775164736e+00 1.292115491885930678e+05
2.208190479956450680e+00 3.735888919551352672e+01 3.158696099592836504e+01 2.561627515445499270e+00 1.308637959244278318e+05
2.286742288326184092e+00 3.836722151588797658e+01 3.271666184260459431e+01 2.554749640614558004e+00 1.313196989168174332e+05
2.365293300241981811e+00 3.837208300473496791e+01 3.277673105330703152e+01 2.703062242400710691e+00 1.314192552355066873e+05
2.443843592503681883e+00 4.035035921144800142e+01 3.432097462640798113e+01 2.824289826112083457e+00 1.379621159044474771e+05
2.522393232343909553e+00 4.189069753047603939e+01 3.563141337417233956e+01 3.058667659904414915e+00 1.435177460909928486e+05
2.600942278872942381e+00 4.290835394634234490e+01 3.593914189432869222e+01 3.233455262453569734e+00 1.499177673144672590e+05
2.679490784269383141e+00 4.373646578551993258e+01 3.704877286636077827e+01 3.353643185544616490e+00 1.494770618484562729e+05
2.758038794767343038e+00 4.576580219790650972e+01 3.864303613154041273e+01 3.500760705946669216e+00 1.545128254081509658e+05
2.836586351479573942e+00 4.687062729954066498e+01 3.921250759105132033e+01 3.748275083484639225e+00 1.612515344399148307e+05
2.915133491087511963e+00 4.725328075034180131e+01 3.995723959431580141e+01 3.774545896800832967e+00 1.591890534220212139e+05
2.993680246422668834e+00 4.798142893631328576e+01 4.042381413122652845e+01 3.968383432780440145e+00 1.613688282413120323e+05
3.072226646958827967e+00 5.050551417990695313e+01 4.233273850581263531e+01 4.191894366753637691e+00 1.693911961606687692e+05
3.150772719230606977e+00 5.003438366269858761e+01 4.188694786480281351e+01 4.365583174559638735e+00 1.710844099211668363e+05
3.229318487190934395e+00 5.119639603726039923e+01 4.289826761943669453e+01 4.390686341891026245e+00 1.699412231468652899e+05
3.307863972517584905e+00 5.261900596561333998e+01 4.419093864745251210e+01 4.559076537834042320e+00 1.738408236508045811e+05
3.386409194877053608e+00 5.382367788029036149e+01 4.492100431728990628e+01 4.795396530702280558e+00 1.790545837600660743e+05
3.464954172152534095e+00 5.492686851146065408e+01 4.583242595441922163e+01 4.969389388858921563e+00 1.835510733651442279e+05
3.543498920641575456e+00 5.599097185918730446e+01 4.638477119478201161e+01 5.207750167135804631e+00 1.871907246844696638e+05
3.622043455228019404e+00 5.732405141587242525e+01 4.762184016808034670e+01 5.298056480711000660e+00 1.903775654155212687e+05
3.700587789532037597e+00 5.783313656576292061e+01 4.774467806485472465e+01 5.580554609612095263e+00 1.944180413271971920e+05
3.779131936041457696e+00 5.783293908928408200e+01 4.784876964365699337e+01 5.773431334171015727e+00 1.949393782467214915e+05
3.857675906227046259e+00 5.964577414121782084e+01 4.896776931212932027e+01 5.814225540156138017e+00 1.969110101998739119e+05
3.936219710643986680e+00 6.092933631716328335e+01 4.972363182354299482e+01 6.038094151769532125e+00 2.035078573411006364e+05
4.014763359021444877e+00 6.055184692242458055e+01 4.958747558997402649e+01 6.296108983745757115e+00 2.028264573670426325e+05
4.093306860341824560e+00 6.289329819516105147e+01 5.115004810373751098e+01 6.497754275732505747e+00 2.094621537746929098e+05
4.171850222911064776e+00 6.334305970287481102e+01 5.141480891831049149e+01 6.705308441363353467e+00 2.102072475302976090e+05
4.250393454421145911e+00 6.278806137100166751e+01 5.102987697043243998e+01 6.781354665664154346e+00 2.095732290799494367e+05
4.328936562005788247e+00 6.454492403238089082e+01 5.196089288025063269e+01 7.020223836315066634e+00 2.173473996902442595e+05
4.407479552290201497e+00 6.629267834374857671e+01 5.339477095324641454e+01 7.264768970496372269e+00 2.206179559404451284e+05
4.486022431435594982e+00 6.539154570234049402e+01 5.234092776472047603e+01 7.458244991893822728e+00 2.194469875354168762e+05
4.564565205179107465e+00 6.705000310001159392e+01 5.361716469865769596e+01 7.654772520493725807e+00 2.256698024427255441e+05
4.643107878869670024e+00 6.809426557639103805e+01 5.425405116806085459e+01 7.881542839932236255e+00 2.288889554539613018e+05
4.721650457500300213e+00 6.887680779841171841e+01 5.474352817490553491e+01 8.007999904178882744e+00 2.307916233036121703e+05
4.800192945737217443e+00 6.981255663924287092e+01 5.534075694585890659e+01 8.336069693792433455e+00 2.348694067196718242e+05
4.878735347946150824e+00 6.960102880993551366e+01 5.506756064305010057e+01 8.630736037148459161e+00 2.361236891644484422e+05
4.957277668216146793e+00 7.076124417941433364e+01 5.599682407491397385e+01 8.740949080068480370e+00 2.386282775121174054e+05
5.035819910381144737e+00 7.114224126035132656e+01 5.597696849667590868e+01 9.000808184056559469e+00 2.415411280077666743e+05
5.114362078039562221e+00 7.247738070993554516e+01 5.664902251606764594e+01 9.234911662089206885e+00 2.464263324646484980e+05
5.192904174572115394e+00 7.310893647933593797e+01 5.712381053850675272e+01 9.517725509810260220e+00 2.475405537653953070e+05
5.271446203158030919e+00 7.391791157927733025e+01 5.741103486954554569e+01 9.701864592926447983e+00 2.518540893360566406e+05
5.349988166789838573e+00 7.472780963149574518e+01 5.815640081745323187e+01 9.951587765603674640e+00 2.537528048243157100e+05
5.428530068286878674e+00 7.536829609226892046e+01 5.829941540552217560e+01 1.016762690955718362e+01 2.575575211576509464e+05
5.507071910307648643e+00 7.617116712620980934e+01 5.893118515573740979e+01 1.033665478956336514e+01 2.589736397464727052e+05
5.585613695361120179e+00 7.712935569366835864e+01 5.934567522803535411e+01 1.075148605768171173e+01 2.639367313962313929e+05
5.664155425817094525e+00 7.836316423868694869e+01 6.005465001126586344e+01 1.100322228097411781e+01 2.673856930115866708e+05
5.742697103915729961e+00 7.822450875985164487e+01 5.970554615036103741e+01 1.119251306318214034e+01 2.678924520368121448e+05
5.821238731776284148e+00 7.901500063301286048e+01 6.030826524474262840e+01 1.148163583635909113e+01 2.719512480993195786e+05
5.899780311405160127e+00 7.891770922177764191e+01 5.988219343767867286e+01 1.168814886354725857e+01 2.729771155943350168e+05
5.978321844703323507e+00 8.008415422747194157e+01 6.101045721415954404e+01 1.182901378980366935e+01 2.737509857247796026e+05
6.056863333473133437e+00 8.091878446059352825e+01 6.151315707429046853e+01 1.211679392793591070e+01 2.779450394997160183e+05
6.135404779424661115e+00 8.232538114710416721e+01 6.205195654350522005e+01 1.252163047062860635e+01 2.844711504911560914e+05
6.213946184181517118e+00 8.230303945257796272e+01 6.208174875933411840e+01 1.276785891420946228e+01 2.849051337907367270e+05
6.292487549286247983e+00 8.341354556080059979e+01 6.286133311227393961e+01 1.285049217814820821e+01 2.878149382474750746e+05
6.371028876205335756e+00 8.360715975721474535e+01 6.263746182545880004e+01 1.330671433999147979e+01 2.899295007049679989e+05
6.449570166333828070e+00 8.477672147399796643e+01 6.336170626305438702e+01 1.357775440274145851e+01 2.952025224343116279e+05
6.528111420999634262e+00 8.535586381752364105e+01 6.380323746807555096e+01 1.379234424456064190e+01 2.972747032625935390e+05
6.606652641467518627e+00 8.601863191369776018e+01 6.399898528665019626e+01 1.405380706561826010e+01 2.989451866089436808e+05
6.685193828942805006e+00 8.632733012427807751e+01 6.399040604887124317e+01 1.444013554016262546e+01 3.006074594990563346e+05
6.763734984574836240e+00 8.640725522556481053e+01 6.420734110086915791e+01 1.460107052914843351e+01 3.024730657831728458e+05
6.842276109460177835e+00 8.738658278381949174e+01 6.436575738595695384e+01 1.488267088256368531e+01 3.050919999778960482e+05
6.920817204645620890e+00 8.764049731625330253e+01 6.487234212761431706e+01 1.511135540489109808e+01 3.054611507282669190e+05
6.999358271130968312e+00 8.889600721111504811e+01 6.566328551444081540e+01 1.543740812544440644e+01 3.123204643786490196e+05
7.077899309871646949e+00 9.021775758986372296e+01 6.624522078064426012e+01 1.582275202424195726e+01 3.163918618575673900e+05
7.156440321781138536e+00 9.017765209436704765e+01 6.622220402390195204e+01 1.601157279934832189e+01 3.158362974715311429e+05
7.234981307733260536e+00 9.004784667950488597e+01 6.599714541641590415e+01 1.639478144239330959e+01 3.186054219121285714e+05
7.313522268564292439e+00 9.127390848768982323e+01 6.708738029436834438e+01 1.656920930925058144e+01 3.199757428263659822e+05
7.392063205074973276e+00 9.122153127109760362e+01 6.687964722135592410e+01 1.689217794520873284e+01 3.218610538592151715e+05
7.470604118032365015e+00 9.190500235294332754e+01 6.708798855629149216e+01 1.716036534108620870e+01 3.254144519285125425e+05
7.549145008171610272e+00 9.233636563267418751e+01 6.774821354694300624e+01 1.738773654511661348e+01 3.258091830856442684e+05
7.627685876197570103e+00 9.308801986647425508e+01 6.757781894881979667e+01 1.776753900771772976e+01 3.294324227539537824e+05
7.706226722786373884e+00 9.412208427249434806e+01 6.828531458918898522e+01 1.817851541019864214e+01 3.348943343280227855e+05
7.784767548586863484e+00 9.402520513471417019e+01 6.815446589131354926e+01 1.855567339142663741e+01 3.352477118670312921e+05
7.863308354221953955e+00 9.401481953952016113e+01 6.835909869533543315e+01 1.853186027843320005e+01 3.355044437671169871e+05
7.941849140289923170e+00 9.435176654365272952e+01 6.816705641443779484e+01 1.900078825735987564e+01 3.376346684530142229e+05
8.020389907365611748e+00 9.628194660190455068e+01 6.964028642945359593e+01 1.931751587230843015e+01 3.435623543501500972e+05
8.098930656001561701e+00 9.695980970007907729e+01 7.016880622323625971e+01 1.963523852227756095e+01 3.463983293152093538e+05
8.177471386729090241e+00 9.679205151729070167e+01 6.962000601892499674e+01 1.988808116092603839e+01 3.456112713274585549e+05
8.256012100059292536e+00 9.734358358337981088e+01 7.014694517780381489e+01 2.036475643102091126e+01 3.490990889690647018e+05
8.334552796484000936e+00 9.728481989302650845e+01 6.994899606782063017e+01 2.053602210095262492e+01 3.490659894534472842e+05
8.413093476476680266e+00 9.846679107515538476e+01 7.045499922796246040e+01 2.089076378444799431e+01 3.547244390201082570e+05
8.491634140493276917e+00 9.846221126251788291e+01 7.056660211035666919e+01 2.134996751775337387e+01 3.553161096228270908e+05
8.570174788973028868e+00 9.887855405627861671e+01 7.098355892816118740e+01 2.164385490949291935e+01 3.570888878812379553e+05
8.648715422339215309e+00 9.967295388361168307e+01 7.126418670206462025e+01 2.187830755611510369e+01 3.617749041723542032e+05
8.727256040999876063e+00 1.002561903132650514e+02 7.160459533895857476e+01 2.229681313535928311e+01 3.628216366823416902e+05
8.805796645348495488e+00 1.003873882350506648e+02 7.157798108038832652e+01 2.254450298412699638e+01 3.649236245041424409e+05
8.884337235764643737e+00 1.007009108079383282e+02 7.198898762895866810e+01 2.286082198516857744e+01 3.659902345079158549e+05
8.962877812614589601e+00 1.009110556387736324e+02 7.195330440394796767e+01 2.330600262799846334e+01 3.665606809857910848e+05
9.041418376251867173e+00 1.020055440123838935e+02 7.214991857719662960e+01 2.374737596838369313e+01 3.725934933891506516e+05
9.119958927017840722e+00 1.026430610178501723e+02 7.277491636230951144e+01 2.384892164071428766e+01 3.739373134956907597e+05
9.198499465242209183e+00 1.029236093316811207e+02 7.313019483039069257e+01 2.421434404325348311e+01 3.757546587259940570e+05
9.277039991243508865e+00 1.032144180081287601e+02 7.317632903362851948e+01 2.451919059331097728e+01 3.776047429287973791e+05
9.355580505329580632e+00 1.033886799996411838e+02 7.291386768101733651e+01 2.506274579119765988e+01 3.803549208994513028e+05
9.434121007798012215e+00 1.035445634094417215e+02 7.295254944309927225e+01 2.535835189398396494e+01 3.805528634427845827e+05
9.512661498936562765e+00 1.040904857645600288e+02 7.334612745734244754e+01 2.569883550809564099e+01 3.834026685973280692e+05
9.591201979023569635e+00 1.046508993530688372e+02 7.386717979631291087e+01 2.620775490289851817e+01 3.867950039577851421e+05
9.669742448328321416e+00 1.050916469614792277e+02 7.403513300709566636e+01 2.640034354363607605e+01 3.881859937183922739e+05
9.748282907111432749e+00 1.058770757243015623e+02 7.438785160264886542e+01 2.672958909110209547e+01 3.920109422725198674e+05
9.826823355625185386e+00 1.053386183198112462e+02 7.390910565296937307e+01 2.710879834648019582e+01 3.907463919739734847e+05
9.905363794113858589e+00 1.062518081425655367e+02 7.448945522006455633e+01 2.746406485134884434e+01 3.946867691528168507e+05
9.983904222814045326e+00 1.068318992626206807e+02 7.489292872316960370e+01 2.785514633730460332e+01 3.976982832243634039e+05
1.006244464195495070e+01 1.070335463024368039e+02 7.487950397589783336e+01 2.819853155237598941e+01 3.981020687683598371e+05
1.014098505175868148e+01 1.068851296613028694e+02 7.472748570955631919e+01 2.852904338589489086e+01 3.995017512760181562e+05
1.021952545244051613e+01 1.072347726456101071e+02 7.487765283908314018e+01 2.885712762898177886e+01 4.019642097358940518e+05
1.029806584420916415e+01 1.078449852797266146e+02 7.484013692293943620e+01 2.945533425613326273e+01 4.067088807169907959e+05
1.037660622726701654e+01 1.081547611748358833e+02 7.559462191740776404e+01 2.960702238823537158e+01 4.068582363680506824e+05
1.045514660181038380e+01 1.081328894153400455e+02 7.528075206456071555e+01 3.008663425806690128e+01 4.078985633645805065e+05
1.053368696802971982e+01 1.088721783437283221e+02 7.571479043124236341e+01 3.054793170156256465e+01 4.094566543249789975e+05
1.061222732610984210e+01 1.094313975243090340e+02 7.608907067549728254e+01 3.094912876301426508e+01 4.145379409583180677e+05
1.069076767623013779e+01 1.096726181307999042e+02 7.590388106565212922e+01 3.134836201651817333e+01 4.160788611727478565e+05
1.076930801856475739e+01 1.098796545080836893e+02 7.624195782395425169e+01 3.148991669410115435e+01 4.174293067252425244e+05
1.084784835328281005e+01 1.105080233644604277e+02 7.625912170680020097e+01 3.207818913339431077e+01 4.203782219338723808e+05
1.092638868054854306e+01 1.103323299323741793e+02 7.639384849536033073e+01 3.222873293291945629e+01 4.193614168577438686e+05
1.100492900052151413e+01 1.109125615681621326e+02 7.677771680393584575e+01 3.274605855510193209e+01 4.229834478076515370e+05
1.108346931335675833e+01 1.111275458249434394e+02 7.698718945485499887e+01 3.311103193515616994e+01 4.252015167992790230e+05
1.116200961920494805e+01 1.114440250223320845e+02 7.679527799706580993e+01 3.366017546277880967e+01 4.267116682801388670e+05
1.124054991821254212e+01 1.115429768046252406e+02 7.715393743062327303e+01 3.412908324785437486e+01 4.282803568146076868e+05
1.131909021052193687e+01 1.120819361893085073e+02 7.730488107129615116e+01 3.443958941966984355e+01 4.306881721733355662e+05
1.139763049627160285e+01 1.122405885635691050e+02 7.733202577960102531e+01 3.482248586847604344e+01 4.327597560382480733e+05
1.147617077559622167e+01 1.124357749465635408e+02 7.735918838509337547e+01 3.538516815425105477e+01 4.356299662152239471e+05
1.155471104862680853e+01 1.130872215489308132e+02 7.781216506753104056e+01 3.556888658609582166e+01 4.362673122895498527e+05
1.163325131549084368e+01 1.126609675930397714e+02 7.746889561647597588e+01 3.598625134782438550e+01 4.363411164823440486e+05
1.171179157631238787e+01 1.132401854329579578e+02 7.777985515767745994e+01 3.637453962428356391e+01 4.394314278166902368e+05
1.179033183121219608e+01 1.138851094140410822e+02 7.827565481898102462e+01 3.677356089377891379e+01 4.416953278492536047e+05
1.186887208030782759e+01 1.135610820312260074e+02 7.798385934677392584e+01 3.719975700501867522e+01 4.427803857105721836e+05
1.194741232371374728e+01 1.142249998941309315e+02 7.811353277366059444e+01 3.775763156186891223e+01 4.467629755249306327e+05
1.202595256154143222e+01 1.139563153325428146e+02 7.831231533805299705e+01 3.796251998350270185e+01 4.458392040112620452e+05
1.210449279389946753e+01 1.146369018411339482e+02 7.829814541473403722e+01 3.857089541580440084e+01 4.499363803141716053e+05
1.218303302089363527e+01 1.146374904540013802e+02 7.842106749061372284e+01 3.899634747143425528e+01 4.509078588713582722e+05
1.226157324262700676e+01 1.155698806303459634e+02 7.890857503623625746e+01 3.953685895922247084e+01 4.542866731110688415e+05
1.234011345920003322e+01 1.151112511570439096e+02 7.861454191779185408e+01 3.991912475815218642e+01 4.544425745768164052e+05
1.241865367071062565e+01 1.157098273524050711e+02 7.918296362538599453e+01 4.038496182655543265e+01 4.563001874210485839e+05
1.249719387725422415e+01 1.159372151872436802e+02 7.906600206808323605e+01 4.097651168780396347e+01 4.589044241336420528e+05
1.257573407892389383e+01 1.159428750112839452e+02 7.896760088735707939e+01 4.124096842696798149e+01 4.609785495875380584e+05
1.265427427581038877e+01 1.162133775628142018e+02 7.907113190663466185e+01 4.171888676422271658e+01 4.614094986707816715e+05
1.273281446800221772e+01 1.167320600393927492e+02 7.925909802562296136e+01 4.223514553240700309e+01 4.649271060960185714e+05
1.281135465558572584e+01 1.164701848140432645e+02 7.934236801492345137e+01 4.255874368330172786e+01 4.658192472076688427e+05
1.288989483864514796e+01 1.171958846018818861e+02 7.981337265680178916e+01 4.301894154836573847e+01 4.683075395419168635e+05
1.296843501726268322e+01 1.170709592057906150e+02 7.986385637757807388e+01 4.357310978065086715e+01 4.692616438557297806e+05
1.304697519151855190e+01 1.168740909545513205e+02 7.972139543626995817e+01 4.393915505402091526e+01 4.694284883165363572e+05
1.312551536149104692e+01 1.175593018476535150e+02 7.970016819455385360e+01 4.447995355862380507e+01 4.754141107807122171e+05
1.320405552725660492e+01 1.174154898878082918e+02 7.992979034199476018e+01 4.484027641720644652e+01 4.737241282052219613e+05
1.328259568888985243e+01 1.178766517802030052e+02 8.004968400654010452e+01 4.530329503430749583e+01 4.779380473360599135e+05
1.336113584646366270e+01 1.184070621153692571e+02 8.028053334039265110e+01 4.583407072632478219e+01 4.793750052074525156e+05
1.343967600004920548e+01 1.180802339913855405e+02 8.009336009762525066e+01 4.618972785033864170e+01 4.800551845460977638e+05
1.351821614971599317e+01 1.185677710320304641e+02 8.056284120614679978e+01 4.680803542260221661e+01 4.822632590001666686e+05
1.359675629553193588e+01 1.186794509658530075e+02 8.093298177814671135e+01 4.718417502241882744e+01 4.834834752753920038e+05
1.367529643756338231e+01 1.190969026901155985e+02 8.069347469738585232e+01 4.764600799682006027e+01 4.867778156477608136e+05
1.375383657587516595e+01 1.188860944485433464e+02 8.089699739347908292e+01 4.803876210573471184e+01 4.856787376213673269e+05
1.383237671053064766e+01 1.189607395158238461e+02 8.064193449278118919e+01 4.872606140948659714e+01 4.881210731676188298e+05
1.391091684159175834e+01 1.192445726466814051e+02 8.084559924563242816e+01 4.914299137871489620e+01 4.911642272369746352e+05
1.398945696911903269e+01 1.196387570391646449e+02 8.120270992162575396e+01 4.961637127740960551e+01 4.943516821523439721e+05
1.406799709317166069e+01 1.197280883963888982e+02 8.143714760840735778e+01 5.015917338036910422e+01 4.939326178310856340e+05
1.414653721380751428e+01 1.202392738138401569e+02 8.169718672497513978e+01 5.088635272615682936e+01 4.978838757920999196e+05
1.422507733108318817e+01 1.203630829914908702e+02 8.158179449689977503e+01 5.123480272198451502e+01 5.006407794857561821e+05
1.430361744505403543e+01 1.204584718234840324e+02 8.139280502659312333e+01 5.175353397512051856e+01 5.013010414729140466e+05
1.438215755577419586e+01 1.205408984166855930e+02 8.155657798958301896e+01 5.200381368028002527e+01 5.031875785693427897e+05
1.446069766329663686e+01 1.209273034566960092e+02 8.180299432316414254e+01 5.270724789177363334e+01 5.054618477709117578e+05
1.453923776767318010e+01 1.211808539034978196e+02 8.209493861805624704e+01 5.325360259146800246e+01 5.071873979778450448e+05
1.461777786895453346e+01 1.212174868923769111e+02 8.203848071712347689e+01 5.375289584599867254e+01 5.085835053173944470e+05
1.469631796719032302e+01 1.214391871908700011e+02 8.216949210693073269e+01 5.424839816636931999e+01 5.112128499798440025e+05
1.477485806242911437e+01 1.216562600390488313e+02 8.247371903814699579e+01 5.492426069551633816e+01 5.123312730554345180e+05
1.485339815471844993e+01 1.218294926208609752e+02 8.242597707501994364e+01 5.532420390209971828e+01 5.149826669265308301e+05
1.493193824410487203e+01 1.217194449455832057e+02 8.266061339421085563e+01 5.579789271044946730e+01 5.161777975051666144e+05
1.501047833063394421e+01 1.221784625911912201e+02 8.279043617634286534e+01 5.626971788746284631e+01 5.184461727349864668e+05
1.508901841435028857e+01 1.219660505393928389e+02 8.279121512300483232e+01 5.679690303762203030e+01 5.195658033599020564e+05
1.516755849529759992e+01 1.226819495531271116e+02 8.326631337438020353e+01 5.736490425423468764e+01 5.215238488492395845e+05
1.524609857351867070e+01 1.226571270546054961e+02 8.330485137554121877e+01 5.804497107496268171e+01 5.235649660469901282e+05
1.532463864905541762e+01 1.227431763811640906e+02 8.310925212227074610e+01 5.854088790231586614e+01 5.257012719489836600e+05
1.540317872194890292e+01 1.231404469304823976e+02 8.310051929070908727e+01 5.923927196955551011e+01 5.292135966909223935e+05
1.548171879223935399e+01 1.234014993688290502e+02 8.378537067859822685e+01 5.963461557622030540e+01 5.318690166810220107e+05
1.556025885996618996e+01 1.234951736246040355e+02 8.347526558268545216e+01 6.034732586443960400e+01 5.334013931311824126e+05
1.563879892516803238e+01 1.236263737076186970e+02 8.362053605261938571e+01 6.075698933166817284e+01 5.339744865192023572e+05
1.571733898788273187e+01 1.238417622600291708e+02 8.402728816292959380e+01 6.128549986578728692e+01 5.369946075442775618e+05
1.579587904814739119e+01 1.240133491234860230e+02 8.393805958763479680e+01 6.195032520863286152e+01 5.387136955816021655e+05
1.587441910599837769e+01 1.241899505030234110e+02 8.403923007461253292e+01 6.255746750756152608e+01 5.410120105338954600e+05
1.595295916147133575e+01 1.250714678381789753e+02 8.458489579886433773e+01 6.334660829232481660e+01 5.450997225795112317e+05
1.603149921460121874e+01 1.246568225471019815e+02 8.433402844108766772e+01 6.378517034110614503e+01 5.455703621119688032e+05
1.611003926542229436e+01 1.248324697902275915e+02 8.465656023431048993e+01 6.447107160678527293e+01 5.469426071906510042e+05
1.618857931396816596e+01 1.252468050469634733e+02 8.473609121184063042e+01 6.513572202177039117e+01 5.511692509185762610e+05
1.626711936027179561e+01 1.254875219086803639e+02 8.492475948622438864e+01 6.533711065899464643e+01 5.529692617819536244e+05
1.634565940436549525e+01 1.254539178723019717e+02 8.501681705303238346e+01 6.607200028562645855e+01 5.545858550840817625e+05
1.642419944628097639e+01 1.257417420991553456e+02 8.505549921879976694e+01 6.651179734098346330e+01 5.568528130082436837e+05
1.650273948604932883e+01 1.258267768413984555e+02 8.523362113299717180e+01 6.719221520578976481e+01 5.572611760034837062e+05
1.658127952370107394e+01 1.260637131082584830e+02 8.570819960540544002e+01 6.796664522606943137e+01 5.607695534855513833e+05
1.665981955926614333e+01 1.263317925005026012e+02 8.582971128021678453e+01 6.863983149039377452e+01 5.625515702402022434e+05
1.673835959277390728e+01 1.267205164261085599e+02 8.628404088457838839e+01 6.943246590014990716e+01 5.672944872731659561e+05
1.681689962425318896e+01 1.268223678591474624e+02 8.613740014500348252e+01 6.999352889305919234e+01 5.691681139998254366e+05
1.689543965373228218e+01 1.276091997661939956e+02 8.666044800794345804e+01 7.080881752280940589e+01 5.720335957112057367e+05
1.697397968123895495e+01 1.268967471536128357e+02 8.650308125930004621e+01 7.110257745482005021e+01 5.718483011509914650e+05
1.705251970680045304e+01 1.278707371335661946e+02 8.672033478598498846e+01 7.178681445089559077e+01 5.760100452328022802e+05
1.713105973044353902e+01 1.275605574766165233e+02 8.674634603829503021e+01 7.242434698434195184e+01 5.772737817832748406e+05
1.720959975219447102e+01 1.280506139744883285e+02 8.722599844873917618e+01 7.302792377714375505e+01 5.804037360995825147e+05
1.728813977207903463e+01 1.282816226836134490e+02 8.751992866379652014e+01 7.366805233131471198e+01 5.829621553458996350e+05
1.736667979012256424e+01 1.286873681098134057e+02 8.770806018574253926e+01 7.450350676791185833e+01 5.852921378884512233e+05
1.744521980634991110e+01 1.292115984196607315e+02 8.795908016689183739e+01 7.507675690190887963e+01 5.890715771876797080e+05
1.752375982078550365e+01 1.290389411940307980e+02 8.796517905118832914e+01 7.558610683110134687e+01 5.907722667547819437e+05
1.760229983345331917e+01 1.296384132472735473e+02 8.837918824907767146e+01 7.648272123986363624e+01 5.934605955349855358e+05
1.768083984437692635e+01 1.298150177034300157e+02 8.867185987397002123e+01 7.711699307293261541e+01 5.974635713932317449e+05
1.775937985357945692e+01 1.303661990767486714e+02 8.898187181090386844e+01 7.775579162130425459e+01 6.001356704071783461e+05
1.783791986108364824e+01 1.300461084914263665e+02 8.896120689329879383e+01 7.835353382252129961e+01 6.016185090810577385e+05
1.791645986691183268e+01 1.310702003360168248e+02 8.945677274495865561e+01 7.969794201459779970e+01 6.064555383999041514e+05
1.799499987108595889e+01 1.309000238077224765e+02 8.970615697923976484e+01 7.988522885869595314e+01 6.070571468399103032e+05
1.807353987362759185e+01 1.314252902284929405e+02 8.987936271429990143e+01 8.057037656876454434e+01 6.122576025719392346e+05
1.815207987455791638e+01 1.317410843699145744e+02 9.035337972878441803e+01 8.152059831327144934e+01 6.149020926425755024e+05
1.823061987389775851e+01 1.319002221664227363e+02 9.052900971038923217e+01 8.236098087417094860e+01 6.181396106409246568e+05
1.830915987166758541e+01 1.322979592209271686e+02 9.099564032841172434e+01 8.281462217516704527e+01 6.193747412864598446e+05
1.838769986788751964e+01 1.329389952134438602e+02 9.126967209313318108e+01 8.362722868162023815e+01 6.225257597576219123e+05
1.846623986257733563e+01 1.337148132013173552e+02 9.158839717551826709e+01 8.463213964513914789e+01 6.280900838365223026e+05
1.854477985575647381e+01 1.341318403959260763e+02 9.200507785564468577e+01 8.515966971609189784e+01 6.319487334195245057e+05
1.862331984744404423e+01 1.339367128094571910e+02 9.223278268425644910e+01 8.593022687847219743e+01 6.330936249641019385e+05
1.870185983765884075e+01 1.342093362873914089e+02 9.233824778267897671e+01 8.691105706780248852e+01 6.359782522883441998e+05
1.878039982641934458e+01 1.350101662799572750e+02 9.312527299467967623e+01 8.764861231187735768e+01 6.408865495396938641e+05
1.885893981374372075e+01 1.352029064759118455e+02 9.319715555163872978e+01 8.831441358068283876e+01 6.429473056312344270e+05
1.893747979964983941e+01 1.358720115461090643e+02 9.366643246536496292e+01 8.924661974335303682e+01 6.485592446025134996e+05
1.901601978415527228e+01 1.361382184203041277e+02 9.419107496264651047e+01 8.992736413610812463e+01 6.498599557686409680e+05
1.909455976727730331e+01 1.364100384331111115e+02 9.450742118522779833e+01 9.072260861902230999e+01 6.530960043347767787e+05
1.917309974903293579e+01 1.370637102958891944e+02 9.472037853605152691e+01 9.137240899615267153e+01 6.569486007592971437e+05
1.925163972943889235e+01 1.378628129448710240e+02 9.484154826424476425e+01 9.272625559739753953e+01 6.631276773927429458e+05
1.933017970851161849e+01 1.385020001564552388e+02 9.572376666716542104e+01 9.348036441339277758e+01 6.662082838422568748e+05
1.940871968626730748e+01 1.385552822548347365e+02 9.593226339953282888e+01 9.408236190997700987e+01 6.689714075067786034e+05
1.948725966272188259e+01 1.395052364102449758e+02 9.633636276790284114e+01 9.502931002801672378e+01 6.735513130594273098e+05
1.956579963789100773e+01 1.398017064926194735e+02 9.690761553728361832e+01 9.574436136433783417e+01 6.764289854976671049e+05
1.964433961179010524e+01 1.404615621355707447e+02 9.740635571881760768e+01 9.651896088778724447e+01 6.820495684786981437e+05
1.972287958443434519e+01 1.410728489961341268e+02 9.788530315468790377e+01 9.756378870574965845e+01 6.856761227103190031e+05
1.980141955583865965e+01 1.420048665421303724e+02 9.825473351303027414e+01 9.870329226389146982e+01 6.921491810866888845e+05
1.987995952601774619e+01 1.421835790354452627e+02 9.869879465299626986e+01 9.929989616681326936e+01 6.937628074388696114e+05
1.995849949498606790e+01 1.425809024103223521e+02 9.933512865731343311e+01 1.002974968390868753e+02 6.972995978998101782e+05
2.003703946275786052e+01 1.436134642572313567e+02 9.981868898899877252e+01 1.010176555009068267e+02 7.025068330383549910e+05
2.011557942934713950e+01 1.438084182146008061e+02 1.003578256966780629e+02 1.018260775294322258e+02 7.077327023243651493e+05
2.019411939476770712e+01 1.439026165451504085e+02 1.007777971922716631e+02 1.028205681777792933e+02 7.091184611229960574e+05
2.027265935903314542e+01 1.447052711996168455e+02 1.007354190839995454e+02 1.038878783325886275e+02 7.137251226492457790e+05
2.035119932215682326e+01 1.445288061791021050e+02 1.009070875856470337e+02 1.045283896553518872e+02 7.151965683443723246e+05
2.042973928415191054e+01 1.450053444514570629e+02 1.011083858631348278e+02 1.053719820270213887e+02 7.186728938314160332e+05
2.050827924503137467e+01 1.447040838181238485e+02 1.013273385289867292e+02 1.055944661911840114e+02 7.202810271885483526e+05
2.058681920480798766e+01 1.450909031539919738e+02 1.017254532279637687e+02 1.067853573103653559e+02 7.243828819318360183e+05
2.066535916349431901e+01 1.450481575316884175e+02 1.017227070061009044e+02 1.075553399747190468e+02 7.246046573733484838e+05
2.074389912110275347e+01 1.452385695951845719e+02 1.021903965024292376e+02 1.085556364449647901e+02 7.281822860021069646e+05
2.082243907764548752e+01 1.455325387644383284e+02 1.022781789153124805e+02 1.093931510478446540e+02 7.317869440802352037e+05
2.090097903313453642e+01 1.457103798746065877e+02 1.027400306219775246e+02 1.098945338059480150e+02 7.349196539842361817e+05
2.097951898758173783e+01 1.458664115028850574e+02 1.027097389603359971e+02 1.110686544193091549e+02 7.365883448193427175e+05
2.105805894099874109e+01 1.457068790573098909e+02 1.030989612186979230e+02 1.119191424840078213e+02 7.374765953902821057e+05
2.113659889339703568e+01 1.459206060199512365e+02 1.030756173704321270e+02 1.127299837136399248e+02 7.408758987241022987e+05
2.121513884478793344e+01 1.463071026517241933e+02 1.034718121738863772e+02 1.136419593338097940e+02 7.460962375339287100e+05
2.129367879518258277e+01 1.460998181861705518e+02 1.041453088123447515e+02 1.146988687681731420e+02 7.456213768897142727e+05
2.137221874459196869e+01 1.468608631720006201e+02 1.037046202419898719e+02 1.152378973579719741e+02 7.513442435537858400e+05
2.145075869302691274e+01 1.466682880249630330e+02 1.043540082044336401e+02 1.162966285947145764e+02 7.522740355414596852e+05
2.152929864049807307e+01 1.467419433495851422e+02 1.043570868417062769e+02 1.169632660157161723e+02 7.553005606123633916e+05
2.160783858701596571e+01 1.465768622475457050e+02 1.050059756112643043e+02 1.177648968187565544e+02 7.552571470878438558e+05
2.168637853259094683e+01 1.475577522381444169e+02 1.052022752993501626e+02 1.188853869274897335e+02 7.609510994907971472e+05
2.176491847723321982e+01 1.474019324314485857e+02 1.052316094690420982e+02 1.197335237647915989e+02 7.636426753764813766e+05
2.184345842095285306e+01 1.471699647478223483e+02 1.057831751016083928e+02 1.205142459737933933e+02 7.649046447740333388e+05
2.192199836375975508e+01 1.480624327061102861e+02 1.059360583164546199e+02 1.211330369621713317e+02 7.705555533112981357e+05
2.200053830566371005e+01 1.478033531398265552e+02 1.063422062964564674e+02 1.221629691360712542e+02 7.736236587089442182e+05
2.207907824667434582e+01 1.476743992602267497e+02 1.064468541335622973e+02 1.228429611214661037e+02 7.732702352208312368e+05
2.215761818680116590e+01 1.482846769178535169e+02 1.067006613871853062e+02 1.241515256286763957e+02 7.790667298470090609e+05
2.223615812605353526e+01 1.487198054933484173e+02 1.072113471756236436e+02 1.253080719997004593e+02 7.841074574852816295e+05
2.231469806444068738e+01 1.480270883798135628e+02 1.073453398752158137e+02 1.257598112591552564e+02 7.830475163950667484e+05
2.239323800197172432e+01 1.488049217809929132e+02 1.079896844565031842e+02 1.267777427946402611e+02 7.863639347354148049e+05
2.247177793865562023e+01 1.491809729562152143e+02 1.079167558373371776e+02 1.276328170477856787e+02 7.902002128023543628e+05
2.255031787450123204e+01 1.492676403924872375e+02 1.081602372601443847e+02 1.284655491215648908e+02 7.920785922503010370e+05
2.262885780951728165e+01 1.489807475894507718e+02 1.086443633681358705e+02 1.294664174844363913e+02 7.932347772367044818e+05
2.270739774371238440e+01 1.496439667213883808e+02 1.090973449680131608e+02 1.303149148587608579e+02 7.980048362213883083e+05
2.278593767709502771e+01 1.500078530815691238e+02 1.092572857457071791e+02 1.313575513633012406e+02 8.024150440195436822e+05
2.286447760967358178e+01 1.498766195625666739e+02 1.095019401388440912e+02 1.326933436293574005e+02 8.042531946337963454e+05
2.294301754145629957e+01 1.503138298017086356e+02 1.099357487882299154e+02 1.335216274411542940e+02 8.080152876135582337e+05
2.302155747245133455e+01 1.507049033394473554e+02 1.105300506326772449e+02 1.340959862426529980e+02 8.123531318159612129e+05
2.310009740266672296e+01 1.506658899636047124e+02 1.105213632849570757e+02 1.349863874109943538e+02 8.157418800965023693e+05
2.317863733211038380e+01 1.509428245788111838e+02 1.108071682874992092e+02 1.361499866633357954e+02 8.185044428060420323e+05
2.325717726079013303e+01 1.507480252488935264e+02 1.113653818213970226e+02 1.369552536698442395e+02 8.194995743713034317e+05
2.333571718871368716e+01 1.515006695850088079e+02 1.116683771185880119e+02 1.381765727548335292e+02 8.263577122812069720e+05
2.341425711588865965e+01 1.518832146580417373e+02 1.122481128300100011e+02 1.396144132770960766e+02 8.299639109049079707e+05
2.349279704232255384e+01 1.516650133254891557e+02 1.126395635862826197e+02 1.402026895513883176e+02 8.314132881313394755e+05
2.357133696802278067e+01 1.522801866012473511e+02 1.129352243606706452e+02 1.413829416462648680e+02 8.364542820090317400e+05
2.364987689299664453e+01 1.525531393148939401e+02 1.135012198324623256e+02 1.416424130237776353e+02 8.382560820549192140e+05
2.372841681725136453e+01 1.521440898037558043e+02 1.134805717162155929e+02 1.429237081565153176e+02 8.399321560727946926e+05
2.380695674079405322e+01 1.528252533619216820e+02 1.138070230542817995e+02 1.439823141052223150e+02 8.455273618067584466e+05
2.388549666363174140e+01 1.535398916950905743e+02 1.146058309456800686e+02 1.454950413958539741e+02 8.500635093415261945e+05
2.396403658577134976e+01 1.539499010392144385e+02 1.150831321048291471e+02 1.463853765526914117e+02 8.530438339740112424e+05
2.404257650721972439e+01 1.535521744463930816e+02 1.153585829065826402e+02 1.475227805898867928e+02 8.551714785248584813e+05
2.412111642798362254e+01 1.542026200347090992e+02 1.159857091264162392e+02 1.481867985862300543e+02 8.589519720794577152e+05
2.419965634806970556e+01 1.541642025792094159e+02 1.160413438814874354e+02 1.496416784858529638e+02 8.632041271969063673e+05
2.427819626748454596e+01 1.551160009216194169e+02 1.165124494448951253e+02 1.504818722713743568e+02 8.683532232550771441e+05
2.435673618623464520e+01 1.556565615598443060e+02 1.167690511048997735e+02 1.520630652686549809e+02 8.726950558049775427e+05
2.443527610432640529e+01 1.556581892799088109e+02 1.174191154364474698e+02 1.527637060191592866e+02 8.769734048249857733e+05
2.451381602176616425e+01 1.553840300605763787e+02 1.178671095285404817e+02 1.536925576741698762e+02 8.782179533933831844e+05
2.459235593856016067e+01 1.562990972312535121e+02 1.183879220478246737e+02 1.548827615194672944e+02 8.831810270621791715e+05
2.467089585471456203e+01 1.560086690307703066e+02 1.188618570106076220e+02 1.561445270301576045e+02 8.858351288948775036e+05
2.474943577023546126e+01 1.567884649063639131e+02 1.193826196585651758e+02 1.576587437803601688e+02 8.916829112172595924e+05
2.482797568512887310e+01 1.573794116288336795e+02 1.199251626282118934e+02 1.583243997585654199e+02 8.972756666072461521e+05
2.490651559940072346e+01 1.580438580169688407e+02 1.200196244076217340e+02 1.592958039499740721e+02 9.021317357568012085e+05
2.498505551305688144e+01 1.579247632612603240e+02 1.208286148028991107e+02 1.602375674810631381e+02 9.055295399081460200e+05
2.506359542610313440e+01 1.583019404456181007e+02 1.214188165343633301e+02 1.614954156324722589e+02 9.098075886679920368e+05
2.514213533854519511e+01 1.587934160707206104e+02 1.220310052285998665e+02 1.626668123517422657e+02 9.119289122625180753e+05
2.522067525038871239e+01 1.594766291021468305e+02 1.224422793496158448e+02 1.644055865159585323e+02 9.185924971421288792e+05
2.529921516163925688e+01 1.594594292048243744e+02 1.229635912047074129e+02 1.651940057054304987e+02 9.205751030901030172e+05
2.537775507230233529e+01 1.598139243314927000e+02 1.234820339930783319e+02 1.660633662677044811e+02 9.235707941494354745e+05
2.545629498238338684e+01 1.600074779439968324e+02 1.240213458348674038e+02 1.671501968240910969e+02 9.279009058513958007e+05
2.553483489188777966e+01 1.615731181199989805e+02 1.245162132408918723e+02 1.690709843139664201e+02 9.384340832535481313e+05
2.561337480082082152e+01 1.610916713268416061e+02 1.252717388415079824e+02 1.692860713748966646e+02 9.377250615120398579e+05
2.569191470918774911e+01 1.614171726295690519e+02 1.254718022983960566e+02 1.711960623049337755e+02 9.417235562871805159e+05
2.577045461699373874e+01 1.622477187860066579e+02 1.259642535858268388e+02 1.730623469384244117e+02 9.490975209287327016e+05
2.584899452424390631e+01 1.634013878262602759e+02 1.264535843755321309e+02 1.733867955651461443e+02 9.567581072518895380e+05
2.592753443094329668e+01 1.629911099288675871e+02 1.276064586455848513e+02 1.746499109313434701e+02 9.556086825161679881e+05
2.600607433709690852e+01 1.635729613718631299e+02 1.276692682758672817e+02 1.759745900213928564e+02 9.625643749215299031e+05
2.608461424270966944e+01 1.632020544260161614e+02 1.279456500699147341e+02 1.772405432251328250e+02 9.657189936095320154e+05
2.616315414778644310e+01 1.646475047476726843e+02 1.286103476823831215e+02 1.782258819195412798e+02 9.722824196874557529e+05
2.624169405233205055e+01 1.643655771224296132e+02 1.296396854629828397e+02 1.795062881257421452e+02 9.728135238625216298e+05
2.632023395635124174e+01 1.650516867292197674e+02 1.297806731461864445e+02 1.807429975820720074e+02 9.792763948390393052e+05
2.639877385984871694e+01 1.659493335848548554e+02 1.304205572175355883e+02 1.821868876230759327e+02 9.877461009300767910e+05
2.647731376282911953e+01 1.663035553525419346e+02 1.311209828042030381e+02 1.833961002372555242e+02 9.934665425713430159e+05
2.655585366529703606e+01 1.664748978527453858e+02 1.315087911822624847e+02 1.842256175875557460e+02 9.961111828394513577e+05
2.663439356725699980e+01 1.675038937596422954e+02 1.321732019413695980e+02 1.859607533203225671e+02 9.981876246983486926e+05
2.671293346871349428e+01 1.670672887936084976e+02 1.327532095866990858e+02 1.871913256221509130e+02 1.001714920591392438e+06
2.679147336967094617e+01 1.682481088546628882e+02 1.331423574364904141e+02 1.886422073215185264e+02 1.009348739057111088e+06
2.687001327013372531e+01 1.688000897620419778e+02 1.337274246823522503e+02 1.895251120901071999e+02 1.014729916663118638e+06
2.694855317010616602e+01 1.689736027542336672e+02 1.344039984692834935e+02 1.912964831078403449e+02 1.017481743325640680e+06
2.702709306959254221e+01 1.700124912002594328e+02 1.359009606329489941e+02 1.925064524397138257e+02 1.022366974874025793e+06
2.710563296859707094e+01 1.703049930986944389e+02 1.359521985660044265e+02 1.940765852903745952e+02 1.024799095130345435e+06
2.718417286712393377e+01 1.707140533006955820e+02 1.365707314276535840e+02 1.951821176160829054e+02 1.037830439473549486e+06
2.726271276517725894e+01 1.710242833714895596e+02 1.373118198607675708e+02 1.955806540629048698e+02 1.039145129124402767e+06
2.734125266276112498e+01 1.710163730194654761e+02 1.374012941128002865e+02 1.969800026966883593e+02 1.041701650307880598e+06
2.741979255987956776e+01 1.719615440647265814e+02 1.386379951722411192e+02 1.990585016540254628e+02 1.049510903453160310e+06
2.749833245653658054e+01 1.716024017789274296e+02 1.383798329183559019e+02 1.999692486142292296e+02 1.049864938666516216e+06
2.757687235273609616e+01 1.720455878922743125e+02 1.396012290643243148e+02 2.011166438925229158e+02 1.051804015329580987e+06
2.765541224848202262e+01 1.721536746059575762e+02 1.397396871571779116e+02 2.021159049779573422e+02 1.058004079783540452e+06
2.773395214377820395e+01 1.733325634449386996e+02 1.410262857727162213e+02 2.030268680878160978e+02 1.061847346090915613e+06
2.781249203862845576e+01 1.733460250195850847e+02 1.405072622139869054e+02 2.050108390663328635e+02 1.069344813588004559e+06
2.789103193303654038e+01 1.733115243857349412e+02 1.409954144411253765e+02 2.065743290720814969e+02 1.074327058820733801e+06
2.796957182700618816e+01 1.735923186451335880e+02 1.418174318432703558e+02 2.075057384540118903e+02 1.074771080619484885e+06
2.804811172054107615e+01 1.736672442558116245e+02 1.421767152513816939e+02 2.093085458441119897e+02 1.075793405073154485e+06
2.812665161364485655e+01 1.755053958800652936e+02 1.429147370938697179e+02 2.110570927120838576e+02 1.086082247681518085e+06
2.820519150632112115e+01 1.739093293185122775e+02 1.434781384810371492e+02 2.119430437851210627e+02 1.087163449452270754e+06
2.828373139857343332e+01 1.751123844593691388e+02 1.444257499347497742e+02 2.133943729150407762e+02 1.091775599625258707e+06
2.836227129040531736e+01 1.739733382010070102e+02 1.439120178502101339e+02 2.148857132388511673e+02 1.091490943093890790e+06
2.844081118182025847e+01 1.744123617238319071e+02 1.445682988097768487e+02 2.139361171853517476e+02 1.092146677769518690e+06
2.851935107282169923e+01 1.745994868790910743e+02 1.442891085383202210e+02 2.153237485162508733e+02 1.099438541991478531e+06
2.859789096341304315e+01 1.747472303355599195e+02 1.452346342563823498e+02 2.177079077263725253e+02 1.101125100259900093e+06
2.867643085359765820e+01 1.738915772410804834e+02 1.445955154842557988e+02 2.181283175432251653e+02 1.098677421430798015e+06
2.875497074337888392e+01 1.737916289363548970e+02 1.455388423229665307e+02 2.181888152763145285e+02 1.104484806469090283e+06
2.883351063276001369e+01 1.740698878788914215e+02 1.470687686545794577e+02 2.200645844544422118e+02 1.109597654381706147e+06
2.891205052174430890e+01 1.746089562420157222e+02 1.476631589346155238e+02 2.223379381475846230e+02 1.113933148878477747e+06
2.899059041033499184e+01 1.751552369576859860e+02 1.474612589939897020e+02 2.228394371879925586e+02 1.120324676554888021e+06
2.906913029853525643e+01 1.759475516921478686e+02 1.477019610811390748e+02 2.245862554720121409e+02 1.132421362641473999e+06
2.914767018634825746e+01 1.755853996421166130e+02 1.480274815371351167e+02 2.255040569740598926e+02 1.132675337646611035e+06
2.922621007377712132e+01 1.757107558057872154e+02 1.503916751949644777e+02 2.281328771135445947e+02 1.135763518523404142e+06
2.930474996082492822e+01 1.766989714541305432e+02 1.494058743242310641e+02 2.310064679763344770e+02 1.141903182356522186e+06
2.938328984749474060e+01 1.761496708034395340e+02 1.498038487237064942e+02 2.297470250287871636e+02 1.149291843519431306e+06
2.946182973378957826e+01 1.764030891996131061e+02 1.504801712554898643e+02 2.326562467104220389e+02 1.156973310596366180e+06
2.954036961971243258e+01 1.783628819790186242e+02 1.506793958404712157e+02 2.336137021527670470e+02 1.158317442244895967e+06
2.961890950526625943e+01 1.782548897303182969e+02 1.516468613590969312e+02 2.357220689995052680e+02 1.159185253974049119e+06
2.969744939045398979e+01 1.776300778450369080e+02 1.519394394356945099e+02 2.358024576157407921e+02 1.164232563762599370e+06
2.977598927527852268e+01 1.780405147675112687e+02 1.533396165417522639e+02 2.378742411978452083e+02 1.175134374716712162e+06
2.985452915974272159e+01 1.775534849783869333e+02 1.535531605941895350e+02 2.399221586016854530e+02 1.175019503447427414e+06
2.993306904384942868e+01 1.795511609631925865e+02 1.558287318544332152e+02 2.416454356694675880e+02 1.182783636812896468e+06
3.001160892760143994e+01 1.808154555981524538e+02 1.549353192181716565e+02 2.428025053201839114e+02 1.197941623833960388e+06
3.009014881100154071e+01 1.807287115029024847e+02 1.557305896367840035e+02 2.439182313627905216e+02 1.193134077171466313e+06
3.016868869405248077e+01 1.800710841085192158e+02 1.564099372909090562e+02 2.433485434865546324e+02 1.189486203754767310e+06
3.024722857675697441e+01 1.815321547843064707e+02 1.579409526703793460e+02 2.464573385792772910e+02 1.206540356065530563e+06
3.032576845911771457e+01 1.840194324529737457e+02 1.591978085067866004e+02 2.484081755899447899e+02 1.223981885234547546e+06
3.040430834113736580e+01 1.829189670941910038e+02 1.597269948272307261e+02 2.512014053428139277e+02 1.228021850022641942e+06
3.048284822281856421e+01 1.827539494125621218e+02 1.587917185844871995e+02 2.542670128010489066e+02 1.231044691682089819e+06
3.056138810416392460e+01 1.818384284750878237e+02 1.612224849844962478e+02 2.524427403119659346e+02 1.227146050745329121e+06
3.063992798517602267e+01 1.838452268956116029e+02 1.607331356656629566e+02 2.571947834778709421e+02 1.248397752472949447e+06
3.071846786585741640e+01 1.864658987362385005e+02 1.628867949484934172e+02 2.581459313180752702e+02 1.261487571508002235e+06
3.079700774621063886e+01 1.856926655843130050e+02 1.617644033550415372e+02 2.592502224424412702e+02 1.246205957514064852e+06
3.087554762623818760e+01 1.853765966079290308e+02 1.640086299483224366e+02 2.598001862186074504e+02 1.244597425828824053e+06
3.095408750594254599e+01 1.841899655639398645e+02 1.641229527165802438e+02 2.624862412747813210e+02 1.263496497165151872e+06
3.103262738532617249e+01 1.886195033053525663e+02 1.651505537166811166e+02 2.646252720847191426e+02 1.281983684825507691e+06
3.111116726439149005e+01 1.887284662944962577e+02 1.662053136665018940e+02 2.654434798066841381e+02 1.281740413332839031e+06
3.118970714314090387e+01 1.863365659017366056e+02 1.667356604876922574e+02 2.633067379267790216e+02 1.262220124461094849e+06
3.126824702157679781e+01 1.895657599144105632e+02 1.676753678628954560e+02 2.703391573013005313e+02 1.295408091255106498e+06
3.134678689970152377e+01 1.897020310520898931e+02 1.685381017782876540e+02 2.698993505281825378e+02 1.303961680359304650e+06
3.142532677751741588e+01 1.919844631393811483e+02 1.688076454256959948e+02 2.686945861516158516e+02 1.317382421031316742e+06
3.150386665502678696e+01 1.909325987723539413e+02 1.720888102676957487e+02 2.735200554175926868e+02 1.328799252980242949e+06
3.158240653223192140e+01 1.953788257966985213e+02 1.694939830873479139e+02 2.726781603052020841e+02 1.337795375380409183e+06
3.166094640913508229e+01 1.922130392762997531e+02 1.732898425008724246e+02 2.803417416687358354e+02 1.332947380254025105e+06
3.173948628573851494e+01 1.942141271648809209e+02 1.725845626823961823e+02 2.771952219303046263e+02 1.346074700721437111e+06
3.181802616204443623e+01 1.954612022921715777e+02 1.751285535754477394e+02 2.828286965386967040e+02 1.355862344783724053e+06
3.189656603805504531e+01 1.967499501737938488e+02 1.735380360407786782e+02 2.809825269580440477e+02 1.372011042603670619e+06
3.197510591377251998e+01 1.938165487581460411e+02 1.754608464886967738e+02 2.841847373074356256e+02 1.362246865774466423e+06
3.205364578919900964e+01 2.011006051881375924e+02 1.748200597372040761e+02 2.872373508270241018e+02 1.417395716278431239e+06
3.213218566433665302e+01 1.990372606622320006e+02 1.770342989621941570e+02 2.894124484584661445e+02 1.397735162098092027e+06
3.221072553918755688e+01 1.990774204252232948e+02 1.760142479089463450e+02 2.841858296012474057e+02 1.399506744824785274e+06
3.228926541375382442e+01 2.018322085653149429e+02 1.834327592044149640e+02 2.938106074005315236e+02 1.419179004577488871e+06
3.236780528803751622e+01 1.999360375051411438e+02 1.806114337487315709e+02 2.926001813787147512e+02 1.411231622451543808e+06
3.244634516204068575e+01 2.038164173018242025e+02 1.845252366339232140e+02 2.965506236935347602e+02 1.436521671065392671e+06
3.252488503576537227e+01 2.026371971851422131e+02 1.841955169107158667e+02 2.970651443365628666e+02 1.434881345771590713e+06
3.260342490921358660e+01 2.056204948024903274e+02 1.881887526034459768e+02 2.960743010436103191e+02 1.445240169485053979e+06
3.268196478238731828e+01 2.026840544539024336e+02 1.803757712705672418e+02 2.957769204624027566e+02 1.455721066820836393e+06
3.276050465528854261e+01 2.020666191507799851e+02 1.845948155069367829e+02 3.013623335474619580e+02 1.464356304844913539e+06
3.283904452791921358e+01 2.041755426094204608e+02 1.936071610256437907e+02 3.089935466423115145e+02 1.486689326882388210e+06
3.291758440028127097e+01 2.027004963923722300e+02 1.890892898681481427e+02 3.022989418545831199e+02 1.456839666346330196e+06
3.299612427237663326e+01 2.066401601834356825e+02 1.878344705814481586e+02 3.085679008067304494e+02 1.467728433551948750e+06
3.307466414420719758e+01 2.106051376054975037e+02 1.932301461369494859e+02 3.125862393762082547e+02 1.505029555474760011e+06
3.315320401577483977e+01 2.069113876673454797e+02 1.946085319527037143e+02 3.172828268760638935e+02 1.509634832605879987e+06
3.323174388708143567e+01 2.099584643237445221e+02 1.952657591765523648e+02 3.182406867569865199e+02 1.538196678915055003e+06
3.331028375812883269e+01 2.101225061144023414e+02 1.888490078635814200e+02 3.125035532867004235e+02 1.536967175585857593e+06
3.338882362891884981e+01 2.149138024569851382e+02 2.007537248072754892e+02 3.219600386016355174e+02 1.521585558077091351e+06
3.346736349945329891e+01 2.115556522178264345e+02 1.992901273754016245e+02 3.150847834267477197e+02 1.536902466997273965e+06
3.354590336973399189e+01 2.181243708199926061e+02 2.049722328000068785e+02 3.272464492679221735e+02 1.561404419748252956e+06
3.362444323976268379e+01 2.184231321753818804e+02 2.067983089624915465e+02 3.370595333325030083e+02 1.568162194576955168e+06
3.370298310954115806e+01 2.111964548121261203e+02 1.949964564469469792e+02 3.159117499498227062e+02 1.563823090725208633e+06
3.378152297907114132e+01 2.267947702374798951e+02 2.045645032958784100e+02 3.310008134450443436e+02 1.660349793186629424e+06
3.386006284835436730e+01 2.182852581525264100e+02 1.943926289697924119e+02 3.210206048748692638e+02 1.608573155801500427e+06
3.393860271739255552e+01 2.233183519866788345e+02 2.154351953891800804e+02 3.416174856044732451e+02 1.568395328796928981e+06
3.401714258618739706e+01 2.207902604737813590e+02 2.002109378097879926e+02 3.357504822526951784e+02 1.544718545811258722e+06
3.409568245474058301e+01 2.116242086183059428e+02 2.165965057559399156e+02 3.417010560332132627e+02 1.474327438652632758e+06
3.417422232305376895e+01 2.326006375385385354e+02 2.053490333763494959e+02 3.535732603964048053e+02 1.609947648256194778e+06
3.425276219112861043e+01 2.093218641383490990e+02 2.203111016657548191e+02 3.429475888720726289e+02 1.641588120809066575e+06
3.433130205896674880e+01 1.915670958209498735e+02 2.019025867644476477e+02 3.353815732319050653e+02 1.529803843690555077e+06
3.440984192656979701e+01 2.166161799254070388e+02 2.125754858339597604e+02 3.542409126009395663e+02 1.647185260183897568e+06
3.448838179393936088e+01 1.986170862270175803e+02 2.224807818835053013e+02 3.426065575174698097e+02 1.460364774535447126e+06
3.456692166107702491e+01 2.282462707122509755e+02 2.376695092384214547e+02 3.165565143710111329e+02 1.676755906811622670e+06
3.464546152798438072e+01 2.529757090030245479e+02 2.745778061866525377e+02 5.161320032840358181e+02 1.667713969077051850e+06
3.472400139466299152e+01 1.894069719953557467e+02 2.157114490779965479e+02 1.879611050581213476e+02 1.099625215657998109e+06
