# 0.925 0.9512
7.871241428633635184e-02 5.396686474101226594e-01 4.024213851512852269e-01 1.100627929288347344e-02 2.088599061283661285e+03
1.618072713909662341e-01 1.886585564240368162e+00 1.349790287945139333e+00 5.464261878301283903e-02 8.377555072564069633e+03
2.418771330418761079e-01 3.002613361785849921e+00 2.328766220428795108e+00 6.801424129219249548e-02 1.153565016340088368e+04
3.211923215201240578e-01 5.263522063125689598e+00 3.937756109111121283e+00 1.570460304477651059e-01 2.226202053203892501e+04
4.002017901256537113e-01 7.340647184312944162e+00 5.421471064907439796e+00 2.305174808526463115e-01 3.172735029381078130e+04
4.790568272527075955e-01 7.491076786318607184e+00 5.849869911463839500e+00 2.482545595554372930e-01 3.097610793781009124e+04
5.578229290343351687e-01 1.116793186235368118e+01 8.673026031752788967e+00 3.652009427746121251e-01 4.567264632521752355e+04
6.365331115321660738e-01 1.134115615051545944e+01 8.801749159976047565e+00 4.459120644773362230e-01 4.873858950980148802e+04
7.152058371535838788e-01 1.375793467266097458e+01 1.090895029509370850e+01 5.144230034255443673e-01 5.646829709193576855e+04
7.938522421846891941e-01 1.466343214788167337e+01 1.185094246667147466e+01 5.891884005829735038e-01 5.786670416825879511e+04
8.724794443688169698e-01 1.597394644285511767e+01 1.299762269965297534e+01 6.840026842919464389e-01 6.364085653687335434e+04
9.510922062407737299e-01 1.745466345109127460e+01 1.405369446714554016e+01 7.624372119731172015e-01 6.989516044077447441e+04
1.029693835175838679e+00 1.803620779188695167e+01 1.487381099755577374e+01 8.616089265351842830e-01 7.208286281974625308e+04
1.108286699878543891e+00 1.905673040163794951e+01 1.575643803863240322e+01 9.573484478024767430e-01 7.583065906625705247e+04
1.186872541411916560e+00 2.054275489096713159e+01 1.728061067031228859e+01 1.025182725667387329e+00 8.016588606222750968e+04
1.265452668213572940e+00 2.234336223252194031e+01 1.895921746275805475e+01 1.095775180747137867e+00 8.418529818417319620e+04
1.344028082638708543e+00 2.369203910065673568e+01 1.987098457062839785e+01 1.238255895758425096e+00 9.132580631328324671e+04
1.422599565533279709e+00 2.427053203974341145e+01 2.048587010274154352e+01 1.297583297795528390e+00 9.161297436909357202e+04
1.501167734229200246e+00 2.578764590817630875e+01 2.215065113129723784e+01 1.471087046037171442e+00 9.651175224666208669e+04
1.579733083222462531e+00 2.753534395972546989e+01 2.336527566303767145e+01 1.605512368143423796e+00 1.049300943066924810e+05
1.658296013281593151e+00 2.881221650815442459e+01 2.483363345019008861e+01 1.658871793618012180e+00 1.053567514081040717e+05
1.736856852652245875e+00 2.899562928186907129e+01 2.482966236775370206e+01 1.829416525278779293e+00 1.073607157541947963e+05
1.815415872753641580e+00 3.075064771182662327e+01 2.675205594705587941e+01 1.864429493495601609e+00 1.106009420010856411e+05
1.893973299967037560e+00 3.222096213472362081e+01 2.781156251255225342e+01 2.026188295425835229e+00 1.165961339700991666e+05
1.972529324606241641e+00 3.364995496120099006e+01 2.899033807581404787e+01 2.161780129832854502e+00 1.212502733734319772e+05
2.051084107826015579e+00 3.544545983971428171e+01 3.079300145855456705e+01 2.293576629997604144e+00 1.248741195734472276e+05
2.129637787001040561e+00 3.684516137101179822e+01 3.163599904206287405e+01 2.490503949813437146e+00 1.321544654858688591e+05
2.208190479956450680e+00 3.801493036140780646e+01 3.288891371154077348e+01 2.643458548028553068e+00 1.338572304533153656e+05
2.286742288326184092e+00 3.922415617131770915e+01 3.418429309672917782e+01 2.638459729831687639e+00 1.343309176645457628e+05
2.365293300241981811e+00 3.916186531581880814e+01 3.420421868427511214e+01 2.787200950950155409e+00 1.343790582081327739e+05
2.443843592503681883e+00 4.128845493188951821e+01 3.582381100781887540e+01 2.910377597209033329e+00 1.410756063999693142e+05
2.522393232343909553e+00 4.297465257675985129e+01 3.731314359528239777e+01 3.144547361507223027e+00 1.468308217026827915e+05
2.600942278872942381e+00 4.392358569923278822e+01 3.756230033986160777e+01 3.323992606224927648e+00 1.534346397152485151e+05
2.679490784269383141e+00 4.499589315845497595e+01 3.889408734365967746e+01 3.456791228847069242e+00 1.530235252313067322e+05
2.758038794767343038e+00 4.713715597339812291e+01 4.060444547315204034e+01 3.597077346801800246e+00 1.582057949783066288e+05
2.836586351479573942e+00 4.833672914345456917e+01 4.126335980789954050e+01 3.858652735731171735e+00 1.651236801641790953e+05
2.915133491087511963e+00 4.879883106285313943e+01 4.206025592214066222e+01 3.899525813469583380e+00 1.630260708762852591e+05
2.993680246422668834e+00 4.960051088397800356e+01 4.259007526848038339e+01 4.082347235737691094e+00 1.652827564469930658e+05
3.072226646958827967e+00 5.218269153116732184e+01 4.449875586958358298e+01 4.326187561749915034e+00 1.735438921521652956e+05
3.150772719230606977e+00 5.164163263065457699e+01 4.397816416892603542e+01 4.492238793544407471e+00 1.752973031684377929e+05
3.229318487190934395e+00 5.292611561080048688e+01 4.500405412533911687e+01 4.521665311247218710e+00 1.741684882227078488e+05
3.307863972517584905e+00 5.462891036179661342e+01 4.655743357160940121e+01 4.683678590903907590e+00 1.781624089086432068e+05
3.386409194877053608e+00 5.578097400139014184e+01 4.722520592136572759e+01 4.917441355627655497e+00 1.835308961317494395e+05
3.464954172152534095e+00 5.683033189701226462e+01 4.810187354820108396e+01 5.096086414399167985e+00 1.881988222668820817e+05
3.543498920641575456e+00 5.795225667681857118e+01 4.862866325133691703e+01 5.343873007656911867e+00 1.919512027240162715e+05
3.622043455228019404e+00 5.939778208381628133e+01 4.988117011538262346e+01 5.433170945243969818e+00 1.952926065043984563e+05
3.700587789532037597e+00 5.974427415354261939e+01 4.990234134294461654e+01 5.737877306219951734e+00 1.994202126065663178e+05
3.779131936041457696e+00 5.985402738428722103e+01 5.008639265996296075e+01 5.925826140527507668e+00 1.999551115172256250e+05
3.857675906227046259e+00 6.163038111781694539e+01 5.110815623843154754e+01 5.969511561458547888e+00 2.019547029748344212e+05
3.936219710643986680e+00 6.294686373628245235e+01 5.192228688725908370e+01 6.191647342228805861e+00 2.088642740580898244e+05
4.014763359021444877e+00 6.259321273709016253e+01 5.177620726033608634e+01 6.457202102931216992e+00 2.081912762631655787e+05
4.093306860341824560e+00 6.500013774908376263e+01 5.336076498897651987e+01 6.661905771559845313e+00 2.150330133385816298e+05
4.171850222911064776e+00 6.538385808329940119e+01 5.357050152452651304e+01 6.885470408156209920e+00 2.158315592523265223e+05
4.250393454421145911e+00 6.482024211700064598e+01 5.312652524405194043e+01 6.935196423677624011e+00 2.152305627653615957e+05
4.328936562005788247e+00 6.657920147076352180e+01 5.404116390966265016e+01 7.197161873942745203e+00 2.231759937203951704e+05
4.407479552290201497e+00 6.834114834262852867e+01 5.541213913189875484e+01 7.448589423398744636e+00 2.265964713245732710e+05
4.486022431435594982e+00 6.742719945904909196e+01 5.436471574606812140e+01 7.642084133976604576e+00 2.253976668932577595e+05
4.564565205179107465e+00 6.912152156850466156e+01 5.561159500742216721e+01 7.826310285371279818e+00 2.318406638672587578e+05
4.643107878869670024e+00 7.003253260160245475e+01 5.610725606073817318e+01 8.074515677370984079e+00 2.351090560243664368e+05
4.721650457500300213e+00 7.100787282785638865e+01 5.672115278837670616e+01 8.199850866627977908e+00 2.372263255446196126e+05
4.800192945737217443e+00 7.191710771802891600e+01 5.726893379473265355e+01 8.527483117876393237e+00 2.413699047032126109e+05
4.878735347946150824e+00 7.159306521018227443e+01 5.691664574468178017e+01 8.808280778763915464e+00 2.426437530945463222e+05
4.957277668216146793e+00 7.286526702298282032e+01 5.797431591877599999e+01 8.946496231061692228e+00 2.453092083670924476e+05
5.035819910381144737e+00 7.318124487201426120e+01 5.787154173238931776e+01 9.215325293671817519e+00 2.484094789672576298e+05
5.114362078039562221e+00 7.454345438789233924e+01 5.852265261221509007e+01 9.453012476156342103e+00 2.534953527690463816e+05
5.192904174572115394e+00 7.516171309134826117e+01 5.895367852576188739e+01 9.719508556893224238e+00 2.545621383187103493e+05
5.271446203158030919e+00 7.598777301540863505e+01 5.924575586977671549e+01 9.934115593404321487e+00 2.590319240738908411e+05
5.349988166789838573e+00 7.688553626984402456e+01 6.007161054244171083e+01 1.020224093787572528e+01 2.611845486975577369e+05
5.428530068286878674e+00 7.744016988527177148e+01 6.010916296100513989e+01 1.040215768264011409e+01 2.650117101994596887e+05
5.507071910307648643e+00 7.825362243269128726e+01 6.063335024673853724e+01 1.058827611942463243e+01 2.665419430165286176e+05
5.585613695361120179e+00 7.913344905529142181e+01 6.108301425600134138e+01 1.098274603832906848e+01 2.715896922034797026e+05
5.664155425817094525e+00 8.046332554271013748e+01 6.182640129858523181e+01 1.126271682761663229e+01 2.753777199315501493e+05
5.742697103915729961e+00 8.028231094308095805e+01 6.151969934202366375e+01 1.144581821753337358e+01 2.758571733431670582e+05
5.821238731776284148e+00 8.120847354553113462e+01 6.213205844342057560e+01 1.171044807857992787e+01 2.800935633018496446e+05
5.899780311405160127e+00 8.109022225688367769e+01 6.174119912067693861e+01 1.194606301696130757e+01 2.811989243581599439e+05
5.978321844703323507e+00 8.228836974801001247e+01 6.285091512164110839e+01 1.209590528542751997e+01 2.820589180744313635e+05
6.056863333473133437e+00 8.315255699823892144e+01 6.338873582451135746e+01 1.239532172520179820e+01 2.862420493392573553e+05
6.135404779424661115e+00 8.452296876321915420e+01 6.385168333636804761e+01 1.279464609774912454e+01 2.931010854242055793e+05
6.213946184181517118e+00 8.439625388281194773e+01 6.386937824057692126e+01 1.303805295686260557e+01 2.936475505839693360e+05
6.292487549286247983e+00 8.560131279844368635e+01 6.470636270668593681e+01 1.312296451077226322e+01 2.965774527357228799e+05
6.371028876205335756e+00 8.582374093390339453e+01 6.447776292492163464e+01 1.356632117078112110e+01 2.989065581068760366e+05
6.449570166333828070e+00 8.700798039825716046e+01 6.518081621916832091e+01 1.388275428285459334e+01 3.043512798774468247e+05
6.528111420999634262e+00 8.750563462874646348e+01 6.556148382715673506e+01 1.406879370416356245e+01 3.064680110695065232e+05
6.606652641467518627e+00 8.823645089906898420e+01 6.579709060098103635e+01 1.436127857780755868e+01 3.083584625812136801e+05
6.685193828942805006e+00 8.858591924651288707e+01 6.584224225037445422e+01 1.475464920953741199e+01 3.101423849498115596e+05
6.763734984574836240e+00 8.858545485084611926e+01 6.601552849901604247e+01 1.491687823773223975e+01 3.121066012096927734e+05
6.842276109460177835e+00 8.961455345182270094e+01 6.629526136263510239e+01 1.519255656960051049e+01 3.147887405534196296e+05
6.920817204645620890e+00 8.987879860825496792e+01 6.661315562164332960e+01 1.542386256127991473e+01 3.151515697580556152e+05
6.999358271130968312e+00 9.107143849454695328e+01 6.735990865991614385e+01 1.578229803906476114e+01 3.223695079791630269e+05
7.077899309871646949e+00 9.243380882073567761e+01 6.800914907201061510e+01 1.613661078603194099e+01 3.266014089524950832e+05
7.156440321781138536e+00 9.246140574333763595e+01 6.804868580258654731e+01 1.635209308512455806e+01 3.260324312607366010e+05
7.234981307733260536e+00 9.229255709911413419e+01 6.791517816463478141e+01 1.669227190985376907e+01 3.290507679560261313e+05
7.313522268564292439e+00 9.359626366839952993e+01 6.886277602052584257e+01 1.690974755967703658e+01 3.304573551722634002e+05
7.392063205074973276e+00 9.349929813983166582e+01 6.873421317806700870e+01 1.722277935861475484e+01 3.325548269300516695e+05
7.470604118032365015e+00 9.423948956489516604e+01 6.889350406859142595e+01 1.752615311544349908e+01 3.362173355951202102e+05
7.549145008171610272e+00 9.462408580681807280e+01 6.959739016329525896e+01 1.775343631048812298e+01 3.364970726895364351e+05
7.627685876197570103e+00 9.530182629097349434e+01 6.937650989832405912e+01 1.812089912748779952e+01 3.402569066609292640e+05
7.706226722786373884e+00 9.641993438426695207e+01 7.016409559731214074e+01 1.855551152991567676e+01 3.461905779176388169e+05
7.784767548586863484e+00 9.631716398019625558e+01 6.997217684632583712e+01 1.891523391162936107e+01 3.465567843093029223e+05
7.863308354221953955e+00 9.632537745948194186e+01 7.015083617398900628e+01 1.893846822726633405e+01 3.468308251091762795e+05
7.941849140289923170e+00 9.664302117695766015e+01 6.998292125542000974e+01 1.937359840565224189e+01 3.491322572299665771e+05
8.020389907365611748e+00 9.863893326644451065e+01 7.144604998701176157e+01 1.973977911331437340e+01 3.552520976253714180e+05
8.098930656001561701e+00 9.929093541488055052e+01 7.196471953927827769e+01 2.002360584624582884e+01 3.581852898165005608e+05
8.177471386729090241e+00 9.913045423509814214e+01 7.146540898892273219e+01 2.033671526767668070e+01 3.575365583075481118e+05
8.256012100059292536e+00 9.964965723465776648e+01 7.195309676674071397e+01 2.082140564354462242e+01 3.611982053248645971e+05
8.334552796484000936e+00 9.959076831860703294e+01 7.174921522369413651e+01 2.092508466486525975e+01 3.609900313619817025e+05
8.413093476476680266e+00 1.008346047653910631e+02 7.221732338628980585e+01 2.133925849913899597e+01 3.671408073426029878e+05
8.491634140493276917e+00 1.008100900361661871e+02 7.242580658593703902e+01 2.174654713242809834e+01 3.676306303749814979e+05
8.570174788973028868e+00 1.013058895350772275e+02 7.285009290831533235e+01 2.212982300070837383e+01 3.695783691332421731e+05
8.648715422339215309e+00 1.021346426530548257e+02 7.314095847916836135e+01 2.238027666636804724e+01 3.745193695911510731e+05
8.727256040999876063e+00 1.026184056865584324e+02 7.342499801069438092e+01 2.271521343512359792e+01 3.756381265155270230e+05
8.805796645348495488e+00 1.027273643935957637e+02 7.332347950326092700e+01 2.301600210696196314e+01 3.779227468552301871e+05
8.884337235764643737e+00 1.031408110433019090e+02 7.384835382051018371e+01 2.328819631451091965e+01 3.791288218241261202e+05
8.962877812614589601e+00 1.034766340513744609e+02 7.385361298417704745e+01 2.377849881351866657e+01 3.796934250810756348e+05
9.041418376251867173e+00 1.043562230681752112e+02 7.389300678589383153e+01 2.422892418790624802e+01 3.860254502397775068e+05
9.119958927017840722e+00 1.050776046176012102e+02 7.460528131533764906e+01 2.438163854188836410e+01 3.873135831166293938e+05
9.198499465242209183e+00 1.054083113370143820e+02 7.493870739518256130e+01 2.474971370732403386e+01 3.894183737363545224e+05
9.277039991243508865e+00 1.056447493863254294e+02 7.507668010940491854e+01 2.498392441807604314e+01 3.913268418453182676e+05
9.355580505329580632e+00 1.057697275633469332e+02 7.472458641172831051e+01 2.559348522324415853e+01 3.943185265727301594e+05
9.434121007798012215e+00 1.059081017169569208e+02 7.471144317547958735e+01 2.586941420784975776e+01 3.943652849663674133e+05
9.512661498936562765e+00 1.064993288077333062e+02 7.518726762198782865e+01 2.620626457753496297e+01 3.973722772639942705e+05
9.591201979023569635e+00 1.071163074034618177e+02 7.574777025558785226e+01 2.669872828395232744e+01 4.010550721358984010e+05
9.669742448328321416e+00 1.076204874395810833e+02 7.586295675356871016e+01 2.688390424637585951e+01 4.025446021104038809e+05
9.748282907111432749e+00 1.083921562030859036e+02 7.622107234036687373e+01 2.730272183182406565e+01 4.065903243781283963e+05
9.826823355625185386e+00 1.077708030896428539e+02 7.573705610078349082e+01 2.768974698296549874e+01 4.052662016133691650e+05
9.905363794113858589e+00 1.086873851133933044e+02 7.621201829903412772e+01 2.804411481924411831e+01 4.095491878962854389e+05
9.983904222814045326e+00 1.093718805299184424e+02 7.673138608115002057e+01 2.841773312882337876e+01 4.127588179260254838e+05
1.006244464195495070e+01 1.095203460782334304e+02 7.663059129908558020e+01 2.881114113552738942e+01 4.132115081990072504e+05
1.014098505175868148e+01 1.093363240764408317e+02 7.645094021008023333e+01 2.912873757544005215e+01 4.148867374071280938e+05
1.021952545244051613e+01 1.097329002439063288e+02 7.668370051952121003e+01 2.941311524450898318e+01 4.173951285462839878e+05
1.029806584420916415e+01 1.103158817092282078e+02 7.662454885303164076e+01 2.999834169993974697e+01 4.220307361467411392e+05
1.037660622726701654e+01 1.106868771932520019e+02 7.734188431849457857e+01 3.021197504389843047e+01 4.223922693221062655e+05
1.045514660181038380e+01 1.106400789701313840e+02 7.710532893467053839e+01 3.068654499928133106e+01 4.238130986605363432e+05
1.053368696802971982e+01 1.114494828302259180e+02 7.747911220623798556e+01 3.109223653106952767e+01 4.251858764545394806e+05
1.061222732610984210e+01 1.120244182483627498e+02 7.791769525700678400e+01 3.156925285244994939e+01 4.307978175182493287e+05
1.069076767623013779e+01 1.122712614159542142e+02 7.778729728643266128e+01 3.193937389335452792e+01 4.323439349180451827e+05
1.076930801856475739e+01 1.124418337623207975e+02 7.798480267037407998e+01 3.212916038930642060e+01 4.337946765264522401e+05
1.084784835328281005e+01 1.130947970935316533e+02 7.812704143792042544e+01 3.268496395798523224e+01 4.367572389666559175e+05
1.092638868054854306e+01 1.129357327689148036e+02 7.820829816807038526e+01 3.287346890546611888e+01 4.358098950369264930e+05
1.100492900052151413e+01 1.134899680353228888e+02 7.846338436399885552e+01 3.337521610577276476e+01 4.396260590660969028e+05
1.108346931335675833e+01 1.137635330953993531e+02 7.876014158482080063e+01 3.369228484537055834e+01 4.422216770328241400e+05
1.116200961920494805e+01 1.140540395200580974e+02 7.851445764939822425e+01 3.423373160607617649e+01 4.437950195787354605e+05
1.124054991821254212e+01 1.141519420300240455e+02 7.893399802509190977e+01 3.474894313261669510e+01 4.455505815408969647e+05
1.131909021052193687e+01 1.147376678296500216e+02 7.914070538469613325e+01 3.514400186847216645e+01 4.480906663020598935e+05
1.139763049627160285e+01 1.148596494999159745e+02 7.921278143747042577e+01 3.548413050643024746e+01 4.499655231478528003e+05
1.147617077559622167e+01 1.150446751544798474e+02 7.903394229573419238e+01 3.600946207630762075e+01 4.534222728137956583e+05
1.155471104862680853e+01 1.156950095472913489e+02 7.949027392006516379e+01 3.629168050480615904e+01 4.538795397342117503e+05
1.163325131549084368e+01 1.152802708998470251e+02 7.924242368944786108e+01 3.675612888982578141e+01 4.542132964129318716e+05
1.171179157631238787e+01 1.159025784377521120e+02 7.950061100110050916e+01 3.705115648749635682e+01 4.575814942447483190e+05
1.179033183121219608e+01 1.165871198415051140e+02 8.017744420618555523e+01 3.747804788262086362e+01 4.599045574370374088e+05
1.186887208030782759e+01 1.161812260656208053e+02 7.966251490248581035e+01 3.783111163490703888e+01 4.607901038228409016e+05
1.194741232371374728e+01 1.168047966745731827e+02 7.970667721583629373e+01 3.844881018963040020e+01 4.654054032432664535e+05
1.202595256154143222e+01 1.166659880030762935e+02 7.995470858531503211e+01 3.869608462913795677e+01 4.645044508000906790e+05
1.210449279389946753e+01 1.172757964355033238e+02 7.996359177505465254e+01 3.929828610057138150e+01 4.686594467958588502e+05
1.218303302089363527e+01 1.173084701431631913e+02 8.011762455806942285e+01 3.973272689707675198e+01 4.699276932795974426e+05
1.226157324262700676e+01 1.182620115581828912e+02 8.058954139496107416e+01 4.027947593584578811e+01 4.732871651276572957e+05
1.234011345920003322e+01 1.178091803332867897e+02 8.039737755614110881e+01 4.060065345431269890e+01 4.735324828652167926e+05
1.241865367071062565e+01 1.183499200857451967e+02 8.090995625321021123e+01 4.109029361293200822e+01 4.758268503819230245e+05
1.249719387725422415e+01 1.186077269768353517e+02 8.073776435495017267e+01 4.162314433170147510e+01 4.784010614993727067e+05
1.257573407892389383e+01 1.186148730264593496e+02 8.065486015535491049e+01 4.201241088193324202e+01 4.806069550885675126e+05
1.265427427581038877e+01 1.188066740171162081e+02 8.069845964587538845e+01 4.243720165931721056e+01 4.813791322660120204e+05
1.273281446800221772e+01 1.195031367385265071e+02 8.087517004234510409e+01 4.298948219104202195e+01 4.850846114964630106e+05
1.281135465558572584e+01 1.192256837417288722e+02 8.100667732179213942e+01 4.330636833871113112e+01 4.860272750720086042e+05
1.288989483864514796e+01 1.199198607216044934e+02 8.142256560315935587e+01 4.376144966569883366e+01 4.884772396874788683e+05
1.296843501726268322e+01 1.197256182389745902e+02 8.152907525265699462e+01 4.431319467082123964e+01 4.896990785911857383e+05
1.304697519151855190e+01 1.196142993799587089e+02 8.144064745899513014e+01 4.468868420575150679e+01 4.899338113745453884e+05
1.312551536149104692e+01 1.202583558107240407e+02 8.140853382574404407e+01 4.531173842393449291e+01 4.965034735556113301e+05
1.320405552725660492e+01 1.201935078770421654e+02 8.159208329128807691e+01 4.566823200125119087e+01 4.949424418116192683e+05
1.328259568888985243e+01 1.206778297158929547e+02 8.164117913629476675e+01 4.610734255554477556e+01 4.990359105523618637e+05
1.336113584646366270e+01 1.211479723053425062e+02 8.190145263085197769e+01 4.660042188350658421e+01 5.006998207169789239e+05
1.343967600004920548e+01 1.208470348685575573e+02 8.179172402361635363e+01 4.691451427842923039e+01 5.014171091773128137e+05
1.351821614971599317e+01 1.213362205714733193e+02 8.210563511816592097e+01 4.767835173810468774e+01 5.042738611060716794e+05
1.359675629553193588e+01 1.214489356419017270e+02 8.252044739496589898e+01 4.807273495850176204e+01 5.052824316583799082e+05
1.367529643756338231e+01 1.218606625981968108e+02 8.229731769593674073e+01 4.847015757512914291e+01 5.084648224269987550e+05
1.375383657587516595e+01 1.216596378826766340e+02 8.246528636166166848e+01 4.894841540871539110e+01 5.077019865661951480e+05
1.383237671053064766e+01 1.217702784591753016e+02 8.224742739625229149e+01 4.958920423080388673e+01 5.102987830054464866e+05
1.391091684159175834e+01 1.220838455299134750e+02 8.240361205290045632e+01 5.004988008982867598e+01 5.136927565510385903e+05
1.398945696911903269e+01 1.224593283398922239e+02 8.278094547051951224e+01 5.051480562843526911e+01 5.170498719708197168e+05
1.406799709317166069e+01 1.225482411681673653e+02 8.302860593434277803e+01 5.100579011598787105e+01 5.168064707683789311e+05
1.414653721380751428e+01 1.229947138057336247e+02 8.322113575769922988e+01 5.178650789216689532e+01 5.209895279479941237e+05
1.422507733108318817e+01 1.231884743549816505e+02 8.318691216340958761e+01 5.216711430104825098e+01 5.237774694218062796e+05
1.430361744505403543e+01 1.233637632105496209e+02 8.302584500029036008e+01 5.262261144638872423e+01 5.250038703070554184e+05
1.438215755577419586e+01 1.233509046474346604e+02 8.310723936074619189e+01 5.291858124745164815e+01 5.266047500500858296e+05
1.446069766329663686e+01 1.237548839443416711e+02 8.339575127903310658e+01 5.371592547637951753e+01 5.291422082737158053e+05
1.453923776767318010e+01 1.240360375464012321e+02 8.363724888887784914e+01 5.415084846311404476e+01 5.310715501909683226e+05
1.461777786895453346e+01 1.240708371526512934e+02 8.349705674735612604e+01 5.468925630375893121e+01 5.325397511948387837e+05
1.469631796719032302e+01 1.242804497528660477e+02 8.367412403652774344e+01 5.514458089482290148e+01 5.356212035159504740e+05
1.477485806242911437e+01 1.244671419459689758e+02 8.402822126174989137e+01 5.583436631859084542e+01 5.365736320663072402e+05
1.485339815471844993e+01 1.246959003313095735e+02 8.392967945364253524e+01 5.619829755292405338e+01 5.397042038753038505e+05
1.493193824410487203e+01 1.245975939500962966e+02 8.428366054001388363e+01 5.681898184995053924e+01 5.409189752654586919e+05
1.501047833063394421e+01 1.250652158542479810e+02 8.433992073149764224e+01 5.729042123280515142e+01 5.435753021304147551e+05
1.508901841435028857e+01 1.248563558967303209e+02 8.424917395498898998e+01 5.784424880075200548e+01 5.444940797747584293e+05
1.516755849529759992e+01 1.256295388775747170e+02 8.488751919855563699e+01 5.842140977325963291e+01 5.469469494711830048e+05
1.524609857351867070e+01 1.256102842258433441e+02 8.474733308177532365e+01 5.900220525140251482e+01 5.490047245993701508e+05
1.532463864905541762e+01 1.256777811837501702e+02 8.468914079589902144e+01 5.956760703598213524e+01 5.513004008970549330e+05
1.540317872194890292e+01 1.260346218196025916e+02 8.467264765573543173e+01 6.027400816262952787e+01 5.551804213641899405e+05
1.548171879223935399e+01 1.263007146890725352e+02 8.517555902102664334e+01 6.074594835623065592e+01 5.581277532249132637e+05
1.556025885996618996e+01 1.264257279659146178e+02 8.502564093356997432e+01 6.136504701292890473e+01 5.600639866141994717e+05
1.563879892516803238e+01 1.265524900199218479e+02 8.508564421933471067e+01 6.183728657421903563e+01 5.605528224095627666e+05
1.571733898788273187e+01 1.268172604077466730e+02 8.557552393006736224e+01 6.236129302076803782e+01 5.641200697883727262e+05
1.579587904814739119e+01 1.268906397846075151e+02 8.548956689532639075e+01 6.299069258958486728e+01 5.652481881842766888e+05
1.587441910599837769e+01 1.272172707702174534e+02 8.568609344971945063e+01 6.370083708082047735e+01 5.681959360825106269e+05
1.595295916147133575e+01 1.281198026488321773e+02 8.605660092154917606e+01 6.449740953855727810e+01 5.727595716716455063e+05
1.603149921460121874e+01 1.275996910738742969e+02 8.570930336385848136e+01 6.493266385800335172e+01 5.729460470632996876e+05
1.611003926542229436e+01 1.278300566642665643e+02 8.623558689146669565e+01 6.562115831819065193e+01 5.744263479331764393e+05
1.618857931396816596e+01 1.281818996699504112e+02 8.619533774329991616e+01 6.619182858710342998e+01 5.788953600126894889e+05
1.626711936027179561e+01 1.285327966672474247e+02 8.632702719146631409e+01 6.652470215707560897e+01 5.811734648670341121e+05
1.634565940436549525e+01 1.284436058513165904e+02 8.641648521366604996e+01 6.713844348347549840e+01 5.826983262149028014e+05
1.642419944628097639e+01 1.287871794454460712e+02 8.646561457268987283e+01 6.764481859939112951e+01 5.853233846971534658e+05
1.650273948604932883e+01 1.287593278164410719e+02 8.667425489250555870e+01 6.828842225681583500e+01 5.859172203721300466e+05
1.658127952370107394e+01 1.291136989618907478e+02 8.711283606729698192e+01 6.908744649117916481e+01 5.895693973010384943e+05
1.665981955926614333e+01 1.293372169950927741e+02 8.731662947788794327e+01 6.975983530592755244e+01 5.917244963701807428e+05
1.673835959277390728e+01 1.297141947827305160e+02 8.764357023788994638e+01 7.048768495684984714e+01 5.964421921236643102e+05
1.681689962425318896e+01 1.298376092789348775e+02 8.757599229832899823e+01 7.103559002442548831e+01 5.984917825123678194e+05
1.689543965373228218e+01 1.306113571149413417e+02 8.815175062707949394e+01 7.199544740495765893e+01 6.016791711912481114e+05
1.697397968123895495e+01 1.298439424347206739e+02 8.802335598084800949e+01 7.217751712367929429e+01 6.014449136388764018e+05
1.705251970680045304e+01 1.310072685843462637e+02 8.815712880213841629e+01 7.302655315213819165e+01 6.063749197998559102e+05
1.713105973044353902e+01 1.306380124081688621e+02 8.811854194949438579e+01 7.359304907182004740e+01 6.076328297877550358e+05
1.720959975219447102e+01 1.310310383031172137e+02 8.854308410013572939e+01 7.418742191093120653e+01 6.107961303583740955e+05
1.728813977207903463e+01 1.313387754548707278e+02 8.896979487288407995e+01 7.485341127092291913e+01 6.140420195378594799e+05
1.736667979012256424e+01 1.318054481718603768e+02 8.913571065598355858e+01 7.569234552707709440e+01 6.161491597084567184e+05
1.744521980634991110e+01 1.323354387880158924e+02 8.934754066324276778e+01 7.636938118143770282e+01 6.201900007564595435e+05
1.752375982078550365e+01 1.321291782258365117e+02 8.939784089721051430e+01 7.691457862548179492e+01 6.222746720699315192e+05
1.760229983345331917e+01 1.326593606000508316e+02 8.983364630086035163e+01 7.772029542442619743e+01 6.247863953567693243e+05
1.768083984437692635e+01 1.328652763131298684e+02 9.008001814022615861e+01 7.847605802956785226e+01 6.293003269852807280e+05
1.775937985357945692e+01 1.334580885950113611e+02 9.024375630143354954e+01 7.894654281025921705e+01 6.322998017786368728e+05
1.783791986108364824e+01 1.331016519989540825e+02 9.034110937010002829e+01 7.969592581928350228e+01 6.341373829896647949e+05
1.791645986691183268e+01 1.342119104196385706e+02 9.078626478065385186e+01 8.102521249115585533e+01 6.395656110798111185e+05
1.799499987108595889e+01 1.340538919347430351e+02 9.109578947363911539e+01 8.115424940445170421e+01 6.402308744994192384e+05
1.807353987362759185e+01 1.345020414324022227e+02 9.114368971292331878e+01 8.181060076715765206e+01 6.453388087383235106e+05
1.815207987455791638e+01 1.349355706687760232e+02 9.174032686790607727e+01 8.277345898899858412e+01 6.486591237717013573e+05
1.823061987389775851e+01 1.350779619803911658e+02 9.188890233867928714e+01 8.369472175114407264e+01 6.520474356924825115e+05
1.830915987166758541e+01 1.355379962062034167e+02 9.233515815992586795e+01 8.412623907742806750e+01 6.537205700808998663e+05
1.838769986788751964e+01 1.361310846373491188e+02 9.267230100773785750e+01 8.500443135148950091e+01 6.570763046066691168e+05
1.846623986257733563e+01 1.369207622082897444e+02 9.288014082446146347e+01 8.602501594966066989e+01 6.626359892687688116e+05
1.854477985575647381e+01 1.373610322557288725e+02 9.351268430258357967e+01 8.661236875224993526e+01 6.671330721997017972e+05
1.862331984744404423e+01 1.372107247505601038e+02 9.368836511671864287e+01 8.743078114272438484e+01 6.680119445243591908e+05
1.870185983765884075e+01 1.374381564190637448e+02 9.365579410840071262e+01 8.825070606017553132e+01 6.708753005471739452e+05
1.878039982641934458e+01 1.382198906373826901e+02 9.437720312371430964e+01 8.906684546388315482e+01 6.764863314579847502e+05
1.885893981374372075e+01 1.385247320216172398e+02 9.458481649864404517e+01 8.964688339144471740e+01 6.786840463454012061e+05
1.893747979964983941e+01 1.391861146670529763e+02 9.499504368417845512e+01 9.060094579734415277e+01 6.848563802392226644e+05
1.901601978415527228e+01 1.394828399368356315e+02 9.543924786993201792e+01 9.127727511324491161e+01 6.867437913016978418e+05
1.909455976727730331e+01 1.397045570002005661e+02 9.584163405039531369e+01 9.221173032301068417e+01 6.893584445361315738e+05
1.917309974903293579e+01 1.404157669438706364e+02 9.602356378247138480e+01 9.293443578406598249e+01 6.948748502701411489e+05
1.925163972943889235e+01 1.412090076796052358e+02 9.617915089230240255e+01 9.410562040376875359e+01 7.006993185204421170e+05
1.933017970851161849e+01 1.418250768155953665e+02 9.705968625738228184e+01 9.487880315872814663e+01 7.039503220492913388e+05
1.940871968626730748e+01 1.418369714152573238e+02 9.721224458831540005e+01 9.560736891110384761e+01 7.067133671890096739e+05
1.948725966272188259e+01 1.429188898682533306e+02 9.776042600927311810e+01 9.643442267810549140e+01 7.122144017379246652e+05
1.956579963789100773e+01 1.432646739875733601e+02 9.829579725428099835e+01 9.736135053479713974e+01 7.150018793553001015e+05
1.964433961179010524e+01 1.439239155476056737e+02 9.877428058230117358e+01 9.803506346310433628e+01 7.210294604705770034e+05
1.972287958443434519e+01 1.444985654584756389e+02 9.900109370205655068e+01 9.891603501269919718e+01 7.250065209714390803e+05
1.980141955583865965e+01 1.454221400809685747e+02 9.952949691506667307e+01 1.002070840028501806e+02 7.312478645188561641e+05
1.987995952601774619e+01 1.456245541129959804e+02 9.987437174184323396e+01 1.008590240849133153e+02 7.336115143619702430e+05
1.995849949498606790e+01 1.461368575769116376e+02 1.007270435844313283e+02 1.020065633642600034e+02 7.374843001721358160e+05
2.003703946275786052e+01 1.471431441061735939e+02 1.010890978836559384e+02 1.027186050066935792e+02 7.428230722976910183e+05
2.011557942934713950e+01 1.472573114468243887e+02 1.016685080966092585e+02 1.033619723933385046e+02 7.479913649365628371e+05
2.019411939476770712e+01 1.473890507606192841e+02 1.019989950171651145e+02 1.042603510203472155e+02 7.498557588586214697e+05
2.027265935903314542e+01 1.482558625759982363e+02 1.020410067813117507e+02 1.053801587956121750e+02 7.549885612798503134e+05
2.035119932215682326e+01 1.480040456368934372e+02 1.023220769870228395e+02 1.060818404526749390e+02 7.564956086005467223e+05
2.042973928415191054e+01 1.485081429113999434e+02 1.024532295654336735e+02 1.069389650690329319e+02 7.603104684479071293e+05
2.050827924503137467e+01 1.482572468958132959e+02 1.025569294798095399e+02 1.073528931662715564e+02 7.624557639633185463e+05
2.058681920480798766e+01 1.486378161530456623e+02 1.029252791359155594e+02 1.083883651914704700e+02 7.662370131076631369e+05
2.066535916349431901e+01 1.486273201944114533e+02 1.029525692184896570e+02 1.092115782795713983e+02 7.669960554734707111e+05
2.074389912110275347e+01 1.488249492318399803e+02 1.033250072201207388e+02 1.101299521731031206e+02 7.705205402515750611e+05
2.082243907764548752e+01 1.490583293449402618e+02 1.035815696036569591e+02 1.111213940696341069e+02 7.747884242135948734e+05
2.090097903313453642e+01 1.493461052512779759e+02 1.039890428809822822e+02 1.115693443039085651e+02 7.779798384137351532e+05
2.097951898758173783e+01 1.493987462060635210e+02 1.040749065002056852e+02 1.128721666317809849e+02 7.803065103414028417e+05
2.105805894099874109e+01 1.492728887760533212e+02 1.043223718649495737e+02 1.135032170772938969e+02 7.810066247512598056e+05
2.113659889339703568e+01 1.495743091511418470e+02 1.042941011956657746e+02 1.145313109154396329e+02 7.852620641217509983e+05
2.121513884478793344e+01 1.498578022188163459e+02 1.045966055333152411e+02 1.152283881838451833e+02 7.904467470502154902e+05
2.129367879518258277e+01 1.496167780872284823e+02 1.052023915149305680e+02 1.161943926630601567e+02 7.899321276852205629e+05
2.137221874459196869e+01 1.504923702532888399e+02 1.049401444840382567e+02 1.170351694205592707e+02 7.964895202151138801e+05
2.145075869302691274e+01 1.503192948609023745e+02 1.054696457530591971e+02 1.179413236661647488e+02 7.975976528533558594e+05
2.152929864049807307e+01 1.503846138575386249e+02 1.056744928408652839e+02 1.188831340599713542e+02 8.010580177684180671e+05
2.160783858701596571e+01 1.502127744931498512e+02 1.060880737931914837e+02 1.195102105606054437e+02 8.004705369292651303e+05
2.168637853259094683e+01 1.512018841604951831e+02 1.064303536189507327e+02 1.206183539126736264e+02 8.064502023445767118e+05
2.176491847723321982e+01 1.510852469393639694e+02 1.064227933622943425e+02 1.214883396431978753e+02 8.102758517441829899e+05
2.184345842095285306e+01 1.507516772765119413e+02 1.069173587901536280e+02 1.221781161161429878e+02 8.112341299820777494e+05
2.192199836375975508e+01 1.516222475905296108e+02 1.069755395770536666e+02 1.229260907357658539e+02 8.164613172151879407e+05
2.200053830566371005e+01 1.514755289093394310e+02 1.073819136488117891e+02 1.240135502435600188e+02 8.209076952470842516e+05
2.207907824667434582e+01 1.513888955368787776e+02 1.077483468678672125e+02 1.247524439600535544e+02 8.205157690143912332e+05
2.215761818680116590e+01 1.519152907181453145e+02 1.078535812706650887e+02 1.258635122963416535e+02 8.262557740265663015e+05
2.223615812605353526e+01 1.523862756325934811e+02 1.082435223993922477e+02 1.270569384933786381e+02 8.319681162795869168e+05
2.231469806444068738e+01 1.518162963051041459e+02 1.084024267368835837e+02 1.274287044429113962e+02 8.310163425625720993e+05
2.239323800197172432e+01 1.525365683639003578e+02 1.092079875785896803e+02 1.285949676753641029e+02 8.346118293973399559e+05
2.247177793865562023e+01 1.529309306774483446e+02 1.089122475660753224e+02 1.294311766274309718e+02 8.387685909396019997e+05
2.255031787450123204e+01 1.530353334591123371e+02 1.093414362218199329e+02 1.303054373248910736e+02 8.404450364818264497e+05
2.262885780951728165e+01 1.527672548389677445e+02 1.099066564929713365e+02 1.313816036908463332e+02 8.426711965294523397e+05
2.270739774371238440e+01 1.533839036743623865e+02 1.103210977709064053e+02 1.321782880568484870e+02 8.481308393389114644e+05
2.278593767709502771e+01 1.537611061885112917e+02 1.101942741269711519e+02 1.332533736200428223e+02 8.516718086178832455e+05
2.286447760967358178e+01 1.536071973441929117e+02 1.105071822513586852e+02 1.343414277715540948e+02 8.540056113810485695e+05
2.294301754145629957e+01 1.540943053079550964e+02 1.111975083034958374e+02 1.354721725948301412e+02 8.587674133550185943e+05
2.302155747245133455e+01 1.545370265026901393e+02 1.114314887795665072e+02 1.360641745788754520e+02 8.630627009436569642e+05
2.310009740266672296e+01 1.544679809706401272e+02 1.115604134111626280e+02 1.369125956614517747e+02 8.667786004662388004e+05
2.317863733211038380e+01 1.547850184665728932e+02 1.119050019680750978e+02 1.383533330413106910e+02 8.701716693206202472e+05
2.325717726079013303e+01 1.546397651353936737e+02 1.124305886060729023e+02 1.388679375324302327e+02 8.716590492681950564e+05
2.333571718871368716e+01 1.552499021544950608e+02 1.129200690417467570e+02 1.404049290779373962e+02 8.786016644508682657e+05
2.341425711588865965e+01 1.558922794610909079e+02 1.134855060052216373e+02 1.421145662281240334e+02 8.824785553527302109e+05
2.349279704232255384e+01 1.555035934474518626e+02 1.136929835712517729e+02 1.421842330016783649e+02 8.845499768898547627e+05
2.357133696802278067e+01 1.561538631088058082e+02 1.139064933728662368e+02 1.432952352328528036e+02 8.897821033823187463e+05
2.364987689299664453e+01 1.563399881583574995e+02 1.144680005225520034e+02 1.438156291836771175e+02 8.912757248102462618e+05
2.372841681725136453e+01 1.559681823905659712e+02 1.147097606186902823e+02 1.450368710095601443e+02 8.925689041822472354e+05
2.380695674079405322e+01 1.567165884537071179e+02 1.150367518206190596e+02 1.461164007890034213e+02 8.989232719330475666e+05
2.388549666363174140e+01 1.574646008976703797e+02 1.155352308451191448e+02 1.473391293409408433e+02 9.039760183321232907e+05
2.396403658577134976e+01 1.579982195804745402e+02 1.159358355315161759e+02 1.483188617796493531e+02 9.077634326090293471e+05
2.404257650721972439e+01 1.574236755430544576e+02 1.165278661316086328e+02 1.495757236690279797e+02 9.097410704085456673e+05
2.412111642798362254e+01 1.580939537062636191e+02 1.170848672626632805e+02 1.504015057319160462e+02 9.128350105230190093e+05
2.419965634806970556e+01 1.580778733968427900e+02 1.171062008179868741e+02 1.514875841850659697e+02 9.183581677082518581e+05
2.427819626748454596e+01 1.591145089756814173e+02 1.177838029834621238e+02 1.525829874389454801e+02 9.236097847981755622e+05
2.435673618623464520e+01 1.596145753657743569e+02 1.176634204673636646e+02 1.542855333997574689e+02 9.285806969686875818e+05
2.443527610432640529e+01 1.597523731670495977e+02 1.186010905808889362e+02 1.548384440569401193e+02 9.331715727812268306e+05
2.451381602176616425e+01 1.592965465865353565e+02 1.189443432627798245e+02 1.558034829905356560e+02 9.339314851006262470e+05
2.459235593856016067e+01 1.602650633494733370e+02 1.194603499308371823e+02 1.570840775054169001e+02 9.396215595610919409e+05
2.467089585471456203e+01 1.599380552577254662e+02 1.199538360077522157e+02 1.582833963077251269e+02 9.426115763098655734e+05
2.474943577023546126e+01 1.608903327663078642e+02 1.203949700617278609e+02 1.596044964152036414e+02 9.499948713234157767e+05
2.482797568512887310e+01 1.613896515844300268e+02 1.211182856759186421e+02 1.605906601681498671e+02 9.550931367964191595e+05
2.490651559940072346e+01 1.621538118226413872e+02 1.210298822301984387e+02 1.616729860955593949e+02 9.612951614713956369e+05
2.498505551305688144e+01 1.619126672284496067e+02 1.219116798811035665e+02 1.625450731012468566e+02 9.647062389522816520e+05
2.506359542610313440e+01 1.624169417608389665e+02 1.224568581987164180e+02 1.638791648100037719e+02 9.696114264485033927e+05
2.514213533854519511e+01 1.629336415757329348e+02 1.230811231980696334e+02 1.647703088857854823e+02 9.717985583343815524e+05
2.522067525038871239e+01 1.635970149903583035e+02 1.232430806066036837e+02 1.665516226564799922e+02 9.791751054164092056e+05
2.529921516163925688e+01 1.635275994212876469e+02 1.240956472147727965e+02 1.673530117286200323e+02 9.805614833521419205e+05
2.537775507230233529e+01 1.638868501710700514e+02 1.247438615907799431e+02 1.687423480890855956e+02 9.852491870104487753e+05
2.545629498238338684e+01 1.641969315748819724e+02 1.250476314322896343e+02 1.694718118476402537e+02 9.890822797759894747e+05
2.553483489188777966e+01 1.657631722569437898e+02 1.253603715862776369e+02 1.714241511311043666e+02 1.000343650578594999e+06
2.561337480082082152e+01 1.654596374572651882e+02 1.261343071483317146e+02 1.714772795930015832e+02 9.996054533319543116e+05
2.569191470918774911e+01 1.656333182296916107e+02 1.264699065153964028e+02 1.738463017116515061e+02 1.005085295941701275e+06
2.577045461699373874e+01 1.665048850016041229e+02 1.271203707758848651e+02 1.757645917860139093e+02 1.012492369775720290e+06
2.584899452424390631e+01 1.676457099647491589e+02 1.277584842755490513e+02 1.758248666974205605e+02 1.020215915832148050e+06
2.592753443094329668e+01 1.673669757467794170e+02 1.288112139636228335e+02 1.772473716018760399e+02 1.019594310879584402e+06
2.600607433709690852e+01 1.678808674688604867e+02 1.286859863020873149e+02 1.785232229456944424e+02 1.026330449389181449e+06
2.608461424270966944e+01 1.674689048790274626e+02 1.291103670331664546e+02 1.799156684787558049e+02 1.029598364183825091e+06
2.616315414778644310e+01 1.688627807790417421e+02 1.296051910785511438e+02 1.806598147355372532e+02 1.036368258772697998e+06
2.624169405233205055e+01 1.687437130615178091e+02 1.302854038274449238e+02 1.817550246411693138e+02 1.038544987168407417e+06
2.632023395635124174e+01 1.693884186170024577e+02 1.311718047399577927e+02 1.836904012200936904e+02 1.044178290025315480e+06
2.639877385984871694e+01 1.701978774528990925e+02 1.318906172869544662e+02 1.851112234038117492e+02 1.053419416182074929e+06
2.647731376282911953e+01 1.705877821130875134e+02 1.322161944243040637e+02 1.859568955969521653e+02 1.057976928681799676e+06
2.655585366529703606e+01 1.708245108071385516e+02 1.327603744973663993e+02 1.869581930017806428e+02 1.062276996684936807e+06
2.663439356725699980e+01 1.718693350396561641e+02 1.334000934537945398e+02 1.888206496516110349e+02 1.064375445168684702e+06
2.671293346871349428e+01 1.715401074418832650e+02 1.339401245339591071e+02 1.897675621469244902e+02 1.069489336568963714e+06
2.679147336967094617e+01 1.727044552391182037e+02 1.344157438187141622e+02 1.914298189464197151e+02 1.077634018905835459e+06
2.687001327013372531e+01 1.733461575776010477e+02 1.351739293650205980e+02 1.924125650549456736e+02 1.082538614831911400e+06
2.694855317010616602e+01 1.733708578419740434e+02 1.351085990559555796e+02 1.938004885061365314e+02 1.087311521137041273e+06
2.702709306959254221e+01 1.743197956471204577e+02 1.374261885200354243e+02 1.953073188193336591e+02 1.090821246103156358e+06
2.710563296859707094e+01 1.746024638051015074e+02 1.370284400767442605e+02 1.966387706105313384e+02 1.094352609352666186e+06
2.718417286712393377e+01 1.750001360223503468e+02 1.379115821112291940e+02 1.978285688125381228e+02 1.106335609539509518e+06
2.726271276517725894e+01 1.754719965719639845e+02 1.384511628124974152e+02 1.982911789481967162e+02 1.109644049773981329e+06
2.734125266276112498e+01 1.752571105207182711e+02 1.383554473222375520e+02 1.989595886723386400e+02 1.111568761646889383e+06
2.741979255987956776e+01 1.765902693142486157e+02 1.397417578327943772e+02 2.015375592420627697e+02 1.121063131088325288e+06
2.749833245653658054e+01 1.761330414728234928e+02 1.394626197789223454e+02 2.029129537176969222e+02 1.122822327372841770e+06
2.757687235273609616e+01 1.766906687007869721e+02 1.404306510872721390e+02 2.044217410540117328e+02 1.123101032563052606e+06
2.765541224848202262e+01 1.765947718096581696e+02 1.405710806694600024e+02 2.040483288615318997e+02 1.130565142592034535e+06
2.773395214377820395e+01 1.780997582003947741e+02 1.420397614101659940e+02 2.054644746994391937e+02 1.135192068059142679e+06
2.781249203862845576e+01 1.778534967172256529e+02 1.417492346672733561e+02 2.077076850851485403e+02 1.141602017119596945e+06
2.789103193303654038e+01 1.778226338709305310e+02 1.420084052688928580e+02 2.089320619059405999e+02 1.144964446764553199e+06
2.796957182700618816e+01 1.782152096516214783e+02 1.427046219219464831e+02 2.103247402626583664e+02 1.148458616744910367e+06
2.804811172054107615e+01 1.784590421904539426e+02 1.433630415598812817e+02 2.116320431500301993e+02 1.148860079584215768e+06
2.812665161364485655e+01 1.799165961681031831e+02 1.439923136280801259e+02 2.132814459826605002e+02 1.158852834883093368e+06
2.820519150632112115e+01 1.784395652439090441e+02 1.445805375012571687e+02 2.142323345589707344e+02 1.162527742442099145e+06
2.828373139857343332e+01 1.797568873246581234e+02 1.448955996398320849e+02 2.157930135094403852e+02 1.166768868583071278e+06
2.836227129040531736e+01 1.785855224737147751e+02 1.447697354674777159e+02 2.177704684538517483e+02 1.168636752894147765e+06
2.844081118182025847e+01 1.792299516950928933e+02 1.459733853795718233e+02 2.164658698097135243e+02 1.170298081897416851e+06
2.851935107282169923e+01 1.793083937149176563e+02 1.451158200715057944e+02 2.183272404493375518e+02 1.176107951090331888e+06
2.859789096341304315e+01 1.795277201851164364e+02 1.465981718958097133e+02 2.212034405893944893e+02 1.178172488343056059e+06
2.867643085359765820e+01 1.785098005440449072e+02 1.458062548417480286e+02 2.216123026648651262e+02 1.174671814915067516e+06
2.875497074337888392e+01 1.782966865309844877e+02 1.466408710406078626e+02 2.209154103003054388e+02 1.184405161892504897e+06
2.883351063276001369e+01 1.783999149606097774e+02 1.480420177353153690e+02 2.229255200489584752e+02 1.183900470202739816e+06
2.891205052174430890e+01 1.791359678117267720e+02 1.487328091772551204e+02 2.251346537182368195e+02 1.191291471283450024e+06
2.899059041033499184e+01 1.794779978517204597e+02 1.487883009258872278e+02 2.260850818287538857e+02 1.194977648791441694e+06
2.906913029853525643e+01 1.806240095867681532e+02 1.489939440638839869e+02 2.274630760579765649e+02 1.208966528307223460e+06
2.914767018634825746e+01 1.797256801562857333e+02 1.487060575802172480e+02 2.279898186040588541e+02 1.207117509084118996e+06
2.922621007377712132e+01 1.805835159714228269e+02 1.512210628900151335e+02 2.316790215214057014e+02 1.214883977922984632e+06
2.930474996082492822e+01 1.815285520565568618e+02 1.511007820084567470e+02 2.340668849352639995e+02 1.222065377387584653e+06
2.938328984749474060e+01 1.805547945991897336e+02 1.516454872989279750e+02 2.338160191225240112e+02 1.223805755615271162e+06
2.946182973378957826e+01 1.811277978516247913e+02 1.520370929302794991e+02 2.356375932224832184e+02 1.235332308157839580e+06
2.954036961971243258e+01 1.828785006633091541e+02 1.518163413644477089e+02 2.366171049226734340e+02 1.237840030663792975e+06
2.961890950526625943e+01 1.832485941170593549e+02 1.531235543879775776e+02 2.389597578996897198e+02 1.237780749565319158e+06
2.969744939045398979e+01 1.824259414966870452e+02 1.536737565322127921e+02 2.393066830367608304e+02 1.241436924261204898e+06
2.977598927527852268e+01 1.832221653941858506e+02 1.549135916502387431e+02 2.412803688140547820e+02 1.255796601258150535e+06
2.985452915974272159e+01 1.827159725864145230e+02 1.553465679813416500e+02 2.443563194803986391e+02 1.255752609311773209e+06
2.993306904384942868e+01 1.846258226807048857e+02 1.571782326043558840e+02 2.446253379978228111e+02 1.264037822554642335e+06
3.001160892760143994e+01 1.856217833153679351e+02 1.565221844005496052e+02 2.467342556038387329e+02 1.278113157831512159e+06
3.009014881100154071e+01 1.854090941926428968e+02 1.566679810144894986e+02 2.478205724436043624e+02 1.271769290786059806e+06
3.016868869405248077e+01 1.847333480515530084e+02 1.582331660052568623e+02 2.471493849210674512e+02 1.266678273832092294e+06
3.024722857675697441e+01 1.864990732504499817e+02 1.593820932662401901e+02 2.513671461949217019e+02 1.286467534351641079e+06
3.032576845911771457e+01 1.886356533879913115e+02 1.600112953305565782e+02 2.522800675874827618e+02 1.308035869385154452e+06
3.040430834113736580e+01 1.879232110325531835e+02 1.614326757515253803e+02 2.553598305992570658e+02 1.306942881479235133e+06
3.048284822281856421e+01 1.876507310557238384e+02 1.600530795846065075e+02 2.578659422634924567e+02 1.317289311194757232e+06
3.056138810416392460e+01 1.866412872314808169e+02 1.622703998738136875e+02 2.560093111036559890e+02 1.306459411948913243e+06
3.063992798517602267e+01 1.883231148015843530e+02 1.622611712197712563e+02 2.631122674073106396e+02 1.328316050320537761e+06
3.071846786585741640e+01 1.917835568249186338e+02 1.634631149231876464e+02 2.625319723357998214e+02 1.343236539999822387e+06
3.079700774621063886e+01 1.903528220791245076e+02 1.642952391317595584e+02 2.642936289178593938e+02 1.330728562893431867e+06
3.087554762623818760e+01 1.898137014380984624e+02 1.652525505706221622e+02 2.625203352658617746e+02 1.326733195578836603e+06
3.095408750594254599e+01 1.895009926873003110e+02 1.649834197500655080e+02 2.657176771879729813e+02 1.350012479546569521e+06
3.103262738532617249e+01 1.934265028478362183e+02 1.668365111914769443e+02 2.679430098817001067e+02 1.365057662599278847e+06
3.111116726439149005e+01 1.937746933782660790e+02 1.675130336537037294e+02 2.699648886830459560e+02 1.372382035322136246e+06
3.118970714314090387e+01 1.909525313430440860e+02 1.684362114051756976e+02 2.671836884625228095e+02 1.346597504128011176e+06
3.126824702157679781e+01 1.938718228948600029e+02 1.678460537265270887e+02 2.737400556902076687e+02 1.384717786174471257e+06
3.134678689970152377e+01 1.953836589862522715e+02 1.697418420863543247e+02 2.750729169340776252e+02 1.392296715903531760e+06
3.142532677751741588e+01 1.968829989594674430e+02 1.698533307466317694e+02 2.723985841714674621e+02 1.406508881341903936e+06
3.150386665502678696e+01 1.958826614020968293e+02 1.721496730000125694e+02 2.757853846894315666e+02 1.418331507235625759e+06
3.158240653223192140e+01 2.006153832534183152e+02 1.708151813789079085e+02 2.772629384010504623e+02 1.429846705194006674e+06
3.166094640913508229e+01 1.975753087865153077e+02 1.747896252098128400e+02 2.840397901801046032e+02 1.422927172473412706e+06
3.173948628573851494e+01 1.990859491606371989e+02 1.747075251910465852e+02 2.810266324794151274e+02 1.438586240263097221e+06
3.181802616204443623e+01 1.998524130268687315e+02 1.758157259510514052e+02 2.853858190470442651e+02 1.443400650436845375e+06
3.189656603805504531e+01 2.020543598725450636e+02 1.743552226877702083e+02 2.830373846320798634e+02 1.460488694650850957e+06
3.197510591377251998e+01 1.987986164927231414e+02 1.771042772858671981e+02 2.871214487149023853e+02 1.453719561382938875e+06
3.205364578919900964e+01 2.055406510553347346e+02 1.764815547429782043e+02 2.940686076757166347e+02 1.506636675541575300e+06
3.213218566433665302e+01 2.041590757116480290e+02 1.799813416890961548e+02 2.948938146498154538e+02 1.487605876476256875e+06
3.221072553918755688e+01 2.046243375728589342e+02 1.783314507156750892e+02 2.895956729955451578e+02 1.491240933042529272e+06
3.228926541375382442e+01 2.075889008614619797e+02 1.826459203734133325e+02 2.984019787516982660e+02 1.528007532727630809e+06
3.236780528803751622e+01 2.050832104594535963e+02 1.799632710090021988e+02 2.944917947742506499e+02 1.510378995111055672e+06
3.244634516204068575e+01 2.088779330465392832e+02 1.847303141712637569e+02 2.997758613874217417e+02 1.525555345921525732e+06
3.252488503576537227e+01 2.068615776559292101e+02 1.812609802250025837e+02 2.947020603504374208e+02 1.526206953049987787e+06
3.260342490921358660e+01 2.114350167807678815e+02 1.877228972934392459e+02 3.016837573929250311e+02 1.533047141291825334e+06
3.268196478238731828e+01 2.078622751302462177e+02 1.832152180392992875e+02 3.003476713780991076e+02 1.538670696765287779e+06
3.276050465528854261e+01 2.086902606467551493e+02 1.833697978736287268e+02 3.073413760165308872e+02 1.560421874367696699e+06
3.283904452791921358e+01 2.102961344162171713e+02 1.924207212075753830e+02 3.112635974827845757e+02 1.571646344369081547e+06
3.291758440028127097e+01 2.098053636384118761e+02 1.885810047158961140e+02 3.082456366595645818e+02 1.554264847257158952e+06
3.299612427237663326e+01 2.127025056030046812e+02 1.882770215984919560e+02 3.143206693541753793e+02 1.546036428324912442e+06
3.307466414420719758e+01 2.153540723924230633e+02 1.909545648580281352e+02 3.153908617597801367e+02 1.588600031443686457e+06
3.315320401577483977e+01 2.121920697655842218e+02 1.954782547130287753e+02 3.165680702696291178e+02 1.609610808881039266e+06
3.323174388708143567e+01 2.152716596137483407e+02 1.976668921679501238e+02 3.184585750483090010e+02 1.623382041816438781e+06
3.331028375812883269e+01 2.140319149993451049e+02 1.892216656690159198e+02 3.172766539033389677e+02 1.609762565823191777e+06
3.338882362891884981e+01 2.216540240607720875e+02 2.028997786775142913e+02 3.263500767861857526e+02 1.630164885625776835e+06
3.346736349945329891e+01 2.202955683683307484e+02 1.975124101926673461e+02 3.182636696819129156e+02 1.649138304577529663e+06
3.354590336973399189e+01 2.240812496036333243e+02 2.036853240521734847e+02 3.267852190525252922e+02 1.657885508526832564e+06
3.362444323976268379e+01 2.243130417107831533e+02 2.041519588745514113e+02 3.418680542502920048e+02 1.658938169376353035e+06
3.370298310954115806e+01 2.164598993635883062e+02 1.994126194605486546e+02 3.258727276858593314e+02 1.667860744004747598e+06
3.378152297907114132e+01 2.305483514110286762e+02 2.022794248473876166e+02 3.295956928189107771e+02 1.768604063900719862e+06
3.386006284835436730e+01 2.223633818968357616e+02 1.990261189129083164e+02 3.262812793164994218e+02 1.716743595288199140e+06
3.393860271739255552e+01 2.279730779611643641e+02 2.216765454694819084e+02 3.537203501969917738e+02 1.638398441100022057e+06
3.401714258618739706e+01 2.272812536848225307e+02 1.954849631436829895e+02 3.352816612319430192e+02 1.635855521802480100e+06
3.409568245474058301e+01 2.170900256018143750e+02 2.139099001096159895e+02 3.339225273620224357e+02 1.547583093986996915e+06
3.417422232305376895e+01 2.363118362171337026e+02 2.074617173255956288e+02 3.722300437824746950e+02 1.689903620837197173e+06
3.425276219112861043e+01 2.106842844103641141e+02 2.232566372078860013e+02 3.493864694486777580e+02 1.668429865534896497e+06
3.433130205896674880e+01 1.886648681777222976e+02 1.913943126532616361e+02 3.325663645370973427e+02 1.622106503089876845e+06
3.440984192656979701e+01 2.224773654212309850e+02 2.115933573078756069e+02 3.679996262330009813e+02 1.774484237466601422e+06
3.448838179393936088e+01 2.182372165281948071e+02 2.217721672632650041e+02 3.628049365378055313e+02 1.601925908215341857e+06
3.456692166107702491e+01 2.261747508287328685e+02 2.399491052293411997e+02 3.310334196475449744e+02 1.833353940921936650e+06
3.464546152798438072e+01 2.439951040947064769e+02 2.487863270142213992e+02 4.897051054648053423e+02 1.777929955097370083e+06
3.472400139466299152e+01 1.885623836591871623e+02 2.674463055473017903e+02 2.346696289603458183e+02 1.457116943299740786e+06
