# 0.9487 0.9698
7.871241428633635184e-02 8.172776468990936571e-01 6.583820971452323256e-01 9.511361155955726926e-03 2.013884962444142502e+03
1.618072713909662341e-01 2.724045059464013985e+00 2.094661777639334144e+00 4.774920438546354645e-02 8.075664634016548007e+03
2.418771330418761079e-01 3.876212288725989996e+00 3.112971814471889420e+00 5.888653985848187056e-02 1.111690306754577978e+04
3.211923215201240578e-01 6.780268967731714724e+00 5.271314134494070380e+00 1.376581170843551583e-01 2.146861289356631096e+04
4.002017901256537113e-01 9.380243200964034855e+00 7.200357765699089363e+00 2.014635850611037060e-01 3.057990749424256865e+04
4.790568272527075955e-01 9.172055452837188483e+00 7.255580688066519457e+00 2.202866357587181523e-01 2.985743709762729122e+04
5.578229290343351687e-01 1.365702268645929962e+01 1.076864367803940858e+01 3.220435453960596717e-01 4.397666872646717820e+04
6.365331115321660738e-01 1.393982771823386990e+01 1.089458608916437221e+01 3.982828451397203984e-01 4.692332762561022537e+04
7.152058371535838788e-01 1.627447645663820808e+01 1.289567545844002616e+01 4.615123269953769758e-01 5.434716495574714645e+04
7.938522421846891941e-01 1.697952797994357255e+01 1.357926000381590192e+01 5.299165996680453850e-01 5.574957905459337780e+04
8.724794443688169698e-01 1.840281769842045634e+01 1.476013512862883204e+01 6.152321828048682439e-01 6.122148143025046011e+04
9.510922062407737299e-01 2.002996841599520295e+01 1.591864100236748669e+01 6.858486033086081957e-01 6.721490244400546362e+04
1.029693835175838679e+00 2.045102339954569359e+01 1.645561551450849436e+01 7.806927079127886637e-01 6.927535542077865102e+04
1.108286699878543891e+00 2.136667748217948315e+01 1.719323024401783329e+01 8.647521770644494010e-01 7.276300783970572229e+04
1.186872541411916560e+00 2.266168207161073411e+01 1.849805540730229936e+01 9.349878294067826001e-01 7.695462452411530830e+04
1.265452668213572940e+00 2.424050775772433752e+01 1.995688401334892603e+01 1.003386979063175533e+00 8.083003858376045537e+04
1.344028082638708543e+00 2.567343993091059318e+01 2.086280906970281990e+01 1.131651465447057303e+00 8.769400815485266503e+04
1.422599565533279709e+00 2.594954413140381888e+01 2.117089442860269344e+01 1.181486894609077964e+00 8.787469788126646017e+04
1.501167734229200246e+00 2.704111706043940444e+01 2.231568206071442617e+01 1.351272072009916503e+00 9.257681069526707870e+04
1.579733083222462531e+00 2.899213789269920483e+01 2.366316404785509064e+01 1.474772590060304811e+00 1.006130642117486423e+05
1.658296013281593151e+00 2.958262537816838034e+01 2.444659180896007200e+01 1.526164266649798318e+00 1.010274331326481624e+05
1.736856852652245875e+00 2.989002119894940535e+01 2.450217561175032799e+01 1.683321967528492946e+00 1.028295110123820050e+05
1.815415872753641580e+00 3.096879380218006261e+01 2.579710878992165490e+01 1.720550597202112675e+00 1.060168233320402069e+05
1.893973299967037560e+00 3.240755866444610689e+01 2.681468910335442501e+01 1.869089604356677370e+00 1.116274776328055013e+05
1.972529324606241641e+00 3.354745229878610502e+01 2.770488566081901283e+01 1.998735607007889437e+00 1.161254155323337036e+05
2.051084107826015579e+00 3.488238634919240155e+01 2.905367408187058587e+01 2.123326561867280304e+00 1.195324865617525647e+05
2.129637787001040561e+00 3.642387147206200382e+01 2.994672290933056047e+01 2.311834003238446567e+00 1.263581753935114393e+05
2.208190479956450680e+00 3.698515847497408515e+01 3.062084524118125017e+01 2.468835652841654849e+00 1.279641582745808846e+05
2.286742288326184092e+00 3.777404662753006903e+01 3.157610995253624608e+01 2.455056941869460108e+00 1.283930201148378546e+05
2.365293300241981811e+00 3.783438453115975619e+01 3.165686829325576923e+01 2.604879563224381300e+00 1.285356522416392982e+05
2.443843592503681883e+00 3.965197221736011812e+01 3.310105432043659590e+01 2.720215280852296136e+00 1.349433256269302801e+05
2.522393232343909553e+00 4.104225112171440770e+01 3.422379900047292978e+01 2.944564611804814103e+00 1.402958070003415341e+05
2.600942278872942381e+00 4.213086894565436324e+01 3.462992834926447472e+01 3.113311770811939549e+00 1.465077480703997426e+05
2.679490784269383141e+00 4.270848280713713763e+01 3.543617678070074817e+01 3.245233928034482851e+00 1.460371196396294690e+05
2.758038794767343038e+00 4.462657639475396110e+01 3.697152108495373568e+01 3.376263200260819719e+00 1.509303126531283197e+05
2.836586351479573942e+00 4.564198131979962625e+01 3.745019180193953900e+01 3.610058091073989672e+00 1.574835568655610259e+05
2.915133491087511963e+00 4.594541874649674895e+01 3.814201530373161120e+01 3.646704535354689192e+00 1.554614202471142053e+05
2.993680246422668834e+00 4.657117634110101534e+01 3.851681270342340468e+01 3.838063011468548336e+00 1.575759147100754490e+05
3.072226646958827967e+00 4.901070239479319923e+01 4.034494067343118218e+01 4.045679848591836603e+00 1.653650754314150254e+05
3.150772719230606977e+00 4.859786872421820902e+01 3.998894746402146438e+01 4.214457411927075903e+00 1.669953267651704082e+05
3.229318487190934395e+00 4.961345307508813818e+01 4.094073915312553424e+01 4.245596286104200701e+00 1.658495265742072661e+05
3.307863972517584905e+00 5.075742812307129981e+01 4.194607697859584050e+01 4.412046302302171874e+00 1.696485361789849121e+05
3.386409194877053608e+00 5.196275821128721617e+01 4.270380509618190956e+01 4.640867089495942288e+00 1.747213755210759700e+05
3.464954172152534095e+00 5.310120824133299777e+01 4.366388902457805443e+01 4.806644265096951862e+00 1.790451873362938059e+05
3.543498920641575456e+00 5.410178188340146477e+01 4.419137890325127671e+01 5.035644757116420678e+00 1.825930460678944655e+05
3.622043455228019404e+00 5.530424239592817770e+01 4.536034593616241750e+01 5.136213050727580942e+00 1.856246664818864374e+05
3.700587789532037597e+00 5.592930527045179900e+01 4.554734993124772302e+01 5.406645042064723405e+00 1.895713803562578396e+05
3.779131936041457696e+00 5.587953021376370089e+01 4.560762639353079351e+01 5.599810036231960275e+00 1.900853257172513404e+05
3.857675906227046259e+00 5.765117686035075195e+01 4.674970695315248292e+01 5.636264720227747382e+00 1.920119524702517956e+05
3.936219710643986680e+00 5.886632967367458491e+01 4.749012153335974773e+01 5.849306223734757282e+00 1.983079479616312892e+05
4.014763359021444877e+00 5.847757945504648802e+01 4.732244533905685557e+01 6.106198373692576453e+00 1.976144906784345221e+05
4.093306860341824560e+00 6.073733149193706993e+01 4.890791597197612361e+01 6.297847090404826709e+00 2.040830447741973912e+05
4.171850222911064776e+00 6.121676770682591950e+01 4.914403790994720822e+01 6.517098200667443386e+00 2.047658975958168739e+05
4.250393454421145911e+00 6.068872413664055898e+01 4.882215718496114931e+01 6.588074893424321843e+00 2.041098912722948880e+05
4.328936562005788247e+00 6.238940873652258290e+01 4.970627167882132369e+01 6.811401966137409225e+00 2.117316926067313179e+05
4.407479552290201497e+00 6.409223723415357199e+01 5.113704050853804972e+01 7.065648967935094227e+00 2.148317078293692903e+05
4.486022431435594982e+00 6.323466946653151410e+01 5.019155039040546740e+01 7.239105814985935083e+00 2.137040570131665736e+05
4.564565205179107465e+00 6.482818115327374642e+01 5.138657469556186186e+01 7.455283306947888100e+00 2.196936674258542480e+05
4.643107878869670024e+00 6.597406653063085002e+01 5.217051513510521232e+01 7.656234414816412759e+00 2.228680729612337891e+05
4.721650457500300213e+00 6.657771676952346240e+01 5.250285292008825166e+01 7.778268719876240134e+00 2.245820810350628162e+05
4.800192945737217443e+00 6.749485971113259097e+01 5.311106713351531283e+01 8.115923941688492960e+00 2.285862615588310291e+05
4.878735347946150824e+00 6.741843761235199395e+01 5.299952109728533145e+01 8.384184792503141637e+00 2.298460359140405781e+05
4.957277668216146793e+00 6.847265897218984776e+01 5.383531696010420831e+01 8.499371939095192729e+00 2.321499871271603333e+05
5.035819910381144737e+00 6.888419531938282603e+01 5.382955266859171672e+01 8.766398322713623514e+00 2.348882664838019700e+05
5.114362078039562221e+00 7.018361014819299726e+01 5.456006759022834274e+01 8.979127773425329195e+00 2.396334123349149013e+05
5.192904174572115394e+00 7.084183170573703592e+01 5.502043866891187207e+01 9.246575784499063033e+00 2.408038292094054341e+05
5.271446203158030919e+00 7.158661322640934088e+01 5.532173755881228772e+01 9.449758306884254111e+00 2.448993141289628693e+05
5.349988166789838573e+00 7.235255095126889557e+01 5.595865680641847462e+01 9.681686435367794274e+00 2.466329886287299159e+05
5.428530068286878674e+00 7.302769352878864595e+01 5.619596394854790589e+01 9.924305641262114008e+00 2.503744616644410999e+05
5.507071910307648643e+00 7.381072742083954097e+01 5.680821779530372595e+01 1.005053192075151891e+01 2.516605965271655296e+05
5.585613695361120179e+00 7.486544774334183217e+01 5.732578017720554442e+01 1.045200159474673463e+01 2.565722792632451165e+05
5.664155425817094525e+00 7.596895686166986650e+01 5.798022383030999549e+01 1.070754193386255793e+01 2.596291470505937468e+05
5.742697103915729961e+00 7.584927435874368484e+01 5.769502147064533659e+01 1.087332472206831291e+01 2.602358006304772280e+05
5.821238731776284148e+00 7.657669196049074856e+01 5.818885961479439572e+01 1.116551167943194400e+01 2.641335865441535134e+05
5.899780311405160127e+00 7.651124901101353259e+01 5.781815083439087743e+01 1.136642078231863984e+01 2.650597693346953019e+05
5.978321844703323507e+00 7.758987748544105045e+01 5.889437009403139456e+01 1.151448570243158187e+01 2.657202168153114617e+05
6.056863333473133437e+00 7.839118991046581186e+01 5.933538503210552051e+01 1.181121993279771942e+01 2.699292230817431118e+05
6.135404779424661115e+00 7.980702603051291533e+01 5.989704254291329022e+01 1.217645284674723882e+01 2.761625191410927800e+05
6.213946184181517118e+00 7.985857333552296211e+01 6.000942212693308875e+01 1.241225638054233116e+01 2.765021712107595522e+05
6.292487549286247983e+00 8.089867984612321550e+01 6.068233342379730288e+01 1.252137537019069846e+01 2.793989175030511105e+05
6.371028876205335756e+00 8.110011384806432488e+01 6.053495002586764429e+01 1.292296712438312056e+01 2.812624582441167440e+05
6.449570166333828070e+00 8.221894263435434880e+01 6.122162527896986006e+01 1.324344435473509307e+01 2.864495197722341982e+05
6.528111420999634262e+00 8.291624912544232018e+01 6.175849950757007178e+01 1.341899976638363867e+01 2.884651375802429975e+05
6.606652641467518627e+00 8.344628933899741696e+01 6.189235507080690013e+01 1.369640208407076543e+01 2.899246567736953148e+05
6.685193828942805006e+00 8.374708470218230616e+01 6.186988487647892754e+01 1.406115516950894495e+01 2.914445271455168840e+05
6.763734984574836240e+00 8.387767707118527483e+01 6.217346930910303371e+01 1.420863654056629599e+01 2.932292261472250102e+05
6.842276109460177835e+00 8.480844317094810947e+01 6.220900966950522815e+01 1.452036578610130668e+01 2.957547623008527444e+05
6.920817204645620890e+00 8.503708354424550464e+01 6.275996493264228349e+01 1.471110150764138780e+01 2.961558597140045604e+05
6.999358271130968312e+00 8.632397923473577350e+01 6.357650731733210847e+01 1.508822269806095306e+01 3.026809846012402559e+05
7.077899309871646949e+00 8.759651750582744967e+01 6.414005384539566990e+01 1.538705876737621558e+01 3.065876612754974049e+05
7.156440321781138536e+00 8.752666521796601273e+01 6.409887342788303499e+01 1.558209158695065355e+01 3.060094206091941451e+05
7.234981307733260536e+00 8.746962015628258769e+01 6.394085211178332884e+01 1.595972573356685231e+01 3.085544307662073988e+05
7.313522268564292439e+00 8.852265089153576128e+01 6.489893230134244106e+01 1.616800930818269677e+01 3.099300478061098256e+05
7.392063205074973276e+00 8.857083096023247037e+01 6.474332487902785260e+01 1.644787541598855540e+01 3.115879749250814784e+05
7.470604118032365015e+00 8.922623015325058304e+01 6.494899423875082789e+01 1.676529610329230380e+01 3.150808772611593013e+05
7.549145008171610272e+00 8.965448585539502346e+01 6.551768012398314056e+01 1.695362418178040542e+01 3.155104799579555984e+05
7.627685876197570103e+00 9.044750031094820031e+01 6.553882168739515635e+01 1.733689327027704508e+01 3.190503607136153732e+05
7.706226722786373884e+00 9.143966775572988581e+01 6.619524891941783551e+01 1.769127071259227080e+01 3.240361621432593092e+05
7.784767548586863484e+00 9.131880692099599628e+01 6.594538502588385143e+01 1.809784360291649818e+01 3.244372292830146034e+05
7.863308354221953955e+00 9.133232223898249913e+01 6.619301216353007078e+01 1.809999389834620231e+01 3.246422501759287552e+05
7.941849140289923170e+00 9.164268527782795104e+01 6.607335139621852704e+01 1.852375063112831910e+01 3.266967583008338697e+05
8.020389907365611748e+00 9.353083176790624975e+01 6.744201730687795759e+01 1.884016757577365908e+01 3.323698118228500825e+05
8.098930656001561701e+00 9.420438847667088567e+01 6.794552365892607781e+01 1.916493888991675121e+01 3.350719875477877795e+05
8.177471386729090241e+00 9.399365503119663856e+01 6.740780518362866758e+01 1.938764482908174358e+01 3.342490034837969579e+05
8.256012100059292536e+00 9.465073093098881429e+01 6.804712376192395595e+01 1.984380225012740340e+01 3.375418187867142260e+05
8.334552796484000936e+00 9.454721289996449229e+01 6.782666210930563011e+01 2.003026027360618500e+01 3.376847555637200130e+05
8.413093476476680266e+00 9.565832702540751598e+01 6.824737614981437162e+01 2.039812151801523754e+01 3.429130700844277162e+05
8.491634140493276917e+00 9.571426601190346162e+01 6.843874057052713056e+01 2.082300883786462720e+01 3.434780346252640593e+05
8.570174788973028868e+00 9.608403059802763835e+01 6.875830942040352056e+01 2.117294827932663637e+01 3.452219979103234364e+05
8.648715422339215309e+00 9.684745853811223526e+01 6.906804651586269017e+01 2.140939086171591654e+01 3.496088476363773807e+05
8.727256040999876063e+00 9.746629897985194191e+01 6.943352481748125626e+01 2.175817778956842830e+01 3.506202212482523173e+05
8.805796645348495488e+00 9.763376492541529217e+01 6.946529182000369929e+01 2.200369075741784997e+01 3.525999457300601644e+05
8.884337235764643737e+00 9.785226449820895311e+01 6.972663542452677632e+01 2.228969567485161463e+01 3.535526664104430820e+05
8.962877812614589601e+00 9.799007870660715014e+01 6.975004149573923939e+01 2.271978397387794502e+01 3.539603870431591640e+05
9.041418376251867173e+00 9.924898464119742414e+01 7.003888144694481355e+01 2.317760681307372295e+01 3.598416915585904499e+05
9.119958927017840722e+00 9.979269125795515549e+01 7.063119193549941599e+01 2.332951731941869156e+01 3.612571343666955363e+05
9.198499465242209183e+00 1.000939267204471577e+02 7.099001067613976090e+01 2.366590218394019729e+01 3.627301391655124025e+05
9.277039991243508865e+00 1.003718711835683592e+02 7.108580110510307293e+01 2.394801340720478677e+01 3.644874650285954704e+05
9.355580505329580632e+00 1.006004039140034791e+02 7.083911998584444802e+01 2.445574891065393075e+01 3.671479724371022894e+05
9.434121007798012215e+00 1.007729014969828825e+02 7.083242313614518082e+01 2.475397211446280821e+01 3.673648222449606983e+05
9.512661498936562765e+00 1.012939511441624063e+02 7.122181445948022827e+01 2.512313583371507875e+01 3.700576670361931901e+05
9.591201979023569635e+00 1.017822091989326907e+02 7.171004699559119899e+01 2.555411751234205653e+01 3.732449083479684195e+05
9.669742448328321416e+00 1.021529976100011510e+02 7.185747275753610097e+01 2.574001879641997803e+01 3.745185771704699728e+05
9.748282907111432749e+00 1.029243335245534325e+02 7.216946691648094259e+01 2.606861938372274068e+01 3.781667707560192794e+05
9.826823355625185386e+00 1.024831543321510026e+02 7.180629833023128583e+01 2.650665785152329690e+01 3.768027041630761814e+05
9.905363794113858589e+00 1.033248026185412982e+02 7.228316856291802139e+01 2.685418932731337804e+01 3.804342074773432687e+05
9.983904222814045326e+00 1.039043934474036917e+02 7.260493614839164422e+01 2.723754360862178103e+01 3.834446653966156300e+05
1.006244464195495070e+01 1.041219202946113853e+02 7.272548714734693931e+01 2.753343589934539182e+01 3.838755329530389281e+05
1.014098505175868148e+01 1.040028737445732645e+02 7.265749643810258362e+01 2.785102475823361345e+01 3.849223666587519110e+05
1.021952545244051613e+01 1.043610872216258940e+02 7.277739555038026253e+01 2.824666688366392364e+01 3.872998719985432690e+05
1.029806584420916415e+01 1.049406683154597033e+02 7.268871565548423064e+01 2.880199069639751031e+01 3.920831915688418085e+05
1.037660622726701654e+01 1.052178995610181573e+02 7.344836249983488585e+01 2.900490114638409622e+01 3.920005514579249430e+05
1.045514660181038380e+01 1.051924170134131487e+02 7.320443378030952886e+01 2.939641766143173029e+01 3.928509104170575738e+05
1.053368696802971982e+01 1.058949932058397110e+02 7.362976230655135623e+01 2.984191634077397737e+01 3.943965785626334837e+05
1.061222732610984210e+01 1.064428537332147755e+02 7.392704408581352027e+01 3.023942720396067330e+01 3.990776076095851022e+05
1.069076767623013779e+01 1.066731871339232640e+02 7.378467170645065210e+01 3.059838134761743689e+01 4.006970529818574432e+05
1.076930801856475739e+01 1.069024369467751256e+02 7.406848930231434736e+01 3.078329220461842297e+01 4.017757943554187659e+05
1.084784835328281005e+01 1.075488489518582611e+02 7.409489044813904002e+01 3.139762909898623633e+01 4.047242102566924877e+05
1.092638868054854306e+01 1.072941795498585122e+02 7.427170321816015530e+01 3.150198039412659767e+01 4.036621731531131081e+05
1.100492900052151413e+01 1.079282566903366529e+02 7.463799518485649287e+01 3.200421747885998514e+01 4.069858360153037356e+05
1.108346931335675833e+01 1.080637257831645002e+02 7.487119911178432119e+01 3.233398728789573084e+01 4.090120530618323246e+05
1.116200961920494805e+01 1.084281142422905759e+02 7.460874945894737209e+01 3.289281166047319260e+01 4.104883506857228931e+05
1.124054991821254212e+01 1.085429763191682326e+02 7.503241113604633483e+01 3.338060055623604683e+01 4.118876440902007162e+05
1.131909021052193687e+01 1.089946175899624592e+02 7.509414249014807297e+01 3.363566078801285641e+01 4.141747468490637839e+05
1.139763049627160285e+01 1.092280405930913361e+02 7.522276002841167042e+01 3.400388840609853247e+01 4.161940868212223868e+05
1.147617077559622167e+01 1.094163133487707285e+02 7.531183966512958250e+01 3.457577128140450640e+01 4.185633485654288670e+05
1.155471104862680853e+01 1.100366096382165324e+02 7.575707892845620961e+01 3.474321162095973392e+01 4.194725633046001312e+05
1.163325131549084368e+01 1.096461285470265636e+02 7.535778857156304866e+01 3.514279695557885219e+01 4.193659127351849456e+05
1.171179157631238787e+01 1.101324371711155123e+02 7.557518565927693999e+01 3.557527879513310154e+01 4.221419470320993569e+05
1.179033183121219608e+01 1.107566827642414324e+02 7.610647808459751218e+01 3.589327472623254778e+01 4.242263616629170720e+05
1.186887208030782759e+01 1.105289441876294063e+02 7.588052140775606347e+01 3.632878739398410772e+01 4.254661234659618349e+05
1.194741232371374728e+01 1.111715022528475458e+02 7.598026599788475721e+01 3.690620405476179400e+01 4.291000186950974166e+05
1.202595256154143222e+01 1.108673831416803921e+02 7.615730623167917201e+01 3.711824361242770465e+01 4.281093133043179987e+05
1.210449279389946753e+01 1.115682688177099919e+02 7.628203431695675363e+01 3.769072504067717944e+01 4.320329915430310066e+05
1.218303302089363527e+01 1.115134409264839519e+02 7.646895597767090180e+01 3.811268152038945800e+01 4.326940882595448056e+05
1.226157324262700676e+01 1.124542652345091511e+02 7.681663318326620526e+01 3.862911717693769020e+01 4.361925204105417361e+05
1.234011345920003322e+01 1.120137602482818266e+02 7.649880860854237596e+01 3.902106385010365841e+01 4.360731855251882225e+05
1.241865367071062565e+01 1.126002818350017378e+02 7.717438739877094633e+01 3.945893331766384904e+01 4.378551632197481231e+05
1.249719387725422415e+01 1.127746145155383601e+02 7.696735002860108921e+01 4.004388081128731613e+01 4.401413202486571390e+05
1.257573407892389383e+01 1.128521205154218165e+02 7.689551578909301099e+01 4.024612221607925022e+01 4.421857387511358829e+05
1.265427427581038877e+01 1.131566827734227871e+02 7.709672412488610860e+01 4.075675735288841395e+01 4.424420458112335182e+05
1.273281446800221772e+01 1.135451319488316528e+02 7.728143088751427570e+01 4.134789910171483029e+01 4.455535320205452736e+05
1.281135465558572584e+01 1.133112285366140952e+02 7.729316723388313903e+01 4.158504821026459553e+01 4.465737317787939101e+05
1.288989483864514796e+01 1.139991029767079453e+02 7.780803466099585819e+01 4.202702610549722095e+01 4.489288442518532393e+05
1.296843501726268322e+01 1.139522081884440752e+02 7.773008037840425288e+01 4.263324684893674998e+01 4.498834051035064622e+05
1.304697519151855190e+01 1.137096983016540435e+02 7.770137643567068153e+01 4.300805666500136937e+01 4.498144125949566369e+05
1.312551536149104692e+01 1.143861139987594271e+02 7.768222884315392207e+01 4.350828816288703393e+01 4.553393605761848157e+05
1.320405552725660492e+01 1.141954610280019295e+02 7.787418332335668936e+01 4.393283596280591752e+01 4.535575896764589124e+05
1.328259568888985243e+01 1.146833014329283174e+02 7.802653031204667400e+01 4.433861546439909063e+01 4.577191007683773641e+05
1.336113584646366270e+01 1.152284788608569244e+02 7.820188740115114001e+01 4.493017127331883387e+01 4.590974818671417306e+05
1.343967600004920548e+01 1.149234227696922517e+02 7.810419632795850475e+01 4.514536145449848448e+01 4.595794411033483339e+05
1.351821614971599317e+01 1.153390180920330721e+02 7.857646733363272062e+01 4.576795474904809424e+01 4.613161196411806741e+05
1.359675629553193588e+01 1.155006180079493419e+02 7.887165997569513820e+01 4.621427989386918256e+01 4.627481576745940838e+05
1.367529643756338231e+01 1.159092719159996676e+02 7.878412881387137645e+01 4.668872557068036144e+01 4.658853530196735519e+05
1.375383657587516595e+01 1.157340113159031318e+02 7.890129642999815474e+01 4.705439703683703101e+01 4.649415174487174372e+05
1.383237671053064766e+01 1.157478272319465304e+02 7.856808093991037367e+01 4.770757635810163322e+01 4.669449772602193407e+05
1.391091684159175834e+01 1.160484428431508945e+02 7.897374581531875037e+01 4.813367328278107493e+01 4.697352704250933020e+05
1.398945696911903269e+01 1.164402002001768608e+02 7.927064417414705133e+01 4.861026034688848796e+01 4.727497569841796649e+05
1.406799709317166069e+01 1.165047821883201777e+02 7.932881860318980216e+01 4.905683197251925520e+01 4.723081152040192974e+05
1.414653721380751428e+01 1.170458236817240305e+02 7.962578702586166912e+01 4.981810396042619971e+01 4.761380891465494642e+05
1.422507733108318817e+01 1.171412800637536691e+02 7.967808478406871586e+01 5.014333497402338935e+01 4.784780997137443046e+05
1.430361744505403543e+01 1.171737657293444670e+02 7.944350307406202205e+01 5.060947216522372116e+01 4.789210604566258844e+05
1.438215755577419586e+01 1.173277330902816118e+02 7.960456117357333028e+01 5.087726438491146297e+01 4.806808056736947619e+05
1.446069766329663686e+01 1.176944097912151506e+02 7.988604346114404109e+01 5.154754551140431573e+01 4.828077379389927955e+05
1.453923776767318010e+01 1.179281539565317729e+02 8.010698694837572020e+01 5.204620489233687408e+01 4.844777586843374302e+05
1.461777786895453346e+01 1.179770078670416780e+02 8.012765463766669427e+01 5.265098143333315761e+01 4.856415335985688143e+05
1.469631796719032302e+01 1.181543076458005288e+02 8.016029492894202235e+01 5.308063105851198316e+01 4.878618158414553036e+05
1.477485806242911437e+01 1.183862623164803836e+02 8.046694126324067042e+01 5.378577203241127336e+01 4.889087180572775542e+05
1.485339815471844993e+01 1.185099368609501198e+02 8.056934321867132098e+01 5.420332643105204085e+01 4.910977680508021149e+05
1.493193824410487203e+01 1.185026802562632895e+02 8.067936233057928064e+01 5.459377319158426900e+01 4.926717822478812886e+05
1.501047833063394421e+01 1.188560340710465368e+02 8.085557983463199605e+01 5.505515637931444672e+01 4.945377992533873767e+05
1.508901841435028857e+01 1.186834585101012891e+02 8.081347546277592642e+01 5.554764815364362107e+01 4.955312411476199050e+05
1.516755849529759992e+01 1.193485620074345093e+02 8.129795777684709890e+01 5.616997236321642362e+01 4.975586126603631419e+05
1.524609857351867070e+01 1.192830418661556848e+02 8.123694985040933148e+01 5.675595747626640986e+01 4.991881428649594309e+05
1.532463864905541762e+01 1.194275369950127725e+02 8.110586307427180941e+01 5.744429347530834917e+01 5.013340952398962690e+05
1.540317872194890292e+01 1.198033038505488577e+02 8.118995242864929196e+01 5.802395252526375202e+01 5.046234229525948176e+05
1.548171879223935399e+01 1.200900442152399563e+02 8.192352828652305163e+01 5.846034804900419601e+01 5.068141500394367613e+05
1.556025885996618996e+01 1.201807047096287562e+02 8.160835200610056006e+01 5.911457100369523232e+01 5.080697571348799393e+05
1.563879892516803238e+01 1.203069583983108402e+02 8.185313557446802690e+01 5.950892051261774185e+01 5.087671714898280334e+05
1.571733898788273187e+01 1.204639974413807408e+02 8.207895069176657898e+01 5.998264845459539174e+01 5.113696650596113759e+05
1.579587904814739119e+01 1.207453635648648884e+02 8.209579026896059872e+01 6.073830171480513940e+01 5.132341485577343265e+05
1.587441910599837769e+01 1.207935785877947694e+02 8.205449262329744897e+01 6.134231858513615521e+01 5.149513004737916635e+05
1.595295916147133575e+01 1.216171567053267921e+02 8.279748746839928231e+01 6.193734595582267133e+01 5.185762425052642939e+05
1.603149921460121874e+01 1.213473412490407952e+02 8.242248853472140979e+01 6.244294395385557550e+01 5.192412699921473977e+05
1.611003926542229436e+01 1.214761981399264528e+02 8.284270905098715332e+01 6.323443042871061692e+01 5.208209277468312648e+05
1.618857931396816596e+01 1.219153387708456791e+02 8.290380984798656527e+01 6.377566732863948573e+01 5.247256181851400761e+05
1.626711936027179561e+01 1.220669162853484551e+02 8.303800917018922689e+01 6.410162100850556044e+01 5.261701122229457833e+05
1.634565940436549525e+01 1.220647619894777449e+02 8.304818130307624813e+01 6.483945281097216196e+01 5.275194443801983725e+05
1.642419944628097639e+01 1.222804860402298317e+02 8.311952814782176802e+01 6.518576133672695505e+01 5.295134073365998920e+05
1.650273948604932883e+01 1.224607736767163999e+02 8.338502604087332770e+01 6.573884163755667487e+01 5.302457809682702646e+05
1.658127952370107394e+01 1.226089948055325465e+02 8.378323856706617789e+01 6.660315408705162099e+01 5.329626607339773327e+05
1.665981955926614333e+01 1.228682724977886807e+02 8.384565491824476169e+01 6.723852488509388081e+01 5.346652725893475581e+05
1.673835959277390728e+01 1.233158816400264044e+02 8.432989735975104395e+01 6.801216298617330835e+01 5.392199710319645237e+05
1.681689962425318896e+01 1.234176766521421342e+02 8.425014855629267174e+01 6.858119247840254218e+01 5.411055691688307561e+05
1.689543965373228218e+01 1.241469280684968197e+02 8.482145633726558742e+01 6.934152219293768837e+01 5.434539480236261152e+05
1.697397968123895495e+01 1.235332848904359935e+02 8.478137414898439772e+01 6.973743765167127151e+01 5.432723182861866662e+05
1.705251970680045304e+01 1.243214505109386181e+02 8.500679464365930471e+01 7.032826460003215630e+01 5.470686378457746468e+05
1.713105973044353902e+01 1.240622184472371572e+02 8.486173648204588460e+01 7.099685968315316131e+01 5.481360823918556562e+05
1.720959975219447102e+01 1.246672596142945650e+02 8.552911120059174266e+01 7.159159726664162804e+01 5.511942727091939887e+05
1.728813977207903463e+01 1.248118415949448377e+02 8.582893510807818416e+01 7.226941408300483261e+01 5.534625715165339643e+05
1.736667979012256424e+01 1.252519851625263385e+02 8.602505345780086543e+01 7.304057824704473489e+01 5.557756062436187640e+05
1.744521980634991110e+01 1.257193476213287937e+02 8.608617634147999809e+01 7.359361393715212785e+01 5.593471393973455997e+05
1.752375982078550365e+01 1.255567376006083578e+02 8.616169731849105062e+01 7.423475053756054365e+01 5.608447035463192733e+05
1.760229983345331917e+01 1.261868457533817178e+02 8.656565205098112870e+01 7.500247493802011434e+01 5.633745210963186109e+05
1.768083984437692635e+01 1.262758898039535751e+02 8.684608811016545360e+01 7.560076188920572804e+01 5.666065212943357183e+05
1.775937985357945692e+01 1.268696492030916119e+02 8.735483219403486999e+01 7.624487297138024644e+01 5.693633348234539153e+05
1.783791986108364824e+01 1.265368883024629270e+02 8.727102196672819900e+01 7.692333803156866168e+01 5.706653031314763939e+05
1.791645986691183268e+01 1.274654550481198640e+02 8.766733443201994191e+01 7.812773287847862491e+01 5.748215449624590110e+05
1.799499987108595889e+01 1.273685448767313630e+02 8.788664227975068854e+01 7.831049171724147584e+01 5.754652246827334166e+05
1.807353987362759185e+01 1.279600346977560861e+02 8.819324359011595504e+01 7.912608622381871726e+01 5.803765691972874338e+05
1.815207987455791638e+01 1.281802779895060382e+02 8.853994881529179395e+01 7.993658891588017923e+01 5.823566092758737504e+05
1.823061987389775851e+01 1.283438989690467338e+02 8.869226865567530638e+01 8.086923660827937965e+01 5.854720807505523553e+05
1.830915987166758541e+01 1.286799134063059284e+02 8.912483325387604793e+01 8.118629420182543299e+01 5.866381215493221534e+05
1.838769986788751964e+01 1.292865396727318625e+02 8.950041090901201812e+01 8.201301815243424187e+01 5.896282959835553775e+05
1.846623986257733563e+01 1.301333059300040134e+02 8.981985837971558340e+01 8.291650902895479192e+01 5.949547992845344124e+05
1.854477985575647381e+01 1.304564451285144742e+02 9.026016713093592614e+01 8.348919978293130839e+01 5.980601746030617505e+05
1.862331984744404423e+01 1.302283008224873981e+02 9.046278591960513893e+01 8.438560164229640748e+01 5.994191067847167142e+05
1.870185983765884075e+01 1.305851912737595057e+02 9.056307205559413376e+01 8.531111984314080132e+01 6.022528273093884345e+05
1.878039982641934458e+01 1.313441620311812983e+02 9.135369255597572646e+01 8.597588683130352649e+01 6.067042351051709848e+05
1.885893981374372075e+01 1.314937480320747909e+02 9.155727957467330214e+01 8.675380207183476955e+01 6.086375545224426314e+05
1.893747979964983941e+01 1.321919302143520554e+02 9.197738680129714339e+01 8.760458190442227533e+01 6.135901721890184563e+05
1.901601978415527228e+01 1.323467595482207457e+02 9.241316746856101361e+01 8.819992749975409652e+01 6.149183984001027420e+05
1.909455976727730331e+01 1.326824856652945073e+02 9.265547149684547890e+01 8.889791938008323768e+01 6.179592787079050904e+05
1.917309974903293579e+01 1.333040754122997384e+02 9.292456999812513629e+01 8.962786595435468939e+01 6.211227934745891253e+05
1.925163972943889235e+01 1.340873239285844249e+02 9.318254460041563902e+01 9.095791928548653971e+01 6.272522823907861020e+05
1.933017970851161849e+01 1.347296952338052449e+02 9.398415940281685721e+01 9.170714980924877580e+01 6.299295835981921991e+05
1.940871968626730748e+01 1.348579470019969904e+02 9.427445021823680804e+01 9.234789743537690754e+01 6.325175603739807848e+05
1.948725966272188259e+01 1.356971032183999171e+02 9.449630833125013396e+01 9.338144842261213796e+01 6.368578699095348129e+05
1.956579963789100773e+01 1.359920041605540746e+02 9.524095160023692586e+01 9.400745431359425197e+01 6.396747774076049682e+05
1.964433961179010524e+01 1.366313897777294528e+02 9.569022970647240811e+01 9.478262152552751729e+01 6.450450713635068387e+05
1.972287958443434519e+01 1.372151830945538791e+02 9.595632858504036733e+01 9.566308938307331289e+01 6.479242155775338179e+05
1.980141955583865965e+01 1.381784861191699463e+02 9.654279735386542427e+01 9.684539006860694599e+01 6.544199963341242401e+05
1.987995952601774619e+01 1.383195887416171388e+02 9.692972413529970765e+01 9.740390915079790091e+01 6.554252882972114021e+05
1.995849949498606790e+01 1.386262043265139710e+02 9.753816655795624513e+01 9.855655193015998350e+01 6.587351296629089629e+05
2.003703946275786052e+01 1.396757508429982408e+02 9.810477317175404721e+01 9.911758022012391223e+01 6.636918510365072871e+05
2.011557942934713950e+01 1.399363757425770416e+02 9.864655838566578439e+01 9.995929099057977396e+01 6.687756311940444866e+05
2.019411939476770712e+01 1.401083856150783618e+02 9.904390656565051643e+01 1.010845610332201829e+02 6.703245909653858980e+05
2.027265935903314542e+01 1.407408307103482912e+02 9.886588043710543161e+01 1.018184102584292390e+02 6.740587314216843806e+05
2.035119932215682326e+01 1.406022021019491319e+02 9.912461946929319367e+01 1.026032265317869729e+02 6.756411193223963492e+05
2.042973928415191054e+01 1.410877435897279497e+02 9.944179441241607265e+01 1.034994057732272950e+02 6.783525251263669925e+05
2.050827924503137467e+01 1.407472704952704987e+02 9.960141722476724624e+01 1.037795284286478932e+02 6.799517965638237074e+05
2.058681920480798766e+01 1.411940991453933805e+02 9.996075266534138848e+01 1.048772297350429170e+02 6.839761422383699100e+05
2.066535916349431901e+01 1.410604876464990696e+02 9.992664834891041892e+01 1.056348622442123713e+02 6.835727671301742084e+05
2.074389912110275347e+01 1.412336642533380484e+02 1.002022799551551770e+02 1.064818503911189680e+02 6.869069120280705392e+05
2.082243907764548752e+01 1.416806169946766829e+02 1.005718749020971785e+02 1.073831536437724310e+02 6.902486099457007367e+05
2.090097903313453642e+01 1.417187723171882396e+02 1.009237775876583356e+02 1.078080059913911839e+02 6.933633656576232752e+05
2.097951898758173783e+01 1.419649167683263329e+02 1.011082425083350529e+02 1.091265894745341285e+02 6.944778073114372091e+05
2.105805894099874109e+01 1.417398740649230433e+02 1.013457463788872133e+02 1.099757134968634205e+02 6.952511186544863740e+05
2.113659889339703568e+01 1.418672250987808638e+02 1.013640564378669495e+02 1.108063298329816178e+02 6.976527308934023604e+05
2.121513884478793344e+01 1.423282373554887670e+02 1.017501111797338496e+02 1.116305691313411046e+02 7.030669402589942329e+05
2.129367879518258277e+01 1.421958782485982908e+02 1.024295939659807289e+02 1.125973449306260221e+02 7.026207554375276668e+05
2.137221874459196869e+01 1.428511711714599244e+02 1.022082170017903593e+02 1.132284394600261663e+02 7.073269717188802315e+05
2.145075869302691274e+01 1.426984796014732808e+02 1.026506219088733474e+02 1.141568840634969888e+02 7.085615621623956831e+05
2.152929864049807307e+01 1.426619338215291179e+02 1.026930954741266078e+02 1.149166949376152616e+02 7.109854650322825182e+05
2.160783858701596571e+01 1.425666599978673617e+02 1.031762730990576671e+02 1.157491316336591041e+02 7.114206923184021143e+05
2.168637853259094683e+01 1.434882017476034548e+02 1.034379736647610031e+02 1.168169366351728229e+02 7.169778988239880418e+05
2.176491847723321982e+01 1.432915845543229807e+02 1.035420162213905542e+02 1.176912760564323150e+02 7.186290838414503960e+05
2.184345842095285306e+01 1.431462884384608572e+02 1.039712364692742739e+02 1.184186076364547375e+02 7.199504591426807456e+05
2.192199836375975508e+01 1.440672188228580239e+02 1.042583413147241487e+02 1.190567986572451531e+02 7.254778036495042033e+05
2.200053830566371005e+01 1.437518841378972922e+02 1.047050498625568480e+02 1.199007403312102866e+02 7.277667672583437525e+05
2.207907824667434582e+01 1.436285671695293047e+02 1.046417774991727327e+02 1.206608652505484116e+02 7.273638744452077663e+05
2.215761818680116590e+01 1.442456847417794563e+02 1.048957398648598911e+02 1.221467516360453374e+02 7.328476542234639637e+05
2.223615812605353526e+01 1.446472010848163450e+02 1.054312303485433375e+02 1.229571415343997245e+02 7.373229847746111918e+05
2.231469806444068738e+01 1.439168200810812266e+02 1.055102757957481714e+02 1.232488765836642415e+02 7.362315816475176252e+05
2.239323800197172432e+01 1.445994168032823950e+02 1.062855353351699534e+02 1.244501425759680444e+02 7.390403381524152355e+05
2.247177793865562023e+01 1.450892756051754020e+02 1.061896124465027782e+02 1.253674034570841940e+02 7.427064140348151559e+05
2.255031787450123204e+01 1.450954811651291720e+02 1.065958422824410547e+02 1.263746936974848296e+02 7.450048269567592070e+05
2.262885780951728165e+01 1.448317593252184565e+02 1.069565085214982787e+02 1.271634562044054917e+02 7.450675689973325934e+05
2.270739774371238440e+01 1.454499181025686028e+02 1.074271532749575613e+02 1.280565841689046351e+02 7.492519399281028891e+05
2.278593767709502771e+01 1.458902761573871487e+02 1.074813167726697571e+02 1.292177233915706438e+02 7.544346160544810118e+05
2.286447760967358178e+01 1.457464975485148670e+02 1.079376683335977845e+02 1.303146038803147064e+02 7.560308029380779481e+05
2.294301754145629957e+01 1.461021476237343393e+02 1.082285072747785506e+02 1.310360714841526146e+02 7.585175340342990821e+05
2.302155747245133455e+01 1.465606854034510320e+02 1.088428894395510014e+02 1.315439615265961208e+02 7.627767933026577812e+05
2.310009740266672296e+01 1.465201029814152491e+02 1.089125054574740972e+02 1.326070605932106048e+02 7.658678985972123919e+05
2.317863733211038380e+01 1.467034388433017966e+02 1.092792475951635254e+02 1.338404761586770064e+02 7.678587957890321268e+05
2.325717726079013303e+01 1.465092561865441212e+02 1.098692858975472149e+02 1.346471472087429220e+02 7.684525834988767747e+05
2.333571718871368716e+01 1.473395240855677457e+02 1.099464510328587750e+02 1.358811097131506926e+02 7.745345944700915134e+05
2.341425711588865965e+01 1.475691407770408716e+02 1.104549932467521671e+02 1.371766785385632090e+02 7.781427018270399421e+05
2.349279704232255384e+01 1.474180971823689390e+02 1.108641646557615843e+02 1.376720379845087336e+02 7.795826897098131012e+05
2.357133696802278067e+01 1.479526798593906847e+02 1.113160587165433384e+02 1.389143542535154268e+02 7.832080928933173418e+05
2.364987689299664453e+01 1.483707682477946150e+02 1.120978092501375443e+02 1.394661483571161114e+02 7.860118701389797498e+05
2.372841681725136453e+01 1.479196061289770512e+02 1.119517387513426598e+02 1.405465102243104241e+02 7.873855239386792528e+05
2.380695674079405322e+01 1.485633724180036381e+02 1.125118012118394404e+02 1.418312926104409257e+02 7.922672716921797255e+05
2.388549666363174140e+01 1.492470598000110442e+02 1.129318539457858321e+02 1.430648344439324262e+02 7.967081891696030507e+05
2.396403658577134976e+01 1.495907119744527165e+02 1.137051362924250668e+02 1.438278351383802374e+02 7.990196967079243623e+05
2.404257650721972439e+01 1.493403264001306354e+02 1.139153706700712831e+02 1.452261508885729313e+02 8.013653136772005819e+05
2.412111642798362254e+01 1.498976846373726062e+02 1.145278315549677330e+02 1.458899148106871735e+02 8.051402503133196151e+05
2.419965634806970556e+01 1.497748592729539894e+02 1.143657488388176517e+02 1.471921700782742732e+02 8.084930521828178316e+05
2.427819626748454596e+01 1.508220180501469088e+02 1.149443594286340300e+02 1.479998324701269041e+02 8.129226899492393713e+05
2.435673618623464520e+01 1.512386023400958948e+02 1.153150759579615965e+02 1.495860146247760838e+02 8.168969090465769405e+05
2.443527610432640529e+01 1.512588312495190905e+02 1.159732359285653303e+02 1.501684683581369484e+02 8.209921838938854635e+05
2.451381602176616425e+01 1.510798418373023821e+02 1.162407239557683170e+02 1.510810841482586113e+02 8.223803961792407790e+05
2.459235593856016067e+01 1.520176082199627672e+02 1.169625482853440843e+02 1.524273293344451190e+02 8.270499554865300888e+05
2.467089585471456203e+01 1.516670700839336519e+02 1.174749628663190890e+02 1.538394140266962893e+02 8.291540428849160671e+05
2.474943577023546126e+01 1.523266260110811459e+02 1.179086808993889690e+02 1.550469648194487036e+02 8.340710430356737925e+05
2.482797568512887310e+01 1.529564346949995297e+02 1.181886674383647602e+02 1.556006246213547684e+02 8.399473241143970517e+05
2.490651559940072346e+01 1.535065209441442562e+02 1.185847415117362402e+02 1.565843166242706275e+02 8.437852201717310818e+05
2.498505551305688144e+01 1.534960675920557094e+02 1.191789514219418180e+02 1.577294771603271784e+02 8.463965078050019220e+05
2.506359542610313440e+01 1.538947931947345751e+02 1.197076271067275997e+02 1.589738444596240470e+02 8.504156040845990647e+05
2.514213533854519511e+01 1.543450634538959605e+02 1.203350546626840440e+02 1.598592856737705574e+02 8.524210229343774263e+05
2.522067525038871239e+01 1.549861878920057165e+02 1.211849719409504331e+02 1.616194888932788274e+02 8.580579093813874060e+05
2.529921516163925688e+01 1.548578075092293602e+02 1.214629675109205635e+02 1.624164824529455586e+02 8.606450869816102786e+05
2.537775507230233529e+01 1.553516144078961077e+02 1.220734712409692690e+02 1.634765440158280114e+02 8.638716308292596368e+05
2.545629498238338684e+01 1.554577290132008898e+02 1.224055959770576152e+02 1.644954088941929058e+02 8.671247232892971952e+05
2.553483489188777966e+01 1.570222190016729940e+02 1.231196104368391531e+02 1.663230925212702402e+02 8.770593806077381596e+05
2.561337480082082152e+01 1.565010335964685737e+02 1.235132181271246026e+02 1.665425570865973839e+02 8.763293475617532386e+05
2.569191470918774911e+01 1.568648070540080539e+02 1.239394899569966952e+02 1.681889039565437827e+02 8.797541804551555542e+05
2.577045461699373874e+01 1.575262721178814047e+02 1.242888675605811670e+02 1.696188200901213463e+02 8.864913732224093983e+05
2.584899452424390631e+01 1.587621310941028128e+02 1.253215527733014341e+02 1.706665688769336384e+02 8.930504775482441764e+05
2.592753443094329668e+01 1.582175302275300339e+02 1.257960662402595631e+02 1.716222140009848260e+02 8.917185036389165325e+05
2.600607433709690852e+01 1.589572608498089892e+02 1.262943462868456379e+02 1.735229123380250940e+02 9.002162455858187750e+05
2.608461424270966944e+01 1.585486137770126618e+02 1.266207373522979083e+02 1.745988414811819212e+02 9.021621750119292410e+05
2.616315414778644310e+01 1.599332620592437024e+02 1.276104135978057741e+02 1.754911360157856564e+02 9.074168340097605251e+05
2.624169405233205055e+01 1.595400534208168040e+02 1.280487545852843425e+02 1.767010337598014473e+02 9.078463958847238682e+05
2.632023395635124174e+01 1.602452219346223217e+02 1.288378052138895384e+02 1.781577100047693989e+02 9.139174630689825863e+05
2.639877385984871694e+01 1.611695327008619358e+02 1.286135789467006703e+02 1.791317986243535074e+02 9.211117151873867260e+05
2.647731376282911953e+01 1.616424814175350946e+02 1.295331447838862005e+02 1.806541437790454552e+02 9.278371202684912132e+05
2.655585366529703606e+01 1.616886949550005284e+02 1.297880596777974347e+02 1.812967313340310795e+02 9.299110523882288253e+05
2.663439356725699980e+01 1.627274108502285230e+02 1.309886773818397785e+02 1.828101934256348500e+02 9.310343350221758010e+05
2.671293346871349428e+01 1.623251349664996326e+02 1.314412865274298667e+02 1.840104953969029964e+02 9.355209381296314532e+05
2.679147336967094617e+01 1.633557861702975913e+02 1.317166278058332693e+02 1.855807697501394387e+02 9.406963425924074836e+05
2.687001327013372531e+01 1.639317548134916933e+02 1.325006000953772798e+02 1.864642892296573677e+02 9.458103218864779919e+05
2.694855317010616602e+01 1.640262566485748152e+02 1.328430575470321173e+02 1.879076095208531569e+02 9.474685583892497234e+05
2.702709306959254221e+01 1.653459662503855441e+02 1.344769710192078378e+02 1.895202550222379614e+02 9.540682968294876628e+05
2.710563296859707094e+01 1.655394745578184370e+02 1.346228737930783552e+02 1.909879294846078324e+02 9.563134737378800055e+05
2.718417286712393377e+01 1.658670829325869818e+02 1.354824726421991556e+02 1.925278678344823220e+02 9.678989671649410157e+05
2.726271276517725894e+01 1.661019169924295511e+02 1.359203182069640548e+02 1.926882419619520022e+02 9.684315631153151626e+05
2.734125266276112498e+01 1.663177531254270036e+02 1.359229074377686857e+02 1.944666504154860718e+02 9.721061290649974253e+05
2.741979255987956776e+01 1.669736980516130984e+02 1.373203810090078605e+02 1.962626005469877271e+02 9.771653121836802457e+05
2.749833245653658054e+01 1.667615700611498255e+02 1.370359454759182256e+02 1.968426062705247830e+02 9.760167863242460880e+05
2.757687235273609616e+01 1.670990580080096777e+02 1.384636257597370843e+02 1.986305522425987249e+02 9.797707001545311650e+05
2.765541224848202262e+01 1.673823262623485562e+02 1.383255855567417996e+02 1.992190113457433824e+02 9.860837233256035252e+05
2.773395214377820395e+01 1.680721595194386566e+02 1.396120878342935612e+02 2.001978557174410014e+02 9.877339444264551857e+05
2.781249203862845576e+01 1.685899000883323140e+02 1.388315084474987486e+02 2.014899277785789593e+02 9.962223959492088761e+05
2.789103193303654038e+01 1.685399187322182684e+02 1.396133063250438795e+02 2.034877019647843781e+02 1.000358951314089703e+06
2.796957182700618816e+01 1.686881006997772658e+02 1.402744060997230804e+02 2.040364170064351867e+02 1.000139380638828501e+06
2.804811172054107615e+01 1.686993182250257632e+02 1.405813482851793594e+02 2.063808828336385943e+02 1.001098583413713728e+06
2.812665161364485655e+01 1.705887759064979718e+02 1.417105744437492092e+02 2.071823964657148451e+02 1.010975230689522345e+06
2.820519150632112115e+01 1.689819727216815011e+02 1.421868148537814989e+02 2.086439275918384055e+02 1.010437637140968814e+06
2.828373139857343332e+01 1.699532647191368255e+02 1.427760062315712162e+02 2.105319873550164118e+02 1.014337740767522366e+06
2.836227129040531736e+01 1.688941546154900095e+02 1.422557602381237132e+02 2.108956220342201391e+02 1.014004893546616309e+06
2.844081118182025847e+01 1.694395389726774113e+02 1.428530714587383557e+02 2.106411408024276568e+02 1.015945076321466593e+06
2.851935107282169923e+01 1.693745010487618572e+02 1.432950722427556514e+02 2.122001800591835661e+02 1.018696996108550346e+06
2.859789096341304315e+01 1.696779021955148892e+02 1.441575404332030530e+02 2.141896575207237277e+02 1.021240537061408279e+06
2.867643085359765820e+01 1.687920478713631951e+02 1.434029160838167343e+02 2.144345286190733191e+02 1.020045352574006421e+06
2.875497074337888392e+01 1.689972567939789769e+02 1.440943640556808418e+02 2.150576436031456069e+02 1.024812488951555570e+06
2.883351063276001369e+01 1.691694492542261798e+02 1.456677289584837922e+02 2.171544988874768762e+02 1.030574845621768152e+06
2.891205052174430890e+01 1.697590169709507109e+02 1.463603839090618237e+02 2.191883143823330613e+02 1.034497462306191330e+06
2.899059041033499184e+01 1.703374615543432924e+02 1.469924608633897094e+02 2.205015973321389140e+02 1.041514178235852742e+06
2.906913029853525643e+01 1.709215261609236052e+02 1.466728016726251269e+02 2.219821942205946357e+02 1.053441957335682353e+06
2.914767018634825746e+01 1.708517381041095575e+02 1.472290212959613029e+02 2.229767549536296656e+02 1.052558432855040533e+06
2.922621007377712132e+01 1.705998623606609215e+02 1.496840167500821224e+02 2.256724735412209952e+02 1.054184907748155063e+06
2.930474996082492822e+01 1.714380801707778517e+02 1.480212649368169480e+02 2.275175948959403627e+02 1.058419054244851461e+06
2.938328984749474060e+01 1.711866884702996003e+02 1.497175003667824456e+02 2.277085876053456275e+02 1.067002770380536793e+06
2.946182973378957826e+01 1.713116236336234977e+02 1.492925846278834854e+02 2.283635580260473148e+02 1.070775250263184076e+06
2.954036961971243258e+01 1.728621230314482773e+02 1.500299983334012381e+02 2.310099800096976708e+02 1.075000232515686424e+06
2.961890950526625943e+01 1.726865169748374456e+02 1.507122575018915143e+02 2.325205269468157780e+02 1.075495705230275402e+06
2.969744939045398979e+01 1.724522068925654423e+02 1.505957703886323600e+02 2.327723347880243523e+02 1.080440861749759642e+06
2.977598927527852268e+01 1.723160173106050763e+02 1.527089537767987224e+02 2.343515149842331198e+02 1.084641035898524104e+06
2.985452915974272159e+01 1.723339888301943859e+02 1.534937345367405612e+02 2.371211545602361923e+02 1.087728577764717862e+06
2.993306904384942868e+01 1.740299954893192762e+02 1.540140715680423398e+02 2.378669913382282459e+02 1.095009058828526875e+06
3.001160892760143994e+01 1.753808684746898905e+02 1.541314508495797213e+02 2.398644418800671758e+02 1.112340586362398928e+06
3.009014881100154071e+01 1.755450393082431617e+02 1.549470437950190558e+02 2.411034800296634444e+02 1.106924578748134663e+06
3.016868869405248077e+01 1.747468855520068871e+02 1.553566027425547702e+02 2.394271926816805944e+02 1.107248832189976936e+06
3.024722857675697441e+01 1.758616855938920196e+02 1.563124979401512178e+02 2.433083370613813941e+02 1.117875314264489105e+06
3.032576845911771457e+01 1.784056022034355067e+02 1.580899958534715779e+02 2.453642473683562173e+02 1.134157953516991576e+06
3.040430834113736580e+01 1.776775601965411795e+02 1.587404057243345505e+02 2.477901009781583355e+02 1.140669351704016095e+06
3.048284822281856421e+01 1.773338970189992381e+02 1.571656995192034003e+02 2.502187392831383761e+02 1.138396849805826554e+06
3.056138810416392460e+01 1.767214598376610581e+02 1.601615633577158064e+02 2.492410725043738466e+02 1.139934494478164706e+06
3.063992798517602267e+01 1.789165437721184162e+02 1.606102834561160932e+02 2.538603061626339752e+02 1.159567678927681409e+06
3.071846786585741640e+01 1.809516627508569400e+02 1.621495489174290014e+02 2.557731495218953057e+02 1.170734100938877091e+06
3.079700774621063886e+01 1.806856080736789067e+02 1.617379777381123631e+02 2.559293953376819388e+02 1.161349530370773515e+06
3.087554762623818760e+01 1.802870291827165943e+02 1.635122408795634499e+02 2.574626482383238226e+02 1.155895970292983809e+06
3.095408750594254599e+01 1.784862316597424581e+02 1.632312034002480630e+02 2.590885103111399985e+02 1.170799805726086022e+06
3.103262738532617249e+01 1.830719053866407080e+02 1.660912534450947078e+02 2.606182822274324167e+02 1.190385706656423630e+06
3.111116726439149005e+01 1.827096607519203815e+02 1.653891775377270221e+02 2.613119040427715731e+02 1.183598327576225623e+06
3.118970714314090387e+01 1.816297363687658333e+02 1.665036632325691244e+02 2.608991573868082128e+02 1.178182434569103643e+06
3.126824702157679781e+01 1.844133468359154904e+02 1.668729072403795897e+02 2.659976609272728183e+02 1.202173282547197770e+06
3.134678689970152377e+01 1.835033068660934248e+02 1.685950122407103891e+02 2.678290122641345192e+02 1.209379620502423029e+06
3.142532677751741588e+01 1.861717674439872496e+02 1.665143815084501568e+02 2.656591233169772863e+02 1.221723694245608989e+06
3.150386665502678696e+01 1.849714319252594237e+02 1.708329635604272312e+02 2.704172262762369314e+02 1.229999152603970142e+06
3.158240653223192140e+01 1.898390858177904761e+02 1.689489565044374899e+02 2.680517741527007729e+02 1.247178095845995005e+06
3.166094640913508229e+01 1.863025273592381552e+02 1.711930716902649010e+02 2.731610490750649092e+02 1.234797449944842141e+06
3.173948628573851494e+01 1.884256627974726825e+02 1.710575021843012848e+02 2.722456116504903889e+02 1.249593406961155590e+06
3.181802616204443623e+01 1.904282533937754067e+02 1.732888599303719275e+02 2.788936018800487204e+02 1.262477685510650510e+06
3.189656603805504531e+01 1.911596361646543869e+02 1.731643091992755217e+02 2.768207142766995617e+02 1.276333696064823540e+06
3.197510591377251998e+01 1.884877174686099011e+02 1.736960684870166745e+02 2.793419136033848531e+02 1.266360006751940120e+06
3.205364578919900964e+01 1.955368097686850888e+02 1.742106230885785010e+02 2.827456222570279465e+02 1.316972253646941157e+06
3.213218566433665302e+01 1.927141008977925480e+02 1.761986326063366732e+02 2.851923056015693874e+02 1.297903633622770198e+06
3.221072553918755688e+01 1.934409015064710218e+02 1.757266073076395401e+02 2.820817486517508996e+02 1.304755525440151803e+06
3.228926541375382442e+01 1.957172648559768504e+02 1.824844437266330033e+02 2.910802992007311900e+02 1.315201487559294095e+06
3.236780528803751622e+01 1.941526046221801494e+02 1.790147571579903456e+02 2.919191220904926922e+02 1.314084094816439552e+06
3.244634516204068575e+01 1.973368512546026636e+02 1.827124651574821712e+02 2.940305252863225292e+02 1.332643201695551630e+06
3.252488503576537227e+01 1.980247163306991354e+02 1.826500790650611918e+02 2.971540202445719387e+02 1.341901469037882052e+06
3.260342490921358660e+01 1.987908402840183442e+02 1.834511469624224276e+02 2.930634380628079043e+02 1.355433609338090755e+06
3.268196478238731828e+01 1.972032683162939861e+02 1.779767270124224012e+02 2.952196926387068743e+02 1.363099862878837623e+06
3.276050465528854261e+01 1.955828751796956340e+02 1.830079925506182974e+02 2.975412525487975586e+02 1.363570528461609734e+06
3.283904452791921358e+01 1.976527512616952720e+02 1.937318326847235141e+02 3.073473405353364569e+02 1.382074794072347926e+06
3.291758440028127097e+01 1.966605488674830440e+02 1.876772116607992871e+02 3.003404090118748400e+02 1.363423946148308925e+06
3.299612427237663326e+01 2.007445201863561692e+02 1.871981401395387081e+02 3.086702468904658190e+02 1.373889406057909830e+06
3.307466414420719758e+01 2.055382538895375717e+02 1.895139923980971446e+02 3.072252108739943992e+02 1.418708819463217398e+06
3.315320401577483977e+01 2.019177669769225929e+02 1.925278052206000723e+02 3.178857995558159359e+02 1.420753112502261531e+06
3.323174388708143567e+01 2.042849886749200152e+02 1.907072698723768553e+02 3.136402210224740088e+02 1.435765763774680672e+06
3.331028375812883269e+01 2.051602269186437013e+02 1.908122762691224636e+02 3.091012856696603421e+02 1.446394873519928893e+06
3.338882362891884981e+01 2.081072954444676668e+02 1.947941937230616531e+02 3.159070803286206228e+02 1.421023041061528958e+06
3.346736349945329891e+01 2.032866259055095384e+02 1.997758993341995506e+02 3.156261217807712569e+02 1.444307650183588034e+06
3.354590336973399189e+01 2.122668188168944710e+02 1.990428090960065788e+02 3.233468513393182207e+02 1.466616101597308647e+06
3.362444323976268379e+01 2.121544841530907775e+02 2.050695447038919497e+02 3.299765357726332127e+02 1.458971401713423664e+06
3.370298310954115806e+01 2.049645916394728431e+02 1.971802214203873405e+02 3.197003137674835216e+02 1.464123647649837891e+06
3.378152297907114132e+01 2.220487962947804874e+02 2.025044928420885810e+02 3.296832672655827992e+02 1.546331981810690835e+06
3.386006284835436730e+01 2.137661241349889281e+02 1.960399745507072566e+02 3.213130126588430358e+02 1.516804675680042012e+06
3.393860271739255552e+01 2.187318582959651110e+02 2.176697954163759618e+02 3.355949842581351277e+02 1.509295554691398283e+06
3.401714258618739706e+01 2.166276239697007782e+02 2.001493914122654587e+02 3.325296681381374242e+02 1.462643691084881313e+06
3.409568245474058301e+01 2.094303542277754389e+02 2.126058071912757725e+02 3.500891230006530463e+02 1.408660271804429125e+06
3.417422232305376895e+01 2.264702228670287525e+02 2.063351468670368831e+02 3.503988810648630192e+02 1.529714741781092947e+06
3.425276219112861043e+01 2.100826994313683542e+02 2.118439728241602893e+02 3.359183972391060138e+02 1.546099935114245163e+06
3.433130205896674880e+01 1.902969666854233424e+02 1.990652484773650883e+02 3.323189337699447492e+02 1.404048828239002498e+06
3.440984192656979701e+01 2.129122158099707178e+02 2.172012871889106691e+02 3.424873368873848563e+02 1.529978930646431865e+06
3.448838179393936088e+01 1.866342952979642291e+02 2.154121965799869827e+02 3.285180968808912212e+02 1.317991643103077309e+06
3.456692166107702491e+01 2.205740151972758554e+02 2.311820844049438222e+02 3.177839140382746450e+02 1.482564386107545812e+06
3.464546152798438072e+01 2.611341480279643292e+02 2.590378295335722214e+02 4.930240670877804519e+02 1.440969933234794065e+06
3.472400139466299152e+01 1.815643571547117574e+02 2.740869412609596338e+02 2.051860801497674061e+02 1.131298402169571491e+06
