# 0.9574 0.9763
7.871241428633635184e-02 9.573471089679217449e-01 7.920038349405248423e-01 8.789401143481473735e-03 1.977725333679719597e+03
1.618072713909662341e-01 3.136352126017729613e+00 2.480727224722041324e+00 4.407402818837675290e-02 7.929582145855971248e+03
2.418771330418761079e-01 4.303574411485755036e+00 3.517736438554987188e+00 5.435142221805238510e-02 1.091443424214863444e+04
3.211923215201240578e-01 7.513033894169272031e+00 5.953087260489687615e+00 1.279326242080426057e-01 2.108444319604726843e+04
4.002017901256537113e-01 1.034604277380228865e+01 8.096205274811952179e+00 1.867168418051774192e-01 3.002484676307388509e+04
4.790568272527075955e-01 9.994726507704267959e+00 8.003564711133718035e+00 2.047266168641679041e-01 2.931649815040993781e+04
5.578229290343351687e-01 1.485222568787857256e+01 1.185543337948232612e+01 2.995805074791937361e-01 4.315812975452411774e+04
6.365331115321660738e-01 1.521359887584651105e+01 1.201033542182656255e+01 3.721490815786738793e-01 4.604648724740611942e+04
7.152058371535838788e-01 1.750125751381406403e+01 1.397052430371706322e+01 4.318062924770333377e-01 5.332264825223752268e+04
7.938522421846891941e-01 1.814444555079529664e+01 1.454113900358077949e+01 4.982162933011256012e-01 5.472676991202070349e+04
8.724794443688169698e-01 1.960840210225394742e+01 1.575973944801901716e+01 5.811934046766177309e-01 6.005266868689352123e+04
9.510922062407737299e-01 2.130461969011639667e+01 1.697121567493093153e+01 6.426485141931774780e-01 6.592293510550330393e+04
1.029693835175838679e+00 2.169354930623823208e+01 1.741919562887347084e+01 7.360720786924110914e-01 6.792262310688200523e+04
1.108286699878543891e+00 2.258040382600200147e+01 1.810943381285761689e+01 8.159364956595208662e-01 7.128834715259153745e+04
1.186872541411916560e+00 2.377537268266914694e+01 1.931780535655856923e+01 8.822624341863219977e-01 7.540883938505114929e+04
1.265452668213572940e+00 2.526715136045088173e+01 2.066706749368390916e+01 9.511572957760826563e-01 7.921509943276554986e+04
1.344028082638708543e+00 2.672839615051480422e+01 2.158947463236707520e+01 1.066419281228720761e+00 8.594550915919839463e+04
1.422599565533279709e+00 2.690893749247721445e+01 2.178075768357431841e+01 1.118373385920621299e+00 8.607496905225116643e+04
1.501167734229200246e+00 2.782057472344143889e+01 2.269601116561488041e+01 1.280040619014888748e+00 9.068427304274840571e+04
1.579733083222462531e+00 2.985643804976672300e+01 2.412265668199301416e+01 1.397940451138373064e+00 9.853895727155075292e+04
1.658296013281593151e+00 3.014251333945038525e+01 2.458179703764993107e+01 1.452924580585896797e+00 9.895288182604740723e+04
1.736856852652245875e+00 3.052798577552912107e+01 2.470919632177079350e+01 1.598543792128551910e+00 1.006572822660609236e+05
1.815415872753641580e+00 3.132993985206296728e+01 2.570906519572583804e+01 1.643894623717266024e+00 1.038140750610231771e+05
1.893973299967037560e+00 3.274107930056540283e+01 2.670302568058622228e+01 1.779307531218751404e+00 1.092410621886395675e+05
1.972529324606241641e+00 3.375505500073784049e+01 2.746262977470246014e+01 1.905434242129098177e+00 1.136623034427289240e+05
2.051084107826015579e+00 3.484931079319000702e+01 2.856167199993407024e+01 2.032920639383202221e+00 1.169706606693176436e+05
2.129637787001040561e+00 3.644644769517748273e+01 2.952187879656425906e+01 2.204076489965333341e+00 1.235822580067698291e+05
2.208190479956450680e+00 3.679254600715363921e+01 2.994917629706836593e+01 2.357956679943198797e+00 1.251511353069125471e+05
2.286742288326184092e+00 3.735863933170769968e+01 3.070212096691696146e+01 2.351406242095525290e+00 1.255523705554388143e+05
2.365293300241981811e+00 3.745962020844059737e+01 3.078768538624921192e+01 2.494099834705924223e+00 1.257423510699759790e+05
2.443843592503681883e+00 3.913229879390882360e+01 3.211898150220553561e+01 2.610782510324161532e+00 1.320034493121555715e+05
2.522393232343909553e+00 4.035031449231848200e+01 3.303490564853255762e+01 2.821778124477403615e+00 1.371658616595186468e+05
2.600942278872942381e+00 4.150474327523889428e+01 3.353461750456602886e+01 2.984528729162670313e+00 1.431958094448450138e+05
2.679490784269383141e+00 4.184905604127868628e+01 3.409684715839421898e+01 3.110909240719031299e+00 1.426898016685845214e+05
2.758038794767343038e+00 4.365724631769161590e+01 3.555019428539976900e+01 3.238142334052318105e+00 1.474554215203978820e+05
2.836586351479573942e+00 4.459228703421145923e+01 3.594096308944297391e+01 3.467360644970078454e+00 1.538264748286172107e+05
2.915133491087511963e+00 4.480616173026460558e+01 3.652894705086171712e+01 3.504546051292036335e+00 1.518530432189543790e+05
2.993680246422668834e+00 4.532266469188980551e+01 3.687313411376148764e+01 3.683772960849939437e+00 1.538997430431514222e+05
3.072226646958827967e+00 4.765559768423425169e+01 3.855424587183263441e+01 3.886982450285896729e+00 1.614542612090160546e+05
3.150772719230606977e+00 4.729223270005106627e+01 3.824557443815588442e+01 4.044269406038353942e+00 1.630306324562733353e+05
3.229318487190934395e+00 4.812483096408386274e+01 3.913027623274096101e+01 4.084831786609189663e+00 1.618792574423894403e+05
3.307863972517584905e+00 4.904019862309937849e+01 3.986971844447848667e+01 4.244875581558341437e+00 1.655819015864169924e+05
3.386409194877053608e+00 5.021629447402298752e+01 4.061404845273006003e+01 4.472782778361497513e+00 1.705204124487711233e+05
3.464954172152534095e+00 5.136384456067445825e+01 4.154325365826694849e+01 4.638797586651983273e+00 1.746686164401927090e+05
3.543498920641575456e+00 5.229656676114598213e+01 4.205691970712822325e+01 4.852779740202895375e+00 1.781367710817467887e+05
3.622043455228019404e+00 5.333606046851078020e+01 4.313151011382206690e+01 4.945020829824656516e+00 1.810221592238706653e+05
3.700587789532037597e+00 5.406963430432310957e+01 4.339796685570708945e+01 5.207002388876085242e+00 1.848936060890797526e+05
3.779131936041457696e+00 5.398818569695303182e+01 4.341110179672926961e+01 5.410108805555053024e+00 1.853791156604652351e+05
3.857675906227046259e+00 5.566323064196954817e+01 4.452526679906198126e+01 5.434330090917846690e+00 1.872734321465157554e+05
3.936219710643986680e+00 5.681157364429344625e+01 4.525159902973202009e+01 5.656942023418070065e+00 1.932671406363980786e+05
4.014763359021444877e+00 5.639920039106305438e+01 4.503285728286531509e+01 5.892488345921342408e+00 1.925576641713944846e+05
4.093306860341824560e+00 5.857912773750252455e+01 4.662746118930770223e+01 6.078173142800872952e+00 1.988691723382960772e+05
4.171850222911064776e+00 5.905738335875153666e+01 4.682486455408012205e+01 6.301689058928246823e+00 1.994977181933432003e+05
4.250393454421145911e+00 5.854474224300947327e+01 4.655334670893491733e+01 6.365760771587585687e+00 1.988566327463483904e+05
4.328936562005788247e+00 6.018757935889211552e+01 4.740177172438905018e+01 6.589619329473636711e+00 2.063038439626791805e+05
4.407479552290201497e+00 6.179565509298063120e+01 4.883235414609255542e+01 6.819947483741540140e+00 2.092567534527909302e+05
4.486022431435594982e+00 6.099392019990213498e+01 4.791697587645209921e+01 7.001563887465938940e+00 2.081411098793890560e+05
4.564565205179107465e+00 6.249997711149060819e+01 4.901046318201520791e+01 7.212152791168283450e+00 2.139379519344445143e+05
4.643107878869670024e+00 6.370945120544309503e+01 4.991939152884607012e+01 7.395423435028186887e+00 2.170475024145741190e+05
4.721650457500300213e+00 6.416880544449831802e+01 5.016484457744581960e+01 7.539246196243322373e+00 2.186078241000473790e+05
4.800192945737217443e+00 6.502701202234429445e+01 5.076083903450193446e+01 7.844347014267431639e+00 2.225281768257720978e+05
4.878735347946150824e+00 6.510133586881019596e+01 5.068215179621288513e+01 8.133278129725164618e+00 2.237875845539133879e+05
4.957277668216146793e+00 6.602931737856576433e+01 5.152117604975671838e+01 8.219538288909209456e+00 2.259257030149789643e+05
5.035819910381144737e+00 6.646253138318490983e+01 5.157149709554156658e+01 8.477982084514081862e+00 2.284895399409878592e+05
5.114362078039562221e+00 6.770621808235841854e+01 5.225891267203512314e+01 8.679393994983101379e+00 2.330565814106850594e+05
5.192904174572115394e+00 6.838177375846674977e+01 5.270032481823179893e+01 8.943512041761081832e+00 2.342909855812309543e+05
5.271446203158030919e+00 6.906100784807439652e+01 5.297091996400535407e+01 9.155120437341103923e+00 2.382292834179383644e+05
5.349988166789838573e+00 6.978059269362054806e+01 5.360730974931023241e+01 9.376475644753275773e+00 2.397503909766623692e+05
5.428530068286878674e+00 7.049096565851199614e+01 5.383934089241158460e+01 9.615004995117619302e+00 2.434473013743920892e+05
5.507071910307648643e+00 7.120415703867334400e+01 5.451950333726094300e+01 9.741087754409534227e+00 2.446115093336801510e+05
5.585613695361120179e+00 7.235595090018986753e+01 5.506446204545059686e+01 1.012939300086592276e+01 2.494789914348110906e+05
5.664155425817094525e+00 7.330995548113557447e+01 5.559879347721455645e+01 1.036090696991167270e+01 2.522028496638844372e+05
5.742697103915729961e+00 7.323001864272646344e+01 5.537401469067796711e+01 1.052943581291411412e+01 2.528807616871651262e+05
5.821238731776284148e+00 7.391212187343279538e+01 5.579790099751777177e+01 1.084159741949866707e+01 2.566097748354110227e+05
5.899780311405160127e+00 7.388134862580197648e+01 5.550678905456528867e+01 1.102367125680073023e+01 2.574243103091841622e+05
5.978321844703323507e+00 7.487086739178981531e+01 5.655915281310904419e+01 1.116855509149089976e+01 2.580515675095588085e+05
6.056863333473133437e+00 7.561258783233330405e+01 5.693176329121824608e+01 1.146192886151937529e+01 2.622489026494356804e+05
6.135404779424661115e+00 7.698981758663406083e+01 5.751876651656001371e+01 1.181907323076615590e+01 2.681844382258612313e+05
6.213946184181517118e+00 7.713124128462986562e+01 5.759068127809403848e+01 1.203073219973622976e+01 2.684578685464463779e+05
6.292487549286247983e+00 7.808694526522134538e+01 5.827376188489312625e+01 1.213436142041267907e+01 2.713387320521504735e+05
6.371028876205335756e+00 7.830723775335265202e+01 5.814337892841327715e+01 1.254167198919310167e+01 2.728923511693447363e+05
6.449570166333828070e+00 7.935527100831231451e+01 5.882720783173394352e+01 1.282237046868224439e+01 2.780409439623358776e+05
6.528111420999634262e+00 8.016875446455235021e+01 5.943329376746130066e+01 1.300938554338465813e+01 2.799559946338869631e+05
6.606652641467518627e+00 8.057740806827852964e+01 5.957604822211408191e+01 1.328487236744853917e+01 2.812486792064489564e+05
6.685193828942805006e+00 8.088674956385824544e+01 5.944399473131332456e+01 1.364599721534260901e+01 2.827120879598739557e+05
6.763734984574836240e+00 8.101660941608322730e+01 5.977425332999207086e+01 1.379675382708080633e+01 2.843563027058818843e+05
6.842276109460177835e+00 8.193312321413851862e+01 5.985059697017712210e+01 1.407293979654910032e+01 2.868480613483092748e+05
6.920817204645620890e+00 8.211829469781358171e+01 6.039249379239180371e+01 1.427604837728551068e+01 2.872094110038010986e+05
6.999358271130968312e+00 8.338151227253646880e+01 6.118504329969371014e+01 1.462485974550214962e+01 2.933928574384502717e+05
7.077899309871646949e+00 8.462742803248741552e+01 6.176995990582008034e+01 1.490429916113772002e+01 2.971812955002262606e+05
7.156440321781138536e+00 8.451293769628290420e+01 6.172204242828162535e+01 1.509651510023410026e+01 2.966204480652197963e+05
7.234981307733260536e+00 8.455706360725983473e+01 6.159148525731081492e+01 1.549222661325729611e+01 2.989649711019961978e+05
7.313522268564292439e+00 8.539985624170003575e+01 6.236392199985078832e+01 1.569015680049104411e+01 3.002754918084088713e+05
7.392063205074973276e+00 8.552504069529831554e+01 6.228520586978667950e+01 1.596043558182674893e+01 3.017902921245300095e+05
7.470604118032365015e+00 8.619474583999398476e+01 6.251882135955941777e+01 1.624088181503727313e+01 3.051727325598854222e+05
7.549145008171610272e+00 8.659344971688216219e+01 6.304076756132505466e+01 1.647253655201380695e+01 3.056984902173782466e+05
7.627685876197570103e+00 8.738683905554293574e+01 6.312243518673205500e+01 1.683163037521179106e+01 3.090876293031824753e+05
7.706226722786373884e+00 8.835918053146673401e+01 6.372215766460506359e+01 1.716695943555819426e+01 3.136861221452585887e+05
7.784767548586863484e+00 8.822828430892047891e+01 6.347658594482659566e+01 1.757461102317463997e+01 3.140683414139253437e+05
7.863308354221953955e+00 8.827486221598890381e+01 6.383873889078079600e+01 1.758853208613819064e+01 3.141908003861202160e+05
7.941849140289923170e+00 8.854819717065258544e+01 6.358742750326258175e+01 1.797725918355869368e+01 3.162341553343189880e+05
8.020389907365611748e+00 9.036098085592087159e+01 6.494982545842454158e+01 1.827970031276441887e+01 3.216461243876622175e+05
8.098930656001561701e+00 9.101926934175305917e+01 6.543090074691562563e+01 1.861081231482594944e+01 3.242489428395981085e+05
8.177471386729090241e+00 9.076275618824841729e+01 6.488363785433955400e+01 1.881042653044056223e+01 3.233187379597757244e+05
8.256012100059292536e+00 9.153840015642818173e+01 6.556008512871176208e+01 1.923158776271181836e+01 3.265434005868347012e+05
8.334552796484000936e+00 9.137612726817589248e+01 6.531286604030363208e+01 1.946349812014944192e+01 3.267215106172712985e+05
8.413093476476680266e+00 9.244425438324539357e+01 6.566406571009372328e+01 1.980503296608168640e+01 3.315445434203790501e+05
8.491634140493276917e+00 9.254100437860977024e+01 6.593308443741538838e+01 2.022778726596214582e+01 3.321191061605237774e+05
8.570174788973028868e+00 9.290444146008029236e+01 6.627873546603360921e+01 2.056365508287533572e+01 3.338422584028919227e+05
8.648715422339215309e+00 9.361984449895847149e+01 6.650325524875417216e+01 2.080803535410704441e+01 3.379215000880905427e+05
8.727256040999876063e+00 9.421715165526397584e+01 6.692191901052134995e+01 2.112479008884232101e+01 3.389864904063595459e+05
8.805796645348495488e+00 9.445080017712497522e+01 6.702712192250216106e+01 2.142235267063389159e+01 3.407782293585743173e+05
8.884337235764643737e+00 9.456241613142387337e+01 6.715327999632548028e+01 2.165976694569665639e+01 3.415799236825121334e+05
8.962877812614589601e+00 9.466917406224388287e+01 6.721434545897405144e+01 2.208857557363590374e+01 3.419265105604884448e+05
9.041418376251867173e+00 9.600127346390101479e+01 6.759915417370382329e+01 2.252930855192712656e+01 3.476590553193149972e+05
9.119958927017840722e+00 9.649626545125485677e+01 6.809913667380627089e+01 2.265406147245463941e+01 3.490612408057623543e+05
9.198499465242209183e+00 9.681362468950104017e+01 6.841930684480821867e+01 2.298221725108170688e+01 3.503190167442798847e+05
9.277039991243508865e+00 9.708682930601338512e+01 6.854339543023840520e+01 2.330757746004757536e+01 3.520073388277336489e+05
9.355580505329580632e+00 9.735923465798123289e+01 6.833103118766949535e+01 2.375299954485134180e+01 3.545454141312412103e+05
9.434121007798012215e+00 9.753271704025367228e+01 6.835328861317221083e+01 2.407446262334089937e+01 3.547318305832054466e+05
9.512661498936562765e+00 9.803437026945250921e+01 6.871942616155554617e+01 2.441115502233153833e+01 3.573214654489854001e+05
9.591201979023569635e+00 9.845191522131383977e+01 6.922345361099679906e+01 2.485369698282419293e+01 3.602663820719062933e+05
9.669742448328321416e+00 9.877145478648013466e+01 6.934461027603634875e+01 2.500703801323497544e+01 3.613773257969306433e+05
9.748282907111432749e+00 9.953223955516556032e+01 6.967080825336343253e+01 2.540243371252523019e+01 3.648915582992120180e+05
9.826823355625185386e+00 9.918278984996921110e+01 6.935636715752860937e+01 2.578011160786560296e+01 3.634496197858755477e+05
9.905363794113858589e+00 9.993455065763538414e+01 6.975058973023226372e+01 2.613381402147669519e+01 3.668256163530150079e+05
9.983904222814045326e+00 1.005148615863652566e+02 7.010718415144815197e+01 2.649990999423230775e+01 3.697235502050463110e+05
1.006244464195495070e+01 1.007256120275143303e+02 7.025616809150278641e+01 2.673560377294279178e+01 3.703172253120899550e+05
1.014098505175868148e+01 1.006356671236277549e+02 7.020224721138625057e+01 2.712115258784010763e+01 3.710172865073602297e+05
1.021952545244051613e+01 1.009920151551662855e+02 7.044102554806971739e+01 2.751439972389496091e+01 3.733014146920929197e+05
1.029806584420916415e+01 1.016200687709359443e+02 7.015859152699947288e+01 2.801490648159947128e+01 3.779859561641691253e+05
1.037660622726701654e+01 1.018340246266685085e+02 7.086514774840502184e+01 2.820442754052990253e+01 3.777368535931417136e+05
1.045514660181038380e+01 1.017818609775737855e+02 7.064893396832479766e+01 2.864788300077004379e+01 3.784331086350604892e+05
1.053368696802971982e+01 1.024802804767878115e+02 7.106432639220230385e+01 2.908653774408243819e+01 3.800031905428907485e+05
1.061222732610984210e+01 1.030004594605375843e+02 7.141455889515326305e+01 2.939685202073325243e+01 3.842893274503258290e+05
1.069076767623013779e+01 1.032627894934870625e+02 7.137509201407402770e+01 2.983622304310456741e+01 3.859216641697633895e+05
1.076930801856475739e+01 1.034359392796090305e+02 7.156376835535587588e+01 2.999639263405787659e+01 3.868582304537482560e+05
1.084784835328281005e+01 1.041854589318324003e+02 7.163791503263425398e+01 3.057303181006452775e+01 3.897375504415478790e+05
1.092638868054854306e+01 1.038028928185908057e+02 7.175824479766174591e+01 3.071645597604844724e+01 3.885837399104961660e+05
1.100492900052151413e+01 1.044881866904441381e+02 7.212899951763198203e+01 3.111489955102841876e+01 3.917587230127840885e+05
1.108346931335675833e+01 1.045946686261722078e+02 7.239573156102414941e+01 3.153889804431493715e+01 3.935366474332279176e+05
1.116200961920494805e+01 1.049558650929525641e+02 7.219885892174609410e+01 3.196774263638634750e+01 3.948575734966257005e+05
1.124054991821254212e+01 1.050808962751537194e+02 7.250755057324329300e+01 3.246381702886909437e+01 3.960914422602950362e+05
1.131909021052193687e+01 1.054814992617493914e+02 7.258605947490038091e+01 3.270082191641500202e+01 3.982560563210748951e+05
1.139763049627160285e+01 1.057541364842474678e+02 7.270832306665664646e+01 3.312802204551915963e+01 4.000408987745474442e+05
1.147617077559622167e+01 1.059719453543536503e+02 7.281110162619447124e+01 3.368957545735851511e+01 4.023063820734936162e+05
1.155471104862680853e+01 1.064944123963247478e+02 7.328703037525805541e+01 3.380806184078578980e+01 4.033667178552805563e+05
1.163325131549084368e+01 1.061336259251575171e+02 7.294629878969367098e+01 3.421327138843603421e+01 4.030195773446809617e+05
1.171179157631238787e+01 1.065512259398709745e+02 7.307462161672150103e+01 3.463339534662856778e+01 4.054611240875726799e+05
1.179033183121219608e+01 1.072131860994086736e+02 7.360309071809716386e+01 3.501492650896710757e+01 4.076364053818078828e+05
1.186887208030782759e+01 1.070287618296973164e+02 7.352027038115147661e+01 3.538554858603613695e+01 4.087401853731668089e+05
1.194741232371374728e+01 1.076531239645809137e+02 7.350017112456434631e+01 3.591253044040485776e+01 4.122081356744606746e+05
1.202595256154143222e+01 1.073048891192194958e+02 7.372074181226389555e+01 3.611030675094634290e+01 4.111058153936471208e+05
1.210449279389946753e+01 1.080160273904775465e+02 7.384723586507071502e+01 3.674617578056933809e+01 4.147638345963662723e+05
1.218303302089363527e+01 1.079233533119802360e+02 7.405232025986086342e+01 3.715249674723794726e+01 4.152363856167357299e+05
1.226157324262700676e+01 1.088830332401910255e+02 7.434414907842027276e+01 3.760351551976039275e+01 4.187485641494956217e+05
1.234011345920003322e+01 1.084001867952689224e+02 7.397998188579430234e+01 3.798631913600662813e+01 4.184822558396552340e+05
1.241865367071062565e+01 1.089977093455750747e+02 7.484468530857962776e+01 3.841048334652124652e+01 4.201708228573843953e+05
1.249719387725422415e+01 1.091353758749605021e+02 7.439997028202378715e+01 3.893258944148203682e+01 4.220789316114006797e+05
1.257573407892389383e+01 1.092687079910079007e+02 7.451115331437902967e+01 3.915029974339572760e+01 4.240297526685840567e+05
1.265427427581038877e+01 1.095507304858559507e+02 7.463961309811990930e+01 3.968797663677460719e+01 4.243310416564068291e+05
1.273281446800221772e+01 1.098788423424188210e+02 7.478591056290810002e+01 4.022527546882103877e+01 4.270197648200463154e+05
1.281135465558572584e+01 1.096748409134559523e+02 7.497236847215344824e+01 4.049418954097684775e+01 4.279627363334948313e+05
1.288989483864514796e+01 1.103575708585675130e+02 7.533149890436639851e+01 4.092137954033070457e+01 4.303109215365439304e+05
1.296843501726268322e+01 1.103116671231263979e+02 7.527507011012760074e+01 4.150760241629911462e+01 4.310424000105751911e+05
1.304697519151855190e+01 1.100612916763824956e+02 7.520114018034233538e+01 4.181338759552973983e+01 4.309020243338016444e+05
1.312551536149104692e+01 1.107634145193269006e+02 7.529294750870190001e+01 4.237062457207409949e+01 4.361906355098431814e+05
1.320405552725660492e+01 1.105366759624086370e+02 7.550692272296066676e+01 4.271753956947291186e+01 4.343514303995450609e+05
1.328259568888985243e+01 1.110222695637227162e+02 7.556291207056223413e+01 4.322864324550103277e+01 4.381512902768026106e+05
1.336113584646366270e+01 1.115581393193976965e+02 7.578924194368342171e+01 4.367578737555864876e+01 4.396177972695744829e+05
1.343967600004920548e+01 1.112943698811135533e+02 7.568822288607749726e+01 4.403517186009096207e+01 4.399100440172588569e+05
1.351821614971599317e+01 1.116198943798153635e+02 7.608982187238848383e+01 4.453380249863975848e+01 4.412461626771835727e+05
1.359675629553193588e+01 1.118202517477568563e+02 7.648485545718159528e+01 4.504840586234869448e+01 4.427054024824132794e+05
1.367529643756338231e+01 1.122228795294914931e+02 7.636623069142684983e+01 4.550567901750702049e+01 4.457383555383167113e+05
1.375383657587516595e+01 1.120939491655171167e+02 7.664346293285524325e+01 4.596475672262833001e+01 4.448270746740479372e+05
1.383237671053064766e+01 1.120192320380238300e+02 7.618333686327443388e+01 4.640465078715081404e+01 4.466412772966592456e+05
1.391091684159175834e+01 1.123404038496681068e+02 7.662510447344511988e+01 4.693824474633058941e+01 4.491260523192831897e+05
1.398945696911903269e+01 1.127555237540109374e+02 7.695912802784005180e+01 4.740165197896919835e+01 4.517644324683491141e+05
1.406799709317166069e+01 1.128135336339398833e+02 7.690555987343894628e+01 4.778301925845803311e+01 4.516871715552023961e+05
1.414653721380751428e+01 1.133002910264071090e+02 7.718801268525515979e+01 4.848971569313479080e+01 4.552085294048350770e+05
1.422507733108318817e+01 1.134036199874913819e+02 7.731927591132432553e+01 4.881024751558293673e+01 4.570639149639430689e+05
1.430361744505403543e+01 1.133795170068455604e+02 7.694989221468129870e+01 4.930347229677126109e+01 4.573033637153226300e+05
1.438215755577419586e+01 1.136204172693951193e+02 7.724503720407540186e+01 4.960704174340639838e+01 4.590960781348430319e+05
1.446069766329663686e+01 1.139686230723197014e+02 7.745959351042181140e+01 5.022183107638426236e+01 4.609095979886676650e+05
1.453923776767318010e+01 1.141744478614562297e+02 7.781364002468815499e+01 5.074236673505608053e+01 4.626228122384062735e+05
1.461777786895453346e+01 1.142736553929470631e+02 7.787042089900627673e+01 5.132589957802870373e+01 4.638497669734128867e+05
1.469631796719032302e+01 1.143684522612487342e+02 7.777927227309503166e+01 5.165253321401870323e+01 4.654940333672148990e+05
1.477485806242911437e+01 1.145968754804016214e+02 7.801290930315192895e+01 5.248155037449915028e+01 4.666959502407755353e+05
1.485339815471844993e+01 1.147121021818899891e+02 7.824769420766153871e+01 5.278372877433089627e+01 4.684867823337148875e+05
1.493193824410487203e+01 1.148004609640020846e+02 7.836027616949989749e+01 5.323291835427811947e+01 4.701789334977341350e+05
1.501047833063394421e+01 1.150860904083298095e+02 7.856098196162815839e+01 5.364813340849497081e+01 4.717329913223587209e+05
1.508901841435028857e+01 1.149349958179645341e+02 7.844961132437343565e+01 5.414937112359151428e+01 4.725560749802920618e+05
1.516755849529759992e+01 1.155129067790216624e+02 7.893594947161642494e+01 5.484852825944299326e+01 4.746920436578453518e+05
1.524609857351867070e+01 1.154284797388305890e+02 7.897413028256823964e+01 5.526183197234644240e+01 4.760300683340490796e+05
1.532463864905541762e+01 1.156269927052253479e+02 7.874618143320850550e+01 5.598134164573406224e+01 4.779767633439293713e+05
1.540317872194890292e+01 1.159999394660763699e+02 7.892365638257386706e+01 5.654965530618824943e+01 4.810794557878076448e+05
1.548171879223935399e+01 1.162838263941314381e+02 7.963550252983795019e+01 5.700284307052436361e+01 4.830676161702161771e+05
1.556025885996618996e+01 1.163979964896808355e+02 7.932507332817819190e+01 5.761814905938890519e+01 4.843037843141836929e+05
1.563879892516803238e+01 1.165040251621879719e+02 7.955931798513888964e+01 5.809482407946709515e+01 4.848295602546328446e+05
1.571733898788273187e+01 1.165841446644224106e+02 7.976347712833107551e+01 5.845293390779442433e+01 4.871086565189297544e+05
1.579587904814739119e+01 1.169738949928822507e+02 7.990446837399207425e+01 5.919362287233349207e+01 4.891056595153750386e+05
1.587441910599837769e+01 1.169158365763738061e+02 7.983142411623870771e+01 5.986043151868724266e+01 4.900623637774766539e+05
1.595295916147133575e+01 1.176428364912735276e+02 8.044500595536895560e+01 6.029887727107037421e+01 4.934558690133160562e+05
1.603149921460121874e+01 1.175810843954082543e+02 8.023544249711650878e+01 6.095474662598844162e+01 4.946481307945818990e+05
1.611003926542229436e+01 1.176376867471302035e+02 8.065415494987817624e+01 6.170904439864397517e+01 4.959810436820723698e+05
1.618857931396816596e+01 1.180889830394632583e+02 8.058228179219530318e+01 6.210147874351375918e+01 4.996537689578290447e+05
1.626711936027179561e+01 1.181153528603281586e+02 8.080354419832957547e+01 6.256673033066264367e+01 5.008338519991972717e+05
1.634565940436549525e+01 1.181919597337341514e+02 8.083814127214110101e+01 6.325134186717136231e+01 5.019601509600380668e+05
1.642419944628097639e+01 1.183871790831593955e+02 8.087628018494099535e+01 6.359805931004969182e+01 5.039812241191557841e+05
1.650273948604932883e+01 1.186412382321349241e+02 8.122114492141096775e+01 6.420918168164108408e+01 5.044575845758232754e+05
1.658127952370107394e+01 1.186993105494094749e+02 8.156932816167778810e+01 6.506487298723641288e+01 5.068579246148088132e+05
1.665981955926614333e+01 1.189085253973934329e+02 8.160107146815752799e+01 6.555746102270963149e+01 5.082182555896697449e+05
1.673835959277390728e+01 1.194340523562703567e+02 8.211637913480359430e+01 6.638418556460366915e+01 5.123544746766801109e+05
1.681689962425318896e+01 1.194565574038794438e+02 8.198939750674338711e+01 6.688226073533135718e+01 5.144324476798303658e+05
1.689543965373228218e+01 1.201919941461238892e+02 8.246153702160867738e+01 6.770449758968253207e+01 5.166113181042762590e+05
1.697397968123895495e+01 1.196218725563057887e+02 8.246020492950196967e+01 6.801112609951705679e+01 5.162058629462979152e+05
1.705251970680045304e+01 1.202685765030845175e+02 8.271486693485684327e+01 6.865998075648086285e+01 5.196824957078649895e+05
1.713105973044353902e+01 1.201296056780078203e+02 8.272491350221507389e+01 6.931737799738640149e+01 5.206906343498229980e+05
1.720959975219447102e+01 1.207861769194324211e+02 8.336919173250944937e+01 6.981690282067006592e+01 5.237890105636733933e+05
1.728813977207903463e+01 1.208370073375690623e+02 8.357708932534187340e+01 7.044054123963165637e+01 5.255582093724497827e+05
1.736667979012256424e+01 1.212857696714163325e+02 8.385899272175559815e+01 7.129779531593642616e+01 5.276577921387931565e+05
1.744521980634991110e+01 1.217525086918833352e+02 8.390163474041473535e+01 7.185967198024256675e+01 5.309189281283026794e+05
1.752375982078550365e+01 1.215498166195086327e+02 8.400093255763020750e+01 7.249203607304802688e+01 5.326589975376902148e+05
1.760229983345331917e+01 1.221728657956242756e+02 8.428701547091208113e+01 7.324616790415154810e+01 5.349463454906742554e+05
1.768083984437692635e+01 1.222361242232447580e+02 8.477920627819861465e+01 7.379018123704823040e+01 5.374662972108994145e+05
1.775937985357945692e+01 1.228685407107047638e+02 8.511338223238250578e+01 7.449010929365290679e+01 5.403782969353831140e+05
1.783791986108364824e+01 1.224936458221935425e+02 8.512075470658989218e+01 7.512705845733940180e+01 5.414815746461924864e+05
1.791645986691183268e+01 1.233799732418851960e+02 8.546342320632743395e+01 7.627732587208537041e+01 5.450158570755551336e+05
1.799499987108595889e+01 1.233404239009810368e+02 8.571953251954511188e+01 7.652779001454113939e+01 5.460232811271704268e+05
1.807353987362759185e+01 1.239778535694916854e+02 8.605227827667417273e+01 7.733325329986500662e+01 5.504226050328059355e+05
1.815207987455791638e+01 1.240829513711010890e+02 8.624697782434857629e+01 7.807770272728620853e+01 5.517627429229388945e+05
1.823061987389775851e+01 1.242902808100756715e+02 8.640309143094279420e+01 7.900009878938708141e+01 5.548735059187744046e+05
1.830915987166758541e+01 1.245848567338392030e+02 8.705012434339656124e+01 7.930942982769781224e+01 5.559341424355148338e+05
1.838769986788751964e+01 1.251927578092489739e+02 8.730645827338487663e+01 8.015725973748899946e+01 5.592027840141886845e+05
1.846623986257733563e+01 1.260324958243023303e+02 8.763715617568674077e+01 8.102528893967331669e+01 5.635374400453555863e+05
1.854477985575647381e+01 1.263141501047126241e+02 8.803048618938278480e+01 8.158984982520432538e+01 5.666642428584062727e+05
1.862331984744404423e+01 1.260905100472387801e+02 8.820990445360556009e+01 8.244947037402137369e+01 5.679387747177236015e+05
1.870185983765884075e+01 1.264958740693381571e+02 8.840002515074851885e+01 8.327986283409438784e+01 5.707471877303620568e+05
1.878039982641934458e+01 1.271548651927358407e+02 8.903879493910277176e+01 8.399812223889183826e+01 5.748838089908800321e+05
1.885893981374372075e+01 1.273505205312414148e+02 8.925347284891213917e+01 8.472464527205789864e+01 5.767566033763254527e+05
1.893747979964983941e+01 1.279801972346539429e+02 8.977409774871698289e+01 8.561355305926272763e+01 5.808955039392973995e+05
1.901601978415527228e+01 1.281166488496919555e+02 9.025068634674879320e+01 8.618308195212034661e+01 5.825933408263766905e+05
1.909455976727730331e+01 1.284588278609494409e+02 9.052744766639962393e+01 8.687861905430756337e+01 5.851837844160678796e+05
1.917309974903293579e+01 1.290213961255249444e+02 9.082564385932813877e+01 8.756442452156372269e+01 5.879626897957770852e+05
1.925163972943889235e+01 1.298087875958199788e+02 9.091540220945971384e+01 8.883036746661232996e+01 5.936198446740321815e+05
1.933017970851161849e+01 1.304190121563442801e+02 9.171675964999150210e+01 8.946800170055297485e+01 5.963289959020911483e+05
1.940871968626730748e+01 1.306294920266514339e+02 9.203374522707122196e+01 9.030916963945122689e+01 5.988897209915970452e+05
1.948725966272188259e+01 1.313536322705279815e+02 9.224226692310993769e+01 9.126805492421725319e+01 6.026610039729182608e+05
1.956579963789100773e+01 1.317167214555339285e+02 9.297246060746290652e+01 9.177446800410780270e+01 6.053634955359502928e+05
1.964433961179010524e+01 1.322913548122010070e+02 9.338584492410973326e+01 9.255386205693281454e+01 6.106831101945689879e+05
1.972287958443434519e+01 1.328604930491916036e+02 9.379862232029398683e+01 9.341640632641693287e+01 6.131670591018928681e+05
1.980141955583865965e+01 1.338131741573196507e+02 9.435769093989269152e+01 9.460189951843513256e+01 6.193205807311967947e+05
1.987995952601774619e+01 1.339047427465943940e+02 9.466994725850398140e+01 9.510372868013878644e+01 6.199100004997553769e+05
1.995849949498606790e+01 1.342188188945506226e+02 9.520447364521459122e+01 9.631814754278259727e+01 6.231407442914533895e+05
2.003703946275786052e+01 1.352542346456033613e+02 9.579059980441303424e+01 9.680738379149154582e+01 6.276704195125242695e+05
2.011557942934713950e+01 1.355955133897166434e+02 9.644332467118958618e+01 9.770463975811907176e+01 6.324139776712690946e+05
2.019411939476770712e+01 1.358119303302364642e+02 9.680492493839456358e+01 9.872046386543598828e+01 6.342602994575266493e+05
2.027265935903314542e+01 1.362517283028884947e+02 9.661128917270808358e+01 9.950578400940599977e+01 6.373160773169287713e+05
2.035119932215682326e+01 1.361496925921810259e+02 9.685002850397319207e+01 1.002767002384677681e+02 6.387948122574498411e+05
2.042973928415191054e+01 1.366308547888349096e+02 9.714480609240028741e+01 1.010610161615440035e+02 6.410653081734996522e+05
2.050827924503137467e+01 1.362731609986543333e+02 9.740258499057586050e+01 1.014359210375386624e+02 6.423211156837375602e+05
2.058681920480798766e+01 1.367124856588053490e+02 9.763889560158304448e+01 1.024237017834476831e+02 6.462068307705001207e+05
2.066535916349431901e+01 1.365428453496934651e+02 9.776357707555872878e+01 1.032672040138332790e+02 6.455137799699492753e+05
2.074389912110275347e+01 1.367072198574206254e+02 9.781894587603834168e+01 1.041144449759447213e+02 6.488345682794512250e+05
2.082243907764548752e+01 1.373051758748787279e+02 9.830969115191527408e+01 1.049538299046426175e+02 6.522434124722332926e+05
2.090097903313453642e+01 1.371909069614068244e+02 9.868812591958193536e+01 1.055310944340971844e+02 6.549031264369195560e+05
2.097951898758173783e+01 1.375224653274824504e+02 9.891162085070077126e+01 1.066701225985682271e+02 6.560859148988527013e+05
2.105805894099874109e+01 1.372499369662315019e+02 9.907950350722744304e+01 1.073508655124037716e+02 6.565325874478081241e+05
2.113659889339703568e+01 1.373222399430791540e+02 9.911639263715102288e+01 1.081095894013334089e+02 6.586458076153196162e+05
2.121513884478793344e+01 1.378205433187332574e+02 9.966403918906063097e+01 1.090459142573775750e+02 6.639249607612899272e+05
2.129367879518258277e+01 1.377308749587874956e+02 1.001754290414373685e+02 1.099983736356376909e+02 6.631908690591861960e+05
2.137221874459196869e+01 1.383105490735660510e+02 9.994132282927981237e+01 1.103700093231796018e+02 6.674460058832636569e+05
2.145075869302691274e+01 1.381230375996906616e+02 1.003148275062691681e+02 1.115593581862912629e+02 6.686790225895304466e+05
2.152929864049807307e+01 1.380407948083436338e+02 1.003091657871347167e+02 1.122719069334821853e+02 6.704513322273283266e+05
2.160783858701596571e+01 1.380714196232512450e+02 1.009613027378165242e+02 1.131821893011245521e+02 6.718316904703322798e+05
2.168637853259094683e+01 1.388549534119424038e+02 1.011020737837890096e+02 1.139373692394266868e+02 6.766885325094365980e+05
2.176491847723321982e+01 1.386429191156867375e+02 1.014338861551337772e+02 1.150135425521170163e+02 6.778103746143348981e+05
2.184345842095285306e+01 1.386507988706014771e+02 1.018073080845685183e+02 1.155063423931178761e+02 6.793805931568514789e+05
2.192199836375975508e+01 1.394554246861724494e+02 1.020153065923008739e+02 1.165800642354210339e+02 6.844343829503750894e+05
2.200053830566371005e+01 1.391706890347847718e+02 1.025032402474542295e+02 1.172530397614432758e+02 6.864100699667928275e+05
2.207907824667434582e+01 1.390819475327056409e+02 1.024389764902163051e+02 1.179774399974755710e+02 6.857376089175912784e+05
2.215761818680116590e+01 1.396665181920118926e+02 1.027426284307053805e+02 1.194457056014164067e+02 6.905856712586707436e+05
2.223615812605353526e+01 1.400170302583553053e+02 1.033685138448518046e+02 1.202511077139626252e+02 6.947737324846284464e+05
2.231469806444068738e+01 1.392832031123109573e+02 1.032709981932599277e+02 1.205295766872731207e+02 6.939180528668751940e+05
2.239323800197172432e+01 1.399426042953731724e+02 1.042472676324168503e+02 1.217705681644539339e+02 6.966421264097577659e+05
2.247177793865562023e+01 1.404520833922337317e+02 1.042964202158882046e+02 1.227659438899858344e+02 7.003591190286986530e+05
2.255031787450123204e+01 1.403944453260130842e+02 1.045109822806815743e+02 1.235779526103195423e+02 7.022300824550003745e+05
2.262885780951728165e+01 1.401800352101535054e+02 1.047757834661509975e+02 1.243809726994702203e+02 7.018904200062263990e+05
2.270739774371238440e+01 1.407969240631019545e+02 1.052536976837034786e+02 1.252877478948179828e+02 7.059345049864375032e+05
2.278593767709502771e+01 1.412285484026394897e+02 1.054511816185852240e+02 1.262622491814885137e+02 7.112601559663842199e+05
2.286447760967358178e+01 1.411044496950151199e+02 1.057827204908735439e+02 1.273810984803226063e+02 7.123447943154328968e+05
2.294301754145629957e+01 1.413394457974186196e+02 1.060275790050162072e+02 1.280245898133846651e+02 7.146970653687560698e+05
2.302155747245133455e+01 1.418387426431749248e+02 1.068639540326927602e+02 1.287197388873678108e+02 7.188603493348832708e+05
2.310009740266672296e+01 1.418616508480970992e+02 1.068276478450159885e+02 1.298365050669730749e+02 7.214473370552803390e+05
2.317863733211038380e+01 1.420064746717492028e+02 1.070646511395483884e+02 1.305969911669853900e+02 7.230177239053962985e+05
2.325717726079013303e+01 1.418075542471000858e+02 1.079522859418211880e+02 1.316113225713033046e+02 7.233565160678916145e+05
2.333571718871368716e+01 1.426731098212396773e+02 1.077757229216654764e+02 1.328345075884842004e+02 7.291881149301427649e+05
2.341425711588865965e+01 1.427820766903350034e+02 1.083798828666049161e+02 1.340803507291578001e+02 7.328277197560926434e+05
2.349279704232255384e+01 1.426262017693875066e+02 1.086627185398120758e+02 1.344955419845412052e+02 7.338908353111366741e+05
2.357133696802278067e+01 1.431959084080179139e+02 1.092275263941854320e+02 1.356945783819975873e+02 7.372311636148272082e+05
2.364987689299664453e+01 1.436157571992218891e+02 1.097876244853109284e+02 1.366611374574580395e+02 7.402137119957071263e+05
2.372841681725136453e+01 1.432265618320983265e+02 1.097462353032811251e+02 1.374502660556841818e+02 7.412807251288782572e+05
2.380695674079405322e+01 1.437704294903447817e+02 1.102843698333750098e+02 1.386408005422400151e+02 7.459352467004511273e+05
2.388549666363174140e+01 1.444681297133391524e+02 1.109284097584647242e+02 1.401445677564029495e+02 7.499440652056230465e+05
2.396403658577134976e+01 1.447572037732542753e+02 1.116168747549374132e+02 1.407694052513114684e+02 7.518194114399815444e+05
2.404257650721972439e+01 1.446364532082070866e+02 1.119031992034086045e+02 1.421765129944664636e+02 7.541983510241516633e+05
2.412111642798362254e+01 1.450873412557139090e+02 1.122748432413144997e+02 1.430079806563593650e+02 7.584757810058402829e+05
2.419965634806970556e+01 1.449472529283261508e+02 1.122058388146359249e+02 1.440933096148520463e+02 7.612661103622599039e+05
2.427819626748454596e+01 1.460410892525866302e+02 1.127925667154539155e+02 1.449421252847815822e+02 7.654572649058779934e+05
2.435673618623464520e+01 1.463113028276054592e+02 1.130827495402916867e+02 1.459904514256402308e+02 7.681318380661796546e+05
2.443527610432640529e+01 1.463879094660823057e+02 1.137764012686660777e+02 1.469987087582927927e+02 7.722883049130474683e+05
2.451381602176616425e+01 1.463174997955420054e+02 1.140487306972938484e+02 1.479953296739233508e+02 7.745283055125591345e+05
2.459235593856016067e+01 1.471405110500544993e+02 1.145932431150915249e+02 1.489507430899420513e+02 7.784093547046269523e+05
2.467089585471456203e+01 1.467769338702404696e+02 1.152932620490627329e+02 1.504733437480940381e+02 7.801256384627184598e+05
2.474943577023546126e+01 1.474369870262648874e+02 1.158299053587545302e+02 1.515808499547082135e+02 7.846459691693563946e+05
2.482797568512887310e+01 1.480356733053409357e+02 1.160157046086350192e+02 1.519951060575385782e+02 7.904342578042629175e+05
2.490651559940072346e+01 1.485481691565101983e+02 1.163991044483724693e+02 1.534049004546042454e+02 7.940586738696059911e+05
2.498505551305688144e+01 1.486042380324662133e+02 1.170102865179218128e+02 1.543789497969135880e+02 7.959182865843846230e+05
2.506359542610313440e+01 1.490294570507419394e+02 1.175825388119210970e+02 1.556864881951176471e+02 7.989733299043853767e+05
2.514213533854519511e+01 1.494129898532915206e+02 1.182694288246410679e+02 1.565011461391618184e+02 8.021805135414028773e+05
2.522067525038871239e+01 1.500181301113204881e+02 1.191567261811807867e+02 1.581486321089630565e+02 8.066862150174577255e+05
2.529921516163925688e+01 1.497503997165595422e+02 1.191913916160862357e+02 1.586553377396255655e+02 8.090168220731087495e+05
2.537775507230233529e+01 1.503564665760121670e+02 1.199190677630121371e+02 1.597519419621422685e+02 8.129095027171678375e+05
2.545629498238338684e+01 1.504522183599256948e+02 1.202822516223872213e+02 1.608803716466129572e+02 8.148288764887246070e+05
2.553483489188777966e+01 1.518525873802249180e+02 1.208857076001238084e+02 1.624636442898349173e+02 8.237127861996426946e+05
2.561337480082082152e+01 1.514434209198734322e+02 1.215634318898386681e+02 1.635471002384309713e+02 8.241961813151952811e+05
2.569191470918774911e+01 1.518424957325651405e+02 1.218503157455349850e+02 1.647682060762433309e+02 8.272099117520069703e+05
2.577045461699373874e+01 1.523872263933477313e+02 1.221563047212711552e+02 1.662463040593461585e+02 8.322521204850214999e+05
2.584899452424390631e+01 1.535182100325559702e+02 1.232064612352280903e+02 1.668912591710393372e+02 8.380820372308829101e+05
2.592753443094329668e+01 1.529060691206892670e+02 1.235376290857920054e+02 1.676687538420963222e+02 8.372430686933546094e+05
2.600607433709690852e+01 1.536877521147396806e+02 1.238290287815686810e+02 1.697559318209685841e+02 8.465325557558684377e+05
2.608461424270966944e+01 1.533463548691157996e+02 1.242880174149777446e+02 1.704377435017997016e+02 8.474389779282795498e+05
2.616315414778644310e+01 1.546001880890322013e+02 1.252326619120711086e+02 1.715399455475382240e+02 8.527215948681876762e+05
2.624169405233205055e+01 1.541637661385627780e+02 1.261061138492747489e+02 1.729530906941984654e+02 8.527129109189735027e+05
2.632023395635124174e+01 1.548364995911085202e+02 1.268006857817436526e+02 1.739850171509107497e+02 8.580987768640428549e+05
2.639877385984871694e+01 1.557900889158169377e+02 1.267757084740217266e+02 1.750462169517323332e+02 8.643182925292555010e+05
2.647731376282911953e+01 1.563524796715192338e+02 1.273140431506619308e+02 1.767954652487788110e+02 8.716427230711590964e+05
2.655585366529703606e+01 1.564701695630041627e+02 1.275823695954523629e+02 1.776034040530566926e+02 8.719077471377403708e+05
2.663439356725699980e+01 1.573532061775449051e+02 1.287701616983663939e+02 1.787068167322291856e+02 8.739589099749589805e+05
2.671293346871349428e+01 1.569965153232921011e+02 1.292461276991230363e+02 1.798711121898838314e+02 8.786341296711780597e+05
2.679147336967094617e+01 1.579470739105115342e+02 1.290507129140568736e+02 1.813500684621838559e+02 8.836435855544898659e+05
2.687001327013372531e+01 1.585581187586637100e+02 1.306806230424694775e+02 1.826988886501226830e+02 8.878604045408988604e+05
2.694855317010616602e+01 1.586184801583911508e+02 1.304476624829356410e+02 1.837465722577198335e+02 8.883763937358506955e+05
2.702709306959254221e+01 1.600554885699630177e+02 1.321284510396674250e+02 1.855838436976560786e+02 8.953243168356691021e+05
2.710563296859707094e+01 1.601425890589945880e+02 1.324369263406812536e+02 1.871347463553169348e+02 8.987145776814563433e+05
2.718417286712393377e+01 1.603708803106988796e+02 1.331536725812483439e+02 1.884247789277759182e+02 9.084615567252017790e+05
2.726271276517725894e+01 1.606365285488165284e+02 1.335613884439300989e+02 1.884916821053436990e+02 9.096528797054317547e+05
2.734125266276112498e+01 1.609983816313455520e+02 1.333228373816492365e+02 1.901526993650215047e+02 9.132933271695993608e+05
2.741979255987956776e+01 1.615074407898462994e+02 1.346302384765980662e+02 1.919304919202436679e+02 9.164280142136781942e+05
2.749833245653658054e+01 1.613236039079565955e+02 1.348693177052036276e+02 1.922343944973487169e+02 9.154286752288446296e+05
2.757687235273609616e+01 1.616204759632247203e+02 1.363909973550717325e+02 1.946722192804570568e+02 9.202004982718896354e+05
2.765541224848202262e+01 1.620161908614817889e+02 1.360131425833881735e+02 1.950889578368740160e+02 9.269931732468137052e+05
2.773395214377820395e+01 1.624912659881565560e+02 1.374548342104470464e+02 1.961144789354834188e+02 9.283827224128086818e+05
2.781249203862845576e+01 1.631033221005596658e+02 1.372155992166532315e+02 1.980045060239198165e+02 9.349297563501253026e+05
2.789103193303654038e+01 1.632247570258861629e+02 1.370374282447893961e+02 1.987222159106350432e+02 9.392984060650275787e+05
2.796957182700618816e+01 1.631562814215259039e+02 1.382805063537840340e+02 1.993960879734738114e+02 9.405321331447211560e+05
2.804811172054107615e+01 1.633255861533424422e+02 1.384764218123254977e+02 2.023693423442481958e+02 9.411922829395545414e+05
2.812665161364485655e+01 1.649718040840093352e+02 1.396993288476956252e+02 2.028854883198126231e+02 9.530933175153512275e+05
2.820519150632112115e+01 1.634579739695464582e+02 1.403573696825839079e+02 2.047828263240980107e+02 9.510887833942614961e+05
2.828373139857343332e+01 1.642897822269454764e+02 1.404916012853366567e+02 2.060225189082893849e+02 9.530284405055812094e+05
2.836227129040531736e+01 1.632196725900810463e+02 1.397145367254087205e+02 2.056896189138461750e+02 9.532969517958702054e+05
2.844081118182025847e+01 1.638714469139668495e+02 1.412292869844491463e+02 2.076111634498350611e+02 9.560409038231361192e+05
2.851935107282169923e+01 1.636240248212192228e+02 1.410161723146983661e+02 2.077367873953803610e+02 9.556593931412565289e+05
2.859789096341304315e+01 1.639373846937662904e+02 1.419719545195694081e+02 2.099190639114630699e+02 9.575007945463797078e+05
2.867643085359765820e+01 1.630746580962446046e+02 1.411772438323547760e+02 2.101573368945674360e+02 9.590362332187230932e+05
2.875497074337888392e+01 1.637197588509736477e+02 1.425473913194682041e+02 2.112116341340181407e+02 9.637771719968075631e+05
2.883351063276001369e+01 1.640691784264368493e+02 1.436829062547187448e+02 2.139321522850788995e+02 9.693361944761503255e+05
2.891205052174430890e+01 1.642053853085990909e+02 1.445006292752941874e+02 2.151215047746327969e+02 9.717960421558348462e+05
2.899059041033499184e+01 1.649235238570686874e+02 1.446492164744913964e+02 2.157766941080546985e+02 9.813980222036757041e+05
2.906913029853525643e+01 1.653902250229756419e+02 1.447929086129572056e+02 2.175998324855630131e+02 9.909581713897318114e+05
2.914767018634825746e+01 1.652849703632012961e+02 1.450531409772475797e+02 2.187526594960519333e+02 9.880627934389228467e+05
2.922621007377712132e+01 1.649919480124546851e+02 1.471234190441760745e+02 2.208784007399190159e+02 9.926894359059926355e+05
2.930474996082492822e+01 1.655630645328318451e+02 1.459194156834131775e+02 2.223260373601962669e+02 9.948147948083584197e+05
2.938328984749474060e+01 1.657062889803475230e+02 1.471946054634465781e+02 2.237351685291929755e+02 1.003509330330920639e+06
2.946182973378957826e+01 1.655254848309613749e+02 1.476285154609074084e+02 2.246162231993188527e+02 1.006739305504528456e+06
2.954036961971243258e+01 1.669995026084216363e+02 1.483768989898131565e+02 2.262490852309990146e+02 1.012457782762130955e+06
2.961890950526625943e+01 1.665674775001092200e+02 1.481665171244186752e+02 2.275654298580700470e+02 1.010769531068379874e+06
2.969744939045398979e+01 1.668168852422480199e+02 1.492218612963749820e+02 2.291417812176308075e+02 1.016580443024130771e+06
2.977598927527852268e+01 1.661552027654787764e+02 1.503101386334386973e+02 2.290690762544198833e+02 1.016673384820822743e+06
2.985452915974272159e+01 1.665956206995121818e+02 1.516373102479732040e+02 2.313036847696878056e+02 1.022210776020841207e+06
2.993306904384942868e+01 1.681439423406071114e+02 1.511728068586636482e+02 2.314728751557979933e+02 1.030150338227572967e+06
3.001160892760143994e+01 1.695416707055962320e+02 1.526636040125868874e+02 2.349753754244807453e+02 1.044540345035502338e+06
3.009014881100154071e+01 1.696414359210892826e+02 1.534857311352446061e+02 2.360878660409314591e+02 1.039796925406418741e+06
3.016868869405248077e+01 1.690641818757691226e+02 1.535331258420786469e+02 2.351009941162243990e+02 1.040246945231287158e+06
3.024722857675697441e+01 1.697260196254729578e+02 1.541526659445148937e+02 2.379903285607297221e+02 1.050173090293526882e+06
3.032576845911771457e+01 1.724077503722789402e+02 1.548854058185127940e+02 2.396690540578580624e+02 1.062188013445008546e+06
3.040430834113736580e+01 1.716941595530463189e+02 1.570099330032190323e+02 2.429758346182246669e+02 1.070809588309049373e+06
3.048284822281856421e+01 1.715814168916035101e+02 1.550184231086645923e+02 2.457876343388795419e+02 1.066401184909451986e+06
3.056138810416392460e+01 1.709763128666794216e+02 1.576427713629496736e+02 2.454596401072854519e+02 1.072251432958914433e+06
3.063992798517602267e+01 1.731981204095727946e+02 1.580813993858578499e+02 2.478580446570236404e+02 1.090231694190149661e+06
3.071846786585741640e+01 1.748679850393407662e+02 1.601345586713207751e+02 2.511649529646500980e+02 1.096322685824757908e+06
3.079700774621063886e+01 1.748294410308898250e+02 1.604736350702578989e+02 2.505056857936938854e+02 1.088834781124795321e+06
3.087554762623818760e+01 1.745419719283860331e+02 1.613599089637791621e+02 2.531353024096365232e+02 1.086409823169386480e+06
3.095408750594254599e+01 1.725333715151361957e+02 1.611743216487138000e+02 2.550368260624880747e+02 1.096636146603572182e+06
3.103262738532617249e+01 1.772115838251450270e+02 1.631747907727490770e+02 2.541780704926140970e+02 1.116804283349319361e+06
3.111116726439149005e+01 1.761725238920798233e+02 1.635918668199513206e+02 2.562451623189722909e+02 1.109281674243535614e+06
3.118970714314090387e+01 1.761051605314264066e+02 1.648905546969536715e+02 2.560839404755154760e+02 1.109809468379999045e+06
3.126824702157679781e+01 1.787011296199522405e+02 1.651269133542227507e+02 2.621647072322827512e+02 1.131930308983421652e+06
3.134678689970152377e+01 1.767718749326543559e+02 1.665438964546262071e+02 2.618254522424861648e+02 1.127573567919810768e+06
3.142532677751741588e+01 1.794581076879942430e+02 1.646285055396132861e+02 2.607500571651926862e+02 1.143160402793425368e+06
3.150386665502678696e+01 1.785549312731160398e+02 1.699552387339586517e+02 2.659999411825206153e+02 1.149130991983184358e+06
3.158240653223192140e+01 1.831990074798752062e+02 1.689641552730873286e+02 2.654919591669885790e+02 1.170597160297638038e+06
3.166094640913508229e+01 1.793931269950199123e+02 1.701499991426179577e+02 2.691185490342168691e+02 1.156563871209037956e+06
3.173948628573851494e+01 1.816185325280451366e+02 1.695725778096502268e+02 2.692977492354843889e+02 1.166517875532592880e+06
3.181802616204443623e+01 1.841408939521593595e+02 1.700731701461654382e+02 2.715710197919417510e+02 1.181900221646014368e+06
3.189656603805504531e+01 1.840277210189530592e+02 1.705710901333646063e+02 2.720652261958130111e+02 1.197013712659944780e+06
3.197510591377251998e+01 1.818541769608457912e+02 1.712818905145234112e+02 2.747152876633398932e+02 1.184625735785496188e+06
3.205364578919900964e+01 1.885069727411921292e+02 1.724467774349551519e+02 2.785409469406136509e+02 1.229839774736485211e+06
3.213218566433665302e+01 1.855708243823507644e+02 1.743367604086423341e+02 2.788153103856306529e+02 1.214165664923700504e+06
3.221072553918755688e+01 1.863964076891959678e+02 1.738053471554023020e+02 2.772070599958696562e+02 1.224572956896306714e+06
3.228926541375382442e+01 1.881169583298373311e+02 1.787752471711220323e+02 2.846825742835669075e+02 1.221416920682215365e+06
3.236780528803751622e+01 1.876869208616743094e+02 1.757848109076015817e+02 2.839628836161092522e+02 1.228934392021150328e+06
3.244634516204068575e+01 1.901839093065837289e+02 1.792307050209061003e+02 2.856608389507663333e+02 1.241838818799880566e+06
3.252488503576537227e+01 1.917490454535783897e+02 1.806832825930843001e+02 2.905911413583708622e+02 1.255638820561321685e+06
3.260342490921358660e+01 1.912263720173741319e+02 1.802386800540499223e+02 2.858913116018953815e+02 1.269966412954898318e+06
3.268196478238731828e+01 1.906595480448848718e+02 1.762337567856716589e+02 2.875563009369539600e+02 1.281011181412632577e+06
3.276050465528854261e+01 1.892650880981571220e+02 1.806952168524064177e+02 2.877879384597333683e+02 1.283115059123066720e+06
3.283904452791921358e+01 1.900651008459093418e+02 1.873579231512145782e+02 2.927007812849091692e+02 1.284425415279019391e+06
3.291758440028127097e+01 1.908094959432597477e+02 1.843709549106231407e+02 2.919306340869446217e+02 1.284707183076613117e+06
3.299612427237663326e+01 1.935055024404645678e+02 1.861116812049756959e+02 3.021834193634876442e+02 1.294625108165220590e+06
3.307466414420719758e+01 1.984694451672551168e+02 1.831946037506262428e+02 2.945481721343386994e+02 1.333142098877247190e+06
3.315320401577483977e+01 1.961437282861766960e+02 1.893150212989063732e+02 3.049376759882899819e+02 1.334060741716557182e+06
3.323174388708143567e+01 1.971373648147046822e+02 1.891494757820422876e+02 3.071773277331454324e+02 1.346566115279077319e+06
3.331028375812883269e+01 2.010027692281307452e+02 1.893380094599181120e+02 3.037322739254790918e+02 1.377576525919477921e+06
3.338882362891884981e+01 2.016938115649429335e+02 1.961707166281841808e+02 3.090328459294114509e+02 1.335043602077944437e+06
3.346736349945329891e+01 1.952597183022642469e+02 1.925409934962469265e+02 3.013210433398940609e+02 1.366569802960208151e+06
3.354590336973399189e+01 2.061570201633785473e+02 1.986181998133915272e+02 3.195467773420008371e+02 1.389360088764652610e+06
3.362444323976268379e+01 2.048386015684596941e+02 1.992571688283541960e+02 3.152844763923075675e+02 1.364050088681975147e+06
3.370298310954115806e+01 1.982086366150220726e+02 1.950002865629880660e+02 3.120401764805768039e+02 1.385849652373155579e+06
3.378152297907114132e+01 2.132412636165088031e+02 2.017932012303937199e+02 3.154707375599510328e+02 1.449435610602024710e+06
3.386006284835436730e+01 2.067922736586009478e+02 1.929460990535272344e+02 3.123422756098088371e+02 1.437335154168887064e+06
3.393860271739255552e+01 2.131376334023588868e+02 2.151904513212583367e+02 3.387982623949499725e+02 1.440319291889810935e+06
3.401714258618739706e+01 2.127292827015941157e+02 1.930041131998823687e+02 3.168205549063612239e+02 1.418718342795975972e+06
3.409568245474058301e+01 2.044376958059336005e+02 2.046747422587811798e+02 3.422113546400638029e+02 1.353633719046287471e+06
3.417422232305376895e+01 2.182204357213624917e+02 1.995110146893098317e+02 3.288149485793884423e+02 1.444125223749067169e+06
3.425276219112861043e+01 2.056662355233388269e+02 2.090122288633752135e+02 3.258518117050543879e+02 1.442146112233093474e+06
3.433130205896674880e+01 1.891980560673244440e+02 1.876332514909217366e+02 3.054698462396798391e+02 1.372914855647150660e+06
3.440984192656979701e+01 2.045696661463119028e+02 2.051153188304579658e+02 3.379220338094676777e+02 1.440318287873328663e+06
3.448838179393936088e+01 1.769188346868112944e+02 2.113240928603493671e+02 3.169010520333961267e+02 1.227825790100953542e+06
3.456692166107702491e+01 2.091851892295935045e+02 2.150132311500231879e+02 2.833534170886777019e+02 1.453493122765982989e+06
3.464546152798438072e+01 2.691728687246528011e+02 2.281978425352271529e+02 4.704956422368402400e+02 1.426953754385750275e+06
3.472400139466299152e+01 1.812271706911789124e+02 2.605743281150593589e+02 2.541291240609318152e+02 1.248488394421609817e+06
