# 0.9703 0.9854
7.871241428633635184e-02 1.254246944412509723e+00 1.081336082291558531e+00 7.456871344470358820e-03 1.907715194403054738e+03
1.618072713909662341e-01 3.973047776736232883e+00 3.286200677241053469e+00 3.752331276079617917e-02 7.646825421187532811e+03
2.418771330418761079e-01 5.190716507799339574e+00 4.384260519111444765e+00 4.624112336637292708e-02 1.052267144034894591e+04
3.211923215201240578e-01 8.973075150201040628e+00 7.366221353064489996e+00 1.094315081982652760e-01 2.034024903660227574e+04
4.002017901256537113e-01 1.224229007883722886e+01 9.930477890037165523e+00 1.599071474459621833e-01 2.895031696317502428e+04
4.790568272527075955e-01 1.165609807318395319e+01 9.580155922067099539e+00 1.781451495991411005e-01 2.827022676712803514e+04
5.578229290343351687e-01 1.721330803765837558e+01 1.411587021951175203e+01 2.575111965380733059e-01 4.157489482356300141e+04
6.365331115321660738e-01 1.775571563106139550e+01 1.437878318987035442e+01 3.249071088278590591e-01 4.435336561262012401e+04
7.152058371535838788e-01 1.996254159754101920e+01 1.626983955333534126e+01 3.765870824916944248e-01 5.134255835237295832e+04
7.938522421846891941e-01 2.056763429714555258e+01 1.673772649287826297e+01 4.379733875472243687e-01 5.274954678956101998e+04
8.724794443688169698e-01 2.206243872355417324e+01 1.796945561041648531e+01 5.084387294819742165e-01 5.779704218178895098e+04
9.510922062407737299e-01 2.390434375830357183e+01 1.930045634274093302e+01 5.670844514696248284e-01 6.343115701821669791e+04
1.029693835175838679e+00 2.424190741591503340e+01 1.964683482437591877e+01 6.454620309647385312e-01 6.531364852601719031e+04
1.108286699878543891e+00 2.511409475139309322e+01 2.028530243095432439e+01 7.221859895827761333e-01 6.845136673142116342e+04
1.186872541411916560e+00 2.614721616964579454e+01 2.129553450897851974e+01 7.844790176717589825e-01 7.243121488578525896e+04
1.265452668213572940e+00 2.746414846681367194e+01 2.248975306597404966e+01 8.414587107906130736e-01 7.610435615296024480e+04
1.344028082638708543e+00 2.899609884606948995e+01 2.344041240840304141e+01 9.456338353213310510e-01 8.257951668594060175e+04
1.422599565533279709e+00 2.905368672067123015e+01 2.348415846967429488e+01 9.964674279978740223e-01 8.261517316499994195e+04
1.501167734229200246e+00 2.964621356727970536e+01 2.399850627412926940e+01 1.143404227264600115e+00 8.704083485894807382e+04
1.579733083222462531e+00 3.173744163569364929e+01 2.546373872822868023e+01 1.249017096532474058e+00 9.454603662039157643e+04
1.658296013281593151e+00 3.151379581812752306e+01 2.541057397696402376e+01 1.301008503203190614e+00 9.496087720339027874e+04
1.736856852652245875e+00 3.204316173538760637e+01 2.565189137961809607e+01 1.434180629188950729e+00 9.647146359695382125e+04
1.815415872753641580e+00 3.239159386250264561e+01 2.615356496172386258e+01 1.482744974727671305e+00 9.958153639537104755e+04
1.893973299967037560e+00 3.373798801973861572e+01 2.710088800857741376e+01 1.598592510537353739e+00 1.046564254472172761e+05
1.972529324606241641e+00 3.448940731482543498e+01 2.760592517695444315e+01 1.719071744720189754e+00 1.089379821959428518e+05
2.051084107826015579e+00 3.512444060123809209e+01 2.821101402915924794e+01 1.834341360499485596e+00 1.120547093281623092e+05
2.129637787001040561e+00 3.677663828580757155e+01 2.919716718788919607e+01 1.996289126348654852e+00 1.182572248070691567e+05
2.208190479956450680e+00 3.677593137933941136e+01 2.924806276232550672e+01 2.136301830412516534e+00 1.197475487673701427e+05
2.286742288326184092e+00 3.695032485343461559e+01 2.963527027740893871e+01 2.137052362215968504e+00 1.201274630861063924e+05
2.365293300241981811e+00 3.710922765558665759e+01 2.973783177176885673e+01 2.266662467175700080e+00 1.203837211037457018e+05
2.443843592503681883e+00 3.849767590977904774e+01 3.087251337977395949e+01 2.373236230815898740e+00 1.263691256648785784e+05
2.522393232343909553e+00 3.933881665080021861e+01 3.134028364858924931e+01 2.569147263252999913e+00 1.311678813437833742e+05
2.600942278872942381e+00 4.064134550780894273e+01 3.202496060732993044e+01 2.718822943539051185e+00 1.368545766661783564e+05
2.679490784269383141e+00 4.058003019603321349e+01 3.211420390018847115e+01 2.834619009255890276e+00 1.362922905007789377e+05
2.758038794767343038e+00 4.214629529361523197e+01 3.339733070872293297e+01 2.958683642764286859e+00 1.407934725640169927e+05
2.836586351479573942e+00 4.294095851349729998e+01 3.362528335552204339e+01 3.168179634355790419e+00 1.468404676342347520e+05
2.915133491087511963e+00 4.294771800536572925e+01 3.401913326285814776e+01 3.208859289994109520e+00 1.449388947659105761e+05
2.993680246422668834e+00 4.329696578497808446e+01 3.419002356157729849e+01 3.367922526604702593e+00 1.468763481997550407e+05
3.072226646958827967e+00 4.538288766873144198e+01 3.568306275750796885e+01 3.552910079535314569e+00 1.539851312472950376e+05
3.150772719230606977e+00 4.507020585068857343e+01 3.539671281180596196e+01 3.710637030367318623e+00 1.554588276617005467e+05
3.229318487190934395e+00 4.550435104623317528e+01 3.599872103921989464e+01 3.744949438725543089e+00 1.542988820349419257e+05
3.307863972517584905e+00 4.612796092273782023e+01 3.641653152453322662e+01 3.917409618168884666e+00 1.578391178187938058e+05
3.386409194877053608e+00 4.719685993812735347e+01 3.709282268585520370e+01 4.102143297451529058e+00 1.625149297623986786e+05
3.464954172152534095e+00 4.833036408208818813e+01 3.793246057542476279e+01 4.257851705201252557e+00 1.663286782510503544e+05
3.543498920641575456e+00 4.910311917880083143e+01 3.838916111032349221e+01 4.468293079751004981e+00 1.696373464471470797e+05
3.622043455228019404e+00 4.977642760885090212e+01 3.907943995599031695e+01 4.556905576053113194e+00 1.722461228242098296e+05
3.700587789532037597e+00 5.067007087854458547e+01 3.953294569198612152e+01 4.782685282750481548e+00 1.759436457629327197e+05
3.779131936041457696e+00 5.054590948984020571e+01 3.951453698602482945e+01 4.996871560201956441e+00 1.764175440465729043e+05
3.857675906227046259e+00 5.197942673695487059e+01 4.048173008704236508e+01 4.992301314500179110e+00 1.782520963158324594e+05
3.936219710643986680e+00 5.293323095246312704e+01 4.111695468809819687e+01 5.202301232696124877e+00 1.836764102487454948e+05
4.014763359021444877e+00 5.253904533372957530e+01 4.084450722357274088e+01 5.445133645117191890e+00 1.829811922822343768e+05
4.093306860341824560e+00 5.451574006239570025e+01 4.229835791555815661e+01 5.603501126814712130e+00 1.889454391568039428e+05
4.171850222911064776e+00 5.492218227598782931e+01 4.244026913780042065e+01 5.815303711762527250e+00 1.894467700697178079e+05
4.250393454421145911e+00 5.440400248354011836e+01 4.219861758149050246e+01 5.878532775893084761e+00 1.888638776128383761e+05
4.328936562005788247e+00 5.590411895717640789e+01 4.301001526664217778e+01 6.100298096288319982e+00 1.959971733219778107e+05
4.407479552290201497e+00 5.723829776481223774e+01 4.425010502182923489e+01 6.323800022789394681e+00 1.986373356822114729e+05
4.486022431435594982e+00 5.661357330851036096e+01 4.345501414585231004e+01 6.477013486089940209e+00 1.975530931961742463e+05
4.564565205179107465e+00 5.793303591398287011e+01 4.443938654936305710e+01 6.683758492481835845e+00 2.029756873187799356e+05
4.643107878869670024e+00 5.913379960883542452e+01 4.531189631416483365e+01 6.846912715944896810e+00 2.059576494380508084e+05
4.721650457500300213e+00 5.935707973568615614e+01 4.547818318844306162e+01 6.995486546012207540e+00 2.072194056294277543e+05
4.800192945737217443e+00 6.013032541202753123e+01 4.593503892222291540e+01 7.294130674119045032e+00 2.110006510561661562e+05
4.878735347946150824e+00 6.040576791472999929e+01 4.606950544469130193e+01 7.528714818096545081e+00 2.122599808603724814e+05
4.957277668216146793e+00 6.101713980829230621e+01 4.662810679278634041e+01 7.648653158661078422e+00 2.141297868263201090e+05
5.035819910381144737e+00 6.148957947676933600e+01 4.676174710923205424e+01 7.857855656001604849e+00 2.163664493464902334e+05
5.114362078039562221e+00 6.258889447989163557e+01 4.735004037938017518e+01 8.037550169611652251e+00 2.205854533707223018e+05
5.192904174572115394e+00 6.329565205528264471e+01 4.786954532025836073e+01 8.313154320176279199e+00 2.218663197429102729e+05
5.271446203158030919e+00 6.385650342695787884e+01 4.810223732082779691e+01 8.503017719253396223e+00 2.255527248239206674e+05
5.349988166789838573e+00 6.451099248556351995e+01 4.869017405728417458e+01 8.700829468610601580e+00 2.267301508060508058e+05
5.428530068286878674e+00 6.524078690354362209e+01 4.903248401494057163e+01 8.939354984150408967e+00 2.303016981052575575e+05
5.507071910307648643e+00 6.573884799909509979e+01 4.960246970043290560e+01 9.056393784055703833e+00 2.312088483528181096e+05
5.585613695361120179e+00 6.704984186769372911e+01 5.029229892849753014e+01 9.437754209438850239e+00 2.360177624832286674e+05
5.664155425817094525e+00 6.770531604830446781e+01 5.058388493704891431e+01 9.632271340351191924e+00 2.381236437275154167e+05
5.742697103915729961e+00 6.771449353192984688e+01 5.047279559754485945e+01 9.791036838188004410e+00 2.389216626957029803e+05
5.821238731776284148e+00 6.832393553546317833e+01 5.083886606681690523e+01 1.008232974501601298e+01 2.423245560672005522e+05
5.899780311405160127e+00 6.836092455807057888e+01 5.068269716665867008e+01 1.026349670708013662e+01 2.430000678633490752e+05
5.978321844703323507e+00 6.914560099982168140e+01 5.152254126894139574e+01 1.037993789113737719e+01 2.435220406146198511e+05
6.056863333473133437e+00 6.978599686951594094e+01 5.178601080196651907e+01 1.069483319412578837e+01 2.477100254955881974e+05
6.135404779424661115e+00 7.107603520901950844e+01 5.234572809687785622e+01 1.102170824066864085e+01 2.530402994493356964e+05
6.213946184181517118e+00 7.135382732707633124e+01 5.264502462797135252e+01 1.120175485425230555e+01 2.532900052300709940e+05
6.292487549286247983e+00 7.214093430555692521e+01 5.314587807318038415e+01 1.131513851102365642e+01 2.560700133211965731e+05
6.371028876205335756e+00 7.236896923135871873e+01 5.303902561979657548e+01 1.171063921170003930e+01 2.570589074241833005e+05
6.449570166333828070e+00 7.329941101931612479e+01 5.360376763301133707e+01 1.193882733126253548e+01 2.621166454549545888e+05
6.528111420999634262e+00 7.416127146773487766e+01 5.431964448998881068e+01 1.214863277634261429e+01 2.638655740524642169e+05
6.606652641467518627e+00 7.445666376390411756e+01 5.444507524171969948e+01 1.242709953078379215e+01 2.649331226114538149e+05
6.685193828942805006e+00 7.472044512708680486e+01 5.433581022038890040e+01 1.268583207991505013e+01 2.661847888205967029e+05
6.763734984574836240e+00 7.480116472739760525e+01 5.452820782980060699e+01 1.286665792706329547e+01 2.675807732653465355e+05
6.842276109460177835e+00 7.574693836681521475e+01 5.473375111475863974e+01 1.314253079255480472e+01 2.699960987997704069e+05
6.920817204645620890e+00 7.579315694096531786e+01 5.516166655464058977e+01 1.334088748195947360e+01 2.703801583033218049e+05
6.999358271130968312e+00 7.696831138094344738e+01 5.581826581485796623e+01 1.370462365164789631e+01 2.759071245303605101e+05
7.077899309871646949e+00 7.822904530757647024e+01 5.649378472939312701e+01 1.390569583437107326e+01 2.795639237115433207e+05
7.156440321781138536e+00 7.797829584411951487e+01 5.630979435838857228e+01 1.408351392961135673e+01 2.788523258629362099e+05
7.234981307733260536e+00 7.819381022113256563e+01 5.638764549660494652e+01 1.444051827688508460e+01 2.809944680710819666e+05
7.313522268564292439e+00 7.871147490831120308e+01 5.685734215196121966e+01 1.466284997328777884e+01 2.820841722440963495e+05
7.392063205074973276e+00 7.895983518196320006e+01 5.696162680826908797e+01 1.493142894718162417e+01 2.834434161156273331e+05
7.470604118032365015e+00 7.963917355732839098e+01 5.715098319487435674e+01 1.517419630176213730e+01 2.865648675791076384e+05
7.549145008171610272e+00 7.994724154717970066e+01 5.758911396134753602e+01 1.542166411035706197e+01 2.872153814741231618e+05
7.627685876197570103e+00 8.071262628875479095e+01 5.771409670987473817e+01 1.573512849207880748e+01 2.903317545024477295e+05
7.706226722786373884e+00 8.162031725734614440e+01 5.826671969846977106e+01 1.603021589178268869e+01 2.942176548327104538e+05
7.784767548586863484e+00 8.153656720506856459e+01 5.801492865261430865e+01 1.642734805081893867e+01 2.945576998225600109e+05
7.863308354221953955e+00 8.162060427327878642e+01 5.838200646833753638e+01 1.647318659765728199e+01 2.946150419208597159e+05
7.941849140289923170e+00 8.188306698303615860e+01 5.825681963602411173e+01 1.679811205549709285e+01 2.965499522807775065e+05
8.020389907365611748e+00 8.340722363117539828e+01 5.927182887887583718e+01 1.709545393341221953e+01 3.015397607082703034e+05
8.098930656001561701e+00 8.401699445064761562e+01 5.981347501135805089e+01 1.740532539902821085e+01 3.038360905219466658e+05
8.177471386729090241e+00 8.375917945132690079e+01 5.943421909391868496e+01 1.755417046239453427e+01 3.028713919820916490e+05
8.256012100059292536e+00 8.465850675224177735e+01 6.010216397348121120e+01 1.799383102818703506e+01 3.059544276549931965e+05
8.334552796484000936e+00 8.445969774774889061e+01 5.989768743395872264e+01 1.820002674833704859e+01 3.060892568753325613e+05
8.413093476476680266e+00 8.543442766384015385e+01 6.008437441375681942e+01 1.852363527411804967e+01 3.104128176516256644e+05
8.491634140493276917e+00 8.559828627297112291e+01 6.046134695053147112e+01 1.892766829148959928e+01 3.109166225387700833e+05
8.570174788973028868e+00 8.589739376738891963e+01 6.072173081870875677e+01 1.926492022969441820e+01 3.123711221888675936e+05
8.648715422339215309e+00 8.651654569085330593e+01 6.086010677051118023e+01 1.948389031409604755e+01 3.159800021084559266e+05
8.727256040999876063e+00 8.706414261524423637e+01 6.126620253475006450e+01 1.974381403063165408e+01 3.171201624869781663e+05
8.805796645348495488e+00 8.741056079257728584e+01 6.138506351445931131e+01 2.009207763287335169e+01 3.185699321514577023e+05
8.884337235764643737e+00 8.734746082943381396e+01 6.150119926018408023e+01 2.029346570500288038e+01 3.191033375880855601e+05
8.962877812614589601e+00 8.746530143589313866e+01 6.161371421712151886e+01 2.069000916048675620e+01 3.194326813310761354e+05
9.041418376251867173e+00 8.883616225363890351e+01 6.202665651985288520e+01 2.112477023468663262e+01 3.247585651228977949e+05
9.119958927017840722e+00 8.928305893821696770e+01 6.251606378101678274e+01 2.122829844275083033e+01 3.261569748760591028e+05
9.198499465242209183e+00 8.949701783539710220e+01 6.279455812664761538e+01 2.158492575203750974e+01 3.270197195242902380e+05
9.277039991243508865e+00 8.984364910851624586e+01 6.299932854447463626e+01 2.185867710847280421e+01 3.286259918506083777e+05
9.355580505329580632e+00 9.012260662664377264e+01 6.280720147560558786e+01 2.230049204278619968e+01 3.307774139003651799e+05
9.434121007798012215e+00 9.028949969698786049e+01 6.282221146265364808e+01 2.254637327593137641e+01 3.310580482767156791e+05
9.512661498936562765e+00 9.073463268199625986e+01 6.321705728213508024e+01 2.291318391193460968e+01 3.335576529291472398e+05
9.591201979023569635e+00 9.107741466878609060e+01 6.346326640830342569e+01 2.325046395504767460e+01 3.357981426017272752e+05
9.669742448328321416e+00 9.137820983483190673e+01 6.361142472367274081e+01 2.350714574245963462e+01 3.368400180495192180e+05
9.748282907111432749e+00 9.203608143185563506e+01 6.395614003375040824e+01 2.384820645037677878e+01 3.400613396443399251e+05
9.826823355625185386e+00 9.184730000344157475e+01 6.379567670903800547e+01 2.418433349923898135e+01 3.385663794216447277e+05
9.905363794113858589e+00 9.249049595489688613e+01 6.415377636393021987e+01 2.453926424060352929e+01 3.415262000575170387e+05
9.983904222814045326e+00 9.302440398644874620e+01 6.448601333930386659e+01 2.483067167649662821e+01 3.441551234312578454e+05
1.006244464195495070e+01 9.317436735583893892e+01 6.468551227541495052e+01 2.507868724926971282e+01 3.447410320090566529e+05
1.014098505175868148e+01 9.306170873882452099e+01 6.444101713668274556e+01 2.544134702688688066e+01 3.451401331597660319e+05
1.021952545244051613e+01 9.346832004351288958e+01 6.466639856328458791e+01 2.577162150587288636e+01 3.474418769344509928e+05
1.029806584420916415e+01 9.429954199418712335e+01 6.466640692046347283e+01 2.632018607365786167e+01 3.517345890964571736e+05
1.037660622726701654e+01 9.424145934306923778e+01 6.509038249708127921e+01 2.639859444040237690e+01 3.511943284821701818e+05
1.045514660181038380e+01 9.414841739392294073e+01 6.495694087507834524e+01 2.691270964790453135e+01 3.514188022530996823e+05
1.053368696802971982e+01 9.491652895634456399e+01 6.546884877815266179e+01 2.723227809004239930e+01 3.531358073224695399e+05
1.061222732610984210e+01 9.539614157215601153e+01 6.571731527746503332e+01 2.762676691665941675e+01 3.567799301259473432e+05
1.069076767623013779e+01 9.573962976625502108e+01 6.580931511970715064e+01 2.802246982711515244e+01 3.584611411682874896e+05
1.076930801856475739e+01 9.576539674802708646e+01 6.587043972725038543e+01 2.816384176984065135e+01 3.591871027314784005e+05
1.084784835328281005e+01 9.665398412964039210e+01 6.618471535047039822e+01 2.872233040597426523e+01 3.617709556107720709e+05
1.092638868054854306e+01 9.613759318740919468e+01 6.613234673361763782e+01 2.894527938875003770e+01 3.605194143243663129e+05
1.100492900052151413e+01 9.683558432914992409e+01 6.646102572713984102e+01 2.924536522740949351e+01 3.633954507471169345e+05
1.108346931335675833e+01 9.695370267574041634e+01 6.670582999087822884e+01 2.976610860410157500e+01 3.649020972873736173e+05
1.116200961920494805e+01 9.727582962446656722e+01 6.657893846513736946e+01 3.003207559768183543e+01 3.658461575570282293e+05
1.124054991821254212e+01 9.737365437709387095e+01 6.694549524026184883e+01 3.051410363057923902e+01 3.668773217134475126e+05
1.131909021052193687e+01 9.771431560729647003e+01 6.691009996888790567e+01 3.079034775428607418e+01 3.687180640026946785e+05
1.139763049627160285e+01 9.801029822231167543e+01 6.705269497539735823e+01 3.119770923473538815e+01 3.703058491044886177e+05
1.147617077559622167e+01 9.830655286662459957e+01 6.713496356337189752e+01 3.160276175985432445e+01 3.720612899886952946e+05
1.155471104862680853e+01 9.870797410274938954e+01 6.768217888372541324e+01 3.177828459219312052e+01 3.732800321736389888e+05
1.163325131549084368e+01 9.837841709658935940e+01 6.733712281576713110e+01 3.222392094836897769e+01 3.729906630854578689e+05
1.171179157631238787e+01 9.870858420572787395e+01 6.732619056531260071e+01 3.257172630005610614e+01 3.747781608580034226e+05
1.179033183121219608e+01 9.946408372306096624e+01 6.809551280791509953e+01 3.305716644201382337e+01 3.771070504631989170e+05
1.186887208030782759e+01 9.925629157030915906e+01 6.783356043673356339e+01 3.327461645576768490e+01 3.779158452503405279e+05
1.194741232371374728e+01 9.984234827054905281e+01 6.797675878758221302e+01 3.379781875253814860e+01 3.811496514696761733e+05
1.202595256154143222e+01 9.947988256299994703e+01 6.797891375828886851e+01 3.397032248501772500e+01 3.797186482482038555e+05
1.210449279389946753e+01 1.001791842398232717e+02 6.825601775956619122e+01 3.451218772107905863e+01 3.831161251161698601e+05
1.218303302089363527e+01 1.000404955085404737e+02 6.848917817561522270e+01 3.509277229525252295e+01 3.831442573018971016e+05
1.226157324262700676e+01 1.010152343384097264e+02 6.886495580009982120e+01 3.545701215679559226e+01 3.866849433716604253e+05
1.234011345920003322e+01 1.004491442137039030e+02 6.846290065938252667e+01 3.583101786042407610e+01 3.862948845092639676e+05
1.241865367071062565e+01 1.010464814536766909e+02 6.924718792036503601e+01 3.613236457426991421e+01 3.876160107639093767e+05
1.249719387725422415e+01 1.012116074699838890e+02 6.889037823443644015e+01 3.671723754533917372e+01 3.892083418204077170e+05
1.257573407892389383e+01 1.013554638135626931e+02 6.894355093962624892e+01 3.679650849715240923e+01 3.909614926782143302e+05
1.265427427581038877e+01 1.015667690333540776e+02 6.902151714743159516e+01 3.739145409679082377e+01 3.911323039296641364e+05
1.273281446800221772e+01 1.018099422372930150e+02 6.920567761044199528e+01 3.776265464968137309e+01 3.931905659158057533e+05
1.281135465558572584e+01 1.016872125540866989e+02 6.941742631475128178e+01 3.816567047758223197e+01 3.941280802334401524e+05
1.288989483864514796e+01 1.022941339165908090e+02 6.972047742774951473e+01 3.859858174574623035e+01 3.962563000689562759e+05
1.296843501726268322e+01 1.022891148955667546e+02 6.959094620748736304e+01 3.904962523329095347e+01 3.967739112535417080e+05
1.304697519151855190e+01 1.020591105142449209e+02 6.968053261408368826e+01 3.943832320121096302e+01 3.968396987638751161e+05
1.312551536149104692e+01 1.027914240872753453e+02 6.981083440644786720e+01 3.991054005498205726e+01 4.011780094823000836e+05
1.320405552725660492e+01 1.025347659001068052e+02 6.980763861543331927e+01 4.023942904553195632e+01 3.994985659411491361e+05
1.328259568888985243e+01 1.029933987247367924e+02 6.990057670451977856e+01 4.077677664041335248e+01 4.026521698325999314e+05
1.336113584646366270e+01 1.034880203937419907e+02 7.012581765154664026e+01 4.117298060640536050e+01 4.043313084205450141e+05
1.343967600004920548e+01 1.033044529962318165e+02 7.022265715532600439e+01 4.154014512258861203e+01 4.043165883775102557e+05
1.351821614971599317e+01 1.035233775954792605e+02 7.056825522911478288e+01 4.199275825484168934e+01 4.051836494747836841e+05
1.359675629553193588e+01 1.037495074619110369e+02 7.085181680628568301e+01 4.246021283558823711e+01 4.065631480049425736e+05
1.367529643756338231e+01 1.041064880467811520e+02 7.074136886593120721e+01 4.285573075743115368e+01 4.092651099535060930e+05
1.375383657587516595e+01 1.039124104357650964e+02 7.112503374461138606e+01 4.329501206948205549e+01 4.082186917059724801e+05
1.383237671053064766e+01 1.039543727016491346e+02 7.065861630753667555e+01 4.369676818273819663e+01 4.098352261600056663e+05
1.391091684159175834e+01 1.042588569421857017e+02 7.112048275203308378e+01 4.426304310548988497e+01 4.120901288858348853e+05
1.398945696911903269e+01 1.046857186880771735e+02 7.135866067887775444e+01 4.462983681564303140e+01 4.141179536618805141e+05
1.406799709317166069e+01 1.046161187158030401e+02 7.137948561186536267e+01 4.506543213840132012e+01 4.141831242812901037e+05
1.414653721380751428e+01 1.050798481145246086e+02 7.165242210647672039e+01 4.567976553472288970e+01 4.172947559391044779e+05
1.422507733108318817e+01 1.052091199524410428e+02 7.186193337400487735e+01 4.602892586754811788e+01 4.184346333591670846e+05
1.430361744505403543e+01 1.051435675369301634e+02 7.150985252111863133e+01 4.654527846957463311e+01 4.184305905482603703e+05
1.438215755577419586e+01 1.054892214632368876e+02 7.186568707205283602e+01 4.678404172813269923e+01 4.203819816568410024e+05
1.446069766329663686e+01 1.057189559000846231e+02 7.201103279282929748e+01 4.727808804880782390e+01 4.217516450583587866e+05
1.453923776767318010e+01 1.059685566808588533e+02 7.235241807424185367e+01 4.777240709203830704e+01 4.234581988219655468e+05
1.461777786895453346e+01 1.060798472862175146e+02 7.243463302208483867e+01 4.843230100424362661e+01 4.245949285847390420e+05
1.469631796719032302e+01 1.060799352633137005e+02 7.228299551456275651e+01 4.878551452235434027e+01 4.253159049856682541e+05
1.477485806242911437e+01 1.063802032463950411e+02 7.252193587909536632e+01 4.946469589715093917e+01 4.268945294104504283e+05
1.485339815471844993e+01 1.064170670865043462e+02 7.268105798731407674e+01 4.972414753429712420e+01 4.279319306239185389e+05
1.493193824410487203e+01 1.066598095381828415e+02 7.289765420786665118e+01 5.024023638880713349e+01 4.298770146430626628e+05
1.501047833063394421e+01 1.068132430501431571e+02 7.323536993691887176e+01 5.067976539777495049e+01 4.308412534681828110e+05
1.508901841435028857e+01 1.067407987964523812e+02 7.312781481352968171e+01 5.117426806773784875e+01 4.314617658271302353e+05
1.516755849529759992e+01 1.071922252523518182e+02 7.355878500830161215e+01 5.174081457787341520e+01 4.337755691766876262e+05
1.524609857351867070e+01 1.070663648319267764e+02 7.351402150493638032e+01 5.212378535829359549e+01 4.344112730903492775e+05
1.532463864905541762e+01 1.073690266003656149e+02 7.327310898107400305e+01 5.292604271861952014e+01 4.363315910834941315e+05
1.540317872194890292e+01 1.077067630105628382e+02 7.354255823441388884e+01 5.339137611520182958e+01 4.390337693761261762e+05
1.548171879223935399e+01 1.079834564234560901e+02 7.422325360281313067e+01 5.378904465586671790e+01 4.404715510709137307e+05
1.556025885996618996e+01 1.080848510556722175e+02 7.401130169149948301e+01 5.442582474856732944e+01 4.416678910594786867e+05
1.563879892516803238e+01 1.081535319885839499e+02 7.405497665416459085e+01 5.479461204298952026e+01 4.418808785200058483e+05
1.571733898788273187e+01 1.080947670930897715e+02 7.424172146421766172e+01 5.513755425656923137e+01 4.435898649242906831e+05
1.579587904814739119e+01 1.086828349285827642e+02 7.451017009384467826e+01 5.581434985762435730e+01 4.457762519627952715e+05
1.587441910599837769e+01 1.084890011413822890e+02 7.440354525794457174e+01 5.654416706280316873e+01 4.458051384541573352e+05
1.595295916147133575e+01 1.090991299862225361e+02 7.504595095481569444e+01 5.675574477533044870e+01 4.488336324321310967e+05
1.603149921460121874e+01 1.092522002755183621e+02 7.485841514841834510e+01 5.751549446499470264e+01 4.504749003623856115e+05
1.611003926542229436e+01 1.092314272770405097e+02 7.515393989163973743e+01 5.824186978370516243e+01 4.513776859850796172e+05
1.618857931396816596e+01 1.097308229182701780e+02 7.521797029587165184e+01 5.855143848985515120e+01 4.548029603610916529e+05
1.626711936027179561e+01 1.096443935305347850e+02 7.538014252669294990e+01 5.902473264834286937e+01 4.553334551102978876e+05
1.634565940436549525e+01 1.098450776873404919e+02 7.559569841826083803e+01 5.972220439269965908e+01 4.564367162567953346e+05
1.642419944628097639e+01 1.099327590886941692e+02 7.551069394535954871e+01 5.995996523283215396e+01 4.579203464791590814e+05
1.650273948604932883e+01 1.101909493771094333e+02 7.595198955547316189e+01 6.060619486011456303e+01 4.583849576946713496e+05
1.658127952370107394e+01 1.103026464415553960e+02 7.627706550141242303e+01 6.142880478988795545e+01 4.603670093688362394e+05
1.665981955926614333e+01 1.104082577085332133e+02 7.624185108871522232e+01 6.200858615656514417e+01 4.612986631657994003e+05
1.673835959277390728e+01 1.109446640049474695e+02 7.670264036999648738e+01 6.271676213260142418e+01 4.647239604746453697e+05
1.681689962425318896e+01 1.109168030256142572e+02 7.655363202223566077e+01 6.312061607146826958e+01 4.664582156046652235e+05
1.689543965373228218e+01 1.117207697994754483e+02 7.711638491653880578e+01 6.390344082738123177e+01 4.687563349924248178e+05
1.697397968123895495e+01 1.112299417083945912e+02 7.704824089258431741e+01 6.432307727442794487e+01 4.680674639880971517e+05
1.705251970680045304e+01 1.116467352439058658e+02 7.750019870526706711e+01 6.486525212621444325e+01 4.710381433703713119e+05
1.713105973044353902e+01 1.117091930970619984e+02 7.753314099368081713e+01 6.552106768833301942e+01 4.721815327866359148e+05
1.720959975219447102e+01 1.123169384200163989e+02 7.810988160995562168e+01 6.603378868264289281e+01 4.745229551481617382e+05
1.728813977207903463e+01 1.122262329628802888e+02 7.814141565340730722e+01 6.663909997876042723e+01 4.759192962141427561e+05
1.736667979012256424e+01 1.126603718919537158e+02 7.853309613856376359e+01 6.742371715977957081e+01 4.776654268756475067e+05
1.744521980634991110e+01 1.130934461133808782e+02 7.863028986678656906e+01 6.796315565404451320e+01 4.808020892589275027e+05
1.752375982078550365e+01 1.129986412442021049e+02 7.866915855797722656e+01 6.864419381996009406e+01 4.826460622470373637e+05
1.760229983345331917e+01 1.135361328564550973e+02 7.889944050077980364e+01 6.931109868695138232e+01 4.845920747030383209e+05
1.768083984437692635e+01 1.136666698884433373e+02 7.953248924391313324e+01 6.971160312226975009e+01 4.864727324694120325e+05
1.775937985357945692e+01 1.142006741252812532e+02 7.978523080214036156e+01 7.048544899064695812e+01 4.891005466139020282e+05
1.783791986108364824e+01 1.138733234482404129e+02 7.965270938556061253e+01 7.099427500740686980e+01 4.901024453861156944e+05
1.791645986691183268e+01 1.146578269811838027e+02 8.021704493201256980e+01 7.203399042742512393e+01 4.929215101865936304e+05
1.799499987108595889e+01 1.146838284949811424e+02 8.030446069512831286e+01 7.234075837321715596e+01 4.940315363276562421e+05
1.807353987362759185e+01 1.153323137414176784e+02 8.068659874186000991e+01 7.309262626406022889e+01 4.978996307222420000e+05
1.815207987455791638e+01 1.153270540795855368e+02 8.082499276583735082e+01 7.388243981905284841e+01 4.986905991791397100e+05
1.823061987389775851e+01 1.155299353457436666e+02 8.117109104325346891e+01 7.483706104273652215e+01 5.013580006843188894e+05
1.830915987166758541e+01 1.158237080015579608e+02 8.169570828821343866e+01 7.498807571320794807e+01 5.022844654948139796e+05
1.838769986788751964e+01 1.163387838682493225e+02 8.207840125756598582e+01 7.587255029697666942e+01 5.051130294855887769e+05
1.846623986257733563e+01 1.171209356975333264e+02 8.231395616883877153e+01 7.656995606910281538e+01 5.087008713960704627e+05
1.854477985575647381e+01 1.173787449769387052e+02 8.273669226550069311e+01 7.729784265386261666e+01 5.115840129955356242e+05
1.862331984744404423e+01 1.173057297749048757e+02 8.284326648083943212e+01 7.806846263586521673e+01 5.128041447558017098e+05
1.870185983765884075e+01 1.177174528729199352e+02 8.298901579873555079e+01 7.883616602458874922e+01 5.151943894149184925e+05
1.878039982641934458e+01 1.181971340150493006e+02 8.362011870899438293e+01 7.954319866046533605e+01 5.187319844316056115e+05
1.885893981374372075e+01 1.185117912397686410e+02 8.383091382092496247e+01 8.029070435588457144e+01 5.204556412782628322e+05
1.893747979964983941e+01 1.190206335437554230e+02 8.456835499967671410e+01 8.113599637919715235e+01 5.233560419682933716e+05
1.901601978415527228e+01 1.192366727693763693e+02 8.483043737252472738e+01 8.145264118005516707e+01 5.252473133619696600e+05
1.909455976727730331e+01 1.194545520781361603e+02 8.492305378540234528e+01 8.208518871904672665e+01 5.274132385524197016e+05
1.917309974903293579e+01 1.198836758887907763e+02 8.535183424666469421e+01 8.285390457135079600e+01 5.291868758691269904e+05
1.925163972943889235e+01 1.206969096852731269e+02 8.551337138165935414e+01 8.418623390074041879e+01 5.341474229381172918e+05
1.933017970851161849e+01 1.212641263685119952e+02 8.625272559685825513e+01 8.450850798258916541e+01 5.367964655301747844e+05
1.940871968626730748e+01 1.215395957568027541e+02 8.655803907655190699e+01 8.546316055846531867e+01 5.391998781416458078e+05
1.948725966272188259e+01 1.221179637960439095e+02 8.693871099903428501e+01 8.631729171632927944e+01 5.423294153733581770e+05
1.956579963789100773e+01 1.224984762626934156e+02 8.761475894766702766e+01 8.694674160189235579e+01 5.447830765090854838e+05
1.964433961179010524e+01 1.230459725517240912e+02 8.790786063910348958e+01 8.768373758050972810e+01 5.496953326665750938e+05
1.972287958443434519e+01 1.235498324999057758e+02 8.839144189787261041e+01 8.859984370471043746e+01 5.517511537472155178e+05
1.980141955583865965e+01 1.244530916253446406e+02 8.894260207223440773e+01 8.968359763701067777e+01 5.565082251668865792e+05
1.987995952601774619e+01 1.244333379036173710e+02 8.918807972540217577e+01 9.024440376119619600e+01 5.575631020518015139e+05
1.995849949498606790e+01 1.247561803999454497e+02 8.952339943797680633e+01 9.112344814549173577e+01 5.596621519558194559e+05
2.003703946275786052e+01 1.257879275049678824e+02 9.032969095067012688e+01 9.173581845357068687e+01 5.643159895901851123e+05
2.011557942934713950e+01 1.262373275734438920e+02 9.089429072769561913e+01 9.286512225512622365e+01 5.683069500086839544e+05
2.019411939476770712e+01 1.264984770788680351e+02 9.115462901395666506e+01 9.358310441848355765e+01 5.706548552968691802e+05
2.027265935903314542e+01 1.266466850319238375e+02 9.123174636725529751e+01 9.439949333786309182e+01 5.720095935583676910e+05
2.035119932215682326e+01 1.266897194935624924e+02 9.139447833124015119e+01 9.479060546219814398e+01 5.734249177249402273e+05
2.042973928415191054e+01 1.270817357411570043e+02 9.159073042593526282e+01 9.566809687898556547e+01 5.751211655702857533e+05
2.050827924503137467e+01 1.267110111542856288e+02 9.197017442860683900e+01 9.626381509096952982e+01 5.759036363073368557e+05
2.058681920480798766e+01 1.271674871193547460e+02 9.208257078282760233e+01 9.721368744465191014e+01 5.797278904879870825e+05
2.066535916349431901e+01 1.269539982137847574e+02 9.240941667891090106e+01 9.790570400241335847e+01 5.787078747454924742e+05
2.074389912110275347e+01 1.270579840939461747e+02 9.223820599817241828e+01 9.856072264233256419e+01 5.812276593085878994e+05
2.082243907764548752e+01 1.277143517631370031e+02 9.290200757921219576e+01 9.941920510991381832e+01 5.843949901349907741e+05
2.090097903313453642e+01 1.275961540024784142e+02 9.318131713813639294e+01 1.001476434429157507e+02 5.868598555029614363e+05
2.097951898758173783e+01 1.279311109278933003e+02 9.336303240196546938e+01 1.010460169913808102e+02 5.881864802235024981e+05
2.105805894099874109e+01 1.277226608343905099e+02 9.376172148876501922e+01 1.017609319295939514e+02 5.884090488607746083e+05
2.113659889339703568e+01 1.277463867648158526e+02 9.363159660005821650e+01 1.024750302536564561e+02 5.904821897238017991e+05
2.121513884478793344e+01 1.282424556465381897e+02 9.415341551684038279e+01 1.033872226392327036e+02 5.946994580653063022e+05
2.129367879518258277e+01 1.281291527066737501e+02 9.463143344736803897e+01 1.041378398206613838e+02 5.939223839225267293e+05
2.137221874459196869e+01 1.285990756674311797e+02 9.441920544957014272e+01 1.046554249035428654e+02 5.975388935099837836e+05
2.145075869302691274e+01 1.285108119731258114e+02 9.488963955909866854e+01 1.057855470818660422e+02 5.986024178678911412e+05
2.152929864049807307e+01 1.282167002067030239e+02 9.505847671960904677e+01 1.064353984513812179e+02 5.997832712992194574e+05
2.160783858701596571e+01 1.284789667067628898e+02 9.556293711991000350e+01 1.072424813622082951e+02 6.012159241423488129e+05
2.168637853259094683e+01 1.290575917794112399e+02 9.556449597428853338e+01 1.081533606073015363e+02 6.049319244533504825e+05
2.176491847723321982e+01 1.287985044088601683e+02 9.597642669457626141e+01 1.089096514653854371e+02 6.057896529542619828e+05
2.184345842095285306e+01 1.290735778229513642e+02 9.630627297483847826e+01 1.094153487135778988e+02 6.076189324944355758e+05
2.192199836375975508e+01 1.296965007525126623e+02 9.653254012303357001e+01 1.105387918133774718e+02 6.119416041191359982e+05
2.200053830566371005e+01 1.294655101386077547e+02 9.683650717810573383e+01 1.110739684570485792e+02 6.135699063339959830e+05
2.207907824667434582e+01 1.293289283112348471e+02 9.699587825443286704e+01 1.119484302519630177e+02 6.126480114800083684e+05
2.215761818680116590e+01 1.299523116044700828e+02 9.743968206753298489e+01 1.132771293971232751e+02 6.160759292507580249e+05
2.223615812605353526e+01 1.302067021485374028e+02 9.789662948791384167e+01 1.139608322670549967e+02 6.205442693001094740e+05
2.231469806444068738e+01 1.295327270962955026e+02 9.759697042280011203e+01 1.143733710692839622e+02 6.191125421374425059e+05
2.239323800197172432e+01 1.301447544163219732e+02 9.840594475297584154e+01 1.153243191100389993e+02 6.217756682848114287e+05
2.247177793865562023e+01 1.306198659538442257e+02 9.875732681120410916e+01 1.163806513069871755e+02 6.244495280899399659e+05
2.255031787450123204e+01 1.303800529699899471e+02 9.913868090713144454e+01 1.172931854338016535e+02 6.259621789464065805e+05
2.262885780951728165e+01 1.303449494466695171e+02 9.908733308573179954e+01 1.177826968372048384e+02 6.256719259742249269e+05
2.270739774371238440e+01 1.309237865099308920e+02 9.992344555362092251e+01 1.187838517655974897e+02 6.293750924562392756e+05
2.278593767709502771e+01 1.313116085354270695e+02 9.989413221972438350e+01 1.199240013180827589e+02 6.342706716315444792e+05
2.286447760967358178e+01 1.312436833298782517e+02 1.003555761511386066e+02 1.208099674436688247e+02 6.348056313709540991e+05
2.294301754145629957e+01 1.312195088692510581e+02 1.006963563452908943e+02 1.215143931145365457e+02 6.363407630040642107e+05
2.302155747245133455e+01 1.319435427485738614e+02 1.013149411913885274e+02 1.221178874298796586e+02 6.412143933536171680e+05
2.310009740266672296e+01 1.318826855779455514e+02 1.014260400981936385e+02 1.230613525588499328e+02 6.429901780468382640e+05
2.317863733211038380e+01 1.319729736542565206e+02 1.016894505809077316e+02 1.239765209031976951e+02 6.442426457480604295e+05
2.325717726079013303e+01 1.317884743095880822e+02 1.023724225355363728e+02 1.247799484419819578e+02 6.432169886377857765e+05
2.333571718871368716e+01 1.326859179633165411e+02 1.021881416642829095e+02 1.259486154776968903e+02 6.494114487056698417e+05
2.341425711588865965e+01 1.326618623657940645e+02 1.027805993016038144e+02 1.271763382281590395e+02 6.516401247709488962e+05
2.349279704232255384e+01 1.326353526335578579e+02 1.032350585633163718e+02 1.276970609942862609e+02 6.528977776765723247e+05
2.357133696802278067e+01 1.332147273052656828e+02 1.037908105289752001e+02 1.290795241777965998e+02 6.557632060979086673e+05
2.364987689299664453e+01 1.333875506522797707e+02 1.040979765350014361e+02 1.298700177480716320e+02 6.577548094772825716e+05
2.372841681725136453e+01 1.332469453559570809e+02 1.042296739764203011e+02 1.305132019613292584e+02 6.584646107404261129e+05
2.380695674079405322e+01 1.336734425035974141e+02 1.047829144880406602e+02 1.318093014779726957e+02 6.633460713777987985e+05
2.388549666363174140e+01 1.342565415660446320e+02 1.052120885297715773e+02 1.327379756926911796e+02 6.662433728935704567e+05
2.396403658577134976e+01 1.344715537897124022e+02 1.061333137887452835e+02 1.335477624431644870e+02 6.677939200436673127e+05
2.404257650721972439e+01 1.345836494806134169e+02 1.064021079476080160e+02 1.351093260460465331e+02 6.709937364457969088e+05
2.412111642798362254e+01 1.348322301404510597e+02 1.067305992239952417e+02 1.358437975460318796e+02 6.740749842801315244e+05
2.419965634806970556e+01 1.347051290381845376e+02 1.068419358050713015e+02 1.368533900763212330e+02 6.756023819340536138e+05
2.427819626748454596e+01 1.358288254677818827e+02 1.073795017292102614e+02 1.376703217271327162e+02 6.802420224488130771e+05
2.435673618623464520e+01 1.358623264591712143e+02 1.077237108152079657e+02 1.384090871715645221e+02 6.810646328045602422e+05
2.443527610432640529e+01 1.360006057415167504e+02 1.083510768236599944e+02 1.396490870896605827e+02 6.842691886314388830e+05
2.451381602176616425e+01 1.362010246299371659e+02 1.084301973164041470e+02 1.407177437422843411e+02 6.874266945423501311e+05
2.459235593856016067e+01 1.367587583946771872e+02 1.094100906599142604e+02 1.414049351830911405e+02 6.909819036245860625e+05
2.467089585471456203e+01 1.365785870400538613e+02 1.098139457114636883e+02 1.429270305818035069e+02 6.923653643457174767e+05
2.474943577023546126e+01 1.371515749626506988e+02 1.101936314098128520e+02 1.437634942538403493e+02 6.951339177361746551e+05
2.482797568512887310e+01 1.375751363834980054e+02 1.104406466356915502e+02 1.444854844045902666e+02 7.000420894489201019e+05
2.490651559940072346e+01 1.381626732393972929e+02 1.111766445604796161e+02 1.455246276270453905e+02 7.034509402166054351e+05
2.498505551305688144e+01 1.382801847990568831e+02 1.116689599349650592e+02 1.469101801631817352e+02 7.059313249478361104e+05
2.506359542610313440e+01 1.385996019525054521e+02 1.120501093302079312e+02 1.478457995224465549e+02 7.066625783485234715e+05
2.514213533854519511e+01 1.388549920351849778e+02 1.124955281554885431e+02 1.483494459513129016e+02 7.106314187283074716e+05
2.522067525038871239e+01 1.395666486659168584e+02 1.132751823428661027e+02 1.497556847779358407e+02 7.142082256993076298e+05
2.529921516163925688e+01 1.390929720026351220e+02 1.132711125463620192e+02 1.504720478402258266e+02 7.153395816715478431e+05
2.537775507230233529e+01 1.398897655801821713e+02 1.141108039417591016e+02 1.518873776191562968e+02 7.199500030423785793e+05
2.545629498238338684e+01 1.397435522696566466e+02 1.143648459802240467e+02 1.526097845476475925e+02 7.206454807252479950e+05
2.553483489188777966e+01 1.411756131153261720e+02 1.153298324690376404e+02 1.543592890205295873e+02 7.291543380978980567e+05
2.561337480082082152e+01 1.408805251125186828e+02 1.160651492374944240e+02 1.552514474766807666e+02 7.288161388743249699e+05
2.569191470918774911e+01 1.411862304826673267e+02 1.158578273906421430e+02 1.565559541581078520e+02 7.313386745691515971e+05
2.577045461699373874e+01 1.415858450912482454e+02 1.166525753522548001e+02 1.576100250450574549e+02 7.337615626661190763e+05
2.584899452424390631e+01 1.423412954820937273e+02 1.168747017413928972e+02 1.580834670792575878e+02 7.385603805494469125e+05
2.592753443094329668e+01 1.419112852351718743e+02 1.177637863901218509e+02 1.592771078208667177e+02 7.395598204495202517e+05
2.600607433709690852e+01 1.427680515291669110e+02 1.183417619930858393e+02 1.616880167837939268e+02 7.471069618192070629e+05
2.608461424270966944e+01 1.426302400611116639e+02 1.185242254667658557e+02 1.618446907089422666e+02 7.471061115309306188e+05
2.616315414778644310e+01 1.435169892647482186e+02 1.195756625916762772e+02 1.631349626951171956e+02 7.522511937924239319e+05
2.624169405233205055e+01 1.431035931353254682e+02 1.203595030483294295e+02 1.644710569548498142e+02 7.516123593316031620e+05
2.632023395635124174e+01 1.437623145668269729e+02 1.207677087883728433e+02 1.652279999976903753e+02 7.571943080190429464e+05
2.639877385984871694e+01 1.447231281189546905e+02 1.211968583582030305e+02 1.664348958377647421e+02 7.615828141542123631e+05
2.647731376282911953e+01 1.452289409494142092e+02 1.215616579563941571e+02 1.677061733841349280e+02 7.676579635508165229e+05
2.655585366529703606e+01 1.455593721820403061e+02 1.218225852616477738e+02 1.685560103468923501e+02 7.683503003772130469e+05
2.663439356725699980e+01 1.460184315866131044e+02 1.232330442317678632e+02 1.698917413348315222e+02 7.702937171339096967e+05
2.671293346871349428e+01 1.457460161098887284e+02 1.235628997322141913e+02 1.711124188536114730e+02 7.742039289007628104e+05
2.679147336967094617e+01 1.466904262558530831e+02 1.236468551769042818e+02 1.728170169499735209e+02 7.797175484376919921e+05
2.687001327013372531e+01 1.473250714193181921e+02 1.247607938220699992e+02 1.736710704836650052e+02 7.824059269142100820e+05
2.694855317010616602e+01 1.474002758312940387e+02 1.244927081693070505e+02 1.749312798582701021e+02 7.843821504364169668e+05
2.702709306959254221e+01 1.487698394368202912e+02 1.259746831490056564e+02 1.768309409507143073e+02 7.909336807656656019e+05
2.710563296859707094e+01 1.487357171025115008e+02 1.263847161699702752e+02 1.773692653185043469e+02 7.936056237026551971e+05
2.718417286712393377e+01 1.489412720331569346e+02 1.273556762633454014e+02 1.789040335122093666e+02 8.003440152615153929e+05
2.726271276517725894e+01 1.491365513639523215e+02 1.275912795386679051e+02 1.794987626293514040e+02 8.016127593215249944e+05
2.734125266276112498e+01 1.495352346740794474e+02 1.275002692632521928e+02 1.813337719127611365e+02 8.041173350033299066e+05
2.741979255987956776e+01 1.500773928727724069e+02 1.288896020880260664e+02 1.828238105744655968e+02 8.082393550549886422e+05
2.749833245653658054e+01 1.499804836569708471e+02 1.290603645463922078e+02 1.828316654673998016e+02 8.084585326000628993e+05
2.757687235273609616e+01 1.501302285453282934e+02 1.303512552579190640e+02 1.850256663170636671e+02 8.118958425519396551e+05
2.765541224848202262e+01 1.508446430332916748e+02 1.303957919749188648e+02 1.867151333994877973e+02 8.205753730739225866e+05
2.773395214377820395e+01 1.511860073420745607e+02 1.318456177706422068e+02 1.866504901043926452e+02 8.200918442112349439e+05
2.781249203862845576e+01 1.517039756294829829e+02 1.315200628078029581e+02 1.882851139353855388e+02 8.245542732957586413e+05
2.789103193303654038e+01 1.518781415178679879e+02 1.317918422864118781e+02 1.896191435532234095e+02 8.291017460550213000e+05
2.796957182700618816e+01 1.515898091431197656e+02 1.326078632555419858e+02 1.907591107088841227e+02 8.288360352586116642e+05
2.804811172054107615e+01 1.518564583299747426e+02 1.325058241211950474e+02 1.925155913045452394e+02 8.303796152096267324e+05
2.812665161364485655e+01 1.533867012499846112e+02 1.335676283412305168e+02 1.931765515221359237e+02 8.423354925102510024e+05
2.820519150632112115e+01 1.522641243136064588e+02 1.336070729671556023e+02 1.944792037286042046e+02 8.406406863120867638e+05
2.828373139857343332e+01 1.523996518338689157e+02 1.343473645756874646e+02 1.959099997044062889e+02 8.402036026385084260e+05
2.836227129040531736e+01 1.519033872055061920e+02 1.342049315626765917e+02 1.957654226879348300e+02 8.429070197108687134e+05
2.844081118182025847e+01 1.524221104738726638e+02 1.345834871582752896e+02 1.976034729431907522e+02 8.441167019412935479e+05
2.851935107282169923e+01 1.519710778891080167e+02 1.349640349935914116e+02 1.974707426679319440e+02 8.433825429899016162e+05
2.859789096341304315e+01 1.520211905815223474e+02 1.365503713511451735e+02 2.008844034182655207e+02 8.433495608595312806e+05
2.867643085359765820e+01 1.520785208315747923e+02 1.362617256908418426e+02 2.012109003262825411e+02 8.474189723792480072e+05
2.875497074337888392e+01 1.527042851810382444e+02 1.368521469991390518e+02 2.018671533011232100e+02 8.504092746496723266e+05
2.883351063276001369e+01 1.530387545243601153e+02 1.379423083734860995e+02 2.048867871458645880e+02 8.563051817332315259e+05
2.891205052174430890e+01 1.526295965842295175e+02 1.387783519777314325e+02 2.049511057642397702e+02 8.561092888954025693e+05
2.899059041033499184e+01 1.534387956210975972e+02 1.395919824020427029e+02 2.063257557689024111e+02 8.645076639462334570e+05
2.906913029853525643e+01 1.536201482974172450e+02 1.393167667063169688e+02 2.077929864375708462e+02 8.678638445170118939e+05
2.914767018634825746e+01 1.534888777518514473e+02 1.394702133399099466e+02 2.082733505764077790e+02 8.667057496561758453e+05
2.922621007377712132e+01 1.537084817700531971e+02 1.413962712037997278e+02 2.112238728243446531e+02 8.711616447392284172e+05
2.930474996082492822e+01 1.539141964051628690e+02 1.410805699130228561e+02 2.125832490071874759e+02 8.757893703049920732e+05
2.938328984749474060e+01 1.541200509096358644e+02 1.418396350159045198e+02 2.140716778199392536e+02 8.793393176685968647e+05
2.946182973378957826e+01 1.537075285855717368e+02 1.413428623566051101e+02 2.137068680457013272e+02 8.814974758550656261e+05
2.954036961971243258e+01 1.551974523383561007e+02 1.421266921936176288e+02 2.148017622401829101e+02 8.893170391816969495e+05
2.961890950526625943e+01 1.547032215177003707e+02 1.429161712000255875e+02 2.167590060542846686e+02 8.884725426495660795e+05
2.969744939045398979e+01 1.552703219146985703e+02 1.419234961225205325e+02 2.166986696692463283e+02 8.929700614806036465e+05
2.977598927527852268e+01 1.540737845542866182e+02 1.440249225425226882e+02 2.185696688221194961e+02 8.891604547118049813e+05
2.985452915974272159e+01 1.550157914108072816e+02 1.454463364023822010e+02 2.207000557886125591e+02 8.965320775856365217e+05
2.993306904384942868e+01 1.559951036871392205e+02 1.461499702574989499e+02 2.210207845514483154e+02 9.016159110512260813e+05
3.001160892760143994e+01 1.573053564883273907e+02 1.460596761740214617e+02 2.229517310389161935e+02 9.163479084070308600e+05
3.009014881100154071e+01 1.572795489885615154e+02 1.482463514629022256e+02 2.244300758158894951e+02 9.149998696084741969e+05
3.016868869405248077e+01 1.567771630791652626e+02 1.469585878242043293e+02 2.250721436879569808e+02 9.168484206129169324e+05
3.024722857675697441e+01 1.577284535968837247e+02 1.478163248041029760e+02 2.272988403055769311e+02 9.251528448953487677e+05
3.032576845911771457e+01 1.597651090920879824e+02 1.477999943166319667e+02 2.283305119461709296e+02 9.293591631391010014e+05
3.040430834113736580e+01 1.589272601787230599e+02 1.498761967490665370e+02 2.313134257132475966e+02 9.397753488526144065e+05
3.048284822281856421e+01 1.599533589915811262e+02 1.492469613092451368e+02 2.336990240722041676e+02 9.364674090557827149e+05
3.056138810416392460e+01 1.593119947540851058e+02 1.500910444966772843e+02 2.322412960234703121e+02 9.374993890078114346e+05
3.063992798517602267e+01 1.610082041402474999e+02 1.514580211451585967e+02 2.363240762872613914e+02 9.567264442544095218e+05
3.071846786585741640e+01 1.624463264528085062e+02 1.529562063505199774e+02 2.372093360065737500e+02 9.609571952341984725e+05
3.079700774621063886e+01 1.627295098039954269e+02 1.528204147310711392e+02 2.384605490516719328e+02 9.583549349408156704e+05
3.087554762623818760e+01 1.628819653259793938e+02 1.547659889211866471e+02 2.416500011712387561e+02 9.612355159148038365e+05
3.095408750594254599e+01 1.606733755022464436e+02 1.549592226779829787e+02 2.423858370002309925e+02 9.642989656897797249e+05
3.103262738532617249e+01 1.647430094711262711e+02 1.562848359702266237e+02 2.417604320419995076e+02 9.837865019082133658e+05
3.111116726439149005e+01 1.628375763285381481e+02 1.586832077039421733e+02 2.450997904008225703e+02 9.757469714134058449e+05
3.118970714314090387e+01 1.646825802579944309e+02 1.582904564978815642e+02 2.449426047510621629e+02 9.807727667931342730e+05
3.126824702157679781e+01 1.667370593254718756e+02 1.596297901519229470e+02 2.487243247991700343e+02 9.897442495275076944e+05
3.134678689970152377e+01 1.638050768260870598e+02 1.602644312308947576e+02 2.504726638974110244e+02 9.874881271160126198e+05
3.142532677751741588e+01 1.654675136572934946e+02 1.603765251336581912e+02 2.498432340500178839e+02 9.973217493063606089e+05
3.150386665502678696e+01 1.656035756129785170e+02 1.626380733766690696e+02 2.530722862933051260e+02 1.008852800918195629e+06
3.158240653223192140e+01 1.696565834791370833e+02 1.618383209325845655e+02 2.529067574256080491e+02 1.027082291442572023e+06
3.166094640913508229e+01 1.669054340945576769e+02 1.627797340587567589e+02 2.549615461541147852e+02 1.022292306976289023e+06
3.173948628573851494e+01 1.681607543731869612e+02 1.650240006115189431e+02 2.575550072451044343e+02 1.022315493453303585e+06
3.181802616204443623e+01 1.711496163798104249e+02 1.651367556885139720e+02 2.628882994426473374e+02 1.036480203726532520e+06
3.189656603805504531e+01 1.716167686821894165e+02 1.660174768052768002e+02 2.627925033196714253e+02 1.049945186652085278e+06
3.197510591377251998e+01 1.696460884879067521e+02 1.662268874458020775e+02 2.650111500206733695e+02 1.040950392586188740e+06
3.205364578919900964e+01 1.747617275787159770e+02 1.673166175617284352e+02 2.681888039163195003e+02 1.077784122328144498e+06
3.213218566433665302e+01 1.738996439802099019e+02 1.663563286809221324e+02 2.686843053233073988e+02 1.076135232714647660e+06
3.221072553918755688e+01 1.740440449174670903e+02 1.690000521361507140e+02 2.686941176239506603e+02 1.081677939977905480e+06
3.228926541375382442e+01 1.739008215990638178e+02 1.693120339917698232e+02 2.695826770882043775e+02 1.068373218565269373e+06
3.236780528803751622e+01 1.752252946853873254e+02 1.690989902934239240e+02 2.731936528097385235e+02 1.084219025104200467e+06
3.244634516204068575e+01 1.772231518347489327e+02 1.720178708881552154e+02 2.751076254486512198e+02 1.091590421553690918e+06
3.252488503576537227e+01 1.783676569145904125e+02 1.728437153395983614e+02 2.780953773166609722e+02 1.106824329127689591e+06
3.260342490921358660e+01 1.775015120164564166e+02 1.756638404891763798e+02 2.782641913128560418e+02 1.111164058462568559e+06
3.268196478238731828e+01 1.783328812581963518e+02 1.709640397590550549e+02 2.750072744099398392e+02 1.135610835640083067e+06
3.276050465528854261e+01 1.766770434192275445e+02 1.761754752335464218e+02 2.788268668004423034e+02 1.116670915847282624e+06
3.283904452791921358e+01 1.765626622542634721e+02 1.806704441411104369e+02 2.764045044237900015e+02 1.121290495674684877e+06
3.291758440028127097e+01 1.797287756505744483e+02 1.768057876217757496e+02 2.789672225882810039e+02 1.135122854777913541e+06
3.299612427237663326e+01 1.809822680723844712e+02 1.774144731626528824e+02 2.876088555458662199e+02 1.149405518568326952e+06
3.307466414420719758e+01 1.838869599854359649e+02 1.786780242867544075e+02 2.846110339012619761e+02 1.168248025944421766e+06
3.315320401577483977e+01 1.834412045792930712e+02 1.799955532471186359e+02 2.882400785141618371e+02 1.160547486519044498e+06
3.323174388708143567e+01 1.846049008293647944e+02 1.833950376502677102e+02 2.995552170184926126e+02 1.166355416369711747e+06
3.331028375812883269e+01 1.925074798584348628e+02 1.809666452079677015e+02 2.987135905820132962e+02 1.218131617352255853e+06
3.338882362891884981e+01 1.864719402002776292e+02 1.900555435948598699e+02 2.957476998318344954e+02 1.172330986171710538e+06
3.346736349945329891e+01 1.815549196578885756e+02 1.827719066945019506e+02 2.902125752318321474e+02 1.178811046303188894e+06
3.354590336973399189e+01 1.939229282163077812e+02 1.863830368861551676e+02 3.031753367261270000e+02 1.220514968867660733e+06
3.362444323976268379e+01 1.919130174419516095e+02 1.912720802715002719e+02 3.062996011931903695e+02 1.196787879246745957e+06
3.370298310954115806e+01 1.860800891811766746e+02 1.850337503188677033e+02 3.019955867306109667e+02 1.220537388687974308e+06
3.378152297907114132e+01 1.937301417957618241e+02 1.907246825883373447e+02 2.967686034093980538e+02 1.249676696142189903e+06
3.386006284835436730e+01 1.912003981810918845e+02 1.877336050183100156e+02 3.087520553344587029e+02 1.269267967633812223e+06
3.393860271739255552e+01 2.010017806224584831e+02 1.966240953436334564e+02 3.091402141698577566e+02 1.286273334109040676e+06
3.401714258618739706e+01 2.016949853795352965e+02 1.947077814810769496e+02 3.093495031583339596e+02 1.279896745945558418e+06
3.409568245474058301e+01 1.970098785123922482e+02 2.088133899092270269e+02 3.324768376830162993e+02 1.242025457354941871e+06
3.417422232305376895e+01 2.023795200769894791e+02 1.879188355510917461e+02 3.230721506300019428e+02 1.315571035630824976e+06
3.425276219112861043e+01 1.924131864302187296e+02 2.074597925104021385e+02 3.244861254199309428e+02 1.269475708783634938e+06
3.433130205896674880e+01 1.894735574500000723e+02 1.915325495037875498e+02 3.132359123966456877e+02 1.296367443023774540e+06
3.440984192656979701e+01 1.961968219802714941e+02 1.928626165859767525e+02 3.267808004935207009e+02 1.351921832964776084e+06
3.448838179393936088e+01 1.688221860621366091e+02 2.054281480104011450e+02 3.340380672431099356e+02 1.072716905051241396e+06
3.456692166107702491e+01 1.868186711221032112e+02 1.836554046065656678e+02 3.128211942025846497e+02 1.276601645229346352e+06
3.464546152798438072e+01 2.503960929653893857e+02 2.642304424902274036e+02 4.164879394685740976e+02 1.466241467652932275e+06
3.472400139466299152e+01 1.728852416020003204e+02 2.224461509162672428e+02 2.252658494937502098e+02 1.639974669529071078e+06
