# 0.975 0.9886
7.871241428633635184e-02 1.420775816588919715e+00 1.244956253073604024e+00 6.884750249839349107e-03 1.873829090693338685e+03
1.618072713909662341e-01 4.418720574435559989e+00 3.726732566765418309e+00 3.433279325370174745e-02 7.510002797617208671e+03
2.418771330418761079e-01 5.677410509711765307e+00 4.870139417837451745e+00 4.240161480550185685e-02 1.033306115701326416e+04
3.211923215201240578e-01 9.739311693117553403e+00 8.128094428670923577e+00 1.011115222858387092e-01 1.997995015114071066e+04
4.002017901256537113e-01 1.321608443165400892e+01 1.090261236216070095e+01 1.475898764914550521e-01 2.843021245410329357e+04
4.790568272527075955e-01 1.253113352104911549e+01 1.044467289360892259e+01 1.649362407960257015e-01 2.776439467647423589e+04
5.578229290343351687e-01 1.843721715146165963e+01 1.533589497787839129e+01 2.372644078574802362e-01 4.080968250999966403e+04
6.365331115321660738e-01 1.909123463170311297e+01 1.568587193728431650e+01 3.009138472071940518e-01 4.353553182018694497e+04
7.152058371535838788e-01 2.125104383892420046e+01 1.752907023567219724e+01 3.493021317037159346e-01 5.038618776519133098e+04
7.938522421846891941e-01 2.188039163918433516e+01 1.800692803739555004e+01 4.063936189969155066e-01 5.179352782538238534e+04
8.724794443688169698e-01 2.339229036694454678e+01 1.924418803081464091e+01 4.728100371599638918e-01 5.670843218443176011e+04
9.510922062407737299e-01 2.529478141775029698e+01 2.064244364437964308e+01 5.272357776793589190e-01 6.222887723181839101e+04
1.029693835175838679e+00 2.559405385451787041e+01 2.092038876252707880e+01 6.021126197053512374e-01 6.405513637645005656e+04
1.108286699878543891e+00 2.646461310242828802e+01 2.155771963511900680e+01 6.743052831877149877e-01 6.708591733942073188e+04
1.186872541411916560e+00 2.745550684686247322e+01 2.251524223888994669e+01 7.351811130215013534e-01 7.099645595358264109e+04
1.265452668213572940e+00 2.867268090517374546e+01 2.361176965730535571e+01 7.861701640946381353e-01 7.460805118477197539e+04
1.344028082638708543e+00 3.025384284933907608e+01 2.458906355542874067e+01 8.861957886142934893e-01 8.096023632516419457e+04
1.422599565533279709e+00 3.025981060605966277e+01 2.457209003559485083e+01 9.356027528106648505e-01 8.095140115241784952e+04
1.501167734229200246e+00 3.071526935836022787e+01 2.492054440949249638e+01 1.077333650061514270e+00 8.528929830314317951e+04
1.579733083222462531e+00 3.279400869070425273e+01 2.637284885909520327e+01 1.175491798592108283e+00 9.262735296067356830e+04
1.658296013281593151e+00 3.233056687414010355e+01 2.607892304061495992e+01 1.224574930366792769e+00 9.303922864964092150e+04
1.736856852652245875e+00 3.293252489473669442e+01 2.639333638646238356e+01 1.350598272033627811e+00 9.446384298996819416e+04
1.815415872753641580e+00 3.307541121995243572e+01 2.666933021769744627e+01 1.397086205891860278e+00 9.755339133663999382e+04
1.893973299967037560e+00 3.436559026182286658e+01 2.757561787695864197e+01 1.506260419943583173e+00 1.024558903554973222e+05
1.972529324606241641e+00 3.498860196253691868e+01 2.794160410673012152e+01 1.618989314114413158e+00 1.066746208115190384e+05
2.051084107826015579e+00 3.541471632166567218e+01 2.831747663969001749e+01 1.729539089862620616e+00 1.096961556514758122e+05
2.129637787001040561e+00 3.706071778387036630e+01 2.928851688738146564e+01 1.887703300718313271e+00 1.157053218504388060e+05
2.208190479956450680e+00 3.689622811067327746e+01 2.915922178024569789e+01 2.020806050102101903e+00 1.171581144078558282e+05
2.286742288326184092e+00 3.690177742617555623e+01 2.938713120416632663e+01 2.015540763940324887e+00 1.175263873217981454e+05
2.365293300241981811e+00 3.707861152425726203e+01 2.946775586557627236e+01 2.150475866253761748e+00 1.178235379104871536e+05
2.443843592503681883e+00 3.831694711549454979e+01 3.049241245105642406e+01 2.249690213260345129e+00 1.236681609665629512e+05
2.522393232343909553e+00 3.897261911439140647e+01 3.078542508225917018e+01 2.432218057794721222e+00 1.282997897552298964e+05
2.600942278872942381e+00 4.033289336258874158e+01 3.154173109501327943e+01 2.576025115989091230e+00 1.338219668639492302e+05
2.679490784269383141e+00 4.007800173287782286e+01 3.143490734602854886e+01 2.686598846506649263e+00 1.332344927434309211e+05
2.758038794767343038e+00 4.153027827402863892e+01 3.259293438444260005e+01 2.803328519031157207e+00 1.376108643975251762e+05
2.836586351479573942e+00 4.223669344523757019e+01 3.275291852379164226e+01 3.008579967684557932e+00 1.435145609470159980e+05
2.915133491087511963e+00 4.215149211451702627e+01 3.300990347306126438e+01 3.044971021698956726e+00 1.416431331294738920e+05
2.993680246422668834e+00 4.244365290140659397e+01 3.311392497548697378e+01 3.195885780506282803e+00 1.435118902927343443e+05
3.072226646958827967e+00 4.439186466738427583e+01 3.450761835959791313e+01 3.375731961526882152e+00 1.504256840584402962e+05
3.150772719230606977e+00 4.408158459895799552e+01 3.424278462606563522e+01 3.526510584352140931e+00 1.518432195380119665e+05
3.229318487190934395e+00 4.434611505181003821e+01 3.469813921365958720e+01 3.558852635582359980e+00 1.506909911139796604e+05
3.307863972517584905e+00 4.486929103076554526e+01 3.501667314872235437e+01 3.722985122016024384e+00 1.541447077315083297e+05
3.386409194877053608e+00 4.585825231762662924e+01 3.562569755846083552e+01 3.900500289922767649e+00 1.587113590340643714e+05
3.464954172152534095e+00 4.699172571446554514e+01 3.645074200037593215e+01 4.045302092312358155e+00 1.623562547136759968e+05
3.543498920641575456e+00 4.766835656967614199e+01 3.680692300686899898e+01 4.255996682308257562e+00 1.655913016112863261e+05
3.622043455228019404e+00 4.816650709514670581e+01 3.733118091277996342e+01 4.344543424949833366e+00 1.680701692197722150e+05
3.700587789532037597e+00 4.910532980033443806e+01 3.783648891378657453e+01 4.568005961848169427e+00 1.716816919903712114e+05
3.779131936041457696e+00 4.897646786267538488e+01 3.780301420013520897e+01 4.763225540914206135e+00 1.721682732203445339e+05
3.857675906227046259e+00 5.025863230386958946e+01 3.866320542448978159e+01 4.757275408201007139e+00 1.739723828906888375e+05
3.936219710643986680e+00 5.112224850172442814e+01 3.923752658607555333e+01 4.970675087072377707e+00 1.791338965610341984e+05
4.014763359021444877e+00 5.078162631288580542e+01 3.897048470545328769e+01 5.193540812889989589e+00 1.784459706234844634e+05
4.093306860341824560e+00 5.262706500153296929e+01 4.034207026363284143e+01 5.364949833317575134e+00 1.842243976131293166e+05
4.171850222911064776e+00 5.296903500552441102e+01 4.039539291961224876e+01 5.557616025711014096e+00 1.847007352583034080e+05
4.250393454421145911e+00 5.240621158228333343e+01 4.018353975636070885e+01 5.627100408296385581e+00 1.841243719932222739e+05
4.328936562005788247e+00 5.386276942962174985e+01 4.097842145290952942e+01 5.825587514267489553e+00 1.910991441364370403e+05
4.407479552290201497e+00 5.502929076780485929e+01 4.202306853578535595e+01 6.049021346924164710e+00 1.935816783576470334e+05
4.486022431435594982e+00 5.451823465956438497e+01 4.134222641387264474e+01 6.200536848442886217e+00 1.925453573328457715e+05
4.564565205179107465e+00 5.572205953060888106e+01 4.226196168313724399e+01 6.389434135369669754e+00 1.977802822357433324e+05
4.643107878869670024e+00 5.688013065206526164e+01 4.312068561533161670e+01 6.556064455242047728e+00 2.006873072964052262e+05
4.721650457500300213e+00 5.701965315221988106e+01 4.324419604947151186e+01 6.701685525288294976e+00 2.018230111531277362e+05
4.800192945737217443e+00 5.775637905791872129e+01 4.362995633029148479e+01 6.992768441703760551e+00 2.055501587808334443e+05
4.878735347946150824e+00 5.808575571463546794e+01 4.380407219399381091e+01 7.202430424418063026e+00 2.068201261900213431e+05
4.957277668216146793e+00 5.853792214596646204e+01 4.422162639986962773e+01 7.332401908282728975e+00 2.085566105762794323e+05
5.035819910381144737e+00 5.901914140937473974e+01 4.441557338940028643e+01 7.543638280940605512e+00 2.106204347480118740e+05
5.114362078039562221e+00 6.002535371414784038e+01 4.498138806132825351e+01 7.713269943883402924e+00 2.146953682303724927e+05
5.192904174572115394e+00 6.072435792336569449e+01 4.546619372431676709e+01 7.954860118031442440e+00 2.159805660928025900e+05
5.271446203158030919e+00 6.125128173106276108e+01 4.568073394029866563e+01 8.171605022352261827e+00 2.195583235581314075e+05
5.349988166789838573e+00 6.185016806040711401e+01 4.625807607767010410e+01 8.323501457285928495e+00 2.205760421302877658e+05
5.428530068286878674e+00 6.256403073571697604e+01 4.657027399201500373e+01 8.586982104901050405e+00 2.240982198520060920e+05
5.507071910307648643e+00 6.296253823782551962e+01 4.705171320423027481e+01 8.695750270896118295e+00 2.248935567026449717e+05
5.585613695361120179e+00 6.431470579857226255e+01 4.783141885852054287e+01 9.071373777319381659e+00 2.296770477505704912e+05
5.664155425817094525e+00 6.484724680232537253e+01 4.800515224719332252e+01 9.244088467823774025e+00 2.314781469963608542e+05
5.742697103915729961e+00 6.489695389811228665e+01 4.794389332469869913e+01 9.400490046565943558e+00 2.323595331702382537e+05
5.821238731776284148e+00 6.543692319434499893e+01 4.824915550797313557e+01 9.705533503929515859e+00 2.356089710851893469e+05
5.899780311405160127e+00 6.552061916809812203e+01 4.818481419378488084e+01 9.866158564741814629e+00 2.362124249409335025e+05
5.978321844703323507e+00 6.620112866553138531e+01 4.890470098860879489e+01 9.966585265695012907e+00 2.367004540815787041e+05
6.056863333473133437e+00 6.681043632740063742e+01 4.909195561041026679e+01 1.024982765303738397e+01 2.408537780191810161e+05
6.135404779424661115e+00 6.802386059094158099e+01 4.970106916658071583e+01 1.057248966518524114e+01 2.459212254485181475e+05
6.213946184181517118e+00 6.836159098214051255e+01 5.004599417460287469e+01 1.075651075867194351e+01 2.461718575734597107e+05
6.292487549286247983e+00 6.907246830345243893e+01 5.047428116387429498e+01 1.085090406131514662e+01 2.489211168263032741e+05
6.371028876205335756e+00 6.929028234614008852e+01 5.035454200789943258e+01 1.122462497816029625e+01 2.495873925336084794e+05
6.449570166333828070e+00 7.016294523425177942e+01 5.094126679058685170e+01 1.147369195652704832e+01 2.546478326482330449e+05
6.528111420999634262e+00 7.097844676463742530e+01 5.157882464731360272e+01 1.169093310863794422e+01 2.563031438127619331e+05
6.606652641467518627e+00 7.125474780027896315e+01 5.172866354211621598e+01 1.192554575587556798e+01 2.573086062950752676e+05
6.685193828942805006e+00 7.150979922976205216e+01 5.163028714194743429e+01 1.219752745099333779e+01 2.583828263316527591e+05
6.763734984574836240e+00 7.154985070839430250e+01 5.172749953138396251e+01 1.240111578896704003e+01 2.596783956526898837e+05
6.842276109460177835e+00 7.251853854024953705e+01 5.201867075544781471e+01 1.262856549370131987e+01 2.620977700161300309e+05
6.920817204645620890e+00 7.249490908313187276e+01 5.234076979961532317e+01 1.281725370665996522e+01 2.624488238232426811e+05
6.999358271130968312e+00 7.361354395536203299e+01 5.294774450137292376e+01 1.317003600612379444e+01 2.677168156146008405e+05
7.077899309871646949e+00 7.486959091903915464e+01 5.372196919556566996e+01 1.337825819801681071e+01 2.712800936348621035e+05
7.156440321781138536e+00 7.456779726376987583e+01 5.350772963382179626e+01 1.355840269561250366e+01 2.705026438363722409e+05
7.234981307733260536e+00 7.481051674281955854e+01 5.360675384478744832e+01 1.389049106941532408e+01 2.725889836432343000e+05
7.313522268564292439e+00 7.523705631085343271e+01 5.399296091887643456e+01 1.408931779569196152e+01 2.735647844073770684e+05
7.392063205074973276e+00 7.551542026679872777e+01 5.409123038092522506e+01 1.437027554183507050e+01 2.748622732166823116e+05
7.470604118032365015e+00 7.616693238121509069e+01 5.428210342235540509e+01 1.461258746213568571e+01 2.778061492442730232e+05
7.549145008171610272e+00 7.645141502038781312e+01 5.471457107410302712e+01 1.482739400581283817e+01 2.785254881260703551e+05
7.627685876197570103e+00 7.720825381393147779e+01 5.481354818765793624e+01 1.516115830528675801e+01 2.815029793517279904e+05
7.706226722786373884e+00 7.806084215804800408e+01 5.538249807373752986e+01 1.540526714618060566e+01 2.850640647067622049e+05
7.784767548586863484e+00 7.799359690857750138e+01 5.512099351347960408e+01 1.580595814502075314e+01 2.854228054250453133e+05
7.863308354221953955e+00 7.809962096169165591e+01 5.550098444614418014e+01 1.582972114547692577e+01 2.855001822975444375e+05
7.941849140289923170e+00 7.837260869500188676e+01 5.539691924865918082e+01 1.617544088808435987e+01 2.873473418749527191e+05
8.020389907365611748e+00 7.974360402479945265e+01 5.630719539005457364e+01 1.646273785966412362e+01 2.921169422379608732e+05
8.098930656001561701e+00 8.032397980193559306e+01 5.685126235570469078e+01 1.677274503340224143e+01 2.942857900353147998e+05
8.177471386729090241e+00 8.012019104029083394e+01 5.649422636705476464e+01 1.689118446859104594e+01 2.933239004880755674e+05
8.256012100059292536e+00 8.099760855732263565e+01 5.716567639586570237e+01 1.732590481237188129e+01 2.963019098627037019e+05
8.334552796484000936e+00 8.079835753331602177e+01 5.695097700267381668e+01 1.752221131401697818e+01 2.964389519963772036e+05
8.413093476476680266e+00 8.172887633737954616e+01 5.713389230880158465e+01 1.785239507045767837e+01 3.005379076258946443e+05
8.491634140493276917e+00 8.189790939472059961e+01 5.749683174092113092e+01 1.822259586827065547e+01 3.009665761307803332e+05
8.570174788973028868e+00 8.214646755842842651e+01 5.770748864520550825e+01 1.856069809347175692e+01 3.023216610833288287e+05
8.648715422339215309e+00 8.276873032782972928e+01 5.782121650508478439e+01 1.875323790670102753e+01 3.058147437895853072e+05
8.727256040999876063e+00 8.327672943120458626e+01 5.822616545791450449e+01 1.902913317657996828e+01 3.068801786256784690e+05
8.805796645348495488e+00 8.364025246356050047e+01 5.840089071220462102e+01 1.939282342079523502e+01 3.081812739910191158e+05
8.884337235764643737e+00 8.354421070452488607e+01 5.846968091428430370e+01 1.957101784845483650e+01 3.086543582507366082e+05
8.962877812614589601e+00 8.364984694590269498e+01 5.856931820244436437e+01 1.995140546895860112e+01 3.089092530646134983e+05
9.041418376251867173e+00 8.498984428515367995e+01 5.897680232277734547e+01 2.036718560805549316e+01 3.139960645760387415e+05
9.119958927017840722e+00 8.544123028368478856e+01 5.947558278756518746e+01 2.047403442305099119e+01 3.153937744264529902e+05
9.198499465242209183e+00 8.557371790812054257e+01 5.970124461392845205e+01 2.078424719064728166e+01 3.161294342379831360e+05
9.277039991243508865e+00 8.595813627843325833e+01 5.996199297158463537e+01 2.107731500934770708e+01 3.176758494106531725e+05
9.355580505329580632e+00 8.620720148320614840e+01 5.972946091936834989e+01 2.151220704119564431e+01 3.196643123469128623e+05
9.434121007798012215e+00 8.638792046928276136e+01 5.975822867332696831e+01 2.177792742816417615e+01 3.199283171943679336e+05
9.512661498936562765e+00 8.679769722036995461e+01 6.013810424335282789e+01 2.210333111214683655e+01 3.224099152187612490e+05
9.591201979023569635e+00 8.713137947616124279e+01 6.042763513904314010e+01 2.245379963408506185e+01 3.244058950731807272e+05
9.669742448328321416e+00 8.741917342189428553e+01 6.054664064148056468e+01 2.271050286976864996e+01 3.253369968551188940e+05
9.748282907111432749e+00 8.805258695524040036e+01 6.085348013505014819e+01 2.299771847903649657e+01 3.284718461327549885e+05
9.826823355625185386e+00 8.787269484646179762e+01 6.077564781335763655e+01 2.332793146137453633e+01 3.269333209817753523e+05
9.905363794113858589e+00 8.849823364641682133e+01 6.110417758307279001e+01 2.371331772762842860e+01 3.297530887573204818e+05
9.983904222814045326e+00 8.900748616063772545e+01 6.135345849198647983e+01 2.400445841414231296e+01 3.322485303916313569e+05
1.006244464195495070e+01 8.911401485342123863e+01 6.152005446212930906e+01 2.426126089816777309e+01 3.327845708216913627e+05
1.014098505175868148e+01 8.899912041368631321e+01 6.131732129245669682e+01 2.456438182964527073e+01 3.330674118791423971e+05
1.021952545244051613e+01 8.944390543497262058e+01 6.160589356189446164e+01 2.488728311766961099e+01 3.354362427177425125e+05
1.029806584420916415e+01 9.032690486708050059e+01 6.171196526350008327e+01 2.546196429883807255e+01 3.394534125586757436e+05
1.037660622726701654e+01 9.014612023309436495e+01 6.202168273946491439e+01 2.549707414184372212e+01 3.388429392823230010e+05
1.045514660181038380e+01 9.007378719110458576e+01 6.179390516458358462e+01 2.598588316182983959e+01 3.388333264283001190e+05
1.053368696802971982e+01 9.083410202366191299e+01 6.240601848883314062e+01 2.632410486477536438e+01 3.405560641773926909e+05
1.061222732610984210e+01 9.130367062397843370e+01 6.259935440631517167e+01 2.671975986230881972e+01 3.439994350948801148e+05
1.069076767623013779e+01 9.168180252776930672e+01 6.276620222297442098e+01 2.705784467980639008e+01 3.456879604699132615e+05
1.076930801856475739e+01 9.166670026636599289e+01 6.279597741987866044e+01 2.723582202422182874e+01 3.463164572622425039e+05
1.084784835328281005e+01 9.256016260862867284e+01 6.311418640364918531e+01 2.773252847293477430e+01 3.487243989007064956e+05
1.092638868054854306e+01 9.204963629812279180e+01 6.307014273807236293e+01 2.795571618383520374e+01 3.475473033359252731e+05
1.100492900052151413e+01 9.269177606455623675e+01 6.335411167026973089e+01 2.822252845192428339e+01 3.501484321050588042e+05
1.108346931335675833e+01 9.283173702664863924e+01 6.354382795784064797e+01 2.879660293669163096e+01 3.515303337818975560e+05
1.116200961920494805e+01 9.315714267103913926e+01 6.348852468925401382e+01 2.904864944091375634e+01 3.524221160774690798e+05
1.124054991821254212e+01 9.320028438209159560e+01 6.380927174918308253e+01 2.947481786469178999e+01 3.533082848821348744e+05
1.131909021052193687e+01 9.352902636479510079e+01 6.386137473471240611e+01 2.982005640635380317e+01 3.550341579404570512e+05
1.139763049627160285e+01 9.379966122608850299e+01 6.397628214715869177e+01 3.013577675619578145e+01 3.564623344955535722e+05
1.147617077559622167e+01 9.415829226800681795e+01 6.408147899306482032e+01 3.049969268973054071e+01 3.580728236042197095e+05
1.155471104862680853e+01 9.454389675680215532e+01 6.454037111791228654e+01 3.069931233856159380e+01 3.593610857294847374e+05
1.163325131549084368e+01 9.418412566872477498e+01 6.423567005019366150e+01 3.113143031985176279e+01 3.590579939278381644e+05
1.171179157631238787e+01 9.452606007840722668e+01 6.424528541763896783e+01 3.152779168104681773e+01 3.606254558179071173e+05
1.179033183121219608e+01 9.527585429872387124e+01 6.496912548194360681e+01 3.191231338519702732e+01 3.628707935425831820e+05
1.186887208030782759e+01 9.502529297973363498e+01 6.467294826396127405e+01 3.216242032748280621e+01 3.637037189572348143e+05
1.194741232371374728e+01 9.562138072623567098e+01 6.487712682338083425e+01 3.263908490510167582e+01 3.666548679732321179e+05
1.202595256154143222e+01 9.527473402173234263e+01 6.486184842139763873e+01 3.282224023999778240e+01 3.651229387237266637e+05
1.210449279389946753e+01 9.591843467537647427e+01 6.512895972721463522e+01 3.339193798261768364e+01 3.684140145719914581e+05
1.218303302089363527e+01 9.580082724438840103e+01 6.532231519184023227e+01 3.391273518584200986e+01 3.682864021204878227e+05
1.226157324262700676e+01 9.675478047781562907e+01 6.576522531563684026e+01 3.425837062793848276e+01 3.717402920590981375e+05
1.234011345920003322e+01 9.621806506413084037e+01 6.535169432837545855e+01 3.463150973835593049e+01 3.713715563088805648e+05
1.241865367071062565e+01 9.677069131038973637e+01 6.612424935539927162e+01 3.492023470423185927e+01 3.725044141116625979e+05
1.249719387725422415e+01 9.694932896939138800e+01 6.580135445676411621e+01 3.546597491025249838e+01 3.738859128188657924e+05
1.257573407892389383e+01 9.710418325911146553e+01 6.581289846995517223e+01 3.564087172458340547e+01 3.756247821116089472e+05
1.265427427581038877e+01 9.729978372620644222e+01 6.599694672735934375e+01 3.622076831166340583e+01 3.758367596756296116e+05
1.273281446800221772e+01 9.749304732452530686e+01 6.609521386076131932e+01 3.646747334755009717e+01 3.775016742810336291e+05
1.281135465558572584e+01 9.740125091942843483e+01 6.636154525366198698e+01 3.695481888007843452e+01 3.784170041930600419e+05
1.288989483864514796e+01 9.793593518605247539e+01 6.666358874398794399e+01 3.737084364616278265e+01 3.804368322867405950e+05
1.296843501726268322e+01 9.798547058339867988e+01 6.643414482148467926e+01 3.778470680839549090e+01 3.809094069263614947e+05
1.304697519151855190e+01 9.778302053210866518e+01 6.658067696086236253e+01 3.810151155331887907e+01 3.809090427162801498e+05
1.312551536149104692e+01 9.850329546325288277e+01 6.670480183581199185e+01 3.862327732104297695e+01 3.849621719330655760e+05
1.320405552725660492e+01 9.827050798064152559e+01 6.662969421377877666e+01 3.895648370067277710e+01 3.834073637998317135e+05
1.328259568888985243e+01 9.867684785987927398e+01 6.682360875311202619e+01 3.947030835718815922e+01 3.862473286720273318e+05
1.336113584646366270e+01 9.916106037776368964e+01 6.709137350118835741e+01 3.989404934939438618e+01 3.879360299359194469e+05
1.343967600004920548e+01 9.896158295541580685e+01 6.710913171472344629e+01 4.021985380113170550e+01 3.878364193313861033e+05
1.351821614971599317e+01 9.918159157209508692e+01 6.758983415984933174e+01 4.061441069979765928e+01 3.885398048773587216e+05
1.359675629553193588e+01 9.942189971699455953e+01 6.774804043028693457e+01 4.105945803289942120e+01 3.899162183650547522e+05
1.367529643756338231e+01 9.973176441246805268e+01 6.768968553786544362e+01 4.150086625029667431e+01 3.924151724875023938e+05
1.375383657587516595e+01 9.953467113113677556e+01 6.800594631353391151e+01 4.184063494485559431e+01 3.913102943187137134e+05
1.383237671053064766e+01 9.962696065039045834e+01 6.767826551236225896e+01 4.229524297333806260e+01 3.927494255999941379e+05
1.391091684159175834e+01 9.990676294359165865e+01 6.804905418539510720e+01 4.284259605963544004e+01 3.950689121364368475e+05
1.398945696911903269e+01 1.003383889011717258e+02 6.836611486233873336e+01 4.320424453273313503e+01 3.968205845882085850e+05
1.406799709317166069e+01 1.002076626222099378e+02 6.832265053433756918e+01 4.364759257990084507e+01 3.966639257747994852e+05
1.414653721380751428e+01 1.006704672522117789e+02 6.865234460432471053e+01 4.424105304072062950e+01 3.997140288962763152e+05
1.422507733108318817e+01 1.007965878829900674e+02 6.869101771789749478e+01 4.455609250756697293e+01 4.005997932930758107e+05
1.430361744505403543e+01 1.007173049870728647e+02 6.845566342710567653e+01 4.502022461050077595e+01 4.003955210342133068e+05
1.438215755577419586e+01 1.010906563646921654e+02 6.878989386970835085e+01 4.529314407206391735e+01 4.024763270180564141e+05
1.446069766329663686e+01 1.012991618519374128e+02 6.898620368235366129e+01 4.575321965415933789e+01 4.037379917765724240e+05
1.453923776767318010e+01 1.015216507407997284e+02 6.933353894391977690e+01 4.626834978554175137e+01 4.052769932256787433e+05
1.461777786895453346e+01 1.016640091773045640e+02 6.932252346170639612e+01 4.692655216042332711e+01 4.062162415998979122e+05
1.469631796719032302e+01 1.016251005654600874e+02 6.928777976570449937e+01 4.720156004996906773e+01 4.066616088893966516e+05
1.477485806242911437e+01 1.019794251744967966e+02 6.950277060515213634e+01 4.779691164972748396e+01 4.084336634359055315e+05
1.485339815471844993e+01 1.019495125281515868e+02 6.960409336796982416e+01 4.819461307887143420e+01 4.091219115380615694e+05
1.493193824410487203e+01 1.022566123331134520e+02 6.987883910747314076e+01 4.864629424020527182e+01 4.111288608616176643e+05
1.501047833063394421e+01 1.023515815959160022e+02 7.015413251596687871e+01 4.900265442965631024e+01 4.119462657553155441e+05
1.508901841435028857e+01 1.023428991267049497e+02 7.011273399459533096e+01 4.957542669766824872e+01 4.125065915942993015e+05
1.516755849529759992e+01 1.027493775440203336e+02 7.048033611343940663e+01 5.010656038732826545e+01 4.147675898428030196e+05
1.524609857351867070e+01 1.026291915116664200e+02 7.039310697133940664e+01 5.053844526546659210e+01 4.151543377507905243e+05
1.532463864905541762e+01 1.029138809285085756e+02 7.025816665887602142e+01 5.122836396088543154e+01 4.169478064231262542e+05
1.540317872194890292e+01 1.032654486920292527e+02 7.059369315303568726e+01 5.170106358774835797e+01 4.195118395812511444e+05
1.548171879223935399e+01 1.034934328440191962e+02 7.121348320454931979e+01 5.208373038487313522e+01 4.208328165410623769e+05
1.556025885996618996e+01 1.036359514904078196e+02 7.100469471329265048e+01 5.266054981410679403e+01 4.220496874282667995e+05
1.563879892516803238e+01 1.037007805701979066e+02 7.108238086799273958e+01 5.306862866794902089e+01 4.221875199926740606e+05
1.571733898788273187e+01 1.035653640983242809e+02 7.116975514880512321e+01 5.343181140235864746e+01 4.234696579495660844e+05
1.579587904814739119e+01 1.042291985013509503e+02 7.149680725018819771e+01 5.406905031917796833e+01 4.256912307812163490e+05
1.587441910599837769e+01 1.040157526467195481e+02 7.143563085816387570e+01 5.471437706132456924e+01 4.255330264619739028e+05
1.595295916147133575e+01 1.045329565171114581e+02 7.207781106892450396e+01 5.499194040915337922e+01 4.280292638356443495e+05
1.603149921460121874e+01 1.047337765865510022e+02 7.186831724666694754e+01 5.571540631612054995e+01 4.299750030650598346e+05
1.611003926542229436e+01 1.047350576465242398e+02 7.214072829520402763e+01 5.639364433993827674e+01 4.307679369654305629e+05
1.618857931396816596e+01 1.052270934334559485e+02 7.216145621725856074e+01 5.677452550190990621e+01 4.338928602066782187e+05
1.626711936027179561e+01 1.051347273767164268e+02 7.227133317693778736e+01 5.715797634654575177e+01 4.344116323593651759e+05
1.634565940436549525e+01 1.053358832622332386e+02 7.259315150517819859e+01 5.784672553955110885e+01 4.354095296169167268e+05
1.642419944628097639e+01 1.053984662140782120e+02 7.249635840483533400e+01 5.804190018034470455e+01 4.366405072053756448e+05
1.650273948604932883e+01 1.056438647139408147e+02 7.303863205188447694e+01 5.871196882923361215e+01 4.369628116955293808e+05
1.658127952370107394e+01 1.057814801187752209e+02 7.336835189475598895e+01 5.946956784389544026e+01 4.388577706583875697e+05
1.665981955926614333e+01 1.058657191232901909e+02 7.330669293580004364e+01 5.999395967779269512e+01 4.396252048249861109e+05
1.673835959277390728e+01 1.063568413845886198e+02 7.367644213663147923e+01 6.073123678974270945e+01 4.428853565005420824e+05
1.681689962425318896e+01 1.063730470466856559e+02 7.366127417294792679e+01 6.121376194270987270e+01 4.444108960312183481e+05
1.689543965373228218e+01 1.071704258814590247e+02 7.416057635996830300e+01 6.192993586209755819e+01 4.468443436149345362e+05
1.697397968123895495e+01 1.067205840621512181e+02 7.405733984801730685e+01 6.225657723081035755e+01 4.459516635605833726e+05
1.705251970680045304e+01 1.070562475167367751e+02 7.452751509248378170e+01 6.274269329067308121e+01 4.486504233781154617e+05
1.713105973044353902e+01 1.071701152182225343e+02 7.453683406951400059e+01 6.337712419370199513e+01 4.497250296773003065e+05
1.720959975219447102e+01 1.077263415551787347e+02 7.521076800241208105e+01 6.404359768097590688e+01 4.518762368364115246e+05
1.728813977207903463e+01 1.076243943844584408e+02 7.514135752893103870e+01 6.445222477508406200e+01 4.531365138428575592e+05
1.736667979012256424e+01 1.080242070175417552e+02 7.543110027758022795e+01 6.524580132287887579e+01 4.547356165696404059e+05
1.744521980634991110e+01 1.084580727407998637e+02 7.562716928900756841e+01 6.587860132967487914e+01 4.579395965621930663e+05
1.752375982078550365e+01 1.084130905021935263e+02 7.563201588435542533e+01 6.651781167664456973e+01 4.596956416566252592e+05
1.760229983345331917e+01 1.089319447899353008e+02 7.594597766322098664e+01 6.707991517289309513e+01 4.613143824853872648e+05
1.768083984437692635e+01 1.090654357737878684e+02 7.661935590417476760e+01 6.758267408453554026e+01 4.629840366137418314e+05
1.775937985357945692e+01 1.095481913092191206e+02 7.676670948059985733e+01 6.834995174580477340e+01 4.655254521588330390e+05
1.783791986108364824e+01 1.092881779807889444e+02 7.659515847132003330e+01 6.884335169673508403e+01 4.662545731363409432e+05
1.791645986691183268e+01 1.099582582412188572e+02 7.720770478519341395e+01 6.968469759237497385e+01 4.685772753343701479e+05
1.799499987108595889e+01 1.100618070256488892e+02 7.742063049021112420e+01 7.020192725683330082e+01 4.698568268397387001e+05
1.807353987362759185e+01 1.106813513914122638e+02 7.777364203796237518e+01 7.094499272969936499e+01 4.736052374173579738e+05
1.815207987455791638e+01 1.106425097295146287e+02 7.785709864335693453e+01 7.158321203176178926e+01 4.739417159946096945e+05
1.823061987389775851e+01 1.108422442152658505e+02 7.810499488767506193e+01 7.251192436298363475e+01 4.766807681873586844e+05
1.830915987166758541e+01 1.111312734934364528e+02 7.862473265047448479e+01 7.284261142696107072e+01 4.774281865923727164e+05
1.838769986788751964e+01 1.115887241056466905e+02 7.891656925007275447e+01 7.346158793565483336e+01 4.800660788128450513e+05
1.846623986257733563e+01 1.122902943343024731e+02 7.925998795836770228e+01 7.418809416736748119e+01 4.833581289659160539e+05
1.854477985575647381e+01 1.125532372178048064e+02 7.968218685473819107e+01 7.490549953701128061e+01 4.859199304656679160e+05
1.862331984744404423e+01 1.125773831776132710e+02 7.980438606886461628e+01 7.571377792012837915e+01 4.872840192876303918e+05
1.870185983765884075e+01 1.129850580146254657e+02 7.997955347389742542e+01 7.645303848226174637e+01 4.895616832126287045e+05
1.878039982641934458e+01 1.133851587125288489e+02 8.047402029333981943e+01 7.699457944138193000e+01 4.925210481442274759e+05
1.885893981374372075e+01 1.137467714661300562e+02 8.087986167805745197e+01 7.784536984330009091e+01 4.944678083813748672e+05
1.893747979964983941e+01 1.141591190214076335e+02 8.133673683428145296e+01 7.854194480307015169e+01 4.968364269379079342e+05
1.901601978415527228e+01 1.144116025804048036e+02 8.164216956530063385e+01 7.892708028072128457e+01 4.986437864497539122e+05
1.909455976727730331e+01 1.146078205194553590e+02 8.185490980120688675e+01 7.957189512681927113e+01 5.009041844360391260e+05
1.917309974903293579e+01 1.149800594825962463e+02 8.226989732516449294e+01 8.032827887211705331e+01 5.024260009941693861e+05
1.925163972943889235e+01 1.157601462292561934e+02 8.233668682788494664e+01 8.141364323233273126e+01 5.067070061999082100e+05
1.933017970851161849e+01 1.163168357953299363e+02 8.316529111847525257e+01 8.186449826442634503e+01 5.092631712199173053e+05
1.940871968626730748e+01 1.166246675182077439e+02 8.350308505589792674e+01 8.287820120826246750e+01 5.117747997586266720e+05
1.948725966272188259e+01 1.171729880123137235e+02 8.388670854401725308e+01 8.365221885376244870e+01 5.146653576658170787e+05
1.956579963789100773e+01 1.174977322340951389e+02 8.448491560438257864e+01 8.428055708803718460e+01 5.167107005847145920e+05
1.964433961179010524e+01 1.180957472264496033e+02 8.485987704882197136e+01 8.509444107149190017e+01 5.214549727119692834e+05
1.972287958443434519e+01 1.185542087890052017e+02 8.534422631504101275e+01 8.599424236719742964e+01 5.232664012576683890e+05
1.980141955583865965e+01 1.193884698997416791e+02 8.573553738670412372e+01 8.682721864142763479e+01 5.273861993536365917e+05
1.987995952601774619e+01 1.193292620068718719e+02 8.605550388939032302e+01 8.747330493318325750e+01 5.287360513520907843e+05
1.995849949498606790e+01 1.196748152546779522e+02 8.627567943315379750e+01 8.835154919442865662e+01 5.302627227885321481e+05
2.003703946275786052e+01 1.206890477102038375e+02 8.712571312201572482e+01 8.894464679939974872e+01 5.349625000252099708e+05
2.011557942934713950e+01 1.211940688761289948e+02 8.762674215702217850e+01 8.992483080531791018e+01 5.384956312203671550e+05
2.019411939476770712e+01 1.214404316438200198e+02 8.804429975624816507e+01 9.062955680327682728e+01 5.410515417734625516e+05
2.027265935903314542e+01 1.214956045411887544e+02 8.798812192696298951e+01 9.147050423066917801e+01 5.416559138508181786e+05
2.035119932215682326e+01 1.215509947130637585e+02 8.822763267331917802e+01 9.196605819750212163e+01 5.431063316354134586e+05
2.042973928415191054e+01 1.219301039179838568e+02 8.842585801653972055e+01 9.266884264170298025e+01 5.445495943836239167e+05
2.050827924503137467e+01 1.215783358706657822e+02 8.865246794987622536e+01 9.326856512158522605e+01 5.453256812702961033e+05
2.058681920480798766e+01 1.220685378389244562e+02 8.882671555052806411e+01 9.417872228212713992e+01 5.490227975223630201e+05
2.066535916349431901e+01 1.218528932066827224e+02 8.907316214214188221e+01 9.488890402843027516e+01 5.480147643486182205e+05
2.074389912110275347e+01 1.218683884829863757e+02 8.911731113470767696e+01 9.549587348233248463e+01 5.501365462586726062e+05
2.082243907764548752e+01 1.225121696342918938e+02 8.966483476423267973e+01 9.636862891449315782e+01 5.529546071978524560e+05
2.090097903313453642e+01 1.224304137882664776e+02 8.980309058135435407e+01 9.702676961693191515e+01 5.556338168242420070e+05
2.097951898758173783e+01 1.227486556245371929e+02 9.001330513620233376e+01 9.790507157094472745e+01 5.566908628105088137e+05
2.105805894099874109e+01 1.226213898926315551e+02 9.055227248220609226e+01 9.860011206880167833e+01 5.569913678611674113e+05
2.113659889339703568e+01 1.226005816954307761e+02 9.033457996176240101e+01 9.936477213164971545e+01 5.586965486825659173e+05
2.121513884478793344e+01 1.230995500916702525e+02 9.091416484594181213e+01 1.001627452100984925e+02 5.624378752490486950e+05
2.129367879518258277e+01 1.229374054229658100e+02 9.139489893412435606e+01 1.008681396142314384e+02 5.620502344478733139e+05
2.137221874459196869e+01 1.233881428429382225e+02 9.120340081319839953e+01 1.013556775049993917e+02 5.651987578001380898e+05
2.145075869302691274e+01 1.233471806857787954e+02 9.168152745954597549e+01 1.024827566432382184e+02 5.662829935300293146e+05
2.152929864049807307e+01 1.230137999932710642e+02 9.177721780164495158e+01 1.030649607253682092e+02 5.673348298726847861e+05
2.160783858701596571e+01 1.233451199753566385e+02 9.217784254521656351e+01 1.039290320623265274e+02 5.686586847401516279e+05
2.168637853259094683e+01 1.238267293699914404e+02 9.232330578396251042e+01 1.047365287968188881e+02 5.717251563995985780e+05
2.176491847723321982e+01 1.235736440680657466e+02 9.265302484903234870e+01 1.054579809266026587e+02 5.726461650295320433e+05
2.184345842095285306e+01 1.239124968539863403e+02 9.302768734397818662e+01 1.060239035154587981e+02 5.746862735888714669e+05
2.192199836375975508e+01 1.245086333846222288e+02 9.321421619670502423e+01 1.070717915253267023e+02 5.784693517425855389e+05
2.200053830566371005e+01 1.243207829873421701e+02 9.361909229010036881e+01 1.076810269960333812e+02 5.799895686442875303e+05
2.207907824667434582e+01 1.241280911986105622e+02 9.360960793075268782e+01 1.082113420841052829e+02 5.786126234474942321e+05
2.215761818680116590e+01 1.247098685655711137e+02 9.413523356174327716e+01 1.098739848085575090e+02 5.816674619805758120e+05
2.223615812605353526e+01 1.249654865297441830e+02 9.456573401971051851e+01 1.103949404062106794e+02 5.860212932452575769e+05
2.231469806444068738e+01 1.243822298943673275e+02 9.443182911920209222e+01 1.109290515780871402e+02 5.846619547768845223e+05
2.239323800197172432e+01 1.249053449061121199e+02 9.492119647317478837e+01 1.116906639502583118e+02 5.868296199372510891e+05
2.247177793865562023e+01 1.253465097125683201e+02 9.555410072456716364e+01 1.128197477971136067e+02 5.894726510245278478e+05
2.255031787450123204e+01 1.250236445385007755e+02 9.574436055508833476e+01 1.137664967636028734e+02 5.906088189393641660e+05
2.262885780951728165e+01 1.250927572816339080e+02 9.587921302515012201e+01 1.141239766819155363e+02 5.906864983971981565e+05
2.270739774371238440e+01 1.256047499684849811e+02 9.656758776327569649e+01 1.150709190259477595e+02 5.938665125898029655e+05
2.278593767709502771e+01 1.259786623354125652e+02 9.661433611131762689e+01 1.161863750790926701e+02 5.981164103196909418e+05
2.286447760967358178e+01 1.259389792076870123e+02 9.701810081359550963e+01 1.171193548341705792e+02 5.988932846551270923e+05
2.294301754145629957e+01 1.258088259727252449e+02 9.718157356381931322e+01 1.175042533175530934e+02 5.999192965145489434e+05
2.302155747245133455e+01 1.266013004486823235e+02 9.794868814095484311e+01 1.185357808082074342e+02 6.048700036365543492e+05
2.310009740266672296e+01 1.265220033870254781e+02 9.816390659369542959e+01 1.191353445834417499e+02 6.062880356910619885e+05
2.317863733211038380e+01 1.266224361009084021e+02 9.850673012995855515e+01 1.202636121242164648e+02 6.074113588439533487e+05
2.325717726079013303e+01 1.263943939502242273e+02 9.907027773929199554e+01 1.208228170538952213e+02 6.062541306005825754e+05
2.333571718871368716e+01 1.272902826770947513e+02 9.893044588387859051e+01 1.222072337096069958e+02 6.122420126917306334e+05
2.341425711588865965e+01 1.271822638227203583e+02 9.939216316486145786e+01 1.230142813910513411e+02 6.131749131469936110e+05
2.349279704232255384e+01 1.272997191870405516e+02 9.992806548532828970e+01 1.239865922930810029e+02 6.151071644050440518e+05
2.357133696802278067e+01 1.278193172313429500e+02 1.003907334933575157e+02 1.249685587909263518e+02 6.175796982460751897e+05
2.364987689299664453e+01 1.278894061733186334e+02 1.009140115836123925e+02 1.259086830672275994e+02 6.193801056828864384e+05
2.372841681725136453e+01 1.279055242713159402e+02 1.009538598563023726e+02 1.266037265054337126e+02 6.199432967887944542e+05
2.380695674079405322e+01 1.282270000960826337e+02 1.014363734221202265e+02 1.277957637228266350e+02 6.247670709092299221e+05
2.388549666363174140e+01 1.287612316614535075e+02 1.017471999421563424e+02 1.287275318471530738e+02 6.269164327400908805e+05
2.396403658577134976e+01 1.290209925050274080e+02 1.026430591077596262e+02 1.294797837188672531e+02 6.287418361549652182e+05
2.404257650721972439e+01 1.291875453233306246e+02 1.029923695862297990e+02 1.308425444333848588e+02 6.312980153842020081e+05
2.412111642798362254e+01 1.294238255821618679e+02 1.031263768447405766e+02 1.314819627946302774e+02 6.346097434513119515e+05
2.419965634806970556e+01 1.292653477813367715e+02 1.032114587440397173e+02 1.324271091746385309e+02 6.354749134494974278e+05
2.427819626748454596e+01 1.303397160796924652e+02 1.040853698595499139e+02 1.335796301829910533e+02 6.400271450935236644e+05
2.435673618623464520e+01 1.303348789058548505e+02 1.043612593273489892e+02 1.342916619184616138e+02 6.408954427293289918e+05
2.443527610432640529e+01 1.305882985738001594e+02 1.050437437686475306e+02 1.356837100546715931e+02 6.435968700202212203e+05
2.451381602176616425e+01 1.307240083709804424e+02 1.051259531375680183e+02 1.364276397361581985e+02 6.467666887454092503e+05
2.459235593856016067e+01 1.312572098757858612e+02 1.059971167369256335e+02 1.371989402881831097e+02 6.496048585699335672e+05
2.467089585471456203e+01 1.311688067995793006e+02 1.065725169304652553e+02 1.382601541070038138e+02 6.516202441738680936e+05
2.474943577023546126e+01 1.316096024406471372e+02 1.065950277261313204e+02 1.392594249931925958e+02 6.532262988504989771e+05
2.482797568512887310e+01 1.319900602894394126e+02 1.069119564239473164e+02 1.401711884554512153e+02 6.574161080209295033e+05
2.490651559940072346e+01 1.325916361143770530e+02 1.076438074185732461e+02 1.409972351150148313e+02 6.611368004871596349e+05
2.498505551305688144e+01 1.327249910666798485e+02 1.081514553116258952e+02 1.423494697731301812e+02 6.633358596809069859e+05
2.506359542610313440e+01 1.330575770507376490e+02 1.086594855672790771e+02 1.435604451939515513e+02 6.644536492147889221e+05
2.514213533854519511e+01 1.332099587518594603e+02 1.090549974052643734e+02 1.439862080496580461e+02 6.674777074308802839e+05
2.522067525038871239e+01 1.340287880393349269e+02 1.097429520111155199e+02 1.452461332683377293e+02 6.709794492565006949e+05
2.529921516163925688e+01 1.334401257686755571e+02 1.097318663439576909e+02 1.459485232051193009e+02 6.714821506052209297e+05
2.537775507230233529e+01 1.343064169060341442e+02 1.105834297420775698e+02 1.473820524825188727e+02 6.762624036110172747e+05
2.545629498238338684e+01 1.340378344497601404e+02 1.107807953532413450e+02 1.479716749556176865e+02 6.761027824212838896e+05
2.553483489188777966e+01 1.354402826430529672e+02 1.119694281283717743e+02 1.500082052767803873e+02 6.847985119782699039e+05
2.561337480082082152e+01 1.350578097356705598e+02 1.123342876376094921e+02 1.504562798699895154e+02 6.831619159425521502e+05
2.569191470918774911e+01 1.354497615637076251e+02 1.123903749576867881e+02 1.519110320362894413e+02 6.860725540669467300e+05
2.577045461699373874e+01 1.357684502136860090e+02 1.130258823287444443e+02 1.525684909777611438e+02 6.883039933570458088e+05
2.584899452424390631e+01 1.363799558653458348e+02 1.133210995246385693e+02 1.531285253133081028e+02 6.918864237262801034e+05
2.592753443094329668e+01 1.360052717174101247e+02 1.138914345465351232e+02 1.541315022718475518e+02 6.929144190842313692e+05
2.600607433709690852e+01 1.369356843039101932e+02 1.151044493012694687e+02 1.569408761337776923e+02 6.997850719400760718e+05
2.608461424270966944e+01 1.369063308505308783e+02 1.148608295422236836e+02 1.568623600754959568e+02 7.001910277324263006e+05
2.616315414778644310e+01 1.376844426098758163e+02 1.160299338819583852e+02 1.582951236892622831e+02 7.045365183238635072e+05
2.624169405233205055e+01 1.372696404455001868e+02 1.165496504238616495e+02 1.590948245242182963e+02 7.043479410846779356e+05
2.632023395635124174e+01 1.378072413861594327e+02 1.173899814456134862e+02 1.601135691286930580e+02 7.084961580392431933e+05
2.639877385984871694e+01 1.388946817267536460e+02 1.176698783475013528e+02 1.613054795336427958e+02 7.133051685116720619e+05
2.647731376282911953e+01 1.392207852274868287e+02 1.180537087103431162e+02 1.626604017501203714e+02 7.183126399870326277e+05
2.655585366529703606e+01 1.396032842844354036e+02 1.182717794598383279e+02 1.634779916106016344e+02 7.191745219853587914e+05
2.663439356725699980e+01 1.398843940483430970e+02 1.197057215428974928e+02 1.649530321931767958e+02 7.208463318965029903e+05
2.671293346871349428e+01 1.398156399132395507e+02 1.199624120168938930e+02 1.658477242133097889e+02 7.249629467000336153e+05
2.679147336967094617e+01 1.406969196538993856e+02 1.199955860143950588e+02 1.673760581747471861e+02 7.301879337976451498e+05
2.687001327013372531e+01 1.412558205020456228e+02 1.208789796864855504e+02 1.680103383965790442e+02 7.323204747484814143e+05
2.694855317010616602e+01 1.413763946188377361e+02 1.208194311748983409e+02 1.694784537895255028e+02 7.342658361415211111e+05
2.702709306959254221e+01 1.426361988050417153e+02 1.224027520736608352e+02 1.720605715435778222e+02 7.403589731978111668e+05
2.710563296859707094e+01 1.426679857828058573e+02 1.223647735509769916e+02 1.717885871399021482e+02 7.429496875199476490e+05
2.718417286712393377e+01 1.427559949280893647e+02 1.233632218688486830e+02 1.733646744724312896e+02 7.476411886569889029e+05
2.726271276517725894e+01 1.430249855486430022e+02 1.238781541042581438e+02 1.738243601460115997e+02 7.499643727038543439e+05
2.734125266276112498e+01 1.433740079072129845e+02 1.238752334820875802e+02 1.753985914467284317e+02 7.520068454353717389e+05
2.741979255987956776e+01 1.439812195640705568e+02 1.249987918845084636e+02 1.772032350106361491e+02 7.561641133574090200e+05
2.749833245653658054e+01 1.438979126387431506e+02 1.254974688369523932e+02 1.773055285286978915e+02 7.553219220973685151e+05
2.757687235273609616e+01 1.439961455287316880e+02 1.265500759476263966e+02 1.791799723489142195e+02 7.596332410856686765e+05
2.765541224848202262e+01 1.448218706212339839e+02 1.264350880511507853e+02 1.807402610031061840e+02 7.674557168633652618e+05
2.773395214377820395e+01 1.451538710028204093e+02 1.278926022047636621e+02 1.810276519455226776e+02 7.687503227636218071e+05
2.781249203862845576e+01 1.455679777280028873e+02 1.279064368912844998e+02 1.830000617381773793e+02 7.710457821575143607e+05
2.789103193303654038e+01 1.459041235887368657e+02 1.280203315180707762e+02 1.837593995513394987e+02 7.763275899362718919e+05
2.796957182700618816e+01 1.453277938087157111e+02 1.290553367088780021e+02 1.848568428345221548e+02 7.738715184049136005e+05
2.804811172054107615e+01 1.456135847834669619e+02 1.286756060016551544e+02 1.863949746670665775e+02 7.763499018514045747e+05
2.812665161364485655e+01 1.471427701686422154e+02 1.298286138380632906e+02 1.872636291780423790e+02 7.867801939217849867e+05
2.820519150632112115e+01 1.462499702226521663e+02 1.298156814545604902e+02 1.883776576802091824e+02 7.858903772599212825e+05
2.828373139857343332e+01 1.460518982782713522e+02 1.302290701571943146e+02 1.895746340637177525e+02 7.846230720976670273e+05
2.836227129040531736e+01 1.458163917464690655e+02 1.299228331366464317e+02 1.892919487229092397e+02 7.872161135594305815e+05
2.844081118182025847e+01 1.463536559764140463e+02 1.306412252133245602e+02 1.912042228047936590e+02 7.893000263701851945e+05
2.851935107282169923e+01 1.459715312998654042e+02 1.308168308299125613e+02 1.911838400763560060e+02 7.881930917082283413e+05
2.859789096341304315e+01 1.457975893814193569e+02 1.322790624407871860e+02 1.941159403561298973e+02 7.878725653505162336e+05
2.867643085359765820e+01 1.461473474294915889e+02 1.323936774043285141e+02 1.953006517254912069e+02 7.919792930005720118e+05
2.875497074337888392e+01 1.465982784979365476e+02 1.321564665102294782e+02 1.948759102417610052e+02 7.939933532894164091e+05
2.883351063276001369e+01 1.469789259777727750e+02 1.338884254803720069e+02 1.982756278489821398e+02 7.997897436346163740e+05
2.891205052174430890e+01 1.463365512253382121e+02 1.338606940521642628e+02 1.972696829219631809e+02 7.992904297777799657e+05
2.899059041033499184e+01 1.472294102590385023e+02 1.356162188057926130e+02 2.001113123645894234e+02 8.064035619042220060e+05
2.906913029853525643e+01 1.472307038157025829e+02 1.352062415866270442e+02 2.006316022753092625e+02 8.069542424527251860e+05
2.914767018634825746e+01 1.470859314833311373e+02 1.350387798512764448e+02 2.015316305135660571e+02 8.065138964278741041e+05
2.922621007377712132e+01 1.476229436372641999e+02 1.370235739825592987e+02 2.039266488802750530e+02 8.129398991385108093e+05
2.930474996082492822e+01 1.476489155634062342e+02 1.371626557261946573e+02 2.057526033255342952e+02 8.158411243518502451e+05
2.938328984749474060e+01 1.479329417979910488e+02 1.373263711077933067e+02 2.064657433174863570e+02 8.185447334113573888e+05
2.946182973378957826e+01 1.473705291850626509e+02 1.369996826923459423e+02 2.062184277664969443e+02 8.201103750117764575e+05
2.954036961971243258e+01 1.487086202607833627e+02 1.380656541400209107e+02 2.080546629950454189e+02 8.268020381846731761e+05
2.961890950526625943e+01 1.483510528921102605e+02 1.391803487662472492e+02 2.097614387442840496e+02 8.279744624448065879e+05
2.969744939045398979e+01 1.489270221469746502e+02 1.384193325331155506e+02 2.108238197731042476e+02 8.324265057671429822e+05
2.977598927527852268e+01 1.478398476546397262e+02 1.400658028253732255e+02 2.123961687787971471e+02 8.286416049420810305e+05
2.985452915974272159e+01 1.488244550598985256e+02 1.414254472418764124e+02 2.142469103330706162e+02 8.381314126071168575e+05
2.993306904384942868e+01 1.495640018324808409e+02 1.422970453692281012e+02 2.146560866177197511e+02 8.388318710512514226e+05
3.001160892760143994e+01 1.511037451467194046e+02 1.416145258262461937e+02 2.164360439890430143e+02 8.523411754185227910e+05
3.009014881100154071e+01 1.508820674298015660e+02 1.427687351913048417e+02 2.175360206116742177e+02 8.516734054036778398e+05
3.016868869405248077e+01 1.502253142939024713e+02 1.434044174410644246e+02 2.180835336554054606e+02 8.530533506628442556e+05
3.024722857675697441e+01 1.513241072577763191e+02 1.442726851703293107e+02 2.213073222127752899e+02 8.626240106021226384e+05
3.032576845911771457e+01 1.531350645912688151e+02 1.445716728273468448e+02 2.216830489281447001e+02 8.632559818033201154e+05
3.040430834113736580e+01 1.521299708360832028e+02 1.453842131877323709e+02 2.239820088202247916e+02 8.725256342556767631e+05
3.048284822281856421e+01 1.535508074354401344e+02 1.461543988259244315e+02 2.274897436200874097e+02 8.728672180852652527e+05
3.056138810416392460e+01 1.528624624407600834e+02 1.471739097951576980e+02 2.265966462596927045e+02 8.728424641919281567e+05
3.063992798517602267e+01 1.545244271520223549e+02 1.475018335336711459e+02 2.299319429829976116e+02 8.877217223828085698e+05
3.071846786585741640e+01 1.556594510489278491e+02 1.478346893268527822e+02 2.305281822528607734e+02 8.943787772679170594e+05
3.079700774621063886e+01 1.562207722875882041e+02 1.493937540108395581e+02 2.317996742996000705e+02 8.930018783377497457e+05
3.087554762623818760e+01 1.566167436643142139e+02 1.508745125091205637e+02 2.350203816672659229e+02 8.976107126131806290e+05
3.095408750594254599e+01 1.542006278225335620e+02 1.506651674547626101e+02 2.356058600391542370e+02 8.969488121200004825e+05
3.103262738532617249e+01 1.581431725820983729e+02 1.525382099269894240e+02 2.357736771205157709e+02 9.169746629054333316e+05
3.111116726439149005e+01 1.558087102007960709e+02 1.551503658738275249e+02 2.384243514375570783e+02 9.089337501977633219e+05
3.118970714314090387e+01 1.581320692557421808e+02 1.542795201540898518e+02 2.392840096044502047e+02 9.137415884130453924e+05
3.126824702157679781e+01 1.599109089905583403e+02 1.561982954791129714e+02 2.420639177410013474e+02 9.178406012441238854e+05
3.134678689970152377e+01 1.571480726632372864e+02 1.567255385020315543e+02 2.435893889404862875e+02 9.186916356658411678e+05
3.142532677751741588e+01 1.585766801710639129e+02 1.554529879352353987e+02 2.434142055339783042e+02 9.268921654961872846e+05
3.150386665502678696e+01 1.588121302668254771e+02 1.587709237335305659e+02 2.461161818606137217e+02 9.374480338196718367e+05
3.158240653223192140e+01 1.625519619620815774e+02 1.579870166039929131e+02 2.467375845955178022e+02 9.531744843600849854e+05
3.166094640913508229e+01 1.604286325030782336e+02 1.592094963302629367e+02 2.480742047017599532e+02 9.507073456324925646e+05
3.173948628573851494e+01 1.611000974369214305e+02 1.616044658361365123e+02 2.511039767047354871e+02 9.482668821202958934e+05
3.181802616204443623e+01 1.640153115923063751e+02 1.607353813670931970e+02 2.562860702818156255e+02 9.646026306581882527e+05
3.189656603805504531e+01 1.644226217373471570e+02 1.606553259531164883e+02 2.545706272645566912e+02 9.713228631292602513e+05
3.197510591377251998e+01 1.628044042875447133e+02 1.617962681396836047e+02 2.568494133651113316e+02 9.671067909117005765e+05
3.205364578919900964e+01 1.671132404229399810e+02 1.644089240132223040e+02 2.603749268776683152e+02 9.989985181251004105e+05
3.213218566433665302e+01 1.675315511637150223e+02 1.633088028682397805e+02 2.617468799637717325e+02 1.000822585197545937e+06
3.221072553918755688e+01 1.670397564810786832e+02 1.641941231070636036e+02 2.627448497001797705e+02 1.004689325817219215e+06
3.228926541375382442e+01 1.663763118416088673e+02 1.647308001872940508e+02 2.603741837349311368e+02 9.921643250600461615e+05
3.236780528803751622e+01 1.681106354536148046e+02 1.657344361798627972e+02 2.650537055442151200e+02 1.007005435806807480e+06
3.244634516204068575e+01 1.701067800712058329e+02 1.668411623193785829e+02 2.667079508856003258e+02 1.011142851014406187e+06
3.252488503576537227e+01 1.705690214733245114e+02 1.690155967042915961e+02 2.702548650932761802e+02 1.026383654295120155e+06
3.260342490921358660e+01 1.696042867150835889e+02 1.699093061608133155e+02 2.712475882012463444e+02 1.033613848154656356e+06
3.268196478238731828e+01 1.712767576767901119e+02 1.681214670213616955e+02 2.692725843686312714e+02 1.055500300503316801e+06
3.276050465528854261e+01 1.694441549575249155e+02 1.719699866838411992e+02 2.718835099321463531e+02 1.035777568234036444e+06
3.283904452791921358e+01 1.693259151442696009e+02 1.764601617481124265e+02 2.710993587883546070e+02 1.038938640722810756e+06
3.291758440028127097e+01 1.727198184749110794e+02 1.732360007794188448e+02 2.704553177613686898e+02 1.061440914673457388e+06
3.299612427237663326e+01 1.734732902879155745e+02 1.734173495156744877e+02 2.818317749311327134e+02 1.072754577203410212e+06
3.307466414420719758e+01 1.750856181567667988e+02 1.740363476416752349e+02 2.755633671717309312e+02 1.076582141213656403e+06
3.315320401577483977e+01 1.755632686392956430e+02 1.749861701873813331e+02 2.818647013017355221e+02 1.076155838848860236e+06
3.323174388708143567e+01 1.766638871282477226e+02 1.810195700783070549e+02 2.884155911257610683e+02 1.073665088060064707e+06
3.331028375812883269e+01 1.843833052744231225e+02 1.783363049355215537e+02 2.965101563809596428e+02 1.128499585486185970e+06
3.338882362891884981e+01 1.784055084969872667e+02 1.848472071234278360e+02 2.883317980105863967e+02 1.079824776154158404e+06
3.346736349945329891e+01 1.736476833258957697e+02 1.801958555016442460e+02 2.856132503197961228e+02 1.102786532472648891e+06
3.354590336973399189e+01 1.846762049477536323e+02 1.809505581564794454e+02 2.915350962356940272e+02 1.132933727228472708e+06
3.362444323976268379e+01 1.854015475547390679e+02 1.925542871099662534e+02 3.062972535836821066e+02 1.118532987069057534e+06
3.370298310954115806e+01 1.797021444973513553e+02 1.784797112511933221e+02 2.916399116664264852e+02 1.139110703983470332e+06
3.378152297907114132e+01 1.848506799000016940e+02 1.851758077895962344e+02 2.889486419456376893e+02 1.148182377768988255e+06
3.386006284835436730e+01 1.832504211142362180e+02 1.842415917556117222e+02 3.019524030912820081e+02 1.164651948114556959e+06
3.393860271739255552e+01 1.937938775961372642e+02 1.944355482134770341e+02 3.022416982187931467e+02 1.188695742589787580e+06
3.401714258618739706e+01 1.961626688998360351e+02 1.979287500255579175e+02 3.081520079774228975e+02 1.201607469180370215e+06
3.409568245474058301e+01 1.929366112070476333e+02 1.995065416857525520e+02 3.103140887942943777e+02 1.181373380307484185e+06
3.417422232305376895e+01 1.938340103097079918e+02 1.875403878827203243e+02 3.146796771249363474e+02 1.244365427170867799e+06
3.425276219112861043e+01 1.857810389228033046e+02 2.101224599500567933e+02 3.208570803080461928e+02 1.202162473455999512e+06
3.433130205896674880e+01 1.875901718119534678e+02 1.905738661518826973e+02 3.041051552196918237e+02 1.237309862292966340e+06
3.440984192656979701e+01 1.946294665042609040e+02 1.861825502798932632e+02 3.123106484566840777e+02 1.290781102448675083e+06
3.448838179393936088e+01 1.682732758741722137e+02 2.050832349206739025e+02 3.362156427072845872e+02 1.032978132024284336e+06
3.456692166107702491e+01 1.868375572676267780e+02 1.884333155146461252e+02 3.330738620062966220e+02 1.225805260839185910e+06
3.464546152798438072e+01 2.299417259066681254e+02 2.201001306744079784e+02 3.597104754845017851e+02 1.281302896197535563e+06
3.472400139466299152e+01 1.691058227455233691e+02 2.140065825699869890e+02 2.540579527749867168e+02 1.573111660799979232e+06
