# 0.9789 0.991
7.871241428633635184e-02 1.607041037021525565e+00 1.429913745471048658e+00 6.305398744199763698e-03 1.840661547332244936e+03
1.618072713909662341e-01 4.906618899096097053e+00 4.210369601988603883e+00 3.146430124131673750e-02 7.376082318613021926e+03
2.418771330418761079e-01 6.222212637169651117e+00 5.414831752848449753e+00 3.893602212352721692e-02 1.014754344009355736e+04
3.211923215201240578e-01 1.056819847859902772e+01 8.963560006669997193e+00 9.319381665680281923e-02 1.962717581340360994e+04
4.002017901256537113e-01 1.425038263585706311e+01 1.194716794495703560e+01 1.353543912233496904e-01 2.792139097618853339e+04
4.790568272527075955e-01 1.347608039786364387e+01 1.138473318169513604e+01 1.527838600237690914e-01 2.726935397611897133e+04
5.578229290343351687e-01 1.975169838083526841e+01 1.666073679406574470e+01 2.186631902708459918e-01 4.006163104223758273e+04
6.365331115321660738e-01 2.053278658027412362e+01 1.712431216836228742e+01 2.778995418895635061e-01 4.273613494388159597e+04
7.152058371535838788e-01 2.263491414753224618e+01 1.890405524111375613e+01 3.247053331573827584e-01 4.945150729325114662e+04
7.938522421846891941e-01 2.331587962485081178e+01 1.942624124966001276e+01 3.770521130918160768e-01 5.085879563910181605e+04
8.724794443688169698e-01 2.485533174970286652e+01 2.069773681822668010e+01 4.370301028003906740e-01 5.564500739260636328e+04
9.510922062407737299e-01 2.682197231894369338e+01 2.215567886222630634e+01 4.895953879336438219e-01 6.105459337888527079e+04
1.029693835175838679e+00 2.708401437067522011e+01 2.236901454897601838e+01 5.604519497660085392e-01 6.282598736845174426e+04
1.108286699878543891e+00 2.794313385313034459e+01 2.300346394599758781e+01 6.281417742750590172e-01 6.575375365441894974e+04
1.186872541411916560e+00 2.891196701847948347e+01 2.392517406692227411e+01 6.874635043011906310e-01 6.959660918195871636e+04
1.265452668213572940e+00 3.003928921850903677e+01 2.492593946919995318e+01 7.344166528861489907e-01 7.314724947400676319e+04
1.344028082638708543e+00 3.167580741969819158e+01 2.596017316486226534e+01 8.283151303692529721e-01 7.938037871872227697e+04
1.422599565533279709e+00 3.164690398879495348e+01 2.588988743142514437e+01 8.743399005202910912e-01 7.932749520004716760e+04
1.501167734229200246e+00 3.197592473464408158e+01 2.610367046327342067e+01 1.007527919519149995e+00 8.358470260613567370e+04
1.579733083222462531e+00 3.401946428783253396e+01 2.755361485678688638e+01 1.100899470197271857e+00 9.075822198592781206e+04
1.658296013281593151e+00 3.328033057909846804e+01 2.694496240962394040e+01 1.149822261539127588e+00 9.116512817519296368e+04
1.736856852652245875e+00 3.400319238994866566e+01 2.736853755077675032e+01 1.270088960256469779e+00 9.250973065094354388e+04
1.815415872753641580e+00 3.393717799924984746e+01 2.742945553889307320e+01 1.319351613212161212e+00 9.557804194572429697e+04
1.893973299967037560e+00 3.512875081475104366e+01 2.824982277325662494e+01 1.422070965304985002e+00 1.003167615268895315e+05
1.972529324606241641e+00 3.563696157511621720e+01 2.848614767037961570e+01 1.528474709397758202e+00 1.044659192810911918e+05
2.051084107826015579e+00 3.587869350901927845e+01 2.866653869807537092e+01 1.627559491521046509e+00 1.073994357623165270e+05
2.129637787001040561e+00 3.747476930877515144e+01 2.962200202919672876e+01 1.777845864291997424e+00 1.132166676691669563e+05
2.208190479956450680e+00 3.715893578637749073e+01 2.929620608634503753e+01 1.906652171291437492e+00 1.146421857144387905e+05
2.286742288326184092e+00 3.702077411174600030e+01 2.937935214159671204e+01 1.907776275386802389e+00 1.149971781475476746e+05
2.365293300241981811e+00 3.724156195479784515e+01 2.946386300477760756e+01 2.036568719828361296e+00 1.153325884632810921e+05
2.443843592503681883e+00 3.829299107774140509e+01 3.034426539728379524e+01 2.121004303729385754e+00 1.210412222212117922e+05
2.522393232343909553e+00 3.874286002358277869e+01 3.043024848730445697e+01 2.303463870911379274e+00 1.255075289274612296e+05
2.600942278872942381e+00 4.013623083529466129e+01 3.121889678865866102e+01 2.437975947743614924e+00 1.308812590059711656e+05
2.679490784269383141e+00 3.969278114659845613e+01 3.092704859085348801e+01 2.549702088423327240e+00 1.302654925539546966e+05
2.758038794767343038e+00 4.105491994678642698e+01 3.198691019016814963e+01 2.662804611026500901e+00 1.345196917630303360e+05
2.836586351479573942e+00 4.166496968216046781e+01 3.207051905894373078e+01 2.854400796362186465e+00 1.402782375673549541e+05
2.915133491087511963e+00 4.148007224425343509e+01 3.223506460858008182e+01 2.886665645298630345e+00 1.384407924457739573e+05
2.993680246422668834e+00 4.170600339071995677e+01 3.223993005343264429e+01 3.038433613582701476e+00 1.402506918531739502e+05
3.072226646958827967e+00 4.351548115655899096e+01 3.353751186667871309e+01 3.215559412629960256e+00 1.469705424365184153e+05
3.150772719230606977e+00 4.321905227921554626e+01 3.326255095222673219e+01 3.346929962196731889e+00 1.483334268951160484e+05
3.229318487190934395e+00 4.334159833070160062e+01 3.357433474339661217e+01 3.391300121789024402e+00 1.471914032823543821e+05
3.307863972517584905e+00 4.374490966594739660e+01 3.377633064511068284e+01 3.546099247359184581e+00 1.505637681222099345e+05
3.386409194877053608e+00 4.467401920905060564e+01 3.430799781510003754e+01 3.715898799786436779e+00 1.550153240222338354e+05
3.464954172152534095e+00 4.579132580773772787e+01 3.514145005188070314e+01 3.853522247351301111e+00 1.585123192083739559e+05
3.543498920641575456e+00 4.640665379092451559e+01 3.544703457252658296e+01 4.054451967020372471e+00 1.616672130465461523e+05
3.622043455228019404e+00 4.671728947862847292e+01 3.576715237036081874e+01 4.142138017919341664e+00 1.640394424213274615e+05
3.700587789532037597e+00 4.767298036625032154e+01 3.632633980787248618e+01 4.354147869158937034e+00 1.675427134858659410e+05
3.779131936041457696e+00 4.753206886861441660e+01 3.624755878432478085e+01 4.546214490630086758e+00 1.680464695921330131e+05
3.857675906227046259e+00 4.868411208816102942e+01 3.704385675574612691e+01 4.536614769808968717e+00 1.698206129251749662e+05
3.936219710643986680e+00 4.946793461372022449e+01 3.755643525728834931e+01 4.739987638644818979e+00 1.747336834299910697e+05
4.014763359021444877e+00 4.917324990651684402e+01 3.732792632107857855e+01 4.936943606256278372e+00 1.740408080962347740e+05
4.093306860341824560e+00 5.089887169518115684e+01 3.859256599978717617e+01 5.120683594577510434e+00 1.796604182724097336e+05
4.171850222911064776e+00 5.116433356161306278e+01 3.860100818916092180e+01 5.299062827948876730e+00 1.801187141333846957e+05
4.250393454421145911e+00 5.057170087103776979e+01 3.834832425464490768e+01 5.374654271214334145e+00 1.795491360839321860e+05
4.328936562005788247e+00 5.197944832242122715e+01 3.914947095583212899e+01 5.551531985862007801e+00 1.863453246631388902e+05
4.407479552290201497e+00 5.299087231450943136e+01 4.001729841806932342e+01 5.765556502304687747e+00 1.886886128953792213e+05
4.486022431435594982e+00 5.256861660124865665e+01 3.941535728567978225e+01 5.910992526412992554e+00 1.877112616870631173e+05
4.564565205179107465e+00 5.367117190670045090e+01 4.025745646104810049e+01 6.101376872354627778e+00 1.927576641268418171e+05
4.643107878869670024e+00 5.475256349055258198e+01 4.105284251920174654e+01 6.260922928947364241e+00 1.955908955936382408e+05
4.721650457500300213e+00 5.481883984498139029e+01 4.114044295522711536e+01 6.403399792784428612e+00 1.966074380003905098e+05
4.800192945737217443e+00 5.553766720947609770e+01 4.151839982347455305e+01 6.670277294449837413e+00 2.002857556022756326e+05
4.878735347946150824e+00 5.590483390489616511e+01 4.165434746205059469e+01 6.874665404185859252e+00 2.015550589319273131e+05
4.957277668216146793e+00 5.621224057552142028e+01 4.198559545283517025e+01 7.009582231370393046e+00 2.031541225379616662e+05
5.035819910381144737e+00 5.667805389163936525e+01 4.220625752308439615e+01 7.205517704146870095e+00 2.050827503906622878e+05
5.114362078039562221e+00 5.758002469648415911e+01 4.269353410485867784e+01 7.374740343907145501e+00 2.089992097678478749e+05
5.192904174572115394e+00 5.829836743589075354e+01 4.315371763817609718e+01 7.625702497558845216e+00 2.103342922814785270e+05
5.271446203158030919e+00 5.877655551587859151e+01 4.341795339424146505e+01 7.811076053971234501e+00 2.137426395104836847e+05
5.349988166789838573e+00 5.928423550898938998e+01 4.389214350392885677e+01 7.963020434140602788e+00 2.146391627167028491e+05
5.428530068286878674e+00 5.997904328512357353e+01 4.418101200999252143e+01 8.224462081800608004e+00 2.181127191845554917e+05
5.507071910307648643e+00 6.031022134803462365e+01 4.460667024315940665e+01 8.329374699021332873e+00 2.187811975746576500e+05
5.585613695361120179e+00 6.164707922451007960e+01 4.537105347154547985e+01 8.694524873479569038e+00 2.235487787557847332e+05
5.664155425817094525e+00 6.210193120354517049e+01 4.552798536073547098e+01 8.871487336151757219e+00 2.250686154370112927e+05
5.742697103915729961e+00 6.218025415634379982e+01 4.552187877772331603e+01 9.022813808378943534e+00 2.260263555914048047e+05
5.821238731776284148e+00 6.264124361104382643e+01 4.572526518782375859e+01 9.287981590160976353e+00 2.291101575874026748e+05
5.899780311405160127e+00 6.277858522867554569e+01 4.577838058206462080e+01 9.455318588714469286e+00 2.296868739947099821e+05
5.978321844703323507e+00 6.334847333520981749e+01 4.641929173325578262e+01 9.544950685647256350e+00 2.301071872454939294e+05
6.056863333473133437e+00 6.393278585375485079e+01 4.652276971575854247e+01 9.816258811177080545e+00 2.342115903399549134e+05
6.135404779424661115e+00 6.507516058089595390e+01 4.710962705759496316e+01 1.015227189949793640e+01 2.390539082934456237e+05
6.213946184181517118e+00 6.542742258125360877e+01 4.748997560211479652e+01 1.030944308670510345e+01 2.393119038276186911e+05
6.292487549286247983e+00 6.608171887972578418e+01 4.785537772645243138e+01 1.041437812803742702e+01 2.419908162554421287e+05
6.371028876205335756e+00 6.626534611528933283e+01 4.773240884293130648e+01 1.080266896886404027e+01 2.423862124430896074e+05
6.449570166333828070e+00 6.710118817030358684e+01 4.827461447261021732e+01 1.100882471823083897e+01 2.474520726796983799e+05
6.528111420999634262e+00 6.786853201437413929e+01 4.888450912203553855e+01 1.122098593731087313e+01 2.489527029226121085e+05
6.606652641467518627e+00 6.811792523749191730e+01 4.905669055353836683e+01 1.145150614848811799e+01 2.499225261222919507e+05
6.685193828942805006e+00 6.838061514383295503e+01 4.894638252825221514e+01 1.171358856796138959e+01 2.508471135580372647e+05
6.763734984574836240e+00 6.838593644661352755e+01 4.903194931023659109e+01 1.191560169575908112e+01 2.520518025232065411e+05
6.842276109460177835e+00 6.936019632845503224e+01 4.938967098104249231e+01 1.210270833088420339e+01 2.545129014300231647e+05
6.920817204645620890e+00 6.925388697169225338e+01 4.964209673030887870e+01 1.231085345418719079e+01 2.548200832839455106e+05
6.999358271130968312e+00 7.033943421477694358e+01 5.020542602790060727e+01 1.266405401861413083e+01 2.598290051812732709e+05
7.077899309871646949e+00 7.156097098128738310e+01 5.095727543128098347e+01 1.287953659487948599e+01 2.632676655356464908e+05
7.156440321781138536e+00 7.122327832125704106e+01 5.071316873521702462e+01 1.303901320249058493e+01 2.624766543774420861e+05
7.234981307733260536e+00 7.148370142364888125e+01 5.075359267207817027e+01 1.336867637228736072e+01 2.644753946328017628e+05
7.313522268564292439e+00 7.184633418564074248e+01 5.116913608021864945e+01 1.356054918746350069e+01 2.653454218542634044e+05
7.392063205074973276e+00 7.214829532410563218e+01 5.133410650648826845e+01 1.381835936283226474e+01 2.665278336140863830e+05
7.470604118032365015e+00 7.275396141342748990e+01 5.147013535496684966e+01 1.405597346969746830e+01 2.693838034992322209e+05
7.549145008171610272e+00 7.304395879147982384e+01 5.185197703466369035e+01 1.426324934053116245e+01 2.701728773389726994e+05
7.627685876197570103e+00 7.378813573099662904e+01 5.198182712465525412e+01 1.459375998475563563e+01 2.729838382644687663e+05
7.706226722786373884e+00 7.456217645590149345e+01 5.251480384576076688e+01 1.481164212477320419e+01 2.762814032491818070e+05
7.784767548586863484e+00 7.453515580347013270e+01 5.230294023090466737e+01 1.522027155114745334e+01 2.766274078461094759e+05
7.863308354221953955e+00 7.461891523242171331e+01 5.266352965150571208e+01 1.523022415492117609e+01 2.767322811542022973e+05
7.941849140289923170e+00 7.492276763584541754e+01 5.253407835726492436e+01 1.557376136854988502e+01 2.784369651918850723e+05
8.020389907365611748e+00 7.615527178029131505e+01 5.341168273073843409e+01 1.582230879768219900e+01 2.830674742827707087e+05
8.098930656001561701e+00 7.671054974860005871e+01 5.391049043755304382e+01 1.611827127850768804e+01 2.850903621663215454e+05
8.177471386729090241e+00 7.655434591061359129e+01 5.361690619625075982e+01 1.626929028397611532e+01 2.841802005732801626e+05
8.256012100059292536e+00 7.739178180479697744e+01 5.419576811327911514e+01 1.664926420024616860e+01 2.870164960038879071e+05
8.334552796484000936e+00 7.719141677322164696e+01 5.401352400220475403e+01 1.686744997146678671e+01 2.871179346204779577e+05
8.413093476476680266e+00 7.808587133977985673e+01 5.417706735281278441e+01 1.716755598643526781e+01 2.910431745397790219e+05
8.491634140493276917e+00 7.825896558402072856e+01 5.456488430263384970e+01 1.753155917143753229e+01 2.913835837605154375e+05
8.570174788973028868e+00 7.847536128147540069e+01 5.466671330759381675e+01 1.787767472991232154e+01 2.926651788715220173e+05
8.648715422339215309e+00 7.908230679699849475e+01 5.489118072931611181e+01 1.805299973633131572e+01 2.959950194797050790e+05
8.727256040999876063e+00 7.954782259249397214e+01 5.519734700205000166e+01 1.832249218822295234e+01 2.970625687817580183e+05
8.805796645348495488e+00 7.994502620336454868e+01 5.541039959182622709e+01 1.865872967381350023e+01 2.981445252741483855e+05
8.884337235764643737e+00 7.978701701550180303e+01 5.550342737498535683e+01 1.882345690084357059e+01 2.985616514231275069e+05
8.962877812614589601e+00 7.988081870629595471e+01 5.557055184795923708e+01 1.920376009348907331e+01 2.987752171214330010e+05
9.041418376251867173e+00 8.121428827448463039e+01 5.601363543669143752e+01 1.957685543127465877e+01 3.036464380541786668e+05
9.119958927017840722e+00 8.161959756675797450e+01 5.648817825936470882e+01 1.973351339792714754e+01 3.050446227808272233e+05
9.198499465242209183e+00 8.171028870207527461e+01 5.665208530474967574e+01 2.006094347594830296e+01 3.056417238022853271e+05
9.277039991243508865e+00 8.210703861354062383e+01 5.691965963036312104e+01 2.032328678295493418e+01 3.071304848786146031e+05
9.355580505329580632e+00 8.235193568629046013e+01 5.666782407839916402e+01 2.071285592089006045e+01 3.089663960151529172e+05
9.434121007798012215e+00 8.254175994803560457e+01 5.676701769941019649e+01 2.099294399301533787e+01 3.092503423603785341e+05
9.512661498936562765e+00 8.288884476288028225e+01 5.706481621509733770e+01 2.128503544471486819e+01 3.116459815006700810e+05
9.591201979023569635e+00 8.324366947692810470e+01 5.740970271369292988e+01 2.161669321170490932e+01 3.134121292384746484e+05
9.669742448328321416e+00 8.351748118634874629e+01 5.747007913012265590e+01 2.190446581817197469e+01 3.142665221811627853e+05
9.748282907111432749e+00 8.412302183804757760e+01 5.776656477026681813e+01 2.218164718334286434e+01 3.172757808611108339e+05
9.826823355625185386e+00 8.395138726543125074e+01 5.772638309110305244e+01 2.244728894544452302e+01 3.157554295132068219e+05
9.905363794113858589e+00 8.454530324409857656e+01 5.804711407399368994e+01 2.286673849323471686e+01 3.183326212580415886e+05
9.983904222814045326e+00 8.503490488386540846e+01 5.827733356934878373e+01 2.313411308072081241e+01 3.206839900879541528e+05
1.006244464195495070e+01 8.511060210505873158e+01 5.845113568552305594e+01 2.340379034859396512e+01 3.212303481857717270e+05
1.014098505175868148e+01 8.499705857955078159e+01 5.816347368853154620e+01 2.366992612763636572e+01 3.213755266867952887e+05
1.021952545244051613e+01 8.548099743834514186e+01 5.848351461297064446e+01 2.402362740053717616e+01 3.237870761608371977e+05
1.029806584420916415e+01 8.636533426331372709e+01 5.864432799494035464e+01 2.455329984181248548e+01 3.275394811434988515e+05
1.037660622726701654e+01 8.609698258827748418e+01 5.886390453750927065e+01 2.458979056779286410e+01 3.268667165371663286e+05
1.045514660181038380e+01 8.609631207385042728e+01 5.874108069235057883e+01 2.506917151285265888e+01 3.267189671636974672e+05
1.053368696802971982e+01 8.679738543356025104e+01 5.936871284631349965e+01 2.537876766558736108e+01 3.284776405407799757e+05
1.061222732610984210e+01 8.724772726660857813e+01 5.947279857941649084e+01 2.577216580987641947e+01 3.316544351024359348e+05
1.069076767623013779e+01 8.763175096658734731e+01 5.959116366664092368e+01 2.607491245343947384e+01 3.333039702151704114e+05
1.076930801856475739e+01 8.760631480714222619e+01 5.967037680709540837e+01 2.623048592835418447e+01 3.338625743429674767e+05
1.084784835328281005e+01 8.849180749853687189e+01 6.007090688815215174e+01 2.670731777472677848e+01 3.361390860862539848e+05
1.092638868054854306e+01 8.801183737796063156e+01 5.987763395656672571e+01 2.694474843759814320e+01 3.349748773380359635e+05
1.100492900052151413e+01 8.856673024626807944e+01 6.022908789302135091e+01 2.720364055936105885e+01 3.373587606660544989e+05
1.108346931335675833e+01 8.872232794993028904e+01 6.041941104310013344e+01 2.775459213708447948e+01 3.386294978009159095e+05
1.116200961920494805e+01 8.907777093764852339e+01 6.035107679624338317e+01 2.803175224110477615e+01 3.395302321331580752e+05
1.124054991821254212e+01 8.907801837740859696e+01 6.071832356894574900e+01 2.843661205385893354e+01 3.402217327093802742e+05
1.131909021052193687e+01 8.937868619274165383e+01 6.068067085726735854e+01 2.874146119435908986e+01 3.418719410995330545e+05
1.139763049627160285e+01 8.961674151613092931e+01 6.078948241137391761e+01 2.902069187505087555e+01 3.432047350409792271e+05
1.147617077559622167e+01 9.001553664011355238e+01 6.091619700902922574e+01 2.943304474065464760e+01 3.446519233314219164e+05
1.155471104862680853e+01 9.040644121587313009e+01 6.140177308303698567e+01 2.962870264304664403e+01 3.460083964245633106e+05
1.163325131549084368e+01 9.000771491711631711e+01 6.115274638980684330e+01 3.002614271329695228e+01 3.455676034856251790e+05
1.171179157631238787e+01 9.040782932562554208e+01 6.116417483032073932e+01 3.041518843130332783e+01 3.470625448367568315e+05
1.179033183121219608e+01 9.109572122739069755e+01 6.179007641558672503e+01 3.073285456822924644e+01 3.492332340707230032e+05
1.186887208030782759e+01 9.082115026419168657e+01 6.154070948133335150e+01 3.103495452621715600e+01 3.499868747892161482e+05
1.194741232371374728e+01 9.141936979391435614e+01 6.177092619647529403e+01 3.149834243560737335e+01 3.527681999770892435e+05
1.202595256154143222e+01 9.107664299120904161e+01 6.178176053432947867e+01 3.167754382379447620e+01 3.510675131262101931e+05
1.210449279389946753e+01 9.169810406234898892e+01 6.202568277421968901e+01 3.219412705892844428e+01 3.543553018937545130e+05
1.218303302089363527e+01 9.158768536652578973e+01 6.224070748624821903e+01 3.274118811760291692e+01 3.540859855969136115e+05
1.226157324262700676e+01 9.249755600740080297e+01 6.253646259958266995e+01 3.309356377176758457e+01 3.574343172877323814e+05
1.234011345920003322e+01 9.204204108756239577e+01 6.221291502100073245e+01 3.339173732797885208e+01 3.570611967131288256e+05
1.241865367071062565e+01 9.251407095400108460e+01 6.294770312941652435e+01 3.372888276074849756e+01 3.578804875480346964e+05
1.249719387725422415e+01 9.270811914609149085e+01 6.270290507561517046e+01 3.416359764972357738e+01 3.591746147521996172e+05
1.257573407892389383e+01 9.288861106131577117e+01 6.275690588098560596e+01 3.443820557649316783e+01 3.608431985535447602e+05
1.265427427581038877e+01 9.305473191848346914e+01 6.284963463243466464e+01 3.496041843916265179e+01 3.610211882429306861e+05
1.273281446800221772e+01 9.321331773801712473e+01 6.297700538086422029e+01 3.516025447958456596e+01 3.623772503791705822e+05
1.281135465558572584e+01 9.316405424351819420e+01 6.326784871811356226e+01 3.565840790350438283e+01 3.633246624254400376e+05
1.288989483864514796e+01 9.361472330057365809e+01 6.342769834484421665e+01 3.602099707815219887e+01 3.653110521605377435e+05
1.296843501726268322e+01 9.369646660707832098e+01 6.327905800048796436e+01 3.641771011345295506e+01 3.655977380587944645e+05
1.304697519151855190e+01 9.356073515425543974e+01 6.344236506837240341e+01 3.683565867049313880e+01 3.656604027935951599e+05
1.312551536149104692e+01 9.427409737389420741e+01 6.356174026007219879e+01 3.722466730471244745e+01 3.693988665759799769e+05
1.320405552725660492e+01 9.404430963851577019e+01 6.351444261092598254e+01 3.759015323654245577e+01 3.679869515054194489e+05
1.328259568888985243e+01 9.438929107276635477e+01 6.364922263231169097e+01 3.810374625348131161e+01 3.704658050897475914e+05
1.336113584646366270e+01 9.486526445032721711e+01 6.396739733277992457e+01 3.849639356798238055e+01 3.721470413346808637e+05
1.343967600004920548e+01 9.466154488041361503e+01 6.399646854190508805e+01 3.880294950854756308e+01 3.719402130020737532e+05
1.351821614971599317e+01 9.488037555546488022e+01 6.451643115177068921e+01 3.919163005869824445e+01 3.725457147634068970e+05
1.359675629553193588e+01 9.513481031756535344e+01 6.462843540559815381e+01 3.961610376430413538e+01 3.738258665966572589e+05
1.367529643756338231e+01 9.542710727442563723e+01 6.460469917005376317e+01 4.006344673501196496e+01 3.762266172485896386e+05
1.375383657587516595e+01 9.523110012716711026e+01 6.487358181017766867e+01 4.039743655207303163e+01 3.751400148713345407e+05
1.383237671053064766e+01 9.532522713251874791e+01 6.455548347467851045e+01 4.083196536680348743e+01 3.763249047474009567e+05
1.391091684159175834e+01 9.561829404981502023e+01 6.489865964404563670e+01 4.135680065258485172e+01 3.787213597584934323e+05
1.398945696911903269e+01 9.602348856052934423e+01 6.524324145134843889e+01 4.172698126829270393e+01 3.801221684705574298e+05
1.406799709317166069e+01 9.585477487398586049e+01 6.525338581008044514e+01 4.214575645741595622e+01 3.798769439694763860e+05
1.414653721380751428e+01 9.633023312275830108e+01 6.554424238410288694e+01 4.271180324603879086e+01 3.829431891887581442e+05
1.422507733108318817e+01 9.642646570774601855e+01 6.558968353864125334e+01 4.310667429928881234e+01 3.834788452426614240e+05
1.430361744505403543e+01 9.632716788826687093e+01 6.546414391404202604e+01 4.344127609069473550e+01 3.830020259552386706e+05
1.438215755577419586e+01 9.676665302641346500e+01 6.568226417209142198e+01 4.375240758807967012e+01 3.853337750737029710e+05
1.446069766329663686e+01 9.692018439036915822e+01 6.590540113038906611e+01 4.417169846369791486e+01 3.863863795322905062e+05
1.453923776767318010e+01 9.716963950845808995e+01 6.616342298844151060e+01 4.469075790279239158e+01 3.878334596283938154e+05
1.461777786895453346e+01 9.729357360088694406e+01 6.620314694910716469e+01 4.531397022482522630e+01 3.884463880875575705e+05
1.469631796719032302e+01 9.723580991991067890e+01 6.617709876162069804e+01 4.558949001538258727e+01 3.887880715433860314e+05
1.477485806242911437e+01 9.763274663406164677e+01 6.648952676276049090e+01 4.616045005948384272e+01 3.908306175679492881e+05
1.485339815471844993e+01 9.756248170967953115e+01 6.645547227865459661e+01 4.658085969357449585e+01 3.912328149443673901e+05
1.493193824410487203e+01 9.788197714020792262e+01 6.678655071522921105e+01 4.701120748046886177e+01 3.930104227519775159e+05
1.501047833063394421e+01 9.795596283308012175e+01 6.706856165732189368e+01 4.730596599360119825e+01 3.939298642215328873e+05
1.508901841435028857e+01 9.799836827546997142e+01 6.705511704062421074e+01 4.790632200939612062e+01 3.943680571908823913e+05
1.516755849529759992e+01 9.837177646741766068e+01 6.735754144885814299e+01 4.839083385008993332e+01 3.965949243123565102e+05
1.524609857351867070e+01 9.827902496613472749e+01 6.724647007129048859e+01 4.879746987448898921e+01 3.966865264214282506e+05
1.532463864905541762e+01 9.851276412732744348e+01 6.716897263356385395e+01 4.944826135694062685e+01 3.983072737296202686e+05
1.540317872194890292e+01 9.886297477012064405e+01 6.747169092379562017e+01 4.998969940760256492e+01 4.007409471590092289e+05
1.548171879223935399e+01 9.906908403005300556e+01 6.811981246299541226e+01 5.038159138698058115e+01 4.018865534760254668e+05
1.556025885996618996e+01 9.924499454060411097e+01 6.789297928468123189e+01 5.086481026043164633e+01 4.030473023615501006e+05
1.563879892516803238e+01 9.931155904455270900e+01 6.800113479150240892e+01 5.130078562491039662e+01 4.031865801404401427e+05
1.571733898788273187e+01 9.915864134802991714e+01 6.809740288420073284e+01 5.169783623526581806e+01 4.042568804396077176e+05
1.579587904814739119e+01 9.981140161568922053e+01 6.841151275890938166e+01 5.230718859053710190e+01 4.064433737008834723e+05
1.587441910599837769e+01 9.956796393042672833e+01 6.829590017892685694e+01 5.283363222413760241e+01 4.061179716116917552e+05
1.595295916147133575e+01 1.000534107525536456e+02 6.888556837840469882e+01 5.319714550247741158e+01 4.081725620343492483e+05
1.603149921460121874e+01 1.003190959846614589e+02 6.878590208731918665e+01 5.390477434869527684e+01 4.103230333272836870e+05
1.611003926542229436e+01 1.003211816130426541e+02 6.905142089516290582e+01 5.449774926654846752e+01 4.110268516374781029e+05
1.618857931396816596e+01 1.007691861694000863e+02 6.914779712597010075e+01 5.487605980651418491e+01 4.137351410598132643e+05
1.626711936027179561e+01 1.006880827003920160e+02 6.924119557629924770e+01 5.525107641445487161e+01 4.141570897224572836e+05
1.634565940436549525e+01 1.008699628607763117e+02 6.957220020276268713e+01 5.596731986185141494e+01 4.152497565953133744e+05
1.642419944628097639e+01 1.009068025320369912e+02 6.939690938117048802e+01 5.616315626233534175e+01 4.162002872010829160e+05
1.650273948604932883e+01 1.011580647485722722e+02 6.994842736771200009e+01 5.676083967915625550e+01 4.165279704810243566e+05
1.658127952370107394e+01 1.013036726946477870e+02 7.028123981295058798e+01 5.746399656777944642e+01 4.182748810130061465e+05
1.665981955926614333e+01 1.013558821284268845e+02 7.019613852079163507e+01 5.801028459143059024e+01 4.187754116674915422e+05
1.673835959277390728e+01 1.017995659493802521e+02 7.051052679610631913e+01 5.867825553716944853e+01 4.218580591430324712e+05
1.681689962425318896e+01 1.018997609157694910e+02 7.071186730582972757e+01 5.927109785086967975e+01 4.233480866016813088e+05
1.689543965373228218e+01 1.026490748415211982e+02 7.110358758578225036e+01 5.985402298976444513e+01 4.255147343380089151e+05
1.697397968123895495e+01 1.022556920188611258e+02 7.095788783364460528e+01 6.027440676731151825e+01 4.249127663117187330e+05
1.705251970680045304e+01 1.025336730863554351e+02 7.142620336457532915e+01 6.064105662296263688e+01 4.271120069921404938e+05
1.713105973044353902e+01 1.026597921022728457e+02 7.146095721941955503e+01 6.129088941256858192e+01 4.282817935360523406e+05
1.720959975219447102e+01 1.031872114658138457e+02 7.206396851734386644e+01 6.201863886654151514e+01 4.301187391829874832e+05
1.728813977207903463e+01 1.030876316146942315e+02 7.204749415377150967e+01 6.239750727748904779e+01 4.313362696823336883e+05
1.736667979012256424e+01 1.034397065465080203e+02 7.229688753933109524e+01 6.322796879404184978e+01 4.327834574384032749e+05
1.744521980634991110e+01 1.038920582169567268e+02 7.255885368149624526e+01 6.377196047995096961e+01 4.360230469610349392e+05
1.752375982078550365e+01 1.038724672818012493e+02 7.262366643815181533e+01 6.436621822094321033e+01 4.374510468222827185e+05
1.760229983345331917e+01 1.043696484975248211e+02 7.282762497160683779e+01 6.496753206159758065e+01 4.390301765432119719e+05
1.768083984437692635e+01 1.045379532796844160e+02 7.347031547619995706e+01 6.534566700471253853e+01 4.404694395051843603e+05
1.775937985357945692e+01 1.049571032657649710e+02 7.370463014349425634e+01 6.617199802771172301e+01 4.426795685245391796e+05
1.783791986108364824e+01 1.047434523049032151e+02 7.346433776098372448e+01 6.673947385162720991e+01 4.434769483959290665e+05
1.791645986691183268e+01 1.053248597521875638e+02 7.405753466838835664e+01 6.744556924550873589e+01 4.451673100424105069e+05
1.799499987108595889e+01 1.054791462536854567e+02 7.444301191377249438e+01 6.792879180062131184e+01 4.466381968033626908e+05
1.807353987362759185e+01 1.060770950936673387e+02 7.466345031503007590e+01 6.862203196884946976e+01 4.503015653389056679e+05
1.815207987455791638e+01 1.060526802577382739e+02 7.471726135382594691e+01 6.919652363683901797e+01 4.502644616921402630e+05
1.823061987389775851e+01 1.062258864117173829e+02 7.498885313295204469e+01 7.014122677836061825e+01 4.529459146527951816e+05
1.830915987166758541e+01 1.065168329194264203e+02 7.542046404779642899e+01 7.048809942304325205e+01 4.536654732167545008e+05
1.838769986788751964e+01 1.069225280485579219e+02 7.574355968164336161e+01 7.109091183768606470e+01 4.559152102141894866e+05
1.846623986257733563e+01 1.075691357442601799e+02 7.608412778987718639e+01 7.180597213321289018e+01 4.589057135211636196e+05
1.854477985575647381e+01 1.077919702847422627e+02 7.653788901041065174e+01 7.247413563586982832e+01 4.612709348794697435e+05
1.862331984744404423e+01 1.079216345975765847e+02 7.662413254193920409e+01 7.338029905267180197e+01 4.628215422136001289e+05
1.870185983765884075e+01 1.083061531191872007e+02 7.691239022423125959e+01 7.404663055774300062e+01 4.648197578599510598e+05
1.878039982641934458e+01 1.086478124780304171e+02 7.730274345991038842e+01 7.459028732311983845e+01 4.673665032403173973e+05
1.885893981374372075e+01 1.090114526866665443e+02 7.765831421057626471e+01 7.535302051640057641e+01 4.693163352732112398e+05
1.893747979964983941e+01 1.093839514872522187e+02 7.810849665939545616e+01 7.608645317082711301e+01 4.713968305091662332e+05
1.901601978415527228e+01 1.096504183962473604e+02 7.846661726366065182e+01 7.652732991815827290e+01 4.731592852818293031e+05
1.909455976727730331e+01 1.098166297345734108e+02 7.860556048653587879e+01 7.703473160687163102e+01 4.753164361619951087e+05
1.917309974903293579e+01 1.102033426829037381e+02 7.908126831397407841e+01 7.777512796448293386e+01 4.766825899506471469e+05
1.925163972943889235e+01 1.108904620361738154e+02 7.926126933694926890e+01 7.881227655680153532e+01 4.801017519072642317e+05
1.933017970851161849e+01 1.114582624972960900e+02 8.003456627584799321e+01 7.937714432830586020e+01 4.827354823232169147e+05
1.940871968626730748e+01 1.117759244960613643e+02 8.032287646921295732e+01 8.028137342781988650e+01 4.851581858161566197e+05
1.948725966272188259e+01 1.123347467903913923e+02 8.065363439811429203e+01 8.103219730767972351e+01 4.878048860115893767e+05
1.956579963789100773e+01 1.125378908706798455e+02 8.119546312633696061e+01 8.158585871767279230e+01 4.894445904930564575e+05
1.964433961179010524e+01 1.131735969033122444e+02 8.159091405129275643e+01 8.250976993674267135e+01 4.940847234643609845e+05
1.972287958443434519e+01 1.136596293456081952e+02 8.207586828923444955e+01 8.328546338477498523e+01 4.956366052432209835e+05
1.980141955583865965e+01 1.144174883297839074e+02 8.248149421167158835e+01 8.417011423774195578e+01 4.993779663175351452e+05
1.987995952601774619e+01 1.142966196612255345e+02 8.269390772651655652e+01 8.471160612133174084e+01 5.007274028624739731e+05
1.995849949498606790e+01 1.147122146838649570e+02 8.309493132511410352e+01 8.550127671978805211e+01 5.022202664044830599e+05
2.003703946275786052e+01 1.156733871675183138e+02 8.382028552779267727e+01 8.622976019145467319e+01 5.067113874874918256e+05
2.011557942934713950e+01 1.162068822326487663e+02 8.445219206662824263e+01 8.719314835835072586e+01 5.099965103563349694e+05
2.019411939476770712e+01 1.164402586357900020e+02 8.458406615206887125e+01 8.779555600816772198e+01 5.122520540743910242e+05
2.027265935903314542e+01 1.164119250909186434e+02 8.465402849729083812e+01 8.848866605411662078e+01 5.124193111366426456e+05
2.035119932215682326e+01 1.164853750926493348e+02 8.496150521811755141e+01 8.914386661780717702e+01 5.136732057205521269e+05
2.042973928415191054e+01 1.168529434639229407e+02 8.508893197291730814e+01 8.972864316967691423e+01 5.150062140971205663e+05
2.050827924503137467e+01 1.165233796699084081e+02 8.537644764348065962e+01 9.038175467071468461e+01 5.157812987820945564e+05
2.058681920480798766e+01 1.170160704834011511e+02 8.545002091053514448e+01 9.119920363944831365e+01 5.192589027358817402e+05
2.066535916349431901e+01 1.168147497466520264e+02 8.581112533708811441e+01 9.196627384998276966e+01 5.185310523735192837e+05
2.074389912110275347e+01 1.168106902947713337e+02 8.581752684829992006e+01 9.255862783782202996e+01 5.203211867741508177e+05
2.082243907764548752e+01 1.173894920231984003e+02 8.625217213894521251e+01 9.340801365149725655e+01 5.228221254789948580e+05
2.090097903313453642e+01 1.173351648922124753e+02 8.640088232503693177e+01 9.397243575571603458e+01 5.252370239003051538e+05
2.097951898758173783e+01 1.176746427013413552e+02 8.677222383326983390e+01 9.493044928250400005e+01 5.263356307377413614e+05
2.105805894099874109e+01 1.175695240324902500e+02 8.713539153107312529e+01 9.555438729939366738e+01 5.265133903815306257e+05
2.113659889339703568e+01 1.175352835776935336e+02 8.705690925755330056e+01 9.625683050907602478e+01 5.279480148455145536e+05
2.121513884478793344e+01 1.179781028506625233e+02 8.760671911078453888e+01 9.705982452930260251e+01 5.312257336286742939e+05
2.129367879518258277e+01 1.178270014089989672e+02 8.812925982258553859e+01 9.765846041935748190e+01 5.310628574563424336e+05
2.137221874459196869e+01 1.182513985731077923e+02 8.806880027057685822e+01 9.841091853519102983e+01 5.336696309582272079e+05
2.145075869302691274e+01 1.182361630406343949e+02 8.819912029601405834e+01 9.918733596231047045e+01 5.348812578732001130e+05
2.152929864049807307e+01 1.178981355407381102e+02 8.841502857270417337e+01 9.992338488678429087e+01 5.353494661150862230e+05
2.160783858701596571e+01 1.182741791373287725e+02 8.876417999562868033e+01 1.006913901903888870e+02 5.371449241860258626e+05
2.168637853259094683e+01 1.186861932737412388e+02 8.899528879917350821e+01 1.014962540995017832e+02 5.396901332142701140e+05
2.176491847723321982e+01 1.184379374503070181e+02 8.929296363298180950e+01 1.021880921612458479e+02 5.405913939386814600e+05
2.184345842095285306e+01 1.188104109116890896e+02 8.972998085974126070e+01 1.028015650479245551e+02 5.423923095434600255e+05
2.192199836375975508e+01 1.193463779777935088e+02 8.981165394603766572e+01 1.037489555519496633e+02 5.458934198019078467e+05
2.200053830566371005e+01 1.192091547693887748e+02 9.034738854855294221e+01 1.044456714001822064e+02 5.474912772960900329e+05
2.207907824667434582e+01 1.190449206700584739e+02 9.012297509348501023e+01 1.048639266475946954e+02 5.458602146378834732e+05
2.215761818680116590e+01 1.195271336281107466e+02 9.083696989301132874e+01 1.064685048671284733e+02 5.485985543308919296e+05
2.223615812605353526e+01 1.197661452577289083e+02 9.106675541033881416e+01 1.068702074442767156e+02 5.527384827221997548e+05
2.231469806444068738e+01 1.192948303173387359e+02 9.106281479031960657e+01 1.074802153097250397e+02 5.511449098867583089e+05
2.239323800197172432e+01 1.197231634964409182e+02 9.156418973712854381e+01 1.082377623052162647e+02 5.531191084443943109e+05
2.247177793865562023e+01 1.201603045777974188e+02 9.210575214377756481e+01 1.094284014665695253e+02 5.559392234983467497e+05
2.255031787450123204e+01 1.197754868146190432e+02 9.237406285374206050e+01 1.101548587629965823e+02 5.563759964293534867e+05
2.262885780951728165e+01 1.199351018109998961e+02 9.252149220682315445e+01 1.105549227955022502e+02 5.568520684419495519e+05
2.270739774371238440e+01 1.203743636145128448e+02 9.323287540333862466e+01 1.115589661984727599e+02 5.595620470777197042e+05
2.278593767709502771e+01 1.207310091473637357e+02 9.335408546852529810e+01 1.125521032034903186e+02 5.631155395692321472e+05
2.286447760967358178e+01 1.206824704264194992e+02 9.358564265334858590e+01 1.135227260655189383e+02 5.641687119262221968e+05
2.294301754145629957e+01 1.205655567467760818e+02 9.397628667312633866e+01 1.139751321627389729e+02 5.651026016615900444e+05
2.302155747245133455e+01 1.213368558083327002e+02 9.456315519318543750e+01 1.148378215177149855e+02 5.695718989922378678e+05
2.310009740266672296e+01 1.212194446315181580e+02 9.481868955908718988e+01 1.155190311454633587e+02 5.708902404261367628e+05
2.317863733211038380e+01 1.213460408775950867e+02 9.520260967455278944e+01 1.167931747144245804e+02 5.718133440787292784e+05
2.325717726079013303e+01 1.211235961507390471e+02 9.574600642814010598e+01 1.171669611032634464e+02 5.707757430293828947e+05
2.333571718871368716e+01 1.219712266341881133e+02 9.569673143267493742e+01 1.185008815690477348e+02 5.761784449122318765e+05
2.341425711588865965e+01 1.218015765642351482e+02 9.610410929216571674e+01 1.193242845744155289e+02 5.763257551833179314e+05
2.349279704232255384e+01 1.220719092174094556e+02 9.644281489776592764e+01 1.201338753230431422e+02 5.788687681013094261e+05
2.357133696802278067e+01 1.224787559363810487e+02 9.703890395220525988e+01 1.211485537011807452e+02 5.809055982796475291e+05
2.364987689299664453e+01 1.225037076046468485e+02 9.736637287284521847e+01 1.218607760239309528e+02 5.824529295825733570e+05
2.372841681725136453e+01 1.226236607711965121e+02 9.747157913154904918e+01 1.226280373232816174e+02 5.834561019507782767e+05
2.380695674079405322e+01 1.229004383957975080e+02 9.800545280654773705e+01 1.240184621879964055e+02 5.879862009740869980e+05
2.388549666363174140e+01 1.232985461434656287e+02 9.810009044156802815e+01 1.246977803579536044e+02 5.893599442238074262e+05
2.396403658577134976e+01 1.236880119119864787e+02 9.915694340413564589e+01 1.255652598053485889e+02 5.913104895040128613e+05
2.404257650721972439e+01 1.237764695775226755e+02 9.940185080352728164e+01 1.265505024917615629e+02 5.926786002129672561e+05
2.412111642798362254e+01 1.240492933785679952e+02 9.953970103840256911e+01 1.273689870041475984e+02 5.964984894093152834e+05
2.419965634806970556e+01 1.238786969776169684e+02 9.967877046358503890e+01 1.283421783575983852e+02 5.971088303874072153e+05
2.427819626748454596e+01 1.249552337338375452e+02 1.004682677199426308e+02 1.292672458567100193e+02 6.017041875243082177e+05
2.435673618623464520e+01 1.248922705814238441e+02 1.008722338930985103e+02 1.302363485229753906e+02 6.021240017103517894e+05
2.443527610432640529e+01 1.252144418127786452e+02 1.014358325379987917e+02 1.313584249629724070e+02 6.048075416814852506e+05
2.451381602176616425e+01 1.252613980705591530e+02 1.015841059624149807e+02 1.321204949964590014e+02 6.072471859264360974e+05
2.459235593856016067e+01 1.257647939451249357e+02 1.024505965982945526e+02 1.328943277469437589e+02 6.098399882054170594e+05
2.467089585471456203e+01 1.258373972000908623e+02 1.029450039225223605e+02 1.340547181140349551e+02 6.123118858200879768e+05
2.474943577023546126e+01 1.261454136626172868e+02 1.031828152144160526e+02 1.349773234782892928e+02 6.133417683756917249e+05
2.482797568512887310e+01 1.265137129523213844e+02 1.035605574196014516e+02 1.358896842315684808e+02 6.168347059371237410e+05
2.490651559940072346e+01 1.271727595996685949e+02 1.037375052048838597e+02 1.365284211884755621e+02 6.206870436621152330e+05
2.498505551305688144e+01 1.272316072814018781e+02 1.044393777461566231e+02 1.379642832955116489e+02 6.224960344026068924e+05
2.506359542610313440e+01 1.275238561164872664e+02 1.049006050325658634e+02 1.390006841136608102e+02 6.235889806059655966e+05
2.514213533854519511e+01 1.276422828531518974e+02 1.054219045020389274e+02 1.393491773170336216e+02 6.264747200201412197e+05
2.522067525038871239e+01 1.285411143397607816e+02 1.060072794885883383e+02 1.409357410475012102e+02 6.298201272461313056e+05
2.529921516163925688e+01 1.279171316726917098e+02 1.061780755812164330e+02 1.417732723953581342e+02 6.303154963282181416e+05
2.537775507230233529e+01 1.287443534870259896e+02 1.072206550976548129e+02 1.428164865205387741e+02 6.340523735133958980e+05
2.545629498238338684e+01 1.284613197844305716e+02 1.071696454953531941e+02 1.434512423086394506e+02 6.336672098521746229e+05
2.553483489188777966e+01 1.298155400138389268e+02 1.081769191705191560e+02 1.449418544212698521e+02 6.422029912568524014e+05
2.561337480082082152e+01 1.294430206697423387e+02 1.088333601178986783e+02 1.457096835307815184e+02 6.405820234438112238e+05
2.569191470918774911e+01 1.298125422522594761e+02 1.086582537197634650e+02 1.470448676469298732e+02 6.433385114497054601e+05
2.577045461699373874e+01 1.300748553341589968e+02 1.093941280527475897e+02 1.478700967459016908e+02 6.449949648016706342e+05
2.584899452424390631e+01 1.305950724390103233e+02 1.096670815111094868e+02 1.487194898768219673e+02 6.485935955558035057e+05
2.592753443094329668e+01 1.303031114779587938e+02 1.099989436171530883e+02 1.492973240400422696e+02 6.494228261248768540e+05
2.600607433709690852e+01 1.311998979160540841e+02 1.111588006494893790e+02 1.518643319214973531e+02 6.554256361799661536e+05
2.608461424270966944e+01 1.313292647021586959e+02 1.112878936586482581e+02 1.521437246867630506e+02 6.563271422956144670e+05
2.616315414778644310e+01 1.320299464445937190e+02 1.120490775748653647e+02 1.534095497674046555e+02 6.603156579396950547e+05
2.624169405233205055e+01 1.316369318102452723e+02 1.127605386415640396e+02 1.540143587317178628e+02 6.596065647042329656e+05
2.632023395635124174e+01 1.320442140222013734e+02 1.134966872529340236e+02 1.551056391984296567e+02 6.630373680058749160e+05
2.639877385984871694e+01 1.330512682466581964e+02 1.139773452106099256e+02 1.563185282632920519e+02 6.680171009341587778e+05
2.647731376282911953e+01 1.333300394179609611e+02 1.144038941513459378e+02 1.576824575172980474e+02 6.717718363375833724e+05
2.655585366529703606e+01 1.337598034788379380e+02 1.145683605216206757e+02 1.585339983408731825e+02 6.730769343893639743e+05
2.663439356725699980e+01 1.339194832309992762e+02 1.157101547646713726e+02 1.595439014893849219e+02 6.748185856588035822e+05
2.671293346871349428e+01 1.339118811171524044e+02 1.158839509838518467e+02 1.607589400391673564e+02 6.783729914315514034e+05
2.679147336967094617e+01 1.347758594259452707e+02 1.162934736672632141e+02 1.623537480651001772e+02 6.830030744365971768e+05
2.687001327013372531e+01 1.353338337312991086e+02 1.171971362955678160e+02 1.625663872115523816e+02 6.848187725040134974e+05
2.694855317010616602e+01 1.353352959550430228e+02 1.168548500431158033e+02 1.642582534203350235e+02 6.866804345448042732e+05
2.702709306959254221e+01 1.365430344186229661e+02 1.183720332887689608e+02 1.665132806621610086e+02 6.927748497210617643e+05
2.710563296859707094e+01 1.366872298003547428e+02 1.186470531722114856e+02 1.663242295237483859e+02 6.943053506781023461e+05
2.718417286712393377e+01 1.367055427826296636e+02 1.194089987705519036e+02 1.677301867215660991e+02 6.985301054644436808e+05
2.726271276517725894e+01 1.370271698334542805e+02 1.199908745713389777e+02 1.685064979529531684e+02 7.004701239272031235e+05
2.734125266276112498e+01 1.373774406502703016e+02 1.203518861776181126e+02 1.700632252293602846e+02 7.032256216364327120e+05
2.741979255987956776e+01 1.378015764966221752e+02 1.210589295173382993e+02 1.714910560503091688e+02 7.061133303189665312e+05
2.749833245653658054e+01 1.378593988488174773e+02 1.217021410734786286e+02 1.719898714101649944e+02 7.058017110516462708e+05
2.757687235273609616e+01 1.379340821561405335e+02 1.226003340265025514e+02 1.735116654976303892e+02 7.091428519198019058e+05
2.765541224848202262e+01 1.387570040149487909e+02 1.226339813476677278e+02 1.748769682013371778e+02 7.158707228030815022e+05
2.773395214377820395e+01 1.389924983558435088e+02 1.241273772102600930e+02 1.753488582805752003e+02 7.183502485994473100e+05
2.781249203862845576e+01 1.394481230047970257e+02 1.239701532741784291e+02 1.775599192298843150e+02 7.186167266000314848e+05
2.789103193303654038e+01 1.397332985667387959e+02 1.239289073342739300e+02 1.777923118795652897e+02 7.246271624397218693e+05
2.796957182700618816e+01 1.391827643133493098e+02 1.256027120988479737e+02 1.792490298589533495e+02 7.209878788590827025e+05
2.804811172054107615e+01 1.393796780495165137e+02 1.250967310676929998e+02 1.805827225639146434e+02 7.233036234470073832e+05
2.812665161364485655e+01 1.409625733552277325e+02 1.261096724277150258e+02 1.820642832735202035e+02 7.329301033774373354e+05
2.820519150632112115e+01 1.400723373267465206e+02 1.256968443013410592e+02 1.822824620105129441e+02 7.333229446335447719e+05
2.828373139857343332e+01 1.397331541024249759e+02 1.267090180827013768e+02 1.837299121803918638e+02 7.313546486387217883e+05
2.836227129040531736e+01 1.396822893632347302e+02 1.262270603139378693e+02 1.836464941801482382e+02 7.326550002823270625e+05
2.844081118182025847e+01 1.403221087793466779e+02 1.273266244592389143e+02 1.856740691654463262e+02 7.359113925437536091e+05
2.851935107282169923e+01 1.398949714633822623e+02 1.274155647420952846e+02 1.856698384308480172e+02 7.342550454471986741e+05
2.859789096341304315e+01 1.395280366319562404e+02 1.279419549686043496e+02 1.877993684226752293e+02 7.338042371512509417e+05
2.867643085359765820e+01 1.400757618291749225e+02 1.292806167378365672e+02 1.894341436520844582e+02 7.367434035735040670e+05
2.875497074337888392e+01 1.404534438116945125e+02 1.282580421753046380e+02 1.885739631835732268e+02 7.398781708746874938e+05
2.883351063276001369e+01 1.408243067584158723e+02 1.297678200679218321e+02 1.916141377555719032e+02 7.444018130792147713e+05
2.891205052174430890e+01 1.401390440654601548e+02 1.301652782203134677e+02 1.917105331649969173e+02 7.444296982467758935e+05
2.899059041033499184e+01 1.408044025000100703e+02 1.313448027459409673e+02 1.938319750700470365e+02 7.507206395508615533e+05
2.906913029853525643e+01 1.408053994118307628e+02 1.315523787769755302e+02 1.946359617096348416e+02 7.489016427065883763e+05
2.914767018634825746e+01 1.407504383426860102e+02 1.319197865248569883e+02 1.957677015152034983e+02 7.486409242046450963e+05
2.922621007377712132e+01 1.415524631955871939e+02 1.329608683509945024e+02 1.977196182101480417e+02 7.567205850659535499e+05
2.930474996082492822e+01 1.414662587344265319e+02 1.329704884870887724e+02 1.994184720762854397e+02 7.583319033893012675e+05
2.938328984749474060e+01 1.415729570528395129e+02 1.327818948438278994e+02 1.995252825886248331e+02 7.600044193677942967e+05
2.946182973378957826e+01 1.410550508159392109e+02 1.334349479338268338e+02 2.006970838847788627e+02 7.606150063311947742e+05
2.954036961971243258e+01 1.422799127231153591e+02 1.338814744014400162e+02 2.017389045739459732e+02 7.661797659073590767e+05
2.961890950526625943e+01 1.419625670621923632e+02 1.348447237376300620e+02 2.029615283256919440e+02 7.691325401562949410e+05
2.969744939045398979e+01 1.426871838967642248e+02 1.344339888253699087e+02 2.048261144900093313e+02 7.730291515072220936e+05
2.977598927527852268e+01 1.415584255166702121e+02 1.359855650006315670e+02 2.057220326883752648e+02 7.688679904417436337e+05
2.985452915974272159e+01 1.425469942354162356e+02 1.372941435095032432e+02 2.070429491719530120e+02 7.776866402945065638e+05
2.993306904384942868e+01 1.433509564938222809e+02 1.375480272856829629e+02 2.076882264319504827e+02 7.804119821946826996e+05
3.001160892760143994e+01 1.447102145759187408e+02 1.373704743036595914e+02 2.095258070558433303e+02 7.902862695393279428e+05
3.009014881100154071e+01 1.442768920451287613e+02 1.390755068495109867e+02 2.106297014467564281e+02 7.892855444799921243e+05
3.016868869405248077e+01 1.435346285299962403e+02 1.391173199510329823e+02 2.104221612482781438e+02 7.903244554380784975e+05
3.024722857675697441e+01 1.447961625390362883e+02 1.399265023716781684e+02 2.140847037979641527e+02 8.016009753116483334e+05
3.032576845911771457e+01 1.463478454887511759e+02 1.401977509618191959e+02 2.144970036181066462e+02 8.005882901384339202e+05
3.040430834113736580e+01 1.451946255198309643e+02 1.412328552078096777e+02 2.153902017132432434e+02 8.052578710493767867e+05
3.048284822281856421e+01 1.471461828707570305e+02 1.414569337948370276e+02 2.190383666248275745e+02 8.082922798319633584e+05
3.056138810416392460e+01 1.463198138912352988e+02 1.428905228156671967e+02 2.191341228308362190e+02 8.078831214646637673e+05
3.063992798517602267e+01 1.478240412218647180e+02 1.439531477729451012e+02 2.231922696468910203e+02 8.211989708508738549e+05
3.071846786585741640e+01 1.485937936532461947e+02 1.437888211399327645e+02 2.221579597594289339e+02 8.242249550999349449e+05
3.079700774621063886e+01 1.493565404305835500e+02 1.458288372641211481e+02 2.242102608815207532e+02 8.266254154809014872e+05
3.087554762623818760e+01 1.499593244583420244e+02 1.461000716900509531e+02 2.265394802576343807e+02 8.332330991636011750e+05
3.095408750594254599e+01 1.476150033079647415e+02 1.467032758838830944e+02 2.273667977700064853e+02 8.306955722261521732e+05
3.103262738532617249e+01 1.510777463410489929e+02 1.484935508577320888e+02 2.288298238100563822e+02 8.480871265573895071e+05
3.111116726439149005e+01 1.487245055513245404e+02 1.501354370597233014e+02 2.304812766597826226e+02 8.391039849214750575e+05
3.118970714314090387e+01 1.515138482480012669e+02 1.493279313768069585e+02 2.308145868078624972e+02 8.456460407226680545e+05
3.126824702157679781e+01 1.529326489042927619e+02 1.507947866420581420e+02 2.346241010395697515e+02 8.478210070011367789e+05
3.134678689970152377e+01 1.503107540545713903e+02 1.521196948684262225e+02 2.351758645957026772e+02 8.487116606775888940e+05
3.142532677751741588e+01 1.516677529487551794e+02 1.504062632715884433e+02 2.347721125538924696e+02 8.581917976120469393e+05
3.150386665502678696e+01 1.520014413454483702e+02 1.540719141643601517e+02 2.387039226630952840e+02 8.659597395232672570e+05
3.158240653223192140e+01 1.552683960336258053e+02 1.531190856197995913e+02 2.387954363240200166e+02 8.762939541403186740e+05
3.166094640913508229e+01 1.535991742001799594e+02 1.532080735399307514e+02 2.389377481466148083e+02 8.769076955525635276e+05
3.173948628573851494e+01 1.540104279527102733e+02 1.559206962738806226e+02 2.426453688693326853e+02 8.743429549098204589e+05
3.181802616204443623e+01 1.566463699453676952e+02 1.551131424335390250e+02 2.468770908377883870e+02 8.910842928262216737e+05
3.189656603805504531e+01 1.576340622017942508e+02 1.549000298121023889e+02 2.458786222507391699e+02 8.924548157043813262e+05
3.197510591377251998e+01 1.563320729938360785e+02 1.566157478384996864e+02 2.479612643324921635e+02 8.911637518800551770e+05
3.205364578919900964e+01 1.592199750424628917e+02 1.585224943181710557e+02 2.495764419874732027e+02 9.168225178380932193e+05
3.213218566433665302e+01 1.608710491030364551e+02 1.572001142987550111e+02 2.530262289768127459e+02 9.224658679864333244e+05
3.221072553918755688e+01 1.599494702313295136e+02 1.601459090558402920e+02 2.541470135010817160e+02 9.250466277250407729e+05
3.228926541375382442e+01 1.588873190225001224e+02 1.590627793591260115e+02 2.507432421660788009e+02 9.179405615060732234e+05
3.236780528803751622e+01 1.608923234132097377e+02 1.602577941174690750e+02 2.542965769078527956e+02 9.250554684867993928e+05
3.244634516204068575e+01 1.626584348636975790e+02 1.620092130431335988e+02 2.595442228619411935e+02 9.299248075804566033e+05
3.252488503576537227e+01 1.624302524463614645e+02 1.633142463724356048e+02 2.601306529688094429e+02 9.431159819941848982e+05
3.260342490921358660e+01 1.619790823663983872e+02 1.628513418095956808e+02 2.603258974100149885e+02 9.557022665122835897e+05
3.268196478238731828e+01 1.646132099748444659e+02 1.639140241880314761e+02 2.626358486055132175e+02 9.741299116161429556e+05
3.276050465528854261e+01 1.623525923277394725e+02 1.677000873072250613e+02 2.654330399437320125e+02 9.601284856811325299e+05
3.283904452791921358e+01 1.620262486980466861e+02 1.715400247752687619e+02 2.626970199747786978e+02 9.527927578030327568e+05
3.291758440028127097e+01 1.662390572264882280e+02 1.692024906293982554e+02 2.639647148431661208e+02 9.831126690737747122e+05
3.299612427237663326e+01 1.657182256580136084e+02 1.710041398736851761e+02 2.735145845485751579e+02 9.879298157981400145e+05
3.307466414420719758e+01 1.668356083162697416e+02 1.714653164537428722e+02 2.667236245521173714e+02 9.892570501379341586e+05
3.315320401577483977e+01 1.680389607772903560e+02 1.676050826558966378e+02 2.688148440459887638e+02 9.876807216170523316e+05
3.323174388708143567e+01 1.675913804624319994e+02 1.733053504023860398e+02 2.744640547742787930e+02 9.785542519804299809e+05
3.331028375812883269e+01 1.759711381418646567e+02 1.700824147873635184e+02 2.826774172918448471e+02 1.030932079836806050e+06
3.338882362891884981e+01 1.709002981890932631e+02 1.805564679739252369e+02 2.791685875418648379e+02 9.949920401295146439e+05
3.346736349945329891e+01 1.654480588117137927e+02 1.751133459880356043e+02 2.763538251609746226e+02 1.011555378190393909e+06
3.354590336973399189e+01 1.757168988135545078e+02 1.754130211140907250e+02 2.828904703939537058e+02 1.037639014808538486e+06
3.362444323976268379e+01 1.775157844310801636e+02 1.876521112190184795e+02 2.986137522610252404e+02 1.037985998896579025e+06
3.370298310954115806e+01 1.716422473302676792e+02 1.775712744563197418e+02 2.906197759052060974e+02 1.045035843073847820e+06
3.378152297907114132e+01 1.754510917914410015e+02 1.797780000778599003e+02 2.843705098103152409e+02 1.041428698813250405e+06
3.386006284835436730e+01 1.763638785529660140e+02 1.827948809818112750e+02 2.978354249902469064e+02 1.063016666049221065e+06
3.393860271739255552e+01 1.855664567943946111e+02 1.873022741029550957e+02 2.905797975795305206e+02 1.103311455483307596e+06
3.401714258618739706e+01 1.887593135146016436e+02 1.827415801674401905e+02 2.862543493457854993e+02 1.112357190523996949e+06
3.409568245474058301e+01 1.905599778595361897e+02 1.985997549152470754e+02 3.073347121960690629e+02 1.125833915296477266e+06
3.417422232305376895e+01 1.858205726554570560e+02 1.804005504036562684e+02 3.027623422572556819e+02 1.168581058006352978e+06
3.425276219112861043e+01 1.785121110798011443e+02 2.047646114621867071e+02 3.130567919769885634e+02 1.111614894673696952e+06
3.433130205896674880e+01 1.823708738006731380e+02 1.918810734150206656e+02 3.061683482412205990e+02 1.172226191702461103e+06
3.440984192656979701e+01 1.913417251196839288e+02 1.922541861619238546e+02 3.060130959458349480e+02 1.183167940125179710e+06
3.448838179393936088e+01 1.645920050538480837e+02 1.953163032649838442e+02 3.068366290947647599e+02 9.686298463760493323e+05
3.456692166107702491e+01 1.837132392960116078e+02 1.777451647495076656e+02 3.261428262325595142e+02 1.093764313071111217e+06
3.464546152798438072e+01 2.270489374695378046e+02 1.997694350557572136e+02 3.201063780165471826e+02 1.222868566398292780e+06
3.472400139466299152e+01 1.744466167543127710e+02 2.341707850036633545e+02 3.473423980503389430e+02 1.402664259023220977e+06
