# 0.9827 0.9933
7.871241428633635184e-02 1.862511831221470349e+00 1.685114269025935085e+00 5.644918389041210342e-03 1.800197426992027204e+03
1.618072713909662341e-01 5.560298485499409082e+00 4.865533562786633404e+00 2.810550128103203940e-02 7.212734808594044807e+03
2.418771330418761079e-01 6.959712770348953192e+00 6.164546434202260450e+00 3.455759331785746014e-02 9.921404503678102628e+03
3.211923215201240578e-01 1.165993549852120914e+01 1.007573510227647162e+01 8.346412358818726396e-02 1.919681829624448073e+04
4.002017901256537113e-01 1.557256746044907381e+01 1.330262790275967610e+01 1.211031137629406534e-01 2.730087879100003556e+04
4.790568272527075955e-01 1.472084228761385205e+01 1.264917549365448401e+01 1.380278067640799133e-01 2.666571727252469282e+04
5.578229290343351687e-01 2.144460851195091422e+01 1.838970340569994377e+01 1.974246810965736287e-01 3.914993396405287785e+04
6.365331115321660738e-01 2.240410011341500862e+01 1.901756041284877696e+01 2.517959276449302508e-01 4.176243944449812989e+04
7.152058371535838788e-01 2.441461203221964027e+01 2.071385081671230211e+01 2.953254439109369578e-01 4.831282662917362177e+04
7.938522421846891941e-01 2.520647773627807453e+01 2.133413496891889949e+01 3.427893459583210567e-01 4.971916441521231900e+04
8.724794443688169698e-01 2.678234553490890590e+01 2.264758054082150451e+01 3.990943922129551180e-01 5.435097002196240646e+04
9.510922062407737299e-01 2.885033751487063824e+01 2.421522579219027449e+01 4.462462718477319124e-01 5.962390031000731688e+04
1.029693835175838679e+00 2.903148005932829889e+01 2.432076389852389298e+01 5.130883899141761573e-01 6.133169389684714406e+04
1.108286699878543891e+00 2.987633596696537808e+01 2.496213110570257498e+01 5.759122483198528819e-01 6.413423018551144196e+04
1.186872541411916560e+00 3.083743285569341097e+01 2.585891720662642257e+01 6.313660286287775536e-01 6.789661515496268112e+04
1.265452668213572940e+00 3.185423412982571278e+01 2.675357908185590361e+01 6.741105807277572026e-01 7.137170343931028037e+04
1.344028082638708543e+00 3.357269441921259556e+01 2.785580136023835252e+01 7.627967606263836853e-01 7.745976661911510746e+04
1.422599565533279709e+00 3.350446132675795496e+01 2.776972545068302622e+01 8.021248782852685721e-01 7.735916216290896409e+04
1.501167734229200246e+00 3.370301341945270934e+01 2.783535990368292801e+01 9.266871664037700240e-01 8.151806908332658350e+04
1.579733083222462531e+00 3.565883215191050937e+01 2.921123277079444236e+01 1.009736227958531574e+00 8.848894792555765889e+04
1.658296013281593151e+00 3.456684858896964130e+01 2.823718553948956256e+01 1.059158974296051881e+00 8.889066055635472003e+04
1.736856852652245875e+00 3.545005903513435186e+01 2.880375013006566220e+01 1.171456716333113102e+00 9.014267375351210649e+04
1.815415872753641580e+00 3.510670432219376380e+01 2.858870113656632128e+01 1.215967057508509308e+00 9.318203333286321140e+04
1.893973299967037560e+00 3.619780560149136761e+01 2.933129759621041899e+01 1.310504749383436973e+00 9.771994306888995925e+04
1.972529324606241641e+00 3.651705211748191005e+01 2.936764207392830528e+01 1.410607565321873924e+00 1.017848295876650081e+05
2.051084107826015579e+00 3.658287904383242761e+01 2.934755244197294033e+01 1.510374991478842688e+00 1.046152328917513078e+05
2.129637787001040561e+00 3.806933232301142311e+01 3.022172659418935226e+01 1.646872064340125563e+00 1.102051442488061002e+05
2.208190479956450680e+00 3.755484192216504624e+01 2.969001599899026544e+01 1.765395590947837823e+00 1.115912697565547860e+05
2.286742288326184092e+00 3.722627054020067305e+01 2.955987294712824820e+01 1.767169748776009630e+00 1.119388999585085112e+05
2.365293300241981811e+00 3.755428160905123036e+01 2.971166702644149282e+01 1.891984938516445336e+00 1.123128151824241650e+05
2.443843592503681883e+00 3.831114530668996565e+01 3.030586976031420932e+01 1.976129065848753807e+00 1.178639314471493417e+05
2.522393232343909553e+00 3.849550159607424149e+01 3.013369340778076833e+01 2.144038298461727443e+00 1.221268173244159843e+05
2.600942278872942381e+00 3.988507090447850345e+01 3.094746187954973848e+01 2.268884069968486017e+00 1.273232293005483371e+05
2.679490784269383141e+00 3.923362554054693874e+01 3.047945691365712406e+01 2.369139711468319032e+00 1.266695925223862869e+05
2.758038794767343038e+00 4.048303862521205332e+01 3.138931301572083754e+01 2.484687964101165214e+00 1.307764705005640571e+05
2.836586351479573942e+00 4.094307362736915934e+01 3.133551095429304567e+01 2.657488452721112893e+00 1.363627701261969924e+05
2.915133491087511963e+00 4.065022545459262204e+01 3.140672568772612294e+01 2.687360228620283120e+00 1.345814018301877950e+05
2.993680246422668834e+00 4.081283279194447289e+01 3.133072455777700682e+01 2.830934567641729682e+00 1.363012444798782817e+05
3.072226646958827967e+00 4.241798714820160399e+01 3.245551124641599472e+01 2.999748030585692504e+00 1.427916841320106760e+05
3.150772719230606977e+00 4.209064007306827193e+01 3.211747190230526172e+01 3.118447411964436977e+00 1.440935818553451973e+05
3.229318487190934395e+00 4.204849002503052446e+01 3.229909497700101184e+01 3.162334358186239314e+00 1.429541927887728089e+05
3.307863972517584905e+00 4.236714615635364822e+01 3.240039096783635131e+01 3.317304979124750197e+00 1.462547296709093207e+05
3.386409194877053608e+00 4.319341271830133167e+01 3.285549223561761778e+01 3.466069937639121967e+00 1.505643230509385467e+05
3.464954172152534095e+00 4.427857332323758044e+01 3.363731006366530352e+01 3.611259955311969083e+00 1.538773124585063779e+05
3.543498920641575456e+00 4.484120919099118652e+01 3.390294918038624417e+01 3.805868900995919013e+00 1.569381280419719697e+05
3.622043455228019404e+00 4.494609726907336977e+01 3.405031959636050942e+01 3.878288868942964207e+00 1.591588576780427247e+05
3.700587789532037597e+00 4.588649231431602260e+01 3.458753345952579394e+01 4.074952302341007915e+00 1.625581710733293148e+05
3.779131936041457696e+00 4.572872968719532594e+01 3.447788359042124284e+01 4.268228994773604512e+00 1.630694426020566025e+05
3.857675906227046259e+00 4.671050622291447496e+01 3.512436497417347425e+01 4.253763308600693627e+00 1.648194975890128990e+05
3.936219710643986680e+00 4.741177079114402915e+01 3.561102640132934027e+01 4.443324903456606023e+00 1.694299158819681325e+05
4.014763359021444877e+00 4.717315754094236979e+01 3.537880394124839256e+01 4.628287155004672471e+00 1.687427520786640234e+05
4.093306860341824560e+00 4.874217853001895406e+01 3.647245216227943843e+01 4.800743163510716727e+00 1.741650494949719287e+05
4.171850222911064776e+00 4.893175969356552457e+01 3.647684347049336395e+01 4.978967864921282960e+00 1.745956964714244532e+05
4.250393454421145911e+00 4.827120360135430843e+01 3.612305310288854088e+01 5.052994473177156998e+00 1.740507954256777011e+05
4.328936562005788247e+00 4.965568679195557422e+01 3.694064788423007428e+01 5.217506534845467669e+00 1.806381063435917895e+05
4.407479552290201497e+00 5.045778477178074439e+01 3.760631334539296233e+01 5.424233455299863671e+00 1.828121821840041084e+05
4.486022431435594982e+00 5.010653849875411225e+01 3.713362427319352577e+01 5.559173716683512900e+00 1.819055189763508097e+05
4.564565205179107465e+00 5.110986870487502642e+01 3.788489933904009632e+01 5.738265624380723295e+00 1.867143393174367666e+05
4.643107878869670024e+00 5.213358121672986556e+01 3.866548836401973688e+01 5.880467951359451995e+00 1.894656370153357275e+05
4.721650457500300213e+00 5.204831822914627537e+01 3.860429727161249502e+01 6.020541055516118512e+00 1.903550939211990626e+05
4.800192945737217443e+00 5.278585235720279201e+01 3.894925779901637242e+01 6.283944722749338574e+00 1.939566505983147945e+05
4.878735347946150824e+00 5.315661059810432221e+01 3.910833754116237060e+01 6.476847719282463167e+00 1.952234977567976457e+05
4.957277668216146793e+00 5.334564522474052239e+01 3.934863788005522167e+01 6.616925239036242523e+00 1.966756488845120475e+05
5.035819910381144737e+00 5.374172749368172930e+01 3.949947431889198413e+01 6.803568744169770532e+00 1.984362721025954816e+05
5.114362078039562221e+00 5.454493564287949425e+01 3.998125816457211101e+01 6.931667208115806389e+00 2.021667929918217415e+05
5.192904174572115394e+00 5.521714984492108869e+01 4.038080187682675160e+01 7.170067513009914961e+00 2.035512983604668989e+05
5.271446203158030919e+00 5.564058085823318578e+01 4.060175057160883227e+01 7.361720123074207756e+00 2.067588770720544562e+05
5.349988166789838573e+00 5.608804130768960050e+01 4.096875914844296318e+01 7.526570124712457677e+00 2.075211596422560688e+05
5.428530068286878674e+00 5.672764272651511419e+01 4.125488391866061733e+01 7.744609355802301032e+00 2.109440803441606404e+05
5.507071910307648643e+00 5.698096345653198114e+01 4.166286836481563682e+01 7.853337782642475062e+00 2.114675349579408648e+05
5.585613695361120179e+00 5.825682638117049805e+01 4.234853579722012284e+01 8.188620099951959830e+00 2.161802409842915949e+05
5.664155425817094525e+00 5.863458982333944647e+01 4.248296763969575807e+01 8.356889088599837478e+00 2.174085012694674660e+05
5.742697103915729961e+00 5.870920896891490059e+01 4.249231255472515301e+01 8.529412628702345955e+00 2.184367958339996694e+05
5.821238731776284148e+00 5.910777036487763780e+01 4.262875702727972538e+01 8.759321585946704403e+00 2.213240793694160820e+05
5.899780311405160127e+00 5.928924113839003951e+01 4.273326850543632105e+01 8.918895626068232829e+00 2.218480748376889678e+05
5.978321844703323507e+00 5.969378545592760332e+01 4.322360217410009398e+01 9.024042560667355772e+00 2.222426106110329565e+05
6.056863333473133437e+00 6.027284487498433663e+01 4.331054955433487663e+01 9.259163670335066598e+00 2.262459322291133867e+05
6.135404779424661115e+00 6.132029596278721328e+01 4.384828316206534282e+01 9.574329365577147755e+00 2.308184706842078594e+05
6.213946184181517118e+00 6.165703204862979447e+01 4.424766564322425921e+01 9.746916583506454401e+00 2.311031485150418594e+05
6.292487549286247983e+00 6.221674153773042093e+01 4.455840793369154795e+01 9.826389203964355445e+00 2.337265155074058275e+05
6.371028876205335756e+00 6.239222231450101219e+01 4.444923233742874658e+01 1.019306477512267861e+01 2.337638352692969784e+05
6.449570166333828070e+00 6.318857639855879427e+01 4.496185897047625701e+01 1.040071161539645495e+01 2.388516581491244433e+05
6.528111420999634262e+00 6.384001124674536243e+01 4.545068927033081252e+01 1.064144850370456830e+01 2.401835931796556979e+05
6.606652641467518627e+00 6.409469661966272724e+01 4.562806578080263620e+01 1.083590207227136304e+01 2.411104515247272793e+05
6.685193828942805006e+00 6.436086694858934720e+01 4.554698154730658644e+01 1.108921322760726191e+01 2.418772300146365014e+05
6.763734984574836240e+00 6.431699958156666241e+01 4.560043382899802111e+01 1.127595543939512446e+01 2.429890444737883518e+05
6.842276109460177835e+00 6.529918158501953940e+01 4.606419240499364776e+01 1.145748379407334561e+01 2.454327391526294232e+05
6.920817204645620890e+00 6.510209326870604229e+01 4.613972926569799426e+01 1.164067079564033236e+01 2.457583016246282496e+05
6.999358271130968312e+00 6.613763275009731046e+01 4.667709671340140432e+01 1.199462868591024645e+01 2.503626085215012718e+05
7.077899309871646949e+00 6.728259703658655155e+01 4.745342500459268820e+01 1.218239573798868491e+01 2.537583550020738621e+05
7.156440321781138536e+00 6.693791483822576538e+01 4.719437911668141794e+01 1.233566928468122725e+01 2.529082717574749840e+05
7.234981307733260536e+00 6.718736903488111523e+01 4.719665831247734644e+01 1.266011690346712726e+01 2.547977212475132546e+05
7.313522268564292439e+00 6.747827564584122229e+01 4.756967188061282314e+01 1.282914611162837559e+01 2.555436626185374917e+05
7.392063205074973276e+00 6.781150257304607010e+01 4.776450717963236769e+01 1.308739562871281414e+01 2.566253786660949991e+05
7.470604118032365015e+00 6.831196029457994712e+01 4.789834004222677066e+01 1.329709145376618196e+01 2.593241163347586116e+05
7.549145008171610272e+00 6.864019555942803663e+01 4.829192198335114483e+01 1.352990048842688431e+01 2.601839711504460720e+05
7.627685876197570103e+00 6.938274987299432439e+01 4.840821160081905816e+01 1.383340098817564545e+01 2.628602930607947637e+05
7.706226722786373884e+00 7.002643528699117326e+01 4.881845671383420893e+01 1.401942646726623032e+01 2.657885403429506696e+05
7.784767548586863484e+00 7.004766052840454904e+01 4.867018176193030854e+01 1.441363701119167118e+01 2.661232874329568585e+05
7.863308354221953955e+00 7.009590632424009016e+01 4.893415806640942378e+01 1.441687245013524965e+01 2.662303830970153213e+05
7.941849140289923170e+00 7.044480188612526206e+01 4.891560852107631518e+01 1.476195336609133868e+01 2.677736575930038234e+05
8.020389907365611748e+00 7.151439201958717717e+01 4.961124688216819578e+01 1.500504603905780421e+01 2.722740583362660254e+05
8.098930656001561701e+00 7.203215683864152652e+01 5.015367754482372220e+01 1.530786712719789122e+01 2.741281403420272982e+05
8.177471386729090241e+00 7.192180909397521305e+01 4.993296632487533770e+01 1.544484416643820701e+01 2.732936232690775068e+05
8.256012100059292536e+00 7.270527192286748175e+01 5.042668401834443159e+01 1.578340894257186910e+01 2.759149938586936332e+05
8.334552796484000936e+00 7.252619754406947550e+01 5.029302082545637376e+01 1.597236580279995799e+01 2.760163850252809352e+05
8.413093476476680266e+00 7.336428920359443850e+01 5.040981211878510493e+01 1.626822245813833590e+01 2.797445723968144157e+05
8.491634140493276917e+00 7.353391802722158843e+01 5.078671069617116274e+01 1.661657223999325339e+01 2.799931865456651431e+05
8.570174788973028868e+00 7.372311852658515363e+01 5.087050763784935725e+01 1.695696838192511890e+01 2.811625752765550860e+05
8.648715422339215309e+00 7.428434809875727751e+01 5.105361405805603425e+01 1.712127692815234781e+01 2.842433602960801218e+05
8.727256040999876063e+00 7.467617282781981203e+01 5.137044253491194468e+01 1.737059117331728331e+01 2.852877736686276621e+05
8.805796645348495488e+00 7.511465316890044619e+01 5.162143449547960472e+01 1.766522886022265482e+01 2.861760596933610504e+05
8.884337235764643737e+00 7.492156577398866091e+01 5.159159226660039366e+01 1.788962391539323704e+01 2.865721335028901813e+05
8.962877812614589601e+00 7.497017253656453306e+01 5.165194446632082759e+01 1.820781007478465341e+01 2.867623223454635590e+05
9.041418376251867173e+00 7.628015121204974491e+01 5.220791377419774193e+01 1.854764223049055971e+01 2.912930734601947479e+05
9.119958927017840722e+00 7.663341716033251316e+01 5.261514859455646587e+01 1.871305545736078457e+01 2.927401744322910090e+05
9.198499465242209183e+00 7.670088439087653853e+01 5.271893171722989990e+01 1.902221570119262850e+01 2.932025563358420623e+05
9.277039991243508865e+00 7.709681017148638205e+01 5.296605441736011244e+01 1.930430197038924334e+01 2.946051256266397540e+05
9.355580505329580632e+00 7.732360235865360210e+01 5.271256924871598670e+01 1.970232216654565605e+01 2.963009150273541454e+05
9.434121007798012215e+00 7.753712208451105425e+01 5.292265255884870356e+01 1.993068832984203453e+01 2.966716666095200926e+05
9.512661498936562765e+00 7.780131894743630028e+01 5.308114982562663187e+01 2.015800139693207882e+01 2.989172209106208174e+05
9.591201979023569635e+00 7.820703499781649271e+01 5.336073400153644286e+01 2.050495905653375672e+01 3.004944905363969156e+05
9.669742448328321416e+00 7.841165822935528240e+01 5.354010434053150647e+01 2.076981646451961083e+01 3.011567097503689001e+05
9.748282907111432749e+00 7.899905092258366324e+01 5.386838725373940662e+01 2.102070281297458010e+01 3.040562624303369666e+05
9.826823355625185386e+00 7.882525748863493220e+01 5.369625391262658098e+01 2.129561337395423948e+01 3.025161519698522752e+05
9.905363794113858589e+00 7.938900239138061465e+01 5.406444174835425542e+01 2.165266585559655965e+01 3.048786997616005829e+05
9.983904222814045326e+00 7.981732278357192456e+01 5.429652920270454075e+01 2.194821095511884579e+01 3.070099824150053319e+05
1.006244464195495070e+01 7.989044892546816357e+01 5.439634432854119694e+01 2.221920674624618286e+01 3.076796749329714221e+05
1.014098505175868148e+01 7.976579492165912200e+01 5.413182999230427583e+01 2.244621258670336417e+01 3.075853356655668467e+05
1.021952545244051613e+01 8.031334811744787316e+01 5.447025559117317783e+01 2.283268627897212255e+01 3.100713792029290926e+05
1.029806584420916415e+01 8.117806812021579788e+01 5.467626575802277955e+01 2.322047694426121467e+01 3.134816355306712212e+05
1.037660622726701654e+01 8.083245923513214848e+01 5.476824262670571386e+01 2.335640531759015559e+01 3.127866233253515093e+05
1.045514660181038380e+01 8.092833335365511971e+01 5.481269474686092025e+01 2.379210859805507283e+01 3.124493419388401671e+05
1.053368696802971982e+01 8.151656387087381006e+01 5.535418704161016734e+01 2.408035691221949293e+01 3.142442468418896315e+05
1.061222732610984210e+01 8.194040044005392076e+01 5.537094611892805318e+01 2.445157813133292990e+01 3.171957487798515358e+05
1.069076767623013779e+01 8.232398277288487520e+01 5.559800169421070848e+01 2.471641287537201848e+01 3.187432933268485940e+05
1.076930801856475739e+01 8.229811904126371758e+01 5.566058160531704857e+01 2.491023847502430399e+01 3.191523418969537597e+05
1.084784835328281005e+01 8.315480057818838588e+01 5.599799440117651272e+01 2.539012742639095777e+01 3.212662289219978848e+05
1.092638868054854306e+01 8.271842374305796852e+01 5.587811021160202785e+01 2.556046284546552627e+01 3.201799598160505993e+05
1.100492900052151413e+01 8.316975635584755366e+01 5.615568314841969766e+01 2.583782729985609450e+01 3.223471029256106704e+05
1.108346931335675833e+01 8.332144210513455107e+01 5.636887272024393525e+01 2.629133176825578389e+01 3.234587024334359448e+05
1.116200961920494805e+01 8.371219801499270829e+01 5.629258137294090147e+01 2.658432925527483803e+01 3.244257195002952940e+05
1.124054991821254212e+01 8.367627799847419112e+01 5.662441954913411024e+01 2.696862856528166219e+01 3.248460306304876576e+05
1.131909021052193687e+01 8.395311422210392038e+01 5.659051449273383128e+01 2.721117012829226312e+01 3.264304153435458429e+05
1.139763049627160285e+01 8.416605957547868400e+01 5.668595989615956654e+01 2.755644579750999412e+01 3.276898935769906966e+05
1.147617077559622167e+01 8.459862257243580075e+01 5.683263243560346467e+01 2.792087779869520858e+01 3.289719395390769350e+05
1.155471104862680853e+01 8.496832072035559236e+01 5.729688948468506027e+01 2.817167432512669478e+01 3.303135466748172184e+05
1.163325131549084368e+01 8.456642331213829777e+01 5.710102695857396782e+01 2.855138670406934764e+01 3.298460865775886341e+05
1.171179157631238787e+01 8.499167447209843829e+01 5.716397113418440057e+01 2.887951243270392254e+01 3.310934062223871588e+05
1.179033183121219608e+01 8.559501231027404344e+01 5.773202301109522949e+01 2.923481902463608151e+01 3.331827828128288384e+05
1.186887208030782759e+01 8.531644328441191760e+01 5.746197325942662104e+01 2.951963053082544874e+01 3.337947388884233660e+05
1.194741232371374728e+01 8.590075537217444435e+01 5.765161092240015961e+01 2.996807650214489271e+01 3.364715351856699563e+05
1.202595256154143222e+01 8.557820714660381611e+01 5.776220519432823863e+01 3.009905896894220589e+01 3.346453812195339124e+05
1.210449279389946753e+01 8.616753169092703502e+01 5.786959706762729638e+01 3.067108045459797694e+01 3.378696494670084794e+05
1.218303302089363527e+01 8.607097414149986037e+01 5.813649714398849966e+01 3.110848612311083272e+01 3.375061042184749967e+05
1.226157324262700676e+01 8.691537083117178497e+01 5.840737398383176071e+01 3.142798285380943568e+01 3.406866175284731435e+05
1.234011345920003322e+01 8.656758114903186652e+01 5.809969347431692199e+01 3.173837872201158561e+01 3.402024750630900962e+05
1.241865367071062565e+01 8.690805998930147780e+01 5.877371330288640650e+01 3.204423641008201429e+01 3.408928462413775269e+05
1.249719387725422415e+01 8.714938886958152864e+01 5.863840063079710774e+01 3.241497944407264242e+01 3.419308689201628440e+05
1.257573407892389383e+01 8.735317249204389611e+01 5.861301529659753839e+01 3.274410741320443208e+01 3.436265529278047034e+05
1.265427427581038877e+01 8.749426674165097495e+01 5.884582024778745080e+01 3.321229509002786529e+01 3.437308323432197794e+05
1.273281446800221772e+01 8.758734515163193635e+01 5.888967192566963860e+01 3.344678379725948503e+01 3.446663601894138264e+05
1.281135465558572584e+01 8.760730190699315756e+01 5.917787759110933621e+01 3.393893850763333830e+01 3.457418576734176022e+05
1.288989483864514796e+01 8.796942899746400713e+01 5.932475497822215971e+01 3.421438004160561519e+01 3.475879901555074612e+05
1.296843501726268322e+01 8.808894587657731279e+01 5.917659913749290013e+01 3.463826924766062376e+01 3.478499007622023928e+05
1.304697519151855190e+01 8.801658029839146025e+01 5.936027313313675080e+01 3.507787222329213250e+01 3.478928496380078141e+05
1.312551536149104692e+01 8.868166590303141561e+01 5.952939167931085507e+01 3.544885510951331753e+01 3.512212571939976769e+05
1.320405552725660492e+01 8.848894611888916018e+01 5.936802611792334972e+01 3.577191294621949424e+01 3.500477065848420607e+05
1.328259568888985243e+01 8.877226705572080334e+01 5.951207112802058674e+01 3.629497648057054704e+01 3.521121649333623936e+05
1.336113584646366270e+01 8.920308239930038496e+01 5.991919738018752639e+01 3.666953788916902113e+01 3.536834454749809811e+05
1.343967600004920548e+01 8.901766352764850865e+01 5.988025767272654321e+01 3.695447156575751535e+01 3.534645179422680521e+05
1.351821614971599317e+01 8.924404904634026536e+01 6.038135177124308228e+01 3.731502303562056966e+01 3.539760791511489078e+05
1.359675629553193588e+01 8.947471159862791978e+01 6.049848681860670041e+01 3.772157158146630707e+01 3.550391854818546562e+05
1.367529643756338231e+01 8.974155071565951403e+01 6.052896435506538353e+01 3.812418642474704455e+01 3.574042900125250453e+05
1.375383657587516595e+01 8.958147442162128016e+01 6.075808770134830894e+01 3.849562779982969829e+01 3.562745658565781196e+05
1.383237671053064766e+01 8.968499637517209067e+01 6.042032954258291255e+01 3.887530860188929438e+01 3.571417968352701282e+05
1.391091684159175834e+01 8.999617555024714477e+01 6.084112284888250599e+01 3.939146814658571571e+01 3.595394767167318496e+05
1.398945696911903269e+01 9.030785078424599988e+01 6.108727992270559781e+01 3.973059571600983730e+01 3.605292013059863239e+05
1.406799709317166069e+01 9.013268511592646348e+01 6.110323966074121671e+01 4.008148698594332160e+01 3.602634801539832260e+05
1.414653721380751428e+01 9.063909442953584517e+01 6.150012785082893174e+01 4.057163381922983092e+01 3.632965224026649958e+05
1.422507733108318817e+01 9.068798360532710490e+01 6.153907643813187889e+01 4.104521323612380002e+01 3.635374301429587067e+05
1.430361744505403543e+01 9.056737600583039693e+01 6.132705216932681935e+01 4.133352248333123669e+01 3.629665976388735580e+05
1.438215755577419586e+01 9.104860097757942583e+01 6.160579455528654336e+01 4.173444382485051563e+01 3.653349516566974344e+05
1.446069766329663686e+01 9.114906204445900073e+01 6.183770860092205623e+01 4.198244324045175091e+01 3.662107116964286542e+05
1.453923776767318010e+01 9.143365138437751227e+01 6.208211754741024180e+01 4.253533360779013606e+01 3.675862303576783161e+05
1.461777786895453346e+01 9.153543784724057275e+01 6.199686312864056958e+01 4.309109274133960099e+01 3.678880590333144646e+05
1.469631796719032302e+01 9.146812895053285786e+01 6.204244978376973307e+01 4.337184700495455303e+01 3.682365197331644595e+05
1.477485806242911437e+01 9.189732226400050763e+01 6.231209579116791986e+01 4.394954178227352770e+01 3.702314264688075637e+05
1.485339815471844993e+01 9.179677715002176797e+01 6.231259438775894921e+01 4.437287102113852200e+01 3.705198729956480092e+05
1.493193824410487203e+01 9.208533544287580241e+01 6.264765743348391425e+01 4.481400891055425006e+01 3.719789723503367859e+05
1.501047833063394421e+01 9.216569358133467915e+01 6.285731966383233527e+01 4.508543956860506086e+01 3.730362529621432768e+05
1.508901841435028857e+01 9.230172127657351666e+01 6.293043614259164542e+01 4.557355711046746904e+01 3.734741717319301679e+05
1.516755849529759992e+01 9.259816605423375790e+01 6.323219964887719158e+01 4.615139353767268204e+01 3.756410946018821560e+05
1.524609857351867070e+01 9.252399672821559307e+01 6.315694812704440864e+01 4.660625549368528908e+01 3.755133002361275139e+05
1.532463864905541762e+01 9.274298510985632049e+01 6.313006561835941000e+01 4.706139349370378966e+01 3.768301884531053947e+05
1.540317872194890292e+01 9.306387886389998698e+01 6.337951066081696183e+01 4.767500042305751862e+01 3.789824523296607658e+05
1.548171879223935399e+01 9.322143073339071861e+01 6.401577065884478657e+01 4.802134542847392140e+01 3.799490659942579805e+05
1.556025885996618996e+01 9.344205022641850178e+01 6.377659701101701728e+01 4.844575830282325057e+01 3.810745533334176289e+05
1.563879892516803238e+01 9.351107889873276235e+01 6.384568955539602086e+01 4.889995110791559796e+01 3.811493531085760333e+05
1.571733898788273187e+01 9.336010635780233713e+01 6.400741904222003598e+01 4.922342625711434749e+01 3.820741930057420395e+05
1.579587904814739119e+01 9.398162856091046535e+01 6.437317630654321476e+01 4.987949023671653492e+01 3.841155309441509889e+05
1.587441910599837769e+01 9.373891730601548034e+01 6.423020754200625504e+01 5.040136262810952417e+01 3.834888808539338643e+05
1.595295916147133575e+01 9.414833478211325257e+01 6.482977142220839539e+01 5.076463749472516440e+01 3.853396917836448411e+05
1.603149921460121874e+01 9.445541803773345180e+01 6.465139152495093811e+01 5.130770514846847163e+01 3.876260873107590596e+05
1.611003926542229436e+01 9.448074705763688996e+01 6.494608496786750607e+01 5.184894975539484818e+01 3.880811948998900480e+05
1.618857931396816596e+01 9.485528721149292153e+01 6.504774164346187604e+01 5.229448225925874993e+01 3.903555880540813087e+05
1.626711936027179561e+01 9.482492309806258390e+01 6.515354539235875109e+01 5.257940687505018929e+01 3.905369684332368197e+05
1.634565940436549525e+01 9.500235187564531714e+01 6.542177086338939773e+01 5.332465474601959698e+01 3.919501501415073872e+05
1.642419944628097639e+01 9.501593185435996247e+01 6.535910752365879262e+01 5.354233682030375974e+01 3.925731333797498955e+05
1.650273948604932883e+01 9.526662513360234641e+01 6.583483000701636456e+01 5.409882695656992269e+01 3.929924382012752467e+05
1.658127952370107394e+01 9.539452686905345047e+01 6.619706000254318212e+01 5.481623080385299573e+01 3.944836150523814140e+05
1.665981955926614333e+01 9.545821501914365115e+01 6.603645323153324398e+01 5.523434523470408664e+01 3.949609922247336945e+05
1.673835959277390728e+01 9.583229566250537346e+01 6.628548352318405534e+01 5.583379049103995584e+01 3.976045775021628942e+05
1.681689962425318896e+01 9.600109707598123521e+01 6.663881583413187570e+01 5.649669007698309287e+01 3.991302266686130315e+05
1.689543965373228218e+01 9.668803148025286021e+01 6.693799170610139981e+01 5.705092076239382948e+01 4.009629128828934627e+05
1.697397968123895495e+01 9.634346931468458308e+01 6.686351038849852557e+01 5.746667052505438988e+01 4.006278952786133741e+05
1.705251970680045304e+01 9.658933064678704739e+01 6.728178945812759082e+01 5.776746297335933633e+01 4.025088174691921449e+05
1.713105973044353902e+01 9.673591294343270874e+01 6.744949822199680511e+01 5.841953965245215130e+01 4.033658582935425802e+05
1.720959975219447102e+01 9.721789179519629442e+01 6.791639533750716851e+01 5.912575046922130184e+01 4.050762524566303473e+05
1.728813977207903463e+01 9.710618597592868184e+01 6.793082854507095192e+01 5.952068042909087353e+01 4.063075184880605084e+05
1.736667979012256424e+01 9.744523235010449014e+01 6.812233977941575347e+01 6.022318399390960053e+01 4.074395182196734822e+05
1.744521980634991110e+01 9.789170576403293467e+01 6.827503073644002995e+01 6.074231925787615438e+01 4.105185938001124887e+05
1.752375982078550365e+01 9.791888944851088183e+01 6.841336564861833835e+01 6.137487582945913545e+01 4.117884757558275014e+05
1.760229983345331917e+01 9.833898209832256043e+01 6.873655824372504242e+01 6.191704285991463763e+01 4.131063446964803152e+05
1.768083984437692635e+01 9.855200173790780127e+01 6.933704403494169810e+01 6.226681410657942450e+01 4.144656110268311459e+05
1.775937985357945692e+01 9.891138917408007103e+01 6.947886988070764858e+01 6.304592083961252058e+01 4.165658784089532564e+05
1.783791986108364824e+01 9.873993842353377204e+01 6.934908435515696112e+01 6.372906710694429933e+01 4.172551400802629651e+05
1.791645986691183268e+01 9.923653976371217311e+01 6.981366131428451638e+01 6.428122119544090651e+01 4.183271255704177893e+05
1.799499987108595889e+01 9.942245072475193979e+01 7.022581869386154096e+01 6.480159801697101329e+01 4.199490295593743213e+05
1.807353987362759185e+01 9.998771825041936268e+01 7.048176618283982009e+01 6.551179847356029029e+01 4.232947906584834564e+05
1.815207987455791638e+01 9.995759360802554738e+01 7.048381048002086402e+01 6.594422637401881104e+01 4.230248148708072258e+05
1.823061987389775851e+01 1.001269458570041166e+02 7.068346197642057405e+01 6.676298824015651689e+01 4.254968076179338968e+05
1.830915987166758541e+01 1.004074558280419893e+02 7.115575711625172062e+01 6.722044590265755915e+01 4.262389117991108797e+05
1.838769986788751964e+01 1.007852235661144960e+02 7.152531774369722939e+01 6.776863871821251450e+01 4.282545615783908870e+05
1.846623986257733563e+01 1.013259324001238042e+02 7.183627154729356334e+01 6.851070885268399024e+01 4.307549555477907415e+05
1.854477985575647381e+01 1.015473973309268985e+02 7.223613527469474604e+01 6.908844633046140871e+01 4.329808344413981540e+05
1.862331984744404423e+01 1.017486440987172358e+02 7.233848323911388434e+01 7.000520952854637358e+01 4.346252766392843914e+05
1.870185983765884075e+01 1.021423005530615455e+02 7.257975575112591571e+01 7.059720041503369714e+01 4.363380385144475731e+05
1.878039982641934458e+01 1.023959741866724471e+02 7.299614484047934582e+01 7.113227678700425827e+01 4.384820189924098086e+05
1.885893981374372075e+01 1.027954331990457177e+02 7.330097889368187225e+01 7.182070950020265343e+01 4.405157536683608196e+05
1.893747979964983941e+01 1.031061183363663929e+02 7.378922821251182995e+01 7.254045502385656619e+01 4.423380307227319572e+05
1.901601978415527228e+01 1.034243345990621208e+02 7.414985265586889795e+01 7.299638199046586351e+01 4.439469857922018273e+05
1.909455976727730331e+01 1.035289857220876257e+02 7.422389128179065665e+01 7.345171263689037744e+01 4.459914467741331318e+05
1.917309974903293579e+01 1.039435453283802957e+02 7.468922359242122866e+01 7.413290975352418855e+01 4.472034558601174504e+05
1.925163972943889235e+01 1.044669552746977530e+02 7.487241919255120592e+01 7.508171763794243248e+01 4.500353090319057228e+05
1.933017970851161849e+01 1.050541404655568130e+02 7.556160489767447075e+01 7.562625906720204227e+01 4.524599083655403811e+05
1.940871968626730748e+01 1.053979768598112372e+02 7.589941307636235024e+01 7.647633439843953340e+01 4.548972663343132590e+05
1.948725966272188259e+01 1.059335329117028550e+02 7.631903446165497940e+01 7.723429100323369312e+01 4.570194693498673732e+05
1.956579963789100773e+01 1.060610597264262651e+02 7.686642119717286903e+01 7.785191664760495200e+01 4.583994900437771576e+05
1.964433961179010524e+01 1.067311685609633116e+02 7.723409839879933259e+01 7.878926473844563816e+01 4.628470010176866199e+05
1.972287958443434519e+01 1.072380719070771562e+02 7.764952038509268561e+01 7.950846405617541279e+01 4.643268094445703900e+05
1.980141955583865965e+01 1.078967198717970888e+02 7.791564232145972824e+01 8.031707601327258317e+01 4.675007950532010291e+05
1.987995952601774619e+01 1.076989250016883659e+02 7.812033206877975999e+01 8.083055410791493500e+01 4.685845396462593344e+05
1.995849949498606790e+01 1.081981379865121937e+02 7.856672393729327553e+01 8.157541290165737280e+01 4.702457563644771581e+05
2.003703946275786052e+01 1.090888961192695064e+02 7.930080370449557847e+01 8.231271442634108837e+01 4.744841960508863558e+05
2.011557942934713950e+01 1.095712419582956869e+02 7.980133577858741489e+01 8.322716961377024347e+01 4.773504471085068653e+05
2.019411939476770712e+01 1.098438888545915688e+02 8.013257721697806346e+01 8.384242124794762674e+01 4.794326932549297344e+05
2.027265935903314542e+01 1.097311847542672467e+02 8.020828929440438060e+01 8.443388939678686711e+01 4.790823943879378494e+05
2.035119932215682326e+01 1.098166904793210961e+02 8.047316207620312412e+01 8.497412523585910549e+01 4.803290709700604202e+05
2.042973928415191054e+01 1.101764801237973899e+02 8.053414729338381051e+01 8.564481909384008418e+01 4.815379113361737109e+05
2.050827924503137467e+01 1.099054554957068603e+02 8.079128003661885771e+01 8.629736289563867047e+01 4.822443802174903103e+05
2.058681920480798766e+01 1.103766130942439787e+02 8.103421750185125916e+01 8.714532965473357251e+01 4.852683446849829634e+05
2.066535916349431901e+01 1.101827686129075516e+02 8.120012830804647308e+01 8.767687692131518418e+01 4.849493509806000511e+05
2.074389912110275347e+01 1.101373315050912112e+02 8.129490241203832568e+01 8.847082661771796097e+01 4.861185494530948927e+05
2.082243907764548752e+01 1.106645625434869515e+02 8.169748508552277144e+01 8.908379237043691035e+01 4.885462946237037540e+05
2.090097903313453642e+01 1.106563681140656286e+02 8.189922878436605913e+01 8.984848640789422802e+01 4.903825471607129439e+05
2.097951898758173783e+01 1.110253413610346200e+02 8.227461295093526417e+01 9.077363015640170829e+01 4.916032633646213217e+05
2.105805894099874109e+01 1.108973183112459253e+02 8.268293348425244460e+01 9.132099590558320301e+01 4.918631172619683784e+05
2.113659889339703568e+01 1.108286023928919093e+02 8.238537778713654802e+01 9.173881969570997796e+01 4.927121849406571710e+05
2.121513884478793344e+01 1.113080038570930554e+02 8.299147486949628671e+01 9.267007870466872532e+01 4.953931777177717304e+05
2.129367879518258277e+01 1.111209359478899046e+02 8.328469115954457891e+01 9.311296159740837197e+01 4.953606889990904019e+05
2.137221874459196869e+01 1.115179901178294131e+02 8.342835947002862440e+01 9.379480918814373069e+01 4.974466674441841897e+05
2.145075869302691274e+01 1.115369549933803057e+02 8.378482209957600446e+01 9.456020456219283687e+01 4.984117865213822224e+05
2.152929864049807307e+01 1.111807090090361214e+02 8.378187232888564040e+01 9.538042719419982518e+01 4.988224841010444215e+05
2.160783858701596571e+01 1.115800370068257337e+02 8.423520338494499526e+01 9.608786172974419060e+01 5.006552950502222520e+05
2.168637853259094683e+01 1.119253698767676610e+02 8.434564441282940095e+01 9.673238723237172110e+01 5.027579673133100732e+05
2.176491847723321982e+01 1.116859991958420295e+02 8.460923771333773402e+01 9.736511697902570006e+01 5.035354299459303729e+05
2.184345842095285306e+01 1.120484785194310149e+02 8.511589874219825447e+01 9.799904413466232711e+01 5.051169067436821060e+05
2.192199836375975508e+01 1.125574587649854976e+02 8.523477933572490883e+01 9.890748647691957274e+01 5.082362679963731789e+05
2.200053830566371005e+01 1.124422548229998142e+02 8.569738993170466301e+01 9.956268895034116895e+01 5.097316617194131250e+05
2.207907824667434582e+01 1.122797928942044479e+02 8.564020480492442289e+01 1.002610289611400276e+02 5.083429366085572983e+05
2.215761818680116590e+01 1.127100630575677513e+02 8.611122805928856394e+01 1.014361869426315224e+02 5.106279476955209393e+05
2.223615812605353526e+01 1.129373402501470594e+02 8.651972303231161732e+01 1.020272309005415678e+02 5.142225781755794305e+05
2.231469806444068738e+01 1.125840321183244015e+02 8.649290524354698562e+01 1.026263831865931451e+02 5.129826072808795143e+05
2.239323800197172432e+01 1.128887009141676145e+02 8.705892017565832930e+01 1.032805281735210201e+02 5.146658449353645556e+05
2.247177793865562023e+01 1.132959325869795322e+02 8.737967452020630788e+01 1.042938314030635780e+02 5.171181888485676609e+05
2.255031787450123204e+01 1.129509941725049629e+02 8.770815591940421996e+01 1.050279065026761600e+02 5.169225084247063496e+05
2.262885780951728165e+01 1.131796905863017599e+02 8.802566261327396546e+01 1.055131524225597275e+02 5.181149781286810758e+05
2.270739774371238440e+01 1.135611416979669883e+02 8.854986432316054845e+01 1.064007753546957105e+02 5.203822127025533700e+05
2.278593767709502771e+01 1.138063683027202728e+02 8.868480211923926504e+01 1.074838244293752041e+02 5.228707936666403548e+05
2.286447760967358178e+01 1.137817878962376739e+02 8.895668752709563876e+01 1.083512381789840475e+02 5.243903508213498862e+05
2.294301754145629957e+01 1.136936322030719566e+02 8.923567753745280129e+01 1.087931768184486288e+02 5.251341510491502704e+05
2.302155747245133455e+01 1.143951022480287349e+02 8.987848288955854059e+01 1.096859196014009683e+02 5.289243582661622204e+05
2.310009740266672296e+01 1.143259715750827610e+02 8.997906883130677613e+01 1.101101979739735839e+02 5.299598205294701038e+05
2.317863733211038380e+01 1.144473027261913955e+02 9.043702567237892254e+01 1.114876078623499893e+02 5.310237492568957387e+05
2.325717726079013303e+01 1.142834084785738469e+02 9.101529609666495446e+01 1.117525200079965231e+02 5.302335213740123436e+05
2.333571718871368716e+01 1.150213260285041059e+02 9.113388471475882113e+01 1.131622574819266305e+02 5.350304783917674795e+05
2.341425711588865965e+01 1.147897280823044923e+02 9.139916028421839655e+01 1.137954172593355509e+02 5.350035523974375101e+05
2.349279704232255384e+01 1.152182834814915537e+02 9.174218446427828155e+01 1.148640620697854757e+02 5.375789628997668624e+05
2.357133696802278067e+01 1.154989882650216799e+02 9.234213615276210874e+01 1.155942198611911351e+02 5.390990193127503153e+05
2.364987689299664453e+01 1.154784725588369412e+02 9.251252136670251502e+01 1.161692996668889464e+02 5.402642008867244003e+05
2.372841681725136453e+01 1.157268211075889184e+02 9.277654789600261154e+01 1.169985242171048867e+02 5.417633710626291577e+05
2.380695674079405322e+01 1.159344783784756316e+02 9.318397464374083938e+01 1.183315618188664899e+02 5.457517169380993582e+05
2.388549666363174140e+01 1.162175859616178712e+02 9.335369966639760264e+01 1.188646254465228651e+02 5.464305153980281902e+05
2.396403658577134976e+01 1.166354549435991288e+02 9.420557255634911087e+01 1.196584554316121256e+02 5.482365858871350065e+05
2.404257650721972439e+01 1.167529240838921538e+02 9.463080834707163547e+01 1.206814746114756645e+02 5.491931847028851043e+05
2.412111642798362254e+01 1.169833454295075228e+02 9.489515903007676911e+01 1.217947880760800672e+02 5.529854263396876631e+05
2.419965634806970556e+01 1.168393182596252302e+02 9.492572163178036249e+01 1.224619611984094121e+02 5.535837383258714108e+05
2.427819626748454596e+01 1.178643320372400467e+02 9.564923384106693049e+01 1.232972627730581223e+02 5.576277633804988582e+05
2.435673618623464520e+01 1.177673299284516872e+02 9.615667555129606114e+01 1.243192084135154261e+02 5.579059035117060412e+05
2.443527610432640529e+01 1.181423699334976334e+02 9.665498535293264126e+01 1.254536020405586356e+02 5.604614914874291280e+05
2.451381602176616425e+01 1.181998759069620206e+02 9.690419570749907052e+01 1.260382440729865436e+02 5.626936964224387193e+05
2.459235593856016067e+01 1.185632237692074540e+02 9.758884970752680488e+01 1.268688885283133629e+02 5.644069370154658100e+05
2.467089585471456203e+01 1.187806800031926997e+02 9.791199817743259359e+01 1.279714413326833409e+02 5.677510968465113547e+05
2.474943577023546126e+01 1.189956831901731960e+02 9.827154216384138863e+01 1.288284085126256002e+02 5.681370133491406450e+05
2.482797568512887310e+01 1.193159074841478713e+02 9.855229933063561987e+01 1.296827927942599956e+02 5.710879998366318177e+05
2.490651559940072346e+01 1.200482679874998411e+02 9.894017306223551600e+01 1.303059975991178021e+02 5.752333400179366581e+05
2.498505551305688144e+01 1.200029552228346859e+02 9.949199418041017395e+01 1.316981674764320474e+02 5.761167485843636096e+05
2.506359542610313440e+01 1.202993475621046002e+02 1.002389354140017730e+02 1.329435932014258128e+02 5.769470331550139235e+05
2.514213533854519511e+01 1.203944551720051095e+02 1.006850214573686060e+02 1.332217389177717735e+02 5.802042092291938607e+05
2.522067525038871239e+01 1.213072695655242086e+02 1.009762050060814715e+02 1.346173216432882214e+02 5.831471038542661117e+05
2.529921516163925688e+01 1.206037483872155178e+02 1.012536973263727873e+02 1.354750935073028018e+02 5.828471809663089225e+05
2.537775507230233529e+01 1.214480271114006484e+02 1.021615229009656645e+02 1.366212780340791539e+02 5.863953470867710421e+05
2.545629498238338684e+01 1.211305182981391937e+02 1.022013927982982864e+02 1.371521914853737769e+02 5.860226653026071144e+05
2.553483489188777966e+01 1.224099425942168864e+02 1.032790400902651413e+02 1.385931905964733346e+02 5.928493015609324211e+05
2.561337480082082152e+01 1.220581142756378199e+02 1.036205240063432882e+02 1.392943051812638942e+02 5.922588913324499736e+05
2.569191470918774911e+01 1.224539162135809534e+02 1.038835565873705349e+02 1.406673641514410349e+02 5.947078682908093324e+05
2.577045461699373874e+01 1.225994862872568945e+02 1.045313184139280054e+02 1.412832326048237519e+02 5.956791832413027296e+05
2.584899452424390631e+01 1.230963276545666218e+02 1.046601732230056854e+02 1.422168459951223269e+02 5.995167125035624485e+05
2.592753443094329668e+01 1.227868667902958606e+02 1.051279030509094525e+02 1.430373178432764689e+02 6.002963407581025967e+05
2.600607433709690852e+01 1.238260727843859996e+02 1.059732556566666233e+02 1.451413539673860384e+02 6.053762959901904687e+05
2.608461424270966944e+01 1.239868452956436897e+02 1.064112946812781786e+02 1.456678912949395226e+02 6.067239310582692269e+05
2.616315414778644310e+01 1.245663847356616998e+02 1.069119916503685914e+02 1.469534758519361048e+02 6.102324026274536736e+05
2.624169405233205055e+01 1.242171629285158190e+02 1.078458171812825839e+02 1.473322989135129717e+02 6.086852310925746569e+05
2.632023395635124174e+01 1.245485210983606663e+02 1.083604241561386061e+02 1.484752358847103437e+02 6.124656537684353534e+05
2.639877385984871694e+01 1.254288184617080333e+02 1.088147133192285878e+02 1.497053600395160515e+02 6.164672281409325078e+05
2.647731376282911953e+01 1.256854114072351791e+02 1.093270292024038923e+02 1.509846057426367736e+02 6.201547744179593865e+05
2.655585366529703606e+01 1.261090588440965519e+02 1.094244715826114032e+02 1.521563869144274292e+02 6.215392308578145457e+05
2.663439356725699980e+01 1.263176438552195862e+02 1.104737732985923486e+02 1.525292585586949770e+02 6.230895991774210706e+05
2.671293346871349428e+01 1.262541270052836637e+02 1.105912147229284841e+02 1.538068534586261933e+02 6.259988682814720087e+05
2.679147336967094617e+01 1.270140571526562070e+02 1.109635867018184285e+02 1.552790871520101348e+02 6.302602610312699107e+05
2.687001327013372531e+01 1.275815250506892937e+02 1.116169206073455769e+02 1.554331835602400815e+02 6.317063373368817847e+05
2.694855317010616602e+01 1.275195065777816410e+02 1.115951762403644949e+02 1.568972356416836078e+02 6.330333272404611344e+05
2.702709306959254221e+01 1.286726954074718208e+02 1.129962123331527550e+02 1.592096881148199827e+02 6.383308371573982295e+05
2.710563296859707094e+01 1.289700993382380716e+02 1.131067776290535107e+02 1.590592073073527501e+02 6.408526462462836644e+05
2.718417286712393377e+01 1.288870386655321170e+02 1.144246860105233878e+02 1.606646963535801547e+02 6.436646007739799097e+05
2.726271276517725894e+01 1.292711083711558615e+02 1.148323594395955780e+02 1.613798840421852105e+02 6.461908849510657601e+05
2.734125266276112498e+01 1.296751146394716727e+02 1.152788928017743899e+02 1.629262324139615146e+02 6.490046780440829461e+05
2.741979255987956776e+01 1.298475078731510735e+02 1.160119034129867970e+02 1.640165842208811284e+02 6.499725017882587854e+05
2.749833245653658054e+01 1.299815108616982684e+02 1.161759067124922353e+02 1.646177044354108432e+02 6.501135162436342798e+05
2.757687235273609616e+01 1.299469618905235393e+02 1.168640992786767754e+02 1.657809640963719744e+02 6.521193808606381062e+05
2.765541224848202262e+01 1.307662449512267813e+02 1.168439264287846271e+02 1.669973022502443030e+02 6.584231561805211240e+05
2.773395214377820395e+01 1.310207198553776209e+02 1.187312828393421853e+02 1.681505796797123082e+02 6.609540526310391724e+05
2.781249203862845576e+01 1.314534398502412103e+02 1.189321692909560966e+02 1.697475526221068662e+02 6.605691076615909114e+05
2.789103193303654038e+01 1.316602220339454163e+02 1.185755399718852345e+02 1.697663052273254607e+02 6.667539945540856570e+05
2.796957182700618816e+01 1.311480477672797349e+02 1.199682173361925521e+02 1.717445755270031498e+02 6.626776593077474972e+05
2.804811172054107615e+01 1.313618915837855639e+02 1.192812944827645225e+02 1.727106773901109307e+02 6.643954825288261054e+05
2.812665161364485655e+01 1.328561128052126605e+02 1.205545456888275169e+02 1.739102065393109626e+02 6.736921828453411581e+05
2.820519150632112115e+01 1.319986886286300205e+02 1.206977724332480335e+02 1.747215169071976959e+02 6.743584019238033798e+05
2.828373139857343332e+01 1.316036980428476113e+02 1.211120412660192329e+02 1.753451756220973436e+02 6.719073954112161882e+05
2.836227129040531736e+01 1.315312771432841146e+02 1.209101594337392527e+02 1.760728233503636204e+02 6.717800472017558059e+05
2.844081118182025847e+01 1.322789750544414744e+02 1.223706265836819398e+02 1.780818151789299009e+02 6.775248875714836176e+05
2.851935107282169923e+01 1.319173997622732770e+02 1.223435023152885179e+02 1.780700622222305469e+02 6.751449806261339691e+05
2.859789096341304315e+01 1.315181170416359180e+02 1.224557737589970969e+02 1.792946910898947408e+02 6.755271496629321482e+05
2.867643085359765820e+01 1.319574690588553949e+02 1.230521994876445149e+02 1.810523311908408459e+02 6.749531052356198197e+05
2.875497074337888392e+01 1.325485275569706118e+02 1.230674862708154365e+02 1.812815102913518785e+02 6.803429633818614529e+05
2.883351063276001369e+01 1.327678061080495127e+02 1.240008806032145543e+02 1.823113655908138924e+02 6.833556093421607511e+05
2.891205052174430890e+01 1.322098066935425607e+02 1.246611824984491648e+02 1.833654858278727602e+02 6.836817155688678613e+05
2.899059041033499184e+01 1.324516218603043569e+02 1.256182655525329608e+02 1.848071362224455640e+02 6.899844913380260114e+05
2.906913029853525643e+01 1.327140962342290891e+02 1.260387668234407244e+02 1.867251546362881811e+02 6.865065755031502340e+05
2.914767018634825746e+01 1.325073921061350859e+02 1.263373134806143838e+02 1.868039423643823227e+02 6.866658995948410593e+05
2.922621007377712132e+01 1.334708067438102717e+02 1.271423496673412501e+02 1.886037988156429890e+02 6.939825812452943064e+05
2.930474996082492822e+01 1.333792798362316603e+02 1.270853481692546154e+02 1.909915026625139660e+02 6.969374909107369604e+05
2.938328984749474060e+01 1.333804193045825457e+02 1.278225403153013957e+02 1.906957268886499435e+02 6.979801456685878802e+05
2.946182973378957826e+01 1.327332810622686168e+02 1.283421581847614732e+02 1.922930471451805374e+02 6.974830595160363009e+05
2.954036961971243258e+01 1.339597332561095300e+02 1.283618953593953051e+02 1.927513127471792984e+02 7.022489283483504551e+05
2.961890950526625943e+01 1.338716340492599954e+02 1.293651308975394727e+02 1.934674099305146058e+02 7.055300126108294353e+05
2.969744939045398979e+01 1.345664216518481169e+02 1.291200519856661799e+02 1.962218490341189749e+02 7.084910617467464181e+05
2.977598927527852268e+01 1.332535742609028375e+02 1.312865901243409894e+02 1.980239217351298748e+02 7.034276032467244659e+05
2.985452915974272159e+01 1.342218341179318486e+02 1.314666894057147886e+02 1.974683475821213392e+02 7.123401546423983527e+05
2.993306904384942868e+01 1.350343268910630457e+02 1.315058688651867556e+02 1.982093473703973530e+02 7.167989213491375558e+05
3.001160892760143994e+01 1.363930106871929979e+02 1.319486598539019724e+02 1.999569170320135356e+02 7.240683114437162876e+05
3.009014881100154071e+01 1.358570947736934329e+02 1.333683203547050482e+02 2.017812824978219908e+02 7.230448608293607831e+05
3.016868869405248077e+01 1.348781722521121367e+02 1.331916455348077477e+02 2.005093835386493026e+02 7.229796394815543899e+05
3.024722857675697441e+01 1.362337762448623835e+02 1.343223977985650492e+02 2.046341864904363490e+02 7.359471682265057461e+05
3.032576845911771457e+01 1.376693909805662770e+02 1.348404283487621171e+02 2.060050821848691669e+02 7.352252382748530945e+05
3.040430834113736580e+01 1.362124206879400958e+02 1.353307369474902373e+02 2.056915362951550037e+02 7.364192660033287248e+05
3.048284822281856421e+01 1.387351021007949896e+02 1.363634529723192657e+02 2.101040999980154993e+02 7.402686377704377519e+05
3.056138810416392460e+01 1.377773061462195301e+02 1.369776648628507303e+02 2.095268132213852539e+02 7.395215550678283907e+05
3.063992798517602267e+01 1.389647833580412453e+02 1.381800278357129343e+02 2.133595350423419461e+02 7.486421790352747776e+05
3.071846786585741640e+01 1.393536513417277263e+02 1.376786505804398075e+02 2.116974362080027845e+02 7.507705960976701463e+05
3.079700774621063886e+01 1.402957017261846602e+02 1.404225380554430558e+02 2.142406837144927749e+02 7.554978280135962414e+05
3.087554762623818760e+01 1.413139709876632253e+02 1.402612165513581317e+02 2.170989217934378246e+02 7.634874077870873734e+05
3.095408750594254599e+01 1.396322688751349688e+02 1.418181547406177856e+02 2.188282188343430903e+02 7.630960182673742529e+05
3.103262738532617249e+01 1.418324673046774365e+02 1.421211053599488139e+02 2.186536955677975413e+02 7.746815021780310199e+05
3.111116726439149005e+01 1.399293364519751606e+02 1.449582653275662665e+02 2.199643638180114920e+02 7.647380661226174561e+05
3.118970714314090387e+01 1.428228423725965968e+02 1.430967202098769917e+02 2.200857066938638695e+02 7.751346335336309858e+05
3.126824702157679781e+01 1.438134331923672278e+02 1.452925632286997768e+02 2.244127735685393077e+02 7.759733961377978558e+05
3.134678689970152377e+01 1.418099071878846473e+02 1.462514901773981819e+02 2.262023881510881722e+02 7.767713741409913637e+05
3.142532677751741588e+01 1.425879278415804094e+02 1.455573576186890818e+02 2.260767122742908271e+02 7.852303347059967928e+05
3.150386665502678696e+01 1.431882061380637197e+02 1.470936478375983540e+02 2.281756035934722888e+02 7.900996638826261042e+05
3.158240653223192140e+01 1.456537514837597200e+02 1.466431269080815412e+02 2.284632233025399444e+02 7.943350385888871970e+05
3.166094640913508229e+01 1.448118363868036340e+02 1.484621276618017589e+02 2.291664536555452116e+02 8.002718915073738899e+05
3.173948628573851494e+01 1.448702294489202416e+02 1.504651121837876531e+02 2.329345184777646125e+02 7.946487273612091085e+05
3.181802616204443623e+01 1.471847776279264224e+02 1.481640011600652258e+02 2.352619257944088815e+02 8.144908028172829654e+05
3.189656603805504531e+01 1.486667371629070544e+02 1.508178993574406661e+02 2.387929509569964637e+02 8.144265848004013533e+05
3.197510591377251998e+01 1.473657610630638146e+02 1.502456226845383185e+02 2.369549240778327146e+02 8.132357392434470821e+05
3.205364578919900964e+01 1.491546281158881300e+02 1.521211330848715022e+02 2.382677454091314075e+02 8.327493017364004627e+05
3.213218566433665302e+01 1.514434703335413133e+02 1.529657597347854221e+02 2.432091710236584561e+02 8.389981783692082390e+05
3.221072553918755688e+01 1.507010149907557661e+02 1.551775182229883399e+02 2.435220346979118915e+02 8.418391318395513808e+05
3.228926541375382442e+01 1.492963727690771520e+02 1.529564857591263660e+02 2.397100037653405309e+02 8.404409410382702481e+05
3.236780528803751622e+01 1.509475668448504848e+02 1.551056424052924001e+02 2.440271415572579485e+02 8.384872929496506695e+05
3.244634516204068575e+01 1.528635743592816141e+02 1.549845988969318284e+02 2.494466596755399053e+02 8.481338584934459068e+05
3.252488503576537227e+01 1.523255887705209943e+02 1.574938486505164121e+02 2.488410308234282127e+02 8.574832550341008464e+05
3.260342490921358660e+01 1.526467070253333986e+02 1.573423663580650498e+02 2.485353168831785524e+02 8.723926202644079458e+05
3.268196478238731828e+01 1.554696393969715302e+02 1.558140733201080366e+02 2.506020736307429786e+02 8.879202750069473404e+05
3.276050465528854261e+01 1.529811507906723307e+02 1.623772771983486507e+02 2.584398111464643648e+02 8.749751549790935824e+05
3.283904452791921358e+01 1.534500912455919206e+02 1.652191207730189717e+02 2.557578495083476469e+02 8.675347254376254277e+05
3.291758440028127097e+01 1.573171087679277775e+02 1.649622762617758553e+02 2.562504032055574612e+02 8.896126628408643883e+05
3.299612427237663326e+01 1.563026229383598036e+02 1.625448841402934761e+02 2.630388556210706952e+02 8.995334094671679195e+05
3.307466414420719758e+01 1.567300124913426771e+02 1.652867839922490987e+02 2.557181070623564665e+02 8.982892218156744493e+05
3.315320401577483977e+01 1.584676607528468253e+02 1.635435989214508652e+02 2.576343173057334752e+02 9.021512612769146217e+05
3.323174388708143567e+01 1.562311005784339102e+02 1.662176092511908791e+02 2.616505827345185367e+02 8.809428770437884377e+05
3.331028375812883269e+01 1.648749684475149024e+02 1.666254003411115150e+02 2.734275104439582833e+02 9.248279963371224003e+05
3.338882362891884981e+01 1.602583734588644688e+02 1.738989273852887436e+02 2.722722765208019382e+02 9.021408553257867461e+05
3.346736349945329891e+01 1.567169905048998260e+02 1.677691408695355904e+02 2.636237590508129074e+02 9.119951165354303084e+05
3.354590336973399189e+01 1.657920777816026146e+02 1.688056437528882157e+02 2.746221009248213250e+02 9.430793167746117106e+05
3.362444323976268379e+01 1.679423072566611097e+02 1.818605526286869747e+02 2.913865040976126011e+02 9.457157234997927444e+05
3.370298310954115806e+01 1.610422997295410710e+02 1.746466703903078042e+02 2.827746963315630637e+02 9.439357379561633570e+05
3.378152297907114132e+01 1.638249584697672674e+02 1.766819591867529482e+02 2.811263871974232984e+02 9.350693000727245817e+05
3.386006284835436730e+01 1.661809173266313167e+02 1.748692006464146402e+02 2.850129754853718396e+02 9.546664412796025863e+05
3.393860271739255552e+01 1.736803581253294624e+02 1.831081015377535550e+02 2.842034424313288810e+02 9.966855051220880123e+05
3.401714258618739706e+01 1.771581110642735837e+02 1.785105420371767195e+02 2.832217834304605049e+02 1.001585154649822623e+06
3.409568245474058301e+01 1.818706839693581969e+02 1.998425716601816760e+02 2.939771958824218814e+02 1.028468107243670733e+06
3.417422232305376895e+01 1.746335061622179410e+02 1.756534728911299510e+02 3.008108969644692365e+02 1.048170873040237348e+06
3.425276219112861043e+01 1.706884835462784338e+02 2.047172027389446782e+02 3.166628977208232527e+02 1.018635896921917447e+06
3.433130205896674880e+01 1.760636884332743364e+02 1.872644292514998767e+02 2.992904323510620657e+02 1.061482034757519374e+06
3.440984192656979701e+01 1.836757254290303081e+02 1.944115827210090401e+02 3.119758417551825005e+02 1.057147351178412093e+06
3.448838179393936088e+01 1.599835236065116248e+02 1.847419496012792024e+02 3.036900881993702797e+02 8.700413102987901075e+05
3.456692166107702491e+01 1.806194218720417268e+02 1.753545056401096360e+02 3.283203791507997380e+02 9.747357900646735216e+05
3.464546152798438072e+01 2.181926207381287384e+02 1.911609137636970956e+02 3.170022852952834000e+02 1.187224649131822167e+06
3.472400139466299152e+01 1.665132297705690121e+02 1.994757553843954838e+02 3.427777608422864546e+02 1.279426379544523777e+06
