# 0.9856 0.995
7.871241428633635184e-02 2.164599588746371150e+00 1.987875970843228757e+00 4.986601269937717372e-03 1.760790673619591189e+03
1.618072713909662341e-01 6.328119776606211389e+00 5.637400576263310370e+00 2.497142082456478909e-02 7.053692541796654041e+03
2.418771330418761079e-01 7.835518468666974101e+00 7.047664522082983218e+00 3.099159787703044053e-02 9.701259740528377733e+03
3.211923215201240578e-01 1.294014418954484924e+01 1.138273407549757721e+01 7.457654982438120805e-02 1.877775677504385385e+04
4.002017901256537113e-01 1.708010855271502493e+01 1.485012686765247913e+01 1.079718392029942464e-01 2.669668228188385910e+04
4.790568272527075955e-01 1.621286749360425716e+01 1.416336046754492095e+01 1.242156066567699779e-01 2.607819355861590157e+04
5.578229290343351687e-01 2.342846787120386054e+01 2.043103625469765916e+01 1.766794689406150365e-01 3.826342222117780329e+04
6.365331115321660738e-01 2.457864446163996774e+01 2.123112766843873089e+01 2.267321069287105972e-01 4.081562610689066787e+04
7.152058371535838788e-01 2.646938439309015934e+01 2.283346807549765600e+01 2.672532400235906880e-01 4.720566880361611402e+04
7.938522421846891941e-01 2.744247359421702015e+01 2.362114386227665719e+01 3.093563449506887553e-01 4.861034560859228804e+04
8.724794443688169698e-01 2.905979368635631133e+01 2.497541878663659176e+01 3.626440450097546675e-01 5.309416317509593500e+04
9.510922062407737299e-01 3.122039488598786150e+01 2.665366915745809706e+01 4.041149811148226356e-01 5.823560724600428512e+04
1.029693835175838679e+00 3.136464051437612355e+01 2.670550739962455822e+01 4.654206061768829117e-01 5.988132881288498902e+04
1.108286699878543891e+00 3.217950345547239266e+01 2.732289592747335760e+01 5.248664120140267286e-01 6.256609104963403661e+04
1.186872541411916560e+00 3.316188350993657963e+01 2.823301903544188463e+01 5.777920802237129783e-01 6.624743994242427289e+04
1.265452668213572940e+00 3.411555992811238980e+01 2.909514160034436969e+01 6.154063965618205012e-01 6.964951808090393024e+04
1.344028082638708543e+00 3.591051920565855937e+01 3.025256607118118879e+01 6.994794205155193678e-01 7.559544587154169858e+04
1.422599565533279709e+00 3.583993683573192612e+01 3.017507329255430548e+01 7.318777467720651853e-01 7.545174550087908574e+04
1.501167734229200246e+00 3.591155376011204226e+01 3.008039395161195984e+01 8.501881315440560360e-01 7.951388721298747987e+04
1.579733083222462531e+00 3.773345068684886172e+01 3.137569500333158956e+01 9.251110418475249064e-01 8.629002041268338508e+04
1.658296013281593151e+00 3.627239627633839802e+01 3.002626624842934078e+01 9.709406565445292125e-01 8.669287423837350798e+04
1.736856852652245875e+00 3.729114239568926337e+01 3.070423838910494752e+01 1.074904406409001867e+00 8.784838502122805221e+04
1.815415872753641580e+00 3.666828956006784779e+01 3.021549796133917098e+01 1.116555044000162367e+00 9.085772095671879651e+04
1.893973299967037560e+00 3.769416993955276496e+01 3.087176361029922234e+01 1.209376850570393680e+00 9.520646121371832851e+04
1.972529324606241641e+00 3.774346736116155654e+01 3.068305265608089627e+01 1.295106620908704986e+00 9.919173456728171732e+04
2.051084107826015579e+00 3.763807614517585165e+01 3.047450179962216055e+01 1.389959748559388863e+00 1.019254427690184675e+05
2.129637787001040561e+00 3.903839770604548676e+01 3.128456184625010295e+01 1.513383137793633981e+00 1.073019035553724243e+05
2.208190479956450680e+00 3.829600585051429817e+01 3.054901069346195541e+01 1.624893265265416220e+00 1.086457754289283621e+05
2.286742288326184092e+00 3.777385322599285189e+01 3.018306034494927204e+01 1.633154605613312604e+00 1.089857138229812845e+05
2.365293300241981811e+00 3.816182454260584933e+01 3.036128503524203737e+01 1.749495845454948961e+00 1.093903035950704652e+05
2.443843592503681883e+00 3.859750999252553072e+01 3.067185516535259993e+01 1.827184793225815840e+00 1.147970815781276615e+05
2.522393232343909553e+00 3.855409017996275622e+01 3.031081216106252185e+01 1.979216216111865601e+00 1.188641832675676560e+05
2.600942278872942381e+00 3.984930624940099619e+01 3.103173705706806373e+01 2.103076079200888682e+00 1.238921897180879168e+05
2.679490784269383141e+00 3.901026568137252326e+01 3.036661997228187104e+01 2.201855683680435050e+00 1.232023702842292114e+05
2.758038794767343038e+00 4.012692062963969875e+01 3.117660314631463692e+01 2.295169302652916965e+00 1.271699812833687174e+05
2.836586351479573942e+00 4.044042918043789570e+01 3.094697036170132520e+01 2.466859345619013322e+00 1.325979869731545041e+05
2.915133491087511963e+00 4.005377630836967029e+01 3.090062304826892614e+01 2.492017341932688534e+00 1.308646247664267430e+05
2.993680246422668834e+00 4.018865055879144421e+01 3.079530362671483701e+01 2.625459250904953024e+00 1.324937284701434546e+05
3.072226646958827967e+00 4.153092472852411987e+01 3.166273108361090038e+01 2.786001906503169145e+00 1.387639037377629429e+05
3.150772719230606977e+00 4.112337913253008992e+01 3.122383481235221581e+01 2.895266454887779783e+00 1.399989789727237367e+05
3.229318487190934395e+00 4.093022346793508603e+01 3.129318723411464021e+01 2.945712821669783210e+00 1.388816232124450908e+05
3.307863972517584905e+00 4.119611353860170055e+01 3.133543522810484205e+01 3.095673371385793349e+00 1.420979133828045742e+05
3.386409194877053608e+00 4.189298184740595588e+01 3.166769060411770909e+01 3.224883316139790956e+00 1.462807481140264135e+05
3.464954172152534095e+00 4.300426904545274454e+01 3.245984193651845828e+01 3.362051829282000082e+00 1.494101239503043471e+05
3.543498920641575456e+00 4.344144255180461300e+01 3.268326072411879579e+01 3.542199467787985334e+00 1.523977732243151986e+05
3.622043455228019404e+00 4.339344620994673107e+01 3.262031786376152098e+01 3.609275540271971394e+00 1.544786016681880574e+05
3.700587789532037597e+00 4.425713197618066630e+01 3.315217917356201127e+01 3.791155215505268128e+00 1.577613032844341942e+05
3.779131936041457696e+00 4.411702657724585208e+01 3.298183422147887001e+01 3.968736038750414696e+00 1.582853072096280230e+05
3.857675906227046259e+00 4.492311739844272012e+01 3.351105629646292527e+01 3.966472338901619654e+00 1.600153941124473931e+05
3.936219710643986680e+00 4.555053887621354392e+01 3.395363264717514795e+01 4.152316592009567486e+00 1.643164484701383626e+05
4.014763359021444877e+00 4.542908533870289745e+01 3.376841296727754127e+01 4.322108913062034041e+00 1.636554333324364852e+05
4.093306860341824560e+00 4.680966466036080220e+01 3.472063399763104030e+01 4.481205805498415629e+00 1.689033846453984152e+05
4.171850222911064776e+00 4.690912442525650050e+01 3.466984346317719456e+01 4.650192606351373215e+00 1.692957213637431851e+05
4.250393454421145911e+00 4.620797908436979640e+01 3.429006519008307663e+01 4.725632777854444022e+00 1.687668215433197038e+05
4.328936562005788247e+00 4.757317677028532188e+01 3.510032724806357152e+01 4.872921927223218042e+00 1.751487780983425328e+05
4.407479552290201497e+00 4.819054172569630623e+01 3.556861030191125650e+01 5.075016578241684506e+00 1.771702316830792406e+05
4.486022431435594982e+00 4.783387275674834882e+01 3.509910305061700342e+01 5.201306034229379982e+00 1.763429031740655773e+05
4.564565205179107465e+00 4.875089893409709418e+01 3.579558979818006748e+01 5.376660734743309966e+00 1.809265772026925697e+05
4.643107878869670024e+00 4.973167071587263877e+01 3.651833694210576908e+01 5.508201980640577311e+00 1.835931837299956242e+05
4.721650457500300213e+00 4.950638543118841284e+01 3.637828976952435056e+01 5.639213638719815513e+00 1.843327056613568566e+05
4.800192945737217443e+00 5.022848032216046477e+01 3.667317044946570803e+01 5.893212181315534259e+00 1.878627130632403423e+05
4.878735347946150824e+00 5.059774595036796541e+01 3.679923529310647012e+01 6.061282528267931902e+00 1.891126523174326285e+05
4.957277668216146793e+00 5.071621848073711902e+01 3.700249113900942888e+01 6.193431853919816099e+00 1.904388647828536050e+05
5.035819910381144737e+00 5.100367071967848176e+01 3.715897751484136080e+01 6.371449691628124690e+00 1.920398062136869121e+05
5.114362078039562221e+00 5.176981030016913365e+01 3.753858846261359616e+01 6.513826249670801261e+00 1.956228543815499288e+05
5.192904174572115394e+00 5.237296814084062646e+01 3.786354912457208854e+01 6.724613954135790550e+00 1.970339970586265554e+05
5.271446203158030919e+00 5.274771492851549226e+01 3.808003877291842088e+01 6.913467046194519128e+00 2.000695520510643546e+05
5.349988166789838573e+00 5.310756521737595648e+01 3.841024769294771346e+01 7.050006226569903944e+00 2.006963291004031780e+05
5.428530068286878674e+00 5.366282701761631557e+01 3.863387911719030399e+01 7.260557072537029200e+00 2.040717129567106604e+05
5.507071910307648643e+00 5.391263432972048975e+01 3.896792573739185173e+01 7.369634907716983818e+00 2.044882959745369153e+05
5.585613695361120179e+00 5.508172551244336290e+01 3.958791349485946398e+01 7.681694687889997653e+00 2.091168452596241841e+05
5.664155425817094525e+00 5.536347366404258707e+01 3.971329378244722363e+01 7.842871960640350970e+00 2.100972028159966285e+05
5.742697103915729961e+00 5.544248506573826063e+01 3.970865150099220386e+01 8.005960004788924778e+00 2.111887989835698390e+05
5.821238731776284148e+00 5.573993107044898920e+01 3.972544273654216340e+01 8.244408763919935268e+00 2.138891588846766681e+05
5.899780311405160127e+00 5.598617063698296192e+01 3.993113912020042022e+01 8.378958575934467135e+00 2.143555538637359568e+05
5.978321844703323507e+00 5.624273465668289873e+01 4.031113542684335727e+01 8.473820729110871142e+00 2.147567828749886248e+05
6.056863333473133437e+00 5.679336513133783626e+01 4.035335039186404771e+01 8.698637688304250659e+00 2.186805762113039673e+05
6.135404779424661115e+00 5.779531694458852087e+01 4.088444318399494648e+01 8.997909048264720155e+00 2.229468609549895336e+05
6.213946184181517118e+00 5.804976839825730650e+01 4.121496343406286655e+01 9.175510604653890567e+00 2.232295207411536539e+05
6.292487549286247983e+00 5.855165267498063741e+01 4.144021731786460094e+01 9.251937554215986736e+00 2.258083833272166667e+05
6.371028876205335756e+00 5.871166586462009462e+01 4.139510607204441328e+01 9.583626965552273447e+00 2.255527905492495920e+05
6.449570166333828070e+00 5.946799723751441036e+01 4.190914681270694331e+01 9.787134984818559147e+00 2.306467857327564852e+05
6.528111420999634262e+00 5.998359966352786898e+01 4.223216512742175865e+01 9.990991706828362240e+00 2.318026922004866938e+05
6.606652641467518627e+00 6.024587350383283280e+01 4.241866768519678743e+01 1.021087346400691942e+01 2.327059757935903617e+05
6.685193828942805006e+00 6.051193622960682461e+01 4.240344735151813182e+01 1.043259570110359391e+01 2.333443187300523859e+05
6.763734984574836240e+00 6.041243609450367558e+01 4.239644787539123172e+01 1.061317340293567035e+01 2.343464725551707961e+05
6.842276109460177835e+00 6.136686292326029246e+01 4.283871326552145575e+01 1.078789488240387051e+01 2.367805591565333889e+05
6.920817204645620890e+00 6.113881074074947719e+01 4.281831560366770617e+01 1.096605993211943719e+01 2.371548300564599049e+05
6.999358271130968312e+00 6.211657881032827078e+01 4.338300482417186998e+01 1.129915302835620139e+01 2.413389997395871324e+05
7.077899309871646949e+00 6.317309421670798031e+01 4.413213626645543997e+01 1.148566923132623785e+01 2.447044920319168596e+05
7.156440321781138536e+00 6.281112891188591618e+01 4.383382752333588428e+01 1.163487544959336795e+01 2.438211399455125211e+05
7.234981307733260536e+00 6.307447599636714841e+01 4.382737221954026552e+01 1.192783068466894569e+01 2.456342843658502097e+05
7.313522268564292439e+00 6.327773276587342366e+01 4.416907704502095555e+01 1.208333555808520288e+01 2.462179076396150631e+05
7.392063205074973276e+00 6.363195141066151450e+01 4.438744404026687107e+01 1.233099226498031875e+01 2.472635015177880123e+05
7.470604118032365015e+00 6.402462329510660766e+01 4.442380164169455981e+01 1.253430814521152570e+01 2.497995356664138963e+05
7.549145008171610272e+00 6.438736875459414932e+01 4.478172392651038791e+01 1.277112681846087305e+01 2.506583605689153192e+05
7.627685876197570103e+00 6.511409948553699678e+01 4.499099423226912364e+01 1.300645201065067980e+01 2.532600250494593929e+05
7.706226722786373884e+00 6.565687311057097020e+01 4.538672632787069716e+01 1.323086209719538964e+01 2.558504143133778125e+05
7.784767548586863484e+00 6.569590427488728324e+01 4.521390231030738960e+01 1.358852069916484240e+01 2.561186437287646695e+05
7.863308354221953955e+00 6.572144612540458297e+01 4.543616192594672043e+01 1.360129085498485324e+01 2.562807468594230886e+05
7.941849140289923170e+00 6.609466955309599712e+01 4.544541042360744854e+01 1.395785562715096795e+01 2.576432942090184079e+05
8.020389907365611748e+00 6.702299646189106852e+01 4.603427963628343633e+01 1.415044653883924575e+01 2.619946204937030852e+05
8.098930656001561701e+00 6.752632032734570089e+01 4.652667755762364266e+01 1.445090001437413640e+01 2.636870115415937616e+05
8.177471386729090241e+00 6.742379731132825782e+01 4.636794499700522465e+01 1.458665291668258313e+01 2.629402839711104170e+05
8.256012100059292536e+00 6.815018877697752941e+01 4.683249469462230508e+01 1.490550678138464136e+01 2.653925375907348935e+05
8.334552796484000936e+00 6.799643986130128326e+01 4.671283612371835403e+01 1.506801414960854402e+01 2.655300853769179666e+05
8.413093476476680266e+00 6.879446146299785880e+01 4.679966851096395430e+01 1.534323726396357479e+01 2.689681165527367848e+05
8.491634140493276917e+00 6.893975508377805284e+01 4.716316230140773769e+01 1.568101987280858900e+01 2.691324527546204044e+05
8.570174788973028868e+00 6.910432073067099168e+01 4.720035584879756385e+01 1.598655627262580659e+01 2.702700417662723921e+05
8.648715422339215309e+00 6.962801630976100853e+01 4.740656908000367764e+01 1.614928221410379905e+01 2.731551201163586229e+05
8.727256040999876063e+00 6.992269516807284901e+01 4.770531835583089730e+01 1.636561445052768704e+01 2.741453688607569784e+05
8.805796645348495488e+00 7.038663609847640146e+01 4.788616537121040295e+01 1.668937638590215045e+01 2.749036484772219555e+05
8.884337235764643737e+00 7.018112319346673189e+01 4.786493277479666375e+01 1.687880907159892985e+01 2.751976252745701349e+05
8.962877812614589601e+00 7.021493865791818223e+01 4.789666209742802749e+01 1.717613427082342525e+01 2.754229608730929322e+05
9.041418376251867173e+00 7.146705116368480049e+01 4.850450936370562260e+01 1.748971226905660004e+01 2.796244341810854385e+05
9.119958927017840722e+00 7.176505386390614660e+01 4.885081923222453781e+01 1.769292138099096690e+01 2.811130444371519261e+05
9.198499465242209183e+00 7.182926040919957700e+01 4.892071656622677978e+01 1.795223337339603731e+01 2.814152524955982226e+05
9.277039991243508865e+00 7.221568611205726995e+01 4.915338767008745435e+01 1.821753798010848868e+01 2.827881109867442865e+05
9.355580505329580632e+00 7.239940445893427068e+01 4.887483715908157222e+01 1.856665504551300572e+01 2.843294375593923614e+05
9.434121007798012215e+00 7.266667004256726159e+01 4.908915645921784687e+01 1.881112865463606099e+01 2.848386081244422821e+05
9.512661498936562765e+00 7.283684544835298880e+01 4.925893095770393870e+01 1.904967423588301045e+01 2.868887088974135113e+05
9.591201979023569635e+00 7.330171561236930700e+01 4.957760398548844449e+01 1.937747127567390137e+01 2.882399709183006198e+05
9.669742448328321416e+00 7.340363762582244078e+01 4.962993775982686628e+01 1.963832770169206654e+01 2.887180336486366577e+05
9.748282907111432749e+00 7.397367544610962398e+01 4.998248357403058861e+01 1.987515735822571017e+01 2.915553721596543910e+05
9.826823355625185386e+00 7.379842287014743363e+01 4.979597674537868812e+01 2.014421485769341302e+01 2.900461688850845676e+05
9.905363794113858589e+00 7.434161238014517892e+01 5.018242954856289373e+01 2.047825728875029228e+01 2.922456546428128495e+05
9.983904222814045326e+00 7.471483376038990798e+01 5.035014351138728728e+01 2.075445523489193889e+01 2.941234536388441338e+05
1.006244464195495070e+01 7.480078911897122396e+01 5.047848444192865003e+01 2.101473911309978249e+01 2.948535865677226102e+05
1.014098505175868148e+01 7.467616112849792387e+01 5.025331388920567122e+01 2.118613070738540216e+01 2.945840641235149815e+05
1.021952545244051613e+01 7.526706765085543793e+01 5.057730125757665718e+01 2.161830590308522915e+01 2.971460099688784103e+05
1.029806584420916415e+01 7.605109909625355158e+01 5.081862016919838254e+01 2.196594451826272376e+01 3.002142326057880418e+05
1.037660622726701654e+01 7.568208918612337754e+01 5.085363730404372973e+01 2.211409674272858084e+01 2.995421862719047349e+05
1.045514660181038380e+01 7.584854502044838398e+01 5.096639634485637771e+01 2.252591007382185850e+01 2.990994635692549637e+05
1.053368696802971982e+01 7.631803578373782670e+01 5.135780224036681574e+01 2.273720670355022477e+01 3.008800686974825221e+05
1.061222732610984210e+01 7.676021674452265131e+01 5.143693161890840315e+01 2.313770920684535426e+01 3.036398695215104963e+05
1.069076767623013779e+01 7.711767067573750012e+01 5.164620248263138080e+01 2.341548183123968840e+01 3.050803290884266025e+05
1.076930801856475739e+01 7.708261101326249332e+01 5.167230805945650474e+01 2.358965511225427036e+01 3.053523235323467525e+05
1.084784835328281005e+01 7.790944620563075773e+01 5.206377658235972916e+01 2.399495800196852358e+01 3.073411485315132304e+05
1.092638868054854306e+01 7.750651677831324093e+01 5.196741742764070437e+01 2.418806936248159190e+01 3.063360413151885150e+05
1.100492900052151413e+01 7.789267677972409842e+01 5.212692078437144261e+01 2.452930911973303196e+01 3.083222243187372806e+05
1.108346931335675833e+01 7.805296132007065069e+01 5.232045980634185867e+01 2.494731513338618711e+01 3.092532265821822220e+05
1.116200961920494805e+01 7.842917396089116266e+01 5.228626255900374531e+01 2.520902470728785616e+01 3.102899550179257058e+05
1.124054991821254212e+01 7.836878985350625726e+01 5.261293810585135589e+01 2.554515561347190555e+01 3.105039928568498581e+05
1.131909021052193687e+01 7.863492698055905805e+01 5.256742772367940120e+01 2.579964939897976350e+01 3.119701124917602283e+05
1.139763049627160285e+01 7.882727411086462155e+01 5.268652491474339428e+01 2.612968537142488756e+01 3.130972248256332241e+05
1.147617077559622167e+01 7.929719092039393047e+01 5.277889250170330371e+01 2.650015054604876497e+01 3.143571959927647840e+05
1.155471104862680853e+01 7.961580678414330237e+01 5.319158731699603493e+01 2.674580550003595647e+01 3.156436626022664714e+05
1.163325131549084368e+01 7.923912010925803884e+01 5.307269560368231964e+01 2.701707350795782503e+01 3.151507264669649303e+05
1.171179157631238787e+01 7.967499611528189973e+01 5.322052208140526375e+01 2.735641793336798600e+01 3.161827005881869118e+05
1.179033183121219608e+01 8.016069766047704093e+01 5.361219176880455706e+01 2.771284695135089748e+01 3.182830828203104902e+05
1.186887208030782759e+01 7.992852846971996428e+01 5.336581328506867550e+01 2.802306532715415344e+01 3.187107317461745697e+05
1.194741232371374728e+01 8.050275246155810294e+01 5.358455656346435347e+01 2.842438029324835469e+01 3.211996696446409333e+05
1.202595256154143222e+01 8.017719428896681677e+01 5.371501602059654346e+01 2.854714478871981598e+01 3.193283209430138813e+05
1.210449279389946753e+01 8.077067440476311333e+01 5.388549881650551043e+01 2.912327231357817681e+01 3.224533445751294494e+05
1.218303302089363527e+01 8.065913710584285923e+01 5.407888926771220639e+01 2.951200700619552464e+01 3.219621463410264114e+05
1.226157324262700676e+01 8.143358330174380910e+01 5.439095918798801677e+01 2.978711816210579144e+01 3.250224623513970873e+05
1.234011345920003322e+01 8.122348532190007120e+01 5.415452798757540620e+01 3.014404807838084110e+01 3.245475269590871176e+05
1.241865367071062565e+01 8.141811662369755709e+01 5.472867358052622677e+01 3.034439776506445696e+01 3.250759601352085592e+05
1.249719387725422415e+01 8.167508109716425224e+01 5.453023448204558576e+01 3.072583491275739576e+01 3.259928697873541969e+05
1.257573407892389383e+01 8.189883652707243300e+01 5.453315056473234534e+01 3.104695226513429773e+01 3.274891251822175109e+05
1.265427427581038877e+01 8.201152690675168344e+01 5.479003684218296399e+01 3.144328231935866924e+01 3.276045523723997176e+05
1.273281446800221772e+01 8.207578863826837789e+01 5.489682488290505091e+01 3.167946086646276882e+01 3.283693001168925548e+05
1.281135465558572584e+01 8.213711666440843828e+01 5.504314845658515054e+01 3.213325786396042361e+01 3.295217510402296903e+05
1.288989483864514796e+01 8.243543760262005549e+01 5.521123117439927341e+01 3.248769813772182147e+01 3.311151137462928891e+05
1.296843501726268322e+01 8.259761604835406956e+01 5.508546706237589063e+01 3.287614755876571593e+01 3.313372061734857853e+05
1.304697519151855190e+01 8.256174716570717464e+01 5.526305785497935830e+01 3.323785374878338672e+01 3.313763712540211272e+05
1.312551536149104692e+01 8.318348852945321426e+01 5.547849258593168997e+01 3.362677043052482873e+01 3.342814667734837276e+05
1.320405552725660492e+01 8.300652974457659639e+01 5.537076444825882504e+01 3.391458189137586743e+01 3.333091443747713347e+05
1.328259568888985243e+01 8.324744416943033798e+01 5.555208611653690554e+01 3.440449173481147227e+01 3.350123728426637244e+05
1.336113584646366270e+01 8.362583224308094998e+01 5.588131976304599391e+01 3.474163296037291104e+01 3.365394111430022167e+05
1.343967600004920548e+01 8.349134498720047759e+01 5.588640741771328635e+01 3.512438647441893380e+01 3.363437213717268314e+05
1.351821614971599317e+01 8.369961477817554396e+01 5.625092677180887080e+01 3.537638382488745492e+01 3.368153852624443243e+05
1.359675629553193588e+01 8.390919038128414797e+01 5.646591492987742100e+01 3.577504884109527694e+01 3.377715691887775320e+05
1.367529643756338231e+01 8.414344906570907767e+01 5.635655697893257354e+01 3.615305229305785417e+01 3.397826472531402251e+05
1.375383657587516595e+01 8.403053680875076736e+01 5.662242710359242182e+01 3.656412760771102199e+01 3.387573333228385891e+05
1.383237671053064766e+01 8.416624604622036543e+01 5.638353406602828954e+01 3.694497364601046030e+01 3.395185738935177797e+05
1.391091684159175834e+01 8.448057094722439331e+01 5.677794541441604537e+01 3.745349498167421842e+01 3.418710748557748157e+05
1.398945696911903269e+01 8.467287304831620531e+01 5.702602654712044483e+01 3.765195112192133564e+01 3.424759244536155602e+05
1.406799709317166069e+01 8.452216937610701564e+01 5.704167701480700003e+01 3.801810707869476857e+01 3.422193242723393487e+05
1.414653721380751428e+01 8.506219091328799209e+01 5.736800105994028343e+01 3.851252973789900125e+01 3.451923050898975343e+05
1.422507733108318817e+01 8.504886030135956787e+01 5.737731497055294483e+01 3.892731472443855267e+01 3.450772841467198450e+05
1.430361744505403543e+01 8.492544800263583227e+01 5.729297129785913256e+01 3.923864082121477992e+01 3.445190060441612732e+05
1.438215755577419586e+01 8.544918311982654302e+01 5.749040498401545563e+01 3.957516405020576400e+01 3.469825439239118132e+05
1.446069766329663686e+01 8.547079363783031170e+01 5.773829070133533037e+01 3.985626788097859219e+01 3.475686597892624559e+05
1.453923776767318010e+01 8.579167770489213751e+01 5.792858316916230876e+01 4.035928097625622257e+01 3.489408237653706456e+05
1.461777786895453346e+01 8.588333755838516481e+01 5.790554527271387997e+01 4.088944574800763121e+01 3.489752780528874137e+05
1.469631796719032302e+01 8.581635915986662155e+01 5.791433174520039273e+01 4.118606227045111723e+01 3.494311297747762292e+05
1.477485806242911437e+01 8.622769494089646969e+01 5.822361319518866196e+01 4.177425595457695096e+01 3.512075530626929249e+05
1.485339815471844993e+01 8.612585274820852987e+01 5.817542488306790460e+01 4.213662484424205701e+01 3.514040360358824255e+05
1.493193824410487203e+01 8.637168800393399692e+01 5.856546887475634833e+01 4.255607847304419522e+01 3.526182450837179204e+05
1.501047833063394421e+01 8.647082548206049069e+01 5.876477094312578942e+01 4.284010225305457453e+01 3.538242344142387155e+05
1.508901841435028857e+01 8.669091136506054340e+01 5.888344978476465030e+01 4.331142656711575967e+01 3.542763991760573117e+05
1.516755849529759992e+01 8.695223822633255395e+01 5.908076807495965710e+01 4.381536972259662122e+01 3.563904301202871138e+05
1.524609857351867070e+01 8.686490937204770546e+01 5.899230126744863156e+01 4.426148550481264721e+01 3.559765921490766923e+05
1.532463864905541762e+01 8.708214694241068798e+01 5.906894954142128995e+01 4.463940312833772595e+01 3.570427119892113842e+05
1.540317872194890292e+01 8.734304233342426471e+01 5.924098198049051689e+01 4.528491203479603655e+01 3.588228169152430492e+05
1.548171879223935399e+01 8.744125395614481988e+01 5.976358263913154900e+01 4.556442333900870523e+01 3.598026624699429376e+05
1.556025885996618996e+01 8.770912579486052607e+01 5.962986064904777805e+01 4.604144814847430922e+01 3.610875381856337772e+05
1.563879892516803238e+01 8.782512373182630938e+01 5.972318183440685857e+01 4.643000437473273223e+01 3.608758420420010225e+05
1.571733898788273187e+01 8.768410234650767165e+01 5.987120839703926123e+01 4.685669520747396888e+01 3.617390227145982208e+05
1.579587904814739119e+01 8.821431566103096600e+01 6.016441078852840008e+01 4.745671606374239815e+01 3.636277259377265582e+05
1.587441910599837769e+01 8.799620185061377242e+01 6.012593776278934143e+01 4.784044130867524558e+01 3.628494664455471793e+05
1.595295916147133575e+01 8.837767986223764183e+01 6.059378848653400951e+01 4.828845695116427095e+01 3.646435635754416580e+05
1.603149921460121874e+01 8.868795912109419532e+01 6.046695267059917711e+01 4.874439435053459846e+01 3.668511804391279002e+05
1.611003926542229436e+01 8.874061317844261509e+01 6.078651725653322302e+01 4.922697350218349754e+01 3.671243943541845074e+05
1.618857931396816596e+01 8.902775431514581328e+01 6.096600740861082812e+01 4.967761203829437022e+01 3.690372883056360879e+05
1.626711936027179561e+01 8.903646827640342565e+01 6.103867456367660083e+01 4.994070629802030936e+01 3.691372820954408962e+05
1.634565940436549525e+01 8.922148361202020794e+01 6.124620661898100593e+01 5.066317224429670318e+01 3.704162924319361919e+05
1.642419944628097639e+01 8.928096803010097915e+01 6.126152679345101149e+01 5.089255300789126579e+01 3.709127479231356410e+05
1.650273948604932883e+01 8.947170237485399014e+01 6.177674017334107504e+01 5.144987075958157874e+01 3.715340306880591670e+05
1.658127952370107394e+01 8.956151352555885126e+01 6.199941764384060150e+01 5.210048236648287201e+01 3.727427512328842422e+05
1.665981955926614333e+01 8.965065459396238623e+01 6.188529768817419807e+01 5.259480421721649179e+01 3.732183898158773081e+05
1.673835959277390728e+01 8.998352059472354370e+01 6.208875995473458431e+01 5.314515096948083794e+01 3.756695673520513228e+05
1.681689962425318896e+01 9.018578938940444800e+01 6.249462992270537143e+01 5.367134496259988197e+01 3.770046185990447411e+05
1.689543965373228218e+01 9.083488552431471419e+01 6.267676648043170218e+01 5.422562002963131533e+01 3.788397412307420745e+05
1.697397968123895495e+01 9.050146718052621964e+01 6.270442781557335366e+01 5.464305417611468130e+01 3.785710062530303258e+05
1.705251970680045304e+01 9.073304084552705717e+01 6.312057479188050024e+01 5.495919036995131535e+01 3.800342800669333665e+05
1.713105973044353902e+01 9.088348295118737497e+01 6.322376778229345717e+01 5.557226276419090993e+01 3.806949800487727043e+05
1.720959975219447102e+01 9.131593398661256344e+01 6.361507315462361589e+01 5.620698889163304557e+01 3.822040632146683638e+05
1.728813977207903463e+01 9.123596404219519229e+01 6.376013434868576724e+01 5.666262724551207697e+01 3.836308414369336097e+05
1.736667979012256424e+01 9.152157832639913693e+01 6.391658783098655761e+01 5.735056379840310115e+01 3.844295487710983143e+05
1.744521980634991110e+01 9.198650001425423284e+01 6.412570557831774920e+01 5.781046736760229265e+01 3.872312918592251954e+05
1.752375982078550365e+01 9.201493146834074821e+01 6.431263704177321472e+01 5.852003116906674762e+01 3.883609919340158813e+05
1.760229983345331917e+01 9.238914573460493784e+01 6.445737827185458002e+01 5.887363416723700738e+01 3.895295180061472347e+05
1.768083984437692635e+01 9.264899673560444171e+01 6.510416782891633147e+01 5.928446991413929368e+01 3.908812636876113247e+05
1.775937985357945692e+01 9.292104393942294394e+01 6.522472749219615196e+01 5.990331959623586044e+01 3.926626209008177393e+05
1.783791986108364824e+01 9.282977843775125848e+01 6.511376923197074973e+01 6.069842991493776196e+01 3.934034043623466860e+05
1.791645986691183268e+01 9.325128498780189545e+01 6.546410901956372186e+01 6.112278433922495680e+01 3.941894840545688057e+05
1.799499987108595889e+01 9.344490114894078658e+01 6.596142350257007081e+01 6.159324552400725139e+01 3.956547258266524877e+05
1.807353987362759185e+01 9.402000064372026600e+01 6.614873606499325831e+01 6.231989898025722141e+01 3.989132229671120876e+05
1.815207987455791638e+01 9.393235542061472643e+01 6.618039811503753356e+01 6.279527110147548541e+01 3.984266866352414363e+05
1.823061987389775851e+01 9.409642256640884739e+01 6.633317514872312870e+01 6.351934564321279453e+01 4.006238887349943980e+05
1.830915987166758541e+01 9.440726392413209567e+01 6.678963890744249454e+01 6.398773342002015596e+01 4.015423871984772268e+05
1.838769986788751964e+01 9.475133576784027412e+01 6.717353501313505149e+01 6.455240965571428546e+01 4.034338374674052466e+05
1.846623986257733563e+01 9.518870746435938202e+01 6.746965980864406731e+01 6.515537909110057058e+01 4.053211349826548831e+05
1.854477985575647381e+01 9.541331897967816644e+01 6.791571858162365061e+01 6.577177832924128609e+01 4.075469560982090188e+05
1.862331984744404423e+01 9.563142651665633309e+01 6.797985381435084662e+01 6.660833635638225303e+01 4.090504912717521074e+05
1.870185983765884075e+01 9.606481760535291414e+01 6.820745172663053779e+01 6.721885977593629491e+01 4.108783176602200256e+05
1.878039982641934458e+01 9.620814984932319192e+01 6.873567460701893594e+01 6.773345886098242374e+01 4.125215794005709467e+05
1.885893981374372075e+01 9.668242587043867786e+01 6.899027199892796602e+01 6.838710363057444397e+01 4.146924937596616219e+05
1.893747979964983941e+01 9.691586152800385889e+01 6.944440210937034408e+01 6.893617642076722518e+01 4.160926125215592328e+05
1.901601978415527228e+01 9.725818821204438791e+01 6.970144984372639385e+01 6.939237003226425315e+01 4.175402430271171033e+05
1.909455976727730331e+01 9.734886654685512042e+01 6.983148764058742586e+01 6.991030207307021271e+01 4.196119035854018293e+05
1.917309974903293579e+01 9.776887439814342429e+01 7.037961542856140795e+01 7.066853052972352600e+01 4.207308287092435639e+05
1.925163972943889235e+01 9.815563605498498134e+01 7.043644839131258095e+01 7.144206634424286051e+01 4.230687816159286886e+05
1.933017970851161849e+01 9.879790869939719755e+01 7.114016014081202854e+01 7.190432470492791595e+01 4.254512223719836911e+05
1.940871968626730748e+01 9.910468975146388004e+01 7.133727746194038843e+01 7.285196459779645295e+01 4.278187788696905482e+05
1.948725966272188259e+01 9.961634024367096174e+01 7.180825455366121446e+01 7.352004213298960167e+01 4.294269628986676689e+05
1.956579963789100773e+01 9.969319307290616905e+01 7.221187843526588779e+01 7.404828790078796885e+01 4.309430121472210740e+05
1.964433961179010524e+01 1.004136192554728382e+02 7.268918285451508154e+01 7.496698345280177023e+01 4.350301862517149420e+05
1.972287958443434519e+01 1.008732651927555395e+02 7.323461497717963198e+01 7.574247280038440522e+01 4.363133179990376229e+05
1.980141955583865965e+01 1.014725480435554488e+02 7.334313972409371729e+01 7.638426206173757294e+01 4.390907128481190884e+05
1.987995952601774619e+01 1.012593788821430536e+02 7.366518513706425608e+01 7.683186419375394394e+01 4.399674905837610713e+05
1.995849949498606790e+01 1.018269533862248437e+02 7.400505282324274958e+01 7.762587224346476944e+01 4.418578795936122187e+05
2.003703946275786052e+01 1.025789808449358844e+02 7.478079927274339411e+01 7.836364080425988732e+01 4.455868445219630958e+05
2.011557942934713950e+01 1.030606250364814827e+02 7.510358551022872575e+01 7.918637578440650771e+01 4.481443416651824955e+05
2.019411939476770712e+01 1.033221688507538261e+02 7.538152312760551865e+01 7.964211212630293346e+01 4.502469774199155509e+05
2.027265935903314542e+01 1.031736412677850012e+02 7.547279807252657235e+01 8.025578807340674814e+01 4.495527206013856339e+05
2.035119932215682326e+01 1.032678551064641681e+02 7.573819638843725954e+01 8.077054171413814743e+01 4.508061820479877642e+05
2.042973928415191054e+01 1.036100071613222013e+02 7.598055598002432021e+01 8.142234826752087429e+01 4.517853171987679671e+05
2.050827924503137467e+01 1.033932860882333529e+02 7.616500695449403224e+01 8.214968398301947161e+01 4.525696819248503889e+05
2.058681920480798766e+01 1.038137973924481656e+02 7.629663894206581176e+01 8.289074970319707347e+01 4.552861962447190308e+05
2.066535916349431901e+01 1.036447587018455039e+02 7.653384973772833177e+01 8.343620132714694648e+01 4.549663355304429424e+05
2.074389912110275347e+01 1.035823255501926070e+02 7.665423985462243195e+01 8.420267549320108458e+01 4.556373601950202137e+05
2.082243907764548752e+01 1.040792865323714977e+02 7.709556824505447992e+01 8.484973409365166219e+01 4.579000013611649047e+05
2.090097903313453642e+01 1.040833649831716485e+02 7.716407952486773070e+01 8.560286703010254428e+01 4.596328752559076529e+05
2.097951898758173783e+01 1.044480031561416951e+02 7.754046436364437511e+01 8.637903544172054637e+01 4.607795471286721877e+05
2.105805894099874109e+01 1.043631671309368443e+02 7.802158053811265859e+01 8.697371802814822672e+01 4.613988765566409566e+05
2.113659889339703568e+01 1.042660424218252615e+02 7.771023678925041622e+01 8.731973098094834995e+01 4.615704258828930324e+05
2.121513884478793344e+01 1.046632558804489292e+02 7.826652404949051345e+01 8.826053069162598774e+01 4.639786145739362109e+05
2.129367879518258277e+01 1.044918351162094439e+02 7.848128693140114365e+01 8.865998614444212933e+01 4.638806818668590277e+05
2.137221874459196869e+01 1.048577807850962671e+02 7.871326240432323118e+01 8.930135238519291363e+01 4.656608549401416676e+05
2.145075869302691274e+01 1.049042766382620471e+02 7.904345804124363895e+01 9.007617550238197168e+01 4.666889855114218662e+05
2.152929864049807307e+01 1.045486165703976837e+02 7.912498024410426467e+01 9.088142349087428329e+01 4.669577936204698635e+05
2.160783858701596571e+01 1.049695390601947622e+02 7.955875783466530038e+01 9.139390318830815829e+01 4.683833087013509939e+05
2.168637853259094683e+01 1.051997999652953268e+02 7.978137667748038098e+01 9.202709951162499635e+01 4.703020206160129164e+05
2.176491847723321982e+01 1.050107968841775516e+02 7.997618517877023692e+01 9.262998380572209101e+01 4.708118211517604068e+05
2.184345842095285306e+01 1.053432760119246723e+02 8.043034469898991290e+01 9.344290972367068093e+01 4.723112851629036013e+05
2.192199836375975508e+01 1.058027685440609673e+02 8.051760584720820191e+01 9.415900345828835327e+01 4.752361518672877573e+05
2.200053830566371005e+01 1.057491112090316534e+02 8.096281385803932551e+01 9.488176996161342913e+01 4.763934106887805974e+05
2.207907824667434582e+01 1.056006718341126032e+02 8.094431002784811824e+01 9.551399909721047266e+01 4.754134914558788296e+05
2.215761818680116590e+01 1.059847599383772376e+02 8.128118931932101532e+01 9.661431512128545762e+01 4.772920925122103654e+05
2.223615812605353526e+01 1.062159701593205057e+02 8.172739947124742343e+01 9.702466903855555813e+01 4.806873218987834989e+05
2.231469806444068738e+01 1.059826733108606618e+02 8.172178357240434821e+01 9.789512299301773623e+01 4.797272554370243452e+05
2.239323800197172432e+01 1.061773033109756312e+02 8.236430888147977214e+01 9.837158950389446943e+01 4.809246488932477660e+05
2.247177793865562023e+01 1.065097697312761795e+02 8.248007118947029426e+01 9.922336003135161775e+01 4.829581510214239242e+05
2.255031787450123204e+01 1.062543247693862014e+02 8.284353796456490215e+01 9.994499467091048928e+01 4.828316990862113889e+05
2.262885780951728165e+01 1.064925537481353359e+02 8.322790644643895064e+01 1.004556325370693060e+02 4.844146973899453878e+05
2.270739774371238440e+01 1.068337889527076214e+02 8.366474494933333972e+01 1.014984265582337031e+02 4.863537696968471864e+05
2.278593767709502771e+01 1.070106957923756994e+02 8.370444899949099238e+01 1.021255282264755522e+02 4.879058810987589532e+05
2.286447760967358178e+01 1.069930455962477538e+02 8.412366131421360649e+01 1.032216692939704785e+02 4.896729247979645734e+05
2.294301754145629957e+01 1.069461092176754562e+02 8.441458772588568138e+01 1.037147467386827913e+02 4.903733080153900664e+05
2.302155747245133455e+01 1.075742535168033527e+02 8.507826635286242833e+01 1.045782574095021999e+02 4.935757266595354304e+05
2.310009740266672296e+01 1.075294429908166052e+02 8.511795697764955548e+01 1.049276703615950339e+02 4.946773148453374160e+05
2.317863733211038380e+01 1.076996203689898266e+02 8.562558584858700783e+01 1.061434300049123749e+02 4.956545397628818173e+05
2.325717726079013303e+01 1.075860988549977719e+02 8.609218829549497798e+01 1.064763081248374021e+02 4.953731097318945685e+05
2.333571718871368716e+01 1.081826003713928799e+02 8.625454295896226142e+01 1.076868120835439129e+02 4.991361046246409533e+05
2.341425711588865965e+01 1.079504212788287845e+02 8.639744009844301331e+01 1.083008216689161998e+02 4.990197067966760369e+05
2.349279704232255384e+01 1.084817152946381071e+02 8.677240060382600007e+01 1.095535352107085174e+02 5.018374090271941968e+05
2.357133696802278067e+01 1.086329254865007528e+02 8.717316123085534230e+01 1.100632665170279125e+02 5.028699640945467982e+05
2.364987689299664453e+01 1.086185409327822100e+02 8.756838752062330400e+01 1.107461803690516859e+02 5.039636759116154280e+05
2.372841681725136453e+01 1.089146486859990119e+02 8.799490409967296500e+01 1.116260794677673687e+02 5.054298015893695410e+05
2.380695674079405322e+01 1.091080631323514609e+02 8.811977996561419957e+01 1.126143721935150097e+02 5.088289513320658007e+05
2.388549666363174140e+01 1.093000246401552005e+02 8.853725303932633039e+01 1.132079713959930700e+02 5.095482809219625196e+05
2.396403658577134976e+01 1.096505049614080605e+02 8.909473597772822018e+01 1.139071940582284554e+02 5.110882521353595075e+05
2.404257650721972439e+01 1.098456621482763040e+02 8.966950242597964404e+01 1.149365964642179279e+02 5.121413059724473278e+05
2.412111642798362254e+01 1.100213536834824737e+02 8.977635653085933143e+01 1.160444978041917636e+02 5.153457928810387966e+05
2.419965634806970556e+01 1.099281407536687283e+02 8.997588840636723262e+01 1.165181959636182825e+02 5.154156680069506401e+05
2.427819626748454596e+01 1.109037993419890000e+02 9.062470861790906440e+01 1.176116762031240341e+02 5.197110509633258916e+05
2.435673618623464520e+01 1.106934591799640231e+02 9.117385969870052520e+01 1.182456635670313005e+02 5.198254603730197996e+05
2.443527610432640529e+01 1.110756435160425042e+02 9.144960620328232892e+01 1.192377019915628154e+02 5.219862192843445810e+05
2.451381602176616425e+01 1.112210861738984846e+02 9.170796967357736662e+01 1.199328286656607503e+02 5.242293674154730979e+05
2.459235593856016067e+01 1.114828570797244396e+02 9.240234963816811842e+01 1.206281177539559479e+02 5.252466351494336268e+05
2.467089585471456203e+01 1.118109598407236547e+02 9.264789910528214989e+01 1.218466245942091035e+02 5.288892790904860012e+05
2.474943577023546126e+01 1.119249538582869974e+02 9.320049991918006072e+01 1.226349711419360631e+02 5.288756613066742430e+05
2.482797568512887310e+01 1.122350590150853122e+02 9.332626213144531846e+01 1.234780779116134113e+02 5.315005226045043673e+05
2.490651559940072346e+01 1.129774076948387034e+02 9.366552227171946754e+01 1.239559788619750975e+02 5.356689374551594956e+05
2.498505551305688144e+01 1.128234383983221107e+02 9.428439950691002025e+01 1.253351086525263156e+02 5.360109682017681189e+05
2.506359542610313440e+01 1.131180589697261638e+02 9.504868427918705720e+01 1.264633334633608115e+02 5.367354865878104465e+05
2.514213533854519511e+01 1.132251630088048131e+02 9.544175409957769318e+01 1.269945320113694578e+02 5.397575525593032362e+05
2.522067525038871239e+01 1.140624248270985817e+02 9.571301374498362691e+01 1.281576427179335838e+02 5.425818785221901489e+05
2.529921516163925688e+01 1.134363607851456379e+02 9.587891352461667793e+01 1.288807358161541572e+02 5.419703716584476642e+05
2.537775507230233529e+01 1.142795721930060040e+02 9.678922316507514267e+01 1.301650175795340658e+02 5.457714689061626559e+05
2.545629498238338684e+01 1.139860347667514873e+02 9.691469558778204885e+01 1.305537769875238041e+02 5.453859633896024898e+05
2.553483489188777966e+01 1.150974647738814696e+02 9.774658691269665667e+01 1.317690944455948454e+02 5.509405502809649333e+05
2.561337480082082152e+01 1.148598908206956537e+02 9.795931741220675804e+01 1.322924102728682954e+02 5.513581486126169330e+05
2.569191470918774911e+01 1.152118705295422103e+02 9.879047551761048851e+01 1.340109776385625366e+02 5.526803606258446816e+05
2.577045461699373874e+01 1.152954947430777395e+02 9.910283033348169113e+01 1.342874802221447226e+02 5.536479798090042314e+05
2.584899452424390631e+01 1.157131802867050396e+02 9.930579061742554359e+01 1.352808317808786569e+02 5.577181311139053432e+05
2.592753443094329668e+01 1.155297055361675120e+02 9.971488146641932815e+01 1.359840487711349226e+02 5.585122643955317326e+05
2.600607433709690852e+01 1.165429203653855836e+02 1.005321395366367199e+02 1.380909446520423671e+02 5.629559102208310505e+05
2.608461424270966944e+01 1.167252501537430192e+02 1.008526825754165372e+02 1.385878143606157664e+02 5.640202689586920897e+05
2.616315414778644310e+01 1.171612374953148361e+02 1.014217549833285545e+02 1.394637638970616536e+02 5.672533698503405321e+05
2.624169405233205055e+01 1.169417250371300270e+02 1.021354792206236795e+02 1.398604877053289215e+02 5.656326892016093479e+05
2.632023395635124174e+01 1.172258609771140954e+02 1.026797746230716371e+02 1.410857650127404668e+02 5.689426576565525029e+05
2.639877385984871694e+01 1.179027531627171186e+02 1.030762537150678355e+02 1.424674975827132357e+02 5.722666181721608154e+05
2.647731376282911953e+01 1.182156854668166943e+02 1.035968678943189047e+02 1.436071074997470873e+02 5.764776267093786737e+05
2.655585366529703606e+01 1.186401431233615824e+02 1.038910499420972258e+02 1.448671567951631971e+02 5.772264197868630290e+05
2.663439356725699980e+01 1.188418179545158466e+02 1.044873549210208665e+02 1.452593530698541713e+02 5.796241670412302483e+05
2.671293346871349428e+01 1.187860517994046887e+02 1.048204566154096824e+02 1.462006548725054529e+02 5.815391399416750064e+05
2.679147336967094617e+01 1.194354479194091567e+02 1.053350576177908948e+02 1.475930547023315569e+02 5.849812585192567203e+05
2.687001327013372531e+01 1.199919993311700210e+02 1.059942683167022608e+02 1.479704759101195179e+02 5.863242412839999888e+05
2.694855317010616602e+01 1.198841940687671865e+02 1.060184830367392834e+02 1.491096915610822009e+02 5.873257702589414548e+05
2.702709306959254221e+01 1.209998795135603444e+02 1.071313146671505905e+02 1.507968461468135786e+02 5.929401598407182610e+05
2.710563296859707094e+01 1.213873916113622187e+02 1.077053387846323318e+02 1.516985604822184825e+02 5.956336604244188638e+05
2.718417286712393377e+01 1.212716763550396024e+02 1.082192987737135184e+02 1.528525114405749150e+02 5.984759175214432180e+05
2.726271276517725894e+01 1.216650726378512104e+02 1.085159526682379578e+02 1.535046027282690488e+02 6.007206805762295844e+05
2.734125266276112498e+01 1.220808550215103736e+02 1.092527312601615677e+02 1.551120710271565599e+02 6.028763280077665113e+05
2.741979255987956776e+01 1.221068948268402181e+02 1.098713421928275551e+02 1.555681062173775331e+02 6.032060950470725074e+05
2.749833245653658054e+01 1.222026875508493049e+02 1.101319550628573722e+02 1.568099067525922123e+02 6.032152813371580560e+05
2.757687235273609616e+01 1.222069864656860716e+02 1.106736506346304623e+02 1.574991288465679418e+02 6.058086735874692677e+05
2.765541224848202262e+01 1.229448740394978046e+02 1.108937889286764147e+02 1.587460125292012663e+02 6.104492549664542312e+05
2.773395214377820395e+01 1.232833904782030032e+02 1.125353401365335060e+02 1.598723798377490937e+02 6.136905090946999844e+05
2.781249203862845576e+01 1.237010199088886822e+02 1.127546733123284213e+02 1.612994317923021583e+02 6.127340800075193401e+05
2.789103193303654038e+01 1.238102852401345046e+02 1.125361016115698050e+02 1.615241788667612468e+02 6.182632579616307048e+05
2.796957182700618816e+01 1.233107885249476112e+02 1.136970233782409565e+02 1.630991618009851152e+02 6.137169692689150106e+05
2.804811172054107615e+01 1.235227562761683089e+02 1.132527791661425169e+02 1.641648572509844826e+02 6.154046419166929554e+05
2.812665161364485655e+01 1.249488319884856082e+02 1.143244288938912376e+02 1.648041456058427627e+02 6.243243723418483278e+05
2.820519150632112115e+01 1.240784364833297246e+02 1.150716568596820935e+02 1.660028858614069804e+02 6.242885896314950660e+05
2.828373139857343332e+01 1.236859545594123659e+02 1.149077833405828954e+02 1.664560260073373001e+02 6.216564162874878384e+05
2.836227129040531736e+01 1.236464768589345340e+02 1.147427998434492054e+02 1.666458234358460118e+02 6.212828584442808060e+05
2.844081118182025847e+01 1.243779422747838197e+02 1.159812707723881147e+02 1.693155609321738666e+02 6.276821585821281187e+05
2.851935107282169923e+01 1.241092977472373491e+02 1.159238284414342957e+02 1.690023149145136188e+02 6.260855402358917054e+05
2.859789096341304315e+01 1.236918336399092055e+02 1.163101291542342182e+02 1.707058801996057582e+02 6.258362985744220205e+05
2.867643085359765820e+01 1.240193892596150675e+02 1.175972234298807280e+02 1.723389215705984157e+02 6.241319190469458699e+05
2.875497074337888392e+01 1.246821032025513034e+02 1.168226131531015568e+02 1.726966635837227670e+02 6.301896463212640956e+05
2.883351063276001369e+01 1.249248735743642129e+02 1.179943131479482332e+02 1.734750885546657742e+02 6.316531948694897583e+05
2.891205052174430890e+01 1.245428606172668538e+02 1.183686349400607156e+02 1.746218311632500502e+02 6.337400959585132077e+05
2.899059041033499184e+01 1.245055486437988606e+02 1.191264613035172033e+02 1.754947453672303084e+02 6.381052253364018397e+05
2.906913029853525643e+01 1.247557292087702621e+02 1.196095056184688445e+02 1.772254276061399594e+02 6.345523110658846563e+05
2.914767018634825746e+01 1.245996937662082189e+02 1.205395584635648589e+02 1.783656887028640199e+02 6.357238347973763011e+05
2.922621007377712132e+01 1.254329379377878979e+02 1.206425087092224686e+02 1.789166118587626784e+02 6.421407483120008837e+05
2.930474996082492822e+01 1.255718488468047553e+02 1.205492561784323016e+02 1.812177980296418980e+02 6.440331468032536795e+05
2.938328984749474060e+01 1.254102432490319501e+02 1.215102505122917620e+02 1.809215656322845405e+02 6.461058509948687861e+05
2.946182973378957826e+01 1.247876690517646381e+02 1.220781108750170603e+02 1.832010133250734327e+02 6.446000826855055057e+05
2.954036961971243258e+01 1.258060025429496989e+02 1.220736120053518619e+02 1.836213821597789604e+02 6.486682504898170009e+05
2.961890950526625943e+01 1.260122551349393660e+02 1.237643528811345988e+02 1.854187463647839706e+02 6.525696078989943489e+05
2.969744939045398979e+01 1.265838784255288658e+02 1.226446123304981768e+02 1.867238179904862250e+02 6.559425355734635377e+05
2.977598927527852268e+01 1.250335213612317062e+02 1.250189895619797369e+02 1.879764940020937729e+02 6.482313733525222633e+05
2.985452915974272159e+01 1.262066110149821867e+02 1.248831064629419814e+02 1.869792915378624230e+02 6.594216610059685772e+05
2.993306904384942868e+01 1.267820198066441861e+02 1.251774620777131020e+02 1.884554183439354631e+02 6.627955391389421420e+05
3.001160892760143994e+01 1.283405629637580887e+02 1.249339804969359164e+02 1.907429252627316032e+02 6.701449853121850174e+05
3.009014881100154071e+01 1.276332562175428649e+02 1.269256189808333772e+02 1.917916778460380556e+02 6.680083550264150836e+05
3.016868869405248077e+01 1.266190566532344661e+02 1.266562042183370522e+02 1.919990320510218567e+02 6.684807958076053765e+05
3.024722857675697441e+01 1.279074417014445260e+02 1.290443057617424074e+02 1.954024038508778744e+02 6.788980745372440433e+05
3.032576845911771457e+01 1.292858450751490693e+02 1.284235187109122194e+02 1.954295932754828300e+02 6.792338764400654472e+05
3.040430834113736580e+01 1.277235467352163880e+02 1.277293985526906255e+02 1.950550175196100611e+02 6.798906345982070779e+05
3.048284822281856421e+01 1.302936981792916811e+02 1.304796266320284133e+02 2.009494656448204637e+02 6.869864978177621961e+05
3.056138810416392460e+01 1.297815318922262691e+02 1.304435431141126287e+02 2.000199822016747078e+02 6.863938507159611909e+05
3.063992798517602267e+01 1.303174427290423409e+02 1.309389314498578756e+02 2.022865898353941247e+02 6.912424553146305261e+05
3.071846786585741640e+01 1.309070201104120201e+02 1.304119504302154553e+02 2.015602124344512163e+02 6.953045056369232479e+05
3.079700774621063886e+01 1.320450908646099890e+02 1.339732317347681203e+02 2.049792722976683308e+02 6.987636215064539574e+05
3.087554762623818760e+01 1.329834628525845233e+02 1.334230773873185569e+02 2.074265860123428808e+02 7.061926674900839571e+05
3.095408750594254599e+01 1.319873307216332989e+02 1.348823804166454465e+02 2.081114862874527205e+02 7.089773138039226178e+05
3.103262738532617249e+01 1.331539637267170804e+02 1.346462092497241088e+02 2.080038493855934405e+02 7.137742593562398106e+05
3.111116726439149005e+01 1.318062755995896396e+02 1.376927131213142559e+02 2.090073927989675724e+02 7.077323587906842586e+05
3.118970714314090387e+01 1.344199995633543097e+02 1.367346186564482764e+02 2.110938894433054713e+02 7.173415886472261045e+05
3.126824702157679781e+01 1.347281738482117532e+02 1.372311151700598089e+02 2.116902612733465503e+02 7.155439563103404362e+05
3.134678689970152377e+01 1.335499138067600597e+02 1.378276282407760220e+02 2.145362020458148891e+02 7.176056201304438291e+05
3.142532677751741588e+01 1.338678413120906043e+02 1.390254831960440640e+02 2.161827077948628357e+02 7.244198494970852043e+05
3.150386665502678696e+01 1.347539821059226881e+02 1.409922353489253624e+02 2.181074099700550732e+02 7.295158820340357488e+05
3.158240653223192140e+01 1.364477562953706240e+02 1.401301686153032904e+02 2.179094319606658132e+02 7.309787514547170140e+05
3.166094640913508229e+01 1.365745609890037713e+02 1.417880156776719502e+02 2.188266765416716737e+02 7.387269936717533274e+05
3.173948628573851494e+01 1.362071990293452473e+02 1.430053367453354554e+02 2.215370265818383473e+02 7.309275704173650593e+05
3.181802616204443623e+01 1.381554393791977873e+02 1.416668486342328208e+02 2.220860523408057077e+02 7.516620668532422278e+05
3.189656603805504531e+01 1.398975519818424402e+02 1.435702986652800917e+02 2.258693437769662467e+02 7.519542591053778306e+05
3.197510591377251998e+01 1.384701351696366487e+02 1.445650515658875008e+02 2.267773879124178791e+02 7.516855240651899949e+05
3.205364578919900964e+01 1.391995523696254224e+02 1.459869468153413266e+02 2.254547288459692709e+02 7.636179733449778287e+05
3.213218566433665302e+01 1.420420399031864349e+02 1.468346282924110255e+02 2.317123343629809824e+02 7.717195309520000592e+05
3.221072553918755688e+01 1.415854824574838062e+02 1.473939518724917548e+02 2.318267096755011494e+02 7.760094626166035887e+05
3.228926541375382442e+01 1.399265312887256698e+02 1.473938764849914946e+02 2.298368196382474764e+02 7.688881862974412506e+05
3.236780528803751622e+01 1.407205336815219425e+02 1.481763252873781482e+02 2.309318414390951375e+02 7.612792017322694883e+05
3.244634516204068575e+01 1.432848632654410608e+02 1.477837445147302731e+02 2.389434503429380641e+02 7.770206338248605607e+05
3.252488503576537227e+01 1.423566150158546861e+02 1.511485926784993694e+02 2.375062478947579621e+02 7.808910025645621354e+05
3.260342490921358660e+01 1.430625439568069623e+02 1.505230865818265897e+02 2.383552580752917152e+02 7.980639954498269362e+05
3.268196478238731828e+01 1.465077344549958696e+02 1.502081982237528450e+02 2.418098511124360925e+02 8.141638928269320168e+05
3.276050465528854261e+01 1.435340022395482436e+02 1.554575335027489587e+02 2.474536586686231772e+02 8.011364951244401745e+05
3.283904452791921358e+01 1.442744344141792396e+02 1.558523630808542180e+02 2.439185835956727715e+02 7.937969936617083149e+05
3.291758440028127097e+01 1.479901423994332674e+02 1.584029142821136418e+02 2.486508792113905884e+02 8.152905506004294148e+05
3.299612427237663326e+01 1.472286436559272147e+02 1.573611871609764705e+02 2.517643842565728676e+02 8.298448280653035035e+05
3.307466414420719758e+01 1.477332498280508446e+02 1.555594834878677091e+02 2.445957947367786858e+02 8.220578818341207225e+05
3.315320401577483977e+01 1.495227080073720458e+02 1.553862517790061304e+02 2.432049326184759934e+02 8.370689290056453319e+05
3.323174388708143567e+01 1.463186045184319255e+02 1.589380495446995951e+02 2.503484332108293131e+02 8.130363887588701909e+05
3.331028375812883269e+01 1.546326586458621648e+02 1.602738553653760505e+02 2.601784505530884530e+02 8.514525768572035013e+05
3.338882362891884981e+01 1.505479396167601749e+02 1.633264217800572169e+02 2.594113455015778982e+02 8.384680355817207601e+05
3.346736349945329891e+01 1.486407338149251984e+02 1.594058882177501459e+02 2.516141743671187214e+02 8.364453313298342982e+05
3.354590336973399189e+01 1.560904824477700004e+02 1.609847683770918820e+02 2.613947653860022911e+02 8.663464429053784115e+05
3.362444323976268379e+01 1.599539906581043169e+02 1.741018242277916102e+02 2.787190606781197175e+02 8.768935469708592864e+05
3.370298310954115806e+01 1.524393106639591053e+02 1.705743154252304521e+02 2.762230519224876844e+02 8.672290431530450005e+05
3.378152297907114132e+01 1.541394057009757148e+02 1.704634548015422411e+02 2.656523696439662672e+02 8.684004369995458983e+05
3.386006284835436730e+01 1.568124213821849651e+02 1.670095030365597779e+02 2.751223300559794325e+02 8.814668517199214548e+05
3.393860271739255552e+01 1.613160668902385737e+02 1.753396440282643027e+02 2.728109341440026014e+02 9.045156464497046545e+05
3.401714258618739706e+01 1.632469989532318948e+02 1.668443949531796875e+02 2.616035164573002021e+02 9.238537619580001337e+05
3.409568245474058301e+01 1.720208057156961274e+02 1.873597495899831813e+02 2.866269550531240498e+02 9.820384897550233873e+05
3.417422232305376895e+01 1.643380639969412300e+02 1.682557917615997667e+02 2.870554353953190798e+02 9.690794477759312140e+05
3.425276219112861043e+01 1.606616660186855086e+02 1.917252514005539865e+02 2.881242050882747776e+02 9.424066329823237611e+05
3.433130205896674880e+01 1.700769606332097226e+02 1.837564479046462225e+02 2.917702517885197153e+02 9.887373919240095420e+05
3.440984192656979701e+01 1.795122610278759794e+02 1.732037916780290061e+02 2.816012528407376294e+02 9.709559011527047260e+05
3.448838179393936088e+01 1.581958103587879805e+02 1.824515072542623670e+02 2.960477925848568930e+02 8.177544911996317096e+05
3.456692166107702491e+01 1.776277162582775873e+02 1.783908459491365477e+02 3.132123012202798122e+02 8.973837909966805018e+05
3.464546152798438072e+01 1.959537827424129830e+02 1.614380356206998499e+02 2.667506990347865781e+02 1.088392706349744461e+06
3.472400139466299152e+01 1.595150776481545165e+02 1.923868264663649938e+02 3.423574224757255706e+02 1.078312989018252119e+06
