# 0.9879 0.9962
7.871241428633635184e-02 2.516863988323203571e+00 2.342000985495393373e+00 4.388849660443214229e-03 1.722413503835780830e+03
1.618072713909662341e-01 7.212455665765323154e+00 6.525829213952469843e+00 2.216252473461484407e-02 6.898836804338940965e+03
2.418771330418761079e-01 8.880408025419546547e+00 8.105483989342996409e+00 2.736401343704519123e-02 9.486953083144295306e+03
3.211923215201240578e-01 1.441853710515720621e+01 1.289679290898518538e+01 6.598237694637076878e-02 1.836964189972551685e+04
4.002017901256537113e-01 1.879751216811396830e+01 1.661554320722074252e+01 9.599603178842194828e-02 2.610850517442659475e+04
4.790568272527075955e-01 1.795192842532532396e+01 1.594284992234402587e+01 1.105231920567994047e-01 2.550619236146315234e+04
5.578229290343351687e-01 2.572774918652984155e+01 2.279033824096545402e+01 1.580540271616501513e-01 3.740136589631174138e+04
6.365331115321660738e-01 2.709255085520971562e+01 2.380179969705323018e+01 2.030086590458214935e-01 3.989536858196338289e+04
7.152058371535838788e-01 2.882823064251460465e+01 2.526431989641146814e+01 2.399791780001665487e-01 4.612918805066634377e+04
7.938522421846891941e-01 3.004049368885499049e+01 2.628750720528232421e+01 2.791817885518343978e-01 4.753217380349124142e+04
8.724794443688169698e-01 3.172072664649653717e+01 2.773057721229404748e+01 3.257995561849967303e-01 5.187235105869770632e+04
9.510922062407737299e-01 3.396522711373420833e+01 2.949664765207560890e+01 3.632220082271375161e-01 5.688808361346664606e+04
1.029693835175838679e+00 3.413331251561824331e+01 2.955103433691483872e+01 4.225094824463335175e-01 5.847273694744109525e+04
1.108286699878543891e+00 3.492158499509188374e+01 3.018393285951877658e+01 4.739215124055713990e-01 6.104594506521118456e+04
1.186872541411916560e+00 3.594927532385977287e+01 3.111222817882115876e+01 5.261923418129982322e-01 6.464870656377668638e+04
1.265452668213572940e+00 3.691669683685196901e+01 3.200769686508139955e+01 5.583587556193155832e-01 6.798287162534038362e+04
1.344028082638708543e+00 3.879725370184608124e+01 3.324461373778522244e+01 6.373610041523301017e-01 7.378625079833911150e+04
1.422599565533279709e+00 3.875148173732301871e+01 3.318681697144487686e+01 6.669377432146995632e-01 7.360370599605362804e+04
1.501167734229200246e+00 3.865026601587785393e+01 3.293652843756662207e+01 7.738094475379784232e-01 7.757111695395882998e+04
1.579733083222462531e+00 4.033638154417107557e+01 3.412686120970758452e+01 8.405703932085947239e-01 8.415915694733851706e+04
1.658296013281593151e+00 3.850700390409021878e+01 3.240585223715864061e+01 8.864964433919773068e-01 8.456207106088145520e+04
1.736856852652245875e+00 3.967147921475783079e+01 3.325336469189939237e+01 9.799163733619875583e-01 8.562784684932988603e+04
1.815415872753641580e+00 3.872673264799723114e+01 3.239652306870015508e+01 1.021799647722666737e+00 8.860823233993920439e+04
1.893973299967037560e+00 3.967276352133608697e+01 3.301280050841645419e+01 1.103200634403078251e+00 9.277416644437337527e+04
1.972529324606241641e+00 3.945175901011712227e+01 3.255117810980644322e+01 1.183892639497105881e+00 9.668302627966068394e+04
2.051084107826015579e+00 3.915355929279694891e+01 3.215376823989716115e+01 1.275342514478644329e+00 9.932144463061429269e+04
2.129637787001040561e+00 4.040698607775869533e+01 3.281382763924228385e+01 1.392479253243674941e+00 1.044922652458023222e+05
2.208190479956450680e+00 3.944314572949718922e+01 3.188827620906646132e+01 1.492535633827862362e+00 1.057994874351973413e+05
2.286742288326184092e+00 3.876214397857428651e+01 3.135287116096240823e+01 1.504367266429939454e+00 1.061314915600864479e+05
2.365293300241981811e+00 3.911516132473478535e+01 3.147008006978590089e+01 1.605310356390466042e+00 1.065691680849031691e+05
2.443843592503681883e+00 3.927127403489671309e+01 3.150722950637771902e+01 1.680851872485380705e+00 1.118292532734251290e+05
2.522393232343909553e+00 3.896814697834498276e+01 3.092483446758948418e+01 1.825656541943672551e+00 1.157100859572932386e+05
2.600942278872942381e+00 4.010462144451320654e+01 3.150650353778821255e+01 1.936629601928951283e+00 1.205779855655244028e+05
2.679490784269383141e+00 3.904083669452587202e+01 3.061960787202072964e+01 2.019843120477467835e+00 1.198585467930044251e+05
2.758038794767343038e+00 4.001590191629144044e+01 3.129828718328213455e+01 2.113602972517913514e+00 1.236925692378891836e+05
2.836586351479573942e+00 4.021448987437698719e+01 3.097344782239952465e+01 2.270389280039497137e+00 1.289672834026125056e+05
2.915133491087511963e+00 3.972379119651016310e+01 3.079573093968303610e+01 2.300909254642889756e+00 1.272786347940682172e+05
2.993680246422668834e+00 3.983800008975307350e+01 3.064243769034928633e+01 2.421097336851697701e+00 1.288256510205431550e+05
3.072226646958827967e+00 4.087533316187271737e+01 3.123196468889462096e+01 2.572648990870304520e+00 1.348783553029616596e+05
3.150772719230606977e+00 4.040962541600343627e+01 3.075991672477676175e+01 2.675846179119595547e+00 1.360543635264831828e+05
3.229318487190934395e+00 4.010466908534522901e+01 3.069561630671734775e+01 2.726126889155723987e+00 1.349640046929635282e+05
3.307863972517584905e+00 4.028118183082762016e+01 3.064511273666527913e+01 2.861249718972725731e+00 1.381019909644536674e+05
3.386409194877053608e+00 4.084404143630298023e+01 3.088512606881861444e+01 2.989031222998772996e+00 1.421630955081884167e+05
3.464954172152534095e+00 4.200457232857444723e+01 3.167541385947670918e+01 3.119279033440344406e+00 1.451196191778394277e+05
3.543498920641575456e+00 4.221704201067985451e+01 3.173902358751291430e+01 3.276906873934069875e+00 1.480223562508509494e+05
3.622043455228019404e+00 4.207090285809036345e+01 3.153692835381707837e+01 3.350619241573605578e+00 1.499866019550402416e+05
3.700587789532037597e+00 4.285177412154475718e+01 3.203633355419970741e+01 3.501364673269946159e+00 1.531499273977228731e+05
3.779131936041457696e+00 4.272488003180831129e+01 3.186209445401989981e+01 3.679504612271342179e+00 1.536808775717145763e+05
3.857675906227046259e+00 4.339866523521783392e+01 3.230702762273018891e+01 3.657971498130250243e+00 1.553910860173848341e+05
3.936219710643986680e+00 4.388769668172267302e+01 3.256095203914809133e+01 3.844906541701348157e+00 1.594141524607002793e+05
4.014763359021444877e+00 4.392223858541564852e+01 3.251914862493186575e+01 4.003906831064751870e+00 1.587726300530496810e+05
4.093306860341824560e+00 4.509515206767980544e+01 3.332087368862967480e+01 4.151627706967909504e+00 1.638521284476031724e+05
4.171850222911064776e+00 4.512100264125811577e+01 3.321690358402603493e+01 4.308805541656743898e+00 1.642097666685578006e+05
4.250393454421145911e+00 4.440409123446891471e+01 3.278297463747835394e+01 4.386904798706808606e+00 1.637077045729637612e+05
4.328936562005788247e+00 4.570904845648578885e+01 3.354845945414460573e+01 4.518920435640872313e+00 1.698656388209213328e+05
4.407479552290201497e+00 4.617692805537756584e+01 3.390238125644512479e+01 4.713233765263193042e+00 1.717515850347192318e+05
4.486022431435594982e+00 4.581246189330402530e+01 3.343845695694577813e+01 4.837261073312959958e+00 1.710124457182436308e+05
4.564565205179107465e+00 4.664970644901009678e+01 3.407740272317079189e+01 4.990902365009197261e+00 1.753589866055149760e+05
4.643107878869670024e+00 4.755829973649965581e+01 3.471369446443139140e+01 5.117804809500206886e+00 1.779592951873282436e+05
4.721650457500300213e+00 4.721943308665326811e+01 3.448542867223662967e+01 5.243578292955396236e+00 1.785530850583582942e+05
4.800192945737217443e+00 4.795875475158199919e+01 3.479545560639074608e+01 5.472332524799089271e+00 1.820325063850604056e+05
4.878735347946150824e+00 4.827801135259466747e+01 3.484675924920339440e+01 5.631408742861622407e+00 1.832554228190019203e+05
4.957277668216146793e+00 4.839465001453029913e+01 3.504293808102581664e+01 5.778884556498463887e+00 1.844988263731290936e+05
5.035819910381144737e+00 4.854140064121232001e+01 3.509721651229649098e+01 5.943340055649735554e+00 1.859217817330833350e+05
5.114362078039562221e+00 4.929191767249997724e+01 3.549958060640868496e+01 6.060539897411781673e+00 1.893365937126145291e+05
5.192904174572115394e+00 4.979601015527528318e+01 3.573418064947609452e+01 6.262808674866533032e+00 1.907845300255515031e+05
5.271446203158030919e+00 5.015491041291437568e+01 3.593723026078113492e+01 6.455071719222836180e+00 1.936747965051344072e+05
5.349988166789838573e+00 5.037524326417578635e+01 3.618009725390879083e+01 6.583506797148472423e+00 1.941838849634354701e+05
5.428530068286878674e+00 5.087452177539782383e+01 3.632355674955410052e+01 6.779392212274453655e+00 1.974996559479247662e+05
5.507071910307648643e+00 5.108888116172489902e+01 3.662522619983158734e+01 6.885257493062961309e+00 1.978319400726421154e+05
5.585613695361120179e+00 5.213709294968294472e+01 3.713813066396353690e+01 7.188037278355924542e+00 2.023686942663312657e+05
5.664155425817094525e+00 5.232283284918808874e+01 3.722141892941206720e+01 7.323958760675391311e+00 2.031041905154953420e+05
5.742697103915729961e+00 5.239134766208172067e+01 3.719389267625344075e+01 7.500640796065911609e+00 2.042386497709828545e+05
5.821238731776284148e+00 5.265483074251560680e+01 3.720473648248674436e+01 7.695340409465562637e+00 2.067752917139892234e+05
5.899780311405160127e+00 5.292699462973585867e+01 3.745462863350841332e+01 7.854170607697519735e+00 2.072204854476243490e+05
5.978321844703323507e+00 5.305835322622375116e+01 3.766891007578316675e+01 7.922355627566640912e+00 2.076047190347347350e+05
6.056863333473133437e+00 5.359510403358863329e+01 3.772956994646929729e+01 8.138170297752518323e+00 2.114687127454208094e+05
6.135404779424661115e+00 5.453335053632303442e+01 3.821771091915390173e+01 8.418674543747735939e+00 2.154692871289605973e+05
6.213946184181517118e+00 5.466342517141063695e+01 3.849350005902597616e+01 8.588673032729122525e+00 2.157329289842175785e+05
6.292487549286247983e+00 5.516697434935642264e+01 3.869050986602209719e+01 8.657397651291681484e+00 2.182347949676127464e+05
6.371028876205335756e+00 5.526576397915700056e+01 3.861777759086213990e+01 8.973537376127303844e+00 2.177871099138545105e+05
6.449570166333828070e+00 5.596567143000104494e+01 3.909541508211891170e+01 9.158744725839145673e+00 2.228196455496072304e+05
6.528111420999634262e+00 5.638502552090852760e+01 3.935843516100928952e+01 9.332061105623941089e+00 2.238177262384306523e+05
6.606652641467518627e+00 5.665229337155547285e+01 3.958092337884692569e+01 9.563376217527899570e+00 2.247230954307032516e+05
6.685193828942805006e+00 5.691003543192194769e+01 3.947726698279829805e+01 9.771715579086787784e+00 2.252304154308124562e+05
6.763734984574836240e+00 5.674694531054461066e+01 3.945740974694682279e+01 9.935641558093655235e+00 2.261277150018354587e+05
6.842276109460177835e+00 5.765693493353623467e+01 3.987414685132039693e+01 1.007730158556327282e+01 2.285339918913264701e+05
6.920817204645620890e+00 5.743440050388195317e+01 3.985419448680485033e+01 1.024919024137058976e+01 2.289626191073620867e+05
6.999358271130968312e+00 5.834016248295768037e+01 4.035249723374296593e+01 1.057287003694682248e+01 2.327644799260121654e+05
7.077899309871646949e+00 5.925024552676259759e+01 4.105361818366952775e+01 1.075342291333797995e+01 2.360793999467284884e+05
7.156440321781138536e+00 5.892317108370460232e+01 4.074383063874034860e+01 1.090271020538633806e+01 2.351599032238340296e+05
7.234981307733260536e+00 5.919067799032232813e+01 4.075529176703880552e+01 1.117185554130118241e+01 2.369229981347143184e+05
7.313522268564292439e+00 5.928463921731307806e+01 4.097241459789150753e+01 1.133299851376663092e+01 2.373653126687092008e+05
7.392063205074973276e+00 5.966151785814432884e+01 4.122658213967451957e+01 1.154275755650801294e+01 2.383981725430481602e+05
7.470604118032365015e+00 5.992191170886408713e+01 4.121250672069466958e+01 1.172478919108544915e+01 2.407604902819168346e+05
7.549145008171610272e+00 6.034905780315206414e+01 4.163983431352968267e+01 1.196734366609403466e+01 2.416658834135627840e+05
7.627685876197570103e+00 6.105351067541813848e+01 4.186218729781644043e+01 1.221815979111259232e+01 2.441721683752997196e+05
7.706226722786373884e+00 6.147396617451442324e+01 4.206693968981148402e+01 1.244084804137768074e+01 2.464291590227603447e+05
7.784767548586863484e+00 6.156453228469487016e+01 4.201680379884402328e+01 1.272046349157140810e+01 2.466289112941353233e+05
7.863308354221953955e+00 6.155790444294659380e+01 4.222103093640942006e+01 1.276718681900380936e+01 2.468398507887141895e+05
7.941849140289923170e+00 6.194847527627414507e+01 4.215756862516796843e+01 1.311002145817135656e+01 2.480900795476528874e+05
8.020389907365611748e+00 6.273224415241291041e+01 4.272125049384780482e+01 1.327351950832236938e+01 2.523125084417625330e+05
8.098930656001561701e+00 6.321386899559495731e+01 4.316959343779508629e+01 1.356627655296301427e+01 2.538181035016921232e+05
8.177471386729090241e+00 6.313720267743166659e+01 4.306992842349431783e+01 1.370148278181050649e+01 2.531395075796858873e+05
8.256012100059292536e+00 6.379247894428421262e+01 4.353841973408506050e+01 1.398785230989910033e+01 2.554123207747593988e+05
8.334552796484000936e+00 6.365082109172530522e+01 4.334255879656809185e+01 1.416247528404336897e+01 2.556257388704998884e+05
8.413093476476680266e+00 6.440857236036315214e+01 4.337699344657690403e+01 1.442566922175001487e+01 2.587444496881629748e+05
8.491634140493276917e+00 6.450443316148694350e+01 4.377820720448234937e+01 1.472152698269992754e+01 2.588281442563323362e+05
8.570174788973028868e+00 6.465666226862553856e+01 4.374501315869277818e+01 1.500499807536264996e+01 2.599129479254737962e+05
8.648715422339215309e+00 6.515505839313335912e+01 4.396285400035766600e+01 1.516699822195788094e+01 2.627030950769170304e+05
8.727256040999876063e+00 6.533222694994637436e+01 4.418794265947183675e+01 1.536764563391673555e+01 2.635645788493252476e+05
8.805796645348495488e+00 6.582345944120876879e+01 4.441553190426827769e+01 1.567629717553918134e+01 2.642197284355870215e+05
8.884337235764643737e+00 6.563356083281324516e+01 4.437313819798794867e+01 1.587537521986946487e+01 2.644889324098455254e+05
8.962877812614589601e+00 6.566296229878344093e+01 4.438276392564706896e+01 1.616088661475350818e+01 2.647277070019351086e+05
9.041418376251867173e+00 6.680699151328821017e+01 4.493859249763208652e+01 1.643290862754010462e+01 2.686560053341806633e+05
9.119958927017840722e+00 6.708908320040481499e+01 4.528059260262227781e+01 1.661882064664052905e+01 2.701471889189866488e+05
9.198499465242209183e+00 6.712859397262819527e+01 4.534622373091684722e+01 1.688728487802492495e+01 2.702478763469735859e+05
9.277039991243508865e+00 6.749771880879659136e+01 4.548271192595697698e+01 1.716292482987707757e+01 2.716227575253149844e+05
9.355580505329580632e+00 6.769643204622641974e+01 4.528261562676006236e+01 1.747049738643887551e+01 2.730957416062699049e+05
9.434121007798012215e+00 6.798861458088697418e+01 4.553228534647415415e+01 1.771336924632437970e+01 2.736408107537426404e+05
9.512661498936562765e+00 6.806336149023431403e+01 4.567616291984923294e+01 1.793521550539074028e+01 2.755062097503337427e+05
9.591201979023569635e+00 6.859358561662720888e+01 4.595679339541635500e+01 1.821330721603014524e+01 2.767531430644984357e+05
9.669742448328321416e+00 6.859258737272875806e+01 4.596146106703633194e+01 1.847797620857930312e+01 2.770265475156423636e+05
9.748282907111432749e+00 6.913100429863332863e+01 4.628286755029301247e+01 1.871133741968892039e+01 2.797603758036821964e+05
9.826823355625185386e+00 6.895624900447126038e+01 4.612412054599469258e+01 1.896058011213130001e+01 2.783425828006973024e+05
9.905363794113858589e+00 6.948118568279419094e+01 4.654181421633686710e+01 1.927845096303725114e+01 2.803179692968701129e+05
9.983904222814045326e+00 6.978838501175827957e+01 4.660584620950905332e+01 1.952770022695826668e+01 2.820017562154582702e+05
1.006244464195495070e+01 6.990093282836635069e+01 4.672372850783798981e+01 1.977547383497439171e+01 2.828288405176867964e+05
1.014098505175868148e+01 6.978154467661593685e+01 4.654670707593147227e+01 1.995223637799369243e+01 2.823392175659342902e+05
1.021952545244051613e+01 7.040041216669538926e+01 4.690012817848719351e+01 2.038904071859500533e+01 2.849844041058017756e+05
1.029806584420916415e+01 7.107724087795470780e+01 4.709610868816900364e+01 2.069561901630905609e+01 2.878290235677488381e+05
1.037660622726701654e+01 7.071210659042517932e+01 4.716701091392632605e+01 2.087373530482663497e+01 2.871315042571697268e+05
1.045514660181038380e+01 7.094622463000295909e+01 4.727159890557697963e+01 2.123057935456848000e+01 2.866094932409098255e+05
1.053368696802971982e+01 7.129852380609271734e+01 4.754798209904807038e+01 2.143506619802347757e+01 2.882903267370933318e+05
1.061222732610984210e+01 7.173709568916270030e+01 4.761143083522339481e+01 2.174793785451815609e+01 2.909146348827453912e+05
1.069076767623013779e+01 7.208020681530307172e+01 4.788851408571815682e+01 2.204336358123550710e+01 2.922419558558535646e+05
1.076930801856475739e+01 7.201165618324286299e+01 4.787854675174052232e+01 2.225900537437503246e+01 2.924639665886350558e+05
1.084784835328281005e+01 7.282235391156442006e+01 4.826327810895455173e+01 2.262820037276139828e+01 2.943416947749263491e+05
1.092638868054854306e+01 7.244157205327712745e+01 4.813237349208583282e+01 2.280686516638440509e+01 2.933618416982868221e+05
1.100492900052151413e+01 7.277912675498114936e+01 4.827672616165009600e+01 2.314728061467185327e+01 2.951833181862474303e+05
1.108346931335675833e+01 7.295810577866130586e+01 4.846258235813130000e+01 2.349619736701458805e+01 2.959628902423017425e+05
1.116200961920494805e+01 7.330183787583689536e+01 4.847847330870499860e+01 2.366364500610574595e+01 2.969157307160471100e+05
1.124054991821254212e+01 7.323018259424310372e+01 4.873194815674276725e+01 2.400976041581259324e+01 2.969892443108964944e+05
1.131909021052193687e+01 7.349112428884468784e+01 4.873865206506958714e+01 2.423603729105538562e+01 2.984124628058797098e+05
1.139763049627160285e+01 7.364706288584579852e+01 4.877896834540996451e+01 2.460080641376380584e+01 2.995431157343194936e+05
1.147617077559622167e+01 7.414887115943264462e+01 4.893102544533607556e+01 2.495897902970439119e+01 3.006392889428379131e+05
1.155471104862680853e+01 7.439718150406332597e+01 4.941380242535807810e+01 2.517398143191558191e+01 3.019324947385822888e+05
1.163325131549084368e+01 7.408660110437287472e+01 4.921517687545247810e+01 2.543345534823554033e+01 3.014699197829302284e+05
1.171179157631238787e+01 7.450747754457142946e+01 4.940060392768808839e+01 2.575174874378921075e+01 3.022663764685199130e+05
1.179033183121219608e+01 7.491499116334794905e+01 4.970279813172489725e+01 2.611202833613549501e+01 3.042950090261357836e+05
1.186887208030782759e+01 7.472616504136604476e+01 4.947687844137853119e+01 2.642325106516217303e+01 3.045344100335155963e+05
1.194741232371374728e+01 7.528330490983718448e+01 4.970104715205387436e+01 2.680564313923720121e+01 3.069326607109959587e+05
1.202595256154143222e+01 7.495139336336738722e+01 4.985059582403540190e+01 2.690923619603613304e+01 3.051157109634408844e+05
1.210449279389946753e+01 7.552812903759014773e+01 5.001921102752699255e+01 2.748420330031769865e+01 3.079562434008014388e+05
1.218303302089363527e+01 7.541856781521640585e+01 5.012689085439610892e+01 2.785313671874927621e+01 3.074447377760458621e+05
1.226157324262700676e+01 7.608649544790482366e+01 5.042075570975404020e+01 2.811751615229291801e+01 3.103893185242666514e+05
1.234011345920003322e+01 7.603068800950326533e+01 5.028775357735097629e+01 2.842443747891878303e+01 3.099225769842445734e+05
1.241865367071062565e+01 7.610232654516566697e+01 5.073110388080906574e+01 2.864346849059220901e+01 3.104572203465439379e+05
1.249719387725422415e+01 7.639445175883987815e+01 5.066207038987446509e+01 2.898857001872620387e+01 3.110718232251665322e+05
1.257573407892389383e+01 7.657948189376521952e+01 5.059519582528522363e+01 2.930912486654437998e+01 3.123528344597565592e+05
1.265427427581038877e+01 7.666421375074408218e+01 5.085973961377701613e+01 2.970311840390948888e+01 3.126118511002464220e+05
1.273281446800221772e+01 7.672404211323372181e+01 5.097973093945964962e+01 2.989346312806975803e+01 3.131618633926411858e+05
1.281135465558572584e+01 7.682555960261187522e+01 5.107880576431493580e+01 3.032270114955056428e+01 3.143402839912758791e+05
1.288989483864514796e+01 7.704889741908247913e+01 5.125963294171976514e+01 3.065005351098551856e+01 3.158580240883947699e+05
1.296843501726268322e+01 7.724590438564055717e+01 5.115100496047425338e+01 3.101845500688716228e+01 3.158718342443488073e+05
1.304697519151855190e+01 7.723446580113115090e+01 5.130580166579523649e+01 3.138295616162621471e+01 3.158742079027850414e+05
1.312551536149104692e+01 7.779405584172104682e+01 5.152122897252418454e+01 3.182737362333504194e+01 3.185891148776347400e+05
1.320405552725660492e+01 7.764262776867465732e+01 5.151927324404194763e+01 3.203441995439996504e+01 3.177407067368567805e+05
1.328259568888985243e+01 7.785003726021855641e+01 5.163921135895898828e+01 3.251648858912492557e+01 3.190617255983389332e+05
1.336113584646366270e+01 7.820203533397385343e+01 5.193348591610239851e+01 3.282164168831902629e+01 3.205863589701288147e+05
1.343967600004920548e+01 7.809279291575685988e+01 5.196409533663938873e+01 3.318837380292911377e+01 3.203893100803748239e+05
1.351821614971599317e+01 7.831943371477856886e+01 5.225764600373903335e+01 3.347029156133079653e+01 3.208292772032974754e+05
1.359675629553193588e+01 7.847727254061037172e+01 5.243350668299780892e+01 3.380921799609306078e+01 3.216879650156546268e+05
1.367529643756338231e+01 7.867055413100788996e+01 5.239668690359609826e+01 3.418400074274484979e+01 3.233206864380768384e+05
1.375383657587516595e+01 7.859872589210092997e+01 5.259018132666520984e+01 3.459532260278289328e+01 3.223856521789432736e+05
1.383237671053064766e+01 7.877037819718680112e+01 5.244661532250898262e+01 3.494446596125229831e+01 3.231316577337453491e+05
1.391091684159175834e+01 7.908611889078932222e+01 5.275689027476289539e+01 3.538520886864202453e+01 3.254550684252331266e+05
1.398945696911903269e+01 7.915997542411771803e+01 5.302144656247549648e+01 3.560450742500067634e+01 3.257054766389942961e+05
1.406799709317166069e+01 7.905205674552738060e+01 5.293479631126440665e+01 3.595287258516164997e+01 3.255490610125564272e+05
1.414653721380751428e+01 7.959377704143086874e+01 5.335385472347782354e+01 3.639515127518087212e+01 3.282218356927926070e+05
1.422507733108318817e+01 7.953809874115923151e+01 5.334667886027883554e+01 3.685223478987247603e+01 3.278254104677677969e+05
1.430361744505403543e+01 7.945190636866091438e+01 5.330539767855463396e+01 3.709517068228530690e+01 3.274531058089805301e+05
1.438215755577419586e+01 7.997113309867899034e+01 5.344722333091054622e+01 3.747951976548957020e+01 3.299406301803340320e+05
1.446069766329663686e+01 7.994345825726909993e+01 5.381149676232978152e+01 3.767280159462934108e+01 3.302944312245965702e+05
1.453923776767318010e+01 8.025856475000438195e+01 5.385405040732724302e+01 3.818078260162883453e+01 3.315418687341536279e+05
1.461777786895453346e+01 8.034933612957800619e+01 5.387184564897999195e+01 3.862353005237465453e+01 3.314928162350208149e+05
1.469631796719032302e+01 8.030263620933496327e+01 5.392802579341593372e+01 3.898895125789412219e+01 3.318268226166386157e+05
1.477485806242911437e+01 8.067403401523537809e+01 5.422670200920303785e+01 3.945717092754685495e+01 3.334962444327317062e+05
1.485339815471844993e+01 8.061184396884954140e+01 5.421210149673535028e+01 3.985096188143013762e+01 3.336092528601755621e+05
1.493193824410487203e+01 8.079077070050382758e+01 5.454077221512063289e+01 4.020713110377375443e+01 3.344901043695310946e+05
1.501047833063394421e+01 8.094167608464735508e+01 5.472270794779065994e+01 4.052887927137670943e+01 3.358698232910548104e+05
1.508901841435028857e+01 8.116152793872709026e+01 5.488111597073753956e+01 4.098746078855131003e+01 3.363266577311087749e+05
1.516755849529759992e+01 8.146713002206546150e+01 5.494984373047915938e+01 4.148758992103365273e+01 3.383962650991122355e+05
1.524609857351867070e+01 8.131121512804391216e+01 5.495836394909809997e+01 4.191243998567677664e+01 3.378036689332135138e+05
1.532463864905541762e+01 8.155592169470781982e+01 5.504651518307871072e+01 4.221886354767612204e+01 3.386524077987799537e+05
1.540317872194890292e+01 8.174962616821086669e+01 5.516437863456804536e+01 4.279490610143936635e+01 3.402325644169729203e+05
1.548171879223935399e+01 8.181751152104742175e+01 5.556406228251276502e+01 4.314079562665677514e+01 3.410176254506914411e+05
1.556025885996618996e+01 8.210515889314281424e+01 5.568071065620669202e+01 4.358955672890711952e+01 3.423576038019175176e+05
1.563879892516803238e+01 8.227098448372642281e+01 5.572965885540461528e+01 4.400724093051489660e+01 3.421428227450724225e+05
1.571733898788273187e+01 8.211827954944450880e+01 5.586308054811398449e+01 4.438317082748796594e+01 3.427365218046676018e+05
1.579587904814739119e+01 8.258776034351282647e+01 5.606466619884451319e+01 4.484917422216975069e+01 3.446759605563443620e+05
1.587441910599837769e+01 8.238751337360544369e+01 5.611379699157981094e+01 4.527735350525101410e+01 3.436944217569915927e+05
1.595295916147133575e+01 8.273419793900366415e+01 5.645482736998724249e+01 4.566288404226617104e+01 3.453686416083595250e+05
1.603149921460121874e+01 8.306287027095922326e+01 5.639384194979570708e+01 4.613777690866491099e+01 3.473970971405165037e+05
1.611003926542229436e+01 8.310381025621316553e+01 5.662511964728810909e+01 4.662518540185312332e+01 3.475726875069850357e+05
1.618857931396816596e+01 8.333060562460734388e+01 5.680873399148639891e+01 4.697721757290943145e+01 3.490808849414938013e+05
1.626711936027179561e+01 8.339819020367538371e+01 5.698840571050324399e+01 4.729960965211986235e+01 3.495261425587909762e+05
1.634565940436549525e+01 8.354157149625355316e+01 5.708195146111658147e+01 4.795285103729526099e+01 3.503843042906889459e+05
1.642419944628097639e+01 8.363356463148464570e+01 5.720992018770236598e+01 4.816379204047588303e+01 3.507423189596484299e+05
1.650273948604932883e+01 8.377563823508656071e+01 5.767740700190483949e+01 4.869941246023702064e+01 3.513774596688484889e+05
1.658127952370107394e+01 8.387091362602076572e+01 5.782139222348610019e+01 4.930110511012505015e+01 3.523872554317276226e+05
1.665981955926614333e+01 8.398720922983513049e+01 5.779284158119786952e+01 4.974133915385318971e+01 3.529059124004871119e+05
1.673835959277390728e+01 8.426982746481240838e+01 5.804760233957044591e+01 5.036306413241941726e+01 3.550991107744991896e+05
1.681689962425318896e+01 8.448473173792967827e+01 5.834058610757925578e+01 5.081484793263528132e+01 3.562922130351983942e+05
1.689543965373228218e+01 8.510459247529945515e+01 5.851159196385071937e+01 5.131740727081439246e+01 3.580836470809687744e+05
1.697397968123895495e+01 8.479344284833484835e+01 5.858088384487817990e+01 5.181316572152407929e+01 3.579207214847408468e+05
1.705251970680045304e+01 8.498476043022073156e+01 5.895508126973145124e+01 5.207051815372110326e+01 3.590603211793527007e+05
1.713105973044353902e+01 8.516550690716957206e+01 5.916402631268502432e+01 5.264896221491859052e+01 3.597096711574778892e+05
1.720959975219447102e+01 8.554351577945796237e+01 5.944350994981798664e+01 5.329832251784666397e+01 3.610122000624199864e+05
1.728813977207903463e+01 8.548779662878055774e+01 5.956111824025157375e+01 5.372758206871336739e+01 3.624402197555789608e+05
1.736667979012256424e+01 8.574011396022527265e+01 5.973987841901671203e+01 5.426609686360190921e+01 3.630181388531546691e+05
1.744521980634991110e+01 8.621753313871603552e+01 6.001677068768221091e+01 5.479392659926153897e+01 3.654877915950122988e+05
1.752375982078550365e+01 8.623299992515062229e+01 6.018830961717640804e+01 5.545726015843921886e+01 3.664220114685820881e+05
1.760229983345331917e+01 8.657923814460959022e+01 6.038095286396829664e+01 5.577964456316175301e+01 3.674694950866589788e+05
1.768083984437692635e+01 8.685484037804094726e+01 6.094753633961946804e+01 5.618333937427664893e+01 3.689155943981222808e+05
1.775937985357945692e+01 8.704772296230142103e+01 6.097538936961846190e+01 5.686434720524489705e+01 3.703472812842643471e+05
1.783791986108364824e+01 8.706699749683325251e+01 6.094449255198214388e+01 5.757465355459771672e+01 3.712280757045537466e+05
1.791645986691183268e+01 8.738891728458033015e+01 6.124051461785852979e+01 5.789112597684965777e+01 3.717073126016856404e+05
1.799499987108595889e+01 8.760502752449234265e+01 6.168786667499916376e+01 5.835090149166585860e+01 3.730631085384387989e+05
1.807353987362759185e+01 8.812741312854171838e+01 6.189811074846050332e+01 5.902617910604884344e+01 3.761723161468665348e+05
1.815207987455791638e+01 8.802082719608333150e+01 6.191861744873208551e+01 5.945175267940444996e+01 3.755277239429775509e+05
1.823061987389775851e+01 8.822732921254686289e+01 6.206907723330813553e+01 6.016847608920582502e+01 3.774806465266969753e+05
1.830915987166758541e+01 8.850971794919159663e+01 6.254454883502287288e+01 6.063602589181335389e+01 3.785581557409113157e+05
1.838769986788751964e+01 8.887602082408838555e+01 6.284735387958486541e+01 6.124045927674385581e+01 3.801720321207430097e+05
1.846623986257733563e+01 8.921869005346150061e+01 6.320881922344478454e+01 6.164728562040109239e+01 3.818227891389157739e+05
1.854477985575647381e+01 8.939942037080598425e+01 6.360925144208819404e+01 6.235534387513288834e+01 3.837148291074686567e+05
1.862331984744404423e+01 8.968992090967594777e+01 6.373241984122076076e+01 6.303031739270935674e+01 3.853784599704307038e+05
1.870185983765884075e+01 9.012306195431163758e+01 6.390987936220074772e+01 6.373104053345967657e+01 3.871021302255017217e+05
1.878039982641934458e+01 9.017362831809023760e+01 6.429917304783374732e+01 6.410417743429903226e+01 3.883059658041227376e+05
1.885893981374372075e+01 9.067433810933751204e+01 6.450966384995382441e+01 6.470168839758312629e+01 3.903444539900035597e+05
1.893747979964983941e+01 9.089593938093725001e+01 6.500822117105121833e+01 6.533058052990719489e+01 3.915368221344959456e+05
1.901601978415527228e+01 9.121587763990908115e+01 6.524210075550554677e+01 6.586099123949421141e+01 3.928419802494467585e+05
1.909455976727730331e+01 9.132423858489354984e+01 6.548261806363186111e+01 6.633385696810302079e+01 3.948127415968773421e+05
1.917309974903293579e+01 9.172900264373431867e+01 6.603545132590485878e+01 6.699745211596834338e+01 3.960667890562097891e+05
1.925163972943889235e+01 9.204705885884128236e+01 6.602407232140018323e+01 6.767995905832292181e+01 3.976992536594577250e+05
1.933017970851161849e+01 9.268103196027922763e+01 6.671251644848885576e+01 6.830803745857528497e+01 4.002813247123962501e+05
1.940871968626730748e+01 9.298105846766874549e+01 6.693016074034828478e+01 6.901351899995381700e+01 4.023195931125667994e+05
1.948725966272188259e+01 9.341565436076322726e+01 6.736569566034411594e+01 6.967876918872185854e+01 4.036646916755731800e+05
1.956579963789100773e+01 9.348157266951693600e+01 6.774807504189348606e+01 7.030367128681041322e+01 4.052448576345152687e+05
1.964433961179010524e+01 9.425563448126089838e+01 6.824750730859078374e+01 7.115179583586828471e+01 4.089491230881844531e+05
1.972287958443434519e+01 9.464673445987405387e+01 6.866062501796466222e+01 7.179750139757376814e+01 4.100107539140263689e+05
1.980141955583865965e+01 9.519921197204088514e+01 6.883330869272127472e+01 7.243224363408195643e+01 4.125902081485837116e+05
1.987995952601774619e+01 9.500424433471252428e+01 6.908388808459041286e+01 7.293890587902413358e+01 4.133117680177452276e+05
1.995849949498606790e+01 9.557795449389817577e+01 6.958120135942480999e+01 7.369839251100415822e+01 4.151654454906710889e+05
2.003703946275786052e+01 9.620035125166582191e+01 7.010439411479673311e+01 7.420351841745851118e+01 4.185076234917014372e+05
2.011557942934713950e+01 9.668469501619266282e+01 7.046261044414437436e+01 7.497222082175578350e+01 4.209028623503299314e+05
2.019411939476770712e+01 9.692758159609013546e+01 7.079307997751058679e+01 7.546681037587056551e+01 4.228953646645863773e+05
2.027265935903314542e+01 9.677797096302779778e+01 7.084422964639468034e+01 7.602759118424275186e+01 4.220183498929322814e+05
2.035119932215682326e+01 9.685917826854472423e+01 7.114684350673647373e+01 7.664577019424041282e+01 4.232049303582855500e+05
2.042973928415191054e+01 9.713932532697936040e+01 7.114378424670043444e+01 7.709129890004261654e+01 4.239401532371556968e+05
2.050827924503137467e+01 9.700209024657294776e+01 7.150176526024424106e+01 7.787055591798531395e+01 4.247225878607718623e+05
2.058681920480798766e+01 9.735731933321579845e+01 7.166645675027604057e+01 7.860463179184746707e+01 4.268178717559836805e+05
2.066535916349431901e+01 9.727701338412548182e+01 7.192673272293453124e+01 7.924092147569638200e+01 4.268238773459971417e+05
2.074389912110275347e+01 9.719957311979243286e+01 7.198900378307905612e+01 7.981356343115035656e+01 4.272040341110868030e+05
2.082243907764548752e+01 9.760974365561047250e+01 7.242800706753189388e+01 8.035681374618206974e+01 4.291815508971925592e+05
2.090097903313453642e+01 9.766690918416416878e+01 7.255769140344412449e+01 8.125702519099374399e+01 4.308440987256653025e+05
2.097951898758173783e+01 9.803061897111901146e+01 7.276115890757174043e+01 8.181983985793144143e+01 4.320362499683257774e+05
2.105805894099874109e+01 9.793154216101314091e+01 7.336259046965466268e+01 8.245124972659363038e+01 4.325735916814060765e+05
2.113659889339703568e+01 9.784099755240427498e+01 7.306334143137371484e+01 8.276102592605327857e+01 4.323634293844536878e+05
2.121513884478793344e+01 9.819228457614053696e+01 7.360308707711534737e+01 8.363099637922755392e+01 4.346410187224334222e+05
2.129367879518258277e+01 9.803944568668089232e+01 7.378395922911788318e+01 8.396914518340327049e+01 4.344481266982235829e+05
2.137221874459196869e+01 9.834798735153977134e+01 7.390787280333404397e+01 8.463689565465043074e+01 4.359840352261018124e+05
2.145075869302691274e+01 9.840551857759012933e+01 7.430780230166000422e+01 8.541619957478270919e+01 4.369916236221895088e+05
2.152929864049807307e+01 9.814607492478550910e+01 7.441899702871265276e+01 8.624144966630504427e+01 4.372599735509817256e+05
2.160783858701596571e+01 9.851855929516004551e+01 7.466928159186755920e+01 8.655580784331455391e+01 4.383040702193037141e+05
2.168637853259094683e+01 9.865945623906829098e+01 7.491886850958955790e+01 8.726015824620429839e+01 4.397231636898469878e+05
2.176491847723321982e+01 9.851055076170673885e+01 7.517568453118195748e+01 8.790627006318632652e+01 4.400746987395382021e+05
2.184345842095285306e+01 9.883847953688922416e+01 7.563423689670389649e+01 8.856255230182644311e+01 4.417487509878867422e+05
2.192199836375975508e+01 9.921235667208341624e+01 7.562947936505506163e+01 8.921558503435014131e+01 4.442372303356846096e+05
2.200053830566371005e+01 9.923191477924670778e+01 7.601389472450740925e+01 8.993802317020620762e+01 4.450762283840376185e+05
2.207907824667434582e+01 9.909434263331795023e+01 7.603853998361115885e+01 9.051151290527558047e+01 4.445314391087948461e+05
2.215761818680116590e+01 9.948974246891609141e+01 7.647498219226953609e+01 9.155365009985806068e+01 4.460857329366361373e+05
2.223615812605353526e+01 9.968341214370121861e+01 7.679576817312658932e+01 9.203562169250359659e+01 4.490404707777629374e+05
2.231469806444068738e+01 9.956763375287108886e+01 7.686551712162750505e+01 9.279128539903054218e+01 4.487177511109269690e+05
2.239323800197172432e+01 9.962280100742374600e+01 7.743225862586990615e+01 9.322435539087921086e+01 4.495959400287971948e+05
2.247177793865562023e+01 9.992552275325567734e+01 7.762256681546837456e+01 9.395403222574474000e+01 4.510300865872628638e+05
2.255031787450123204e+01 9.974319414924094929e+01 7.790925602963883989e+01 9.483288102328484115e+01 4.512754757481942070e+05
2.262885780951728165e+01 1.000055632439893429e+02 7.842919019694187455e+01 9.537834078274003957e+01 4.529166082076582243e+05
2.270739774371238440e+01 1.002781318320878370e+02 7.866256702954089519e+01 9.626017028984989565e+01 4.545442087839057785e+05
2.278593767709502771e+01 1.003884569086309995e+02 7.887879030063736252e+01 9.694160074713657593e+01 4.554448159953394788e+05
2.286447760967358178e+01 1.004105510271580357e+02 7.924269637364571395e+01 9.787014838993724197e+01 4.572668101725612069e+05
2.294301754145629957e+01 1.003585336279378311e+02 7.927700691419330781e+01 9.842919105832744719e+01 4.578990721961181844e+05
2.302155747245133455e+01 1.009248626626688576e+02 8.005583302933098366e+01 9.932236522504281595e+01 4.603786794330571429e+05
2.310009740266672296e+01 1.009023233381509215e+02 8.018508194073305617e+01 9.963116192053576015e+01 4.613480540634042700e+05
2.317863733211038380e+01 1.011461644523585619e+02 8.063872807577041613e+01 1.007148200710321504e+02 4.626804268446888309e+05
2.325717726079013303e+01 1.010512648700031804e+02 8.106713712274822115e+01 1.011553974646318323e+02 4.624283823589745443e+05
2.333571718871368716e+01 1.015654569103807461e+02 8.129870774176747261e+01 1.023204707326940337e+02 4.654777670340532204e+05
2.341425711588865965e+01 1.013009861755969183e+02 8.132504384912456885e+01 1.026424971361187488e+02 4.653836558317970484e+05
2.349279704232255384e+01 1.018667060986933990e+02 8.170377977975115869e+01 1.038272883643229676e+02 4.681320020982968272e+05
2.357133696802278067e+01 1.019650952477239656e+02 8.198045304668907818e+01 1.041031594509159959e+02 4.687290497684087604e+05
2.364987689299664453e+01 1.019526296472910758e+02 8.255550132498738947e+01 1.047812750829101702e+02 4.699943392338245758e+05
2.372841681725136453e+01 1.022616301853743153e+02 8.286963238419203037e+01 1.056018190542517772e+02 4.712300073451233329e+05
2.380695674079405322e+01 1.024515774227198079e+02 8.304681779706588429e+01 1.067892221664195489e+02 4.741628271718428005e+05
2.388549666363174140e+01 1.026156947571649738e+02 8.354329168221133273e+01 1.073087609935429043e+02 4.749302884204674046e+05
2.396403658577134976e+01 1.028623921901100999e+02 8.384167963199971041e+01 1.079311770910547637e+02 4.761653814427699544e+05
2.404257650721972439e+01 1.031435107332008982e+02 8.431813943135495037e+01 1.088025034246767007e+02 4.774464726939296233e+05
2.412111642798362254e+01 1.032800781784927011e+02 8.466352491473460873e+01 1.099593797648699081e+02 4.797780041122284019e+05
2.419965634806970556e+01 1.032007218841153247e+02 8.493487361834284854e+01 1.104317523052564383e+02 4.798658991952876677e+05
2.427819626748454596e+01 1.041724320569779820e+02 8.541579639988231065e+01 1.112768056853458774e+02 4.837986458343935665e+05
2.435673618623464520e+01 1.038878887204939474e+02 8.593791362516918753e+01 1.119633022604999439e+02 4.838465398766204016e+05
2.443527610432640529e+01 1.042240352971421373e+02 8.618917255822188395e+01 1.128740578312348077e+02 4.855821489691086463e+05
2.451381602176616425e+01 1.044723557822056819e+02 8.638395838528798265e+01 1.136856983324910999e+02 4.881312515228448319e+05
2.459235593856016067e+01 1.046053394042676388e+02 8.706292763243092736e+01 1.145807134140885637e+02 4.886977089611158008e+05
2.467089585471456203e+01 1.050029952599044378e+02 8.729667104158325230e+01 1.154186986345578987e+02 4.922234899064794299e+05
2.474943577023546126e+01 1.050993882796596779e+02 8.776947644784937097e+01 1.161736609773072360e+02 4.923247771243499010e+05
2.482797568512887310e+01 1.054140371399574150e+02 8.808973592295457422e+01 1.170414930957091713e+02 4.943970063515782240e+05
2.490651559940072346e+01 1.060564006308852072e+02 8.828855392853411388e+01 1.173430942316817465e+02 4.983122841725625331e+05
2.498505551305688144e+01 1.058252736161163483e+02 8.865475826617610267e+01 1.187978807475038110e+02 4.980371976530089159e+05
2.506359542610313440e+01 1.061712985090490378e+02 8.950035337236245425e+01 1.196210689292194189e+02 4.991974850977263413e+05
2.514213533854519511e+01 1.062537667174293006e+02 8.983921903724055369e+01 1.204706864745153894e+02 5.016693903631133144e+05
2.522067525038871239e+01 1.069913694705903566e+02 9.039598030586012101e+01 1.216775139823231910e+02 5.043579771572811296e+05
2.529921516163925688e+01 1.064669970969558648e+02 9.046931179792706246e+01 1.220934856759242138e+02 5.040211278891043039e+05
2.537775507230233529e+01 1.072726773101432087e+02 9.122834890289510668e+01 1.232783513733098744e+02 5.072158231064399588e+05
2.545629498238338684e+01 1.070515950627056867e+02 9.136548706536629538e+01 1.236648635012927855e+02 5.069368187568907742e+05
2.553483489188777966e+01 1.080317805093427097e+02 9.219668125235681089e+01 1.246946806413087501e+02 5.119149625198603608e+05
2.561337480082082152e+01 1.078659285613072569e+02 9.252384806385109073e+01 1.256927703248022965e+02 5.126476301071792259e+05
2.569191470918774911e+01 1.081569703851435662e+02 9.324284062150684349e+01 1.269628157407469615e+02 5.135719279600712471e+05
2.577045461699373874e+01 1.083274610491488517e+02 9.370916446318159387e+01 1.275093409818431809e+02 5.141900403016472119e+05
2.584899452424390631e+01 1.085548034023519079e+02 9.388037892673742135e+01 1.283620749966016490e+02 5.183782011263669701e+05
2.592753443094329668e+01 1.085088351545748395e+02 9.426628713441533591e+01 1.292152245874997050e+02 5.189504064547260641e+05
2.600607433709690852e+01 1.094179736076756484e+02 9.471048510017803324e+01 1.308589003299554463e+02 5.228909619893913041e+05
2.608461424270966944e+01 1.097130358537001911e+02 9.523460347648281754e+01 1.312731911887302658e+02 5.241119838881252799e+05
2.616315414778644310e+01 1.100389067005098980e+02 9.562936047577869658e+01 1.319883615893166109e+02 5.265864177811429836e+05
2.624169405233205055e+01 1.099115112935696459e+02 9.658267160430335707e+01 1.326190623708658336e+02 5.253217755326571641e+05
2.632023395635124174e+01 1.101234623255608369e+02 9.691359316748118147e+01 1.337453205573136188e+02 5.284321308041582815e+05
2.639877385984871694e+01 1.107804883252244110e+02 9.730558578000238867e+01 1.351446006414917065e+02 5.320438684132780181e+05
2.647731376282911953e+01 1.109835312946715931e+02 9.789530823340996335e+01 1.361997594713764670e+02 5.345423835485742893e+05
2.655585366529703606e+01 1.114034864866833630e+02 9.842263033401376049e+01 1.377639291664454220e+02 5.357218117757972796e+05
2.663439356725699980e+01 1.116208062025332310e+02 9.868144070163333481e+01 1.378021311405923939e+02 5.386849960174730513e+05
2.671293346871349428e+01 1.115166257673720196e+02 9.926634586228422563e+01 1.390323615983674870e+02 5.397292754923476605e+05
2.679147336967094617e+01 1.121547528363826416e+02 9.951113032400724023e+01 1.399334698409502948e+02 5.423303370348968310e+05
2.687001327013372531e+01 1.127323355018467339e+02 1.001804043362202208e+02 1.402807927136745150e+02 5.440449510098482715e+05
2.694855317010616602e+01 1.125598488541272104e+02 1.001235992885810475e+02 1.413337315151084113e+02 5.445339443643041886e+05
2.702709306959254221e+01 1.136740328003185709e+02 1.014718802399298880e+02 1.429504210886878752e+02 5.504425143533832161e+05
2.710563296859707094e+01 1.140406448563629027e+02 1.017890363880059823e+02 1.440538471240412832e+02 5.527848520025332691e+05
2.718417286712393377e+01 1.138725839354329850e+02 1.020807642761386518e+02 1.447155049890851330e+02 5.551969711603175383e+05
2.726271276517725894e+01 1.142996114845820443e+02 1.028119478475058628e+02 1.454893818302652448e+02 5.575633381435747724e+05
2.734125266276112498e+01 1.147543760639793504e+02 1.032627036367181859e+02 1.473891277072182788e+02 5.590923416989995167e+05
2.741979255987956776e+01 1.146054768195462970e+02 1.041554291077815009e+02 1.472501074932046095e+02 5.586663398825969780e+05
2.749833245653658054e+01 1.147136722384587841e+02 1.042977120918668703e+02 1.485203693652535435e+02 5.594287729741046205e+05
2.757687235273609616e+01 1.147412772322325480e+02 1.044737308521528689e+02 1.492858416342475323e+02 5.612406095016170293e+05
2.765541224848202262e+01 1.154393666207674443e+02 1.049744115593002931e+02 1.504019533527717272e+02 5.655544919499550015e+05
2.773395214377820395e+01 1.157463442574973982e+02 1.063915904502505896e+02 1.511571002675360091e+02 5.692788120331143728e+05
2.781249203862845576e+01 1.162030753965459553e+02 1.065035300734252104e+02 1.526258287399510607e+02 5.685817941809364129e+05
2.789103193303654038e+01 1.162341584025260204e+02 1.062584042825701829e+02 1.531130935332851664e+02 5.728601929381426889e+05
2.796957182700618816e+01 1.158269940204814503e+02 1.069948408564505513e+02 1.543341397704797942e+02 5.685940783589392668e+05
2.804811172054107615e+01 1.160160951312301734e+02 1.069708046700792892e+02 1.549688357445998861e+02 5.701308327109704260e+05
2.812665161364485655e+01 1.172255867465223673e+02 1.079909492623021379e+02 1.562915494448342599e+02 5.785948486708556302e+05
2.820519150632112115e+01 1.164307341523617367e+02 1.087249228592703645e+02 1.570952951531533301e+02 5.779632471557977842e+05
2.828373139857343332e+01 1.161437370561957749e+02 1.084233473172048008e+02 1.573633996131047184e+02 5.762778158644742798e+05
2.836227129040531736e+01 1.162563950127505734e+02 1.084814909496008113e+02 1.573523834830349983e+02 5.757158075682070339e+05
2.844081118182025847e+01 1.167856985387655726e+02 1.091286624725748453e+02 1.599924314284485547e+02 5.813813766103148228e+05
2.851935107282169923e+01 1.164398036235872098e+02 1.096419191333718288e+02 1.605411430362327110e+02 5.804543763679770054e+05
2.859789096341304315e+01 1.162687562133345409e+02 1.097253552695939476e+02 1.613330323859686359e+02 5.803994674349841662e+05
2.867643085359765820e+01 1.164514514023034053e+02 1.107147072598186952e+02 1.627999620651245891e+02 5.789008939298901241e+05
2.875497074337888392e+01 1.170155755992633146e+02 1.103018492140639069e+02 1.631027979391338931e+02 5.827912564058150165e+05
2.883351063276001369e+01 1.174024042925235420e+02 1.113290825425300881e+02 1.642215136599205607e+02 5.856749743181971135e+05
2.891205052174430890e+01 1.171323057693235938e+02 1.118063167879820554e+02 1.655946502264595779e+02 5.875503447485857178e+05
2.899059041033499184e+01 1.167748299971675436e+02 1.122222424661301829e+02 1.662372898865931461e+02 5.900761185326331761e+05
2.906913029853525643e+01 1.170266746688210446e+02 1.125768626722027221e+02 1.667563637971240951e+02 5.868062454686530400e+05
2.914767018634825746e+01 1.169765305079165643e+02 1.132302477402313912e+02 1.681270333306996463e+02 5.896819810216393089e+05
2.922621007377712132e+01 1.177586499388371237e+02 1.139340696485037796e+02 1.692805569808036807e+02 5.957309387482900638e+05
2.930474996082492822e+01 1.179554552914589607e+02 1.133872788215567482e+02 1.702057670170145229e+02 5.960473308337973431e+05
2.938328984749474060e+01 1.177480649520295373e+02 1.144963653477682897e+02 1.708781063403715450e+02 5.976720603600363247e+05
2.946182973378957826e+01 1.172588075906328697e+02 1.147673474376921092e+02 1.724150319444435695e+02 5.974317499264206272e+05
2.954036961971243258e+01 1.180189005018310837e+02 1.151472429565197615e+02 1.736977241133136829e+02 6.003966202342356555e+05
2.961890950526625943e+01 1.182646265333970916e+02 1.162295059263923775e+02 1.743466681561592964e+02 6.043707697310571093e+05
2.969744939045398979e+01 1.188643139918217599e+02 1.158499849477984185e+02 1.757188961766266857e+02 6.074859053342683474e+05
2.977598927527852268e+01 1.172562130833979950e+02 1.170784134859191425e+02 1.766390455802468011e+02 5.998315625247256830e+05
2.985452915974272159e+01 1.186191277685538950e+02 1.177557264044757375e+02 1.760917904004920445e+02 6.102214689767851960e+05
2.993306904384942868e+01 1.189065760774407323e+02 1.183024061547133385e+02 1.783958492245764660e+02 6.139692871469211532e+05
3.001160892760143994e+01 1.205397913626906217e+02 1.188542904743144959e+02 1.806410698687504350e+02 6.207944533309128601e+05
3.009014881100154071e+01 1.200731456167879116e+02 1.189019520084420520e+02 1.806736931142175422e+02 6.201593712518641260e+05
3.016868869405248077e+01 1.190636146516616662e+02 1.191196394250839603e+02 1.814792986905708574e+02 6.193359176722982666e+05
3.024722857675697441e+01 1.203964707003588757e+02 1.213486098283359098e+02 1.836123432134272093e+02 6.277071560440246249e+05
3.032576845911771457e+01 1.215790590401964977e+02 1.201032312872494145e+02 1.842597969719340654e+02 6.302188423165893182e+05
3.040430834113736580e+01 1.199779225127794149e+02 1.203293814787443807e+02 1.830486971315587255e+02 6.264786894911401905e+05
3.048284822281856421e+01 1.227026031158335826e+02 1.232630018465555679e+02 1.892298605031097907e+02 6.373285155298853060e+05
3.056138810416392460e+01 1.223283672053981803e+02 1.234090602120238884e+02 1.884733082429170850e+02 6.377510214612405980e+05
3.063992798517602267e+01 1.224127971795940510e+02 1.221186360746237511e+02 1.892289325598700032e+02 6.382010394859905355e+05
3.071846786585741640e+01 1.229823721196015072e+02 1.227481393989049536e+02 1.896548074542738220e+02 6.444253484381628223e+05
3.079700774621063886e+01 1.243097839693077447e+02 1.257358991688946190e+02 1.935817113070336291e+02 6.489497709825431230e+05
3.087554762623818760e+01 1.248066545183896352e+02 1.248131841318234052e+02 1.943847568166410156e+02 6.522966015927464468e+05
3.095408750594254599e+01 1.243215654242249855e+02 1.266530930772246109e+02 1.962541789388673976e+02 6.574749515720645431e+05
3.103262738532617249e+01 1.250397576613251687e+02 1.259633368161277502e+02 1.946594594477144540e+02 6.601022556269295746e+05
3.111116726439149005e+01 1.244365369626372484e+02 1.296048163371521298e+02 1.967194982423266936e+02 6.585853781663611298e+05
3.118970714314090387e+01 1.265673878525362852e+02 1.276556501734394686e+02 1.981257396988490029e+02 6.652703878263542429e+05
3.126824702157679781e+01 1.261491118673292107e+02 1.293672664996632591e+02 1.987245737206632157e+02 6.607563430203557946e+05
3.134678689970152377e+01 1.256708387640014024e+02 1.295596454590912572e+02 2.021868382595577316e+02 6.658987714097877033e+05
3.142532677751741588e+01 1.261609575600019753e+02 1.296479963467805305e+02 2.013253687259215781e+02 6.714756193735776469e+05
3.150386665502678696e+01 1.267052955761031541e+02 1.328347325999554585e+02 2.050522185274266462e+02 6.744542060313468101e+05
3.158240653223192140e+01 1.277358248367412585e+02 1.322823806149390862e+02 2.036453997004561813e+02 6.750885969559776131e+05
3.166094640913508229e+01 1.291031220526604670e+02 1.348981399830533974e+02 2.047402714192367057e+02 6.867832026049200213e+05
3.173948628573851494e+01 1.280312589923750863e+02 1.332859001165550694e+02 2.072121692684294203e+02 6.784509038609790150e+05
3.181802616204443623e+01 1.298488136236132675e+02 1.333307676332487972e+02 2.077651860975145723e+02 6.947123447893395787e+05
3.189656603805504531e+01 1.312815641241077174e+02 1.347253865158947690e+02 2.104724319026213095e+02 6.959019342232003110e+05
3.197510591377251998e+01 1.297869977627909179e+02 1.358504006323587419e+02 2.117886613045616002e+02 6.941400615053437650e+05
3.205364578919900964e+01 1.300543915898020089e+02 1.372558882506480984e+02 2.110328615904042238e+02 7.052874041776037775e+05
3.213218566433665302e+01 1.334108460564280563e+02 1.375017619055822706e+02 2.165816615945454089e+02 7.126294605397649575e+05
3.221072553918755688e+01 1.326692518477166800e+02 1.388023105155915005e+02 2.156833570165031801e+02 7.167872565180014353e+05
3.228926541375382442e+01 1.309579469797858451e+02 1.391126656346676214e+02 2.145346455999631701e+02 7.058064045449305559e+05
3.236780528803751622e+01 1.311041056147644213e+02 1.391732272403764341e+02 2.144399494240060733e+02 6.953331340130183380e+05
3.244634516204068575e+01 1.342073990736295173e+02 1.393537735680301353e+02 2.240102256091573452e+02 7.149734671565766912e+05
3.252488503576537227e+01 1.331951473998653626e+02 1.431914210115636763e+02 2.225249684746628134e+02 7.150433010202429723e+05
3.260342490921358660e+01 1.336820715813719573e+02 1.418639620771277805e+02 2.226112910392571962e+02 7.304199688508429099e+05
3.268196478238731828e+01 1.376451925508505951e+02 1.405952789568592323e+02 2.259431763096705765e+02 7.473772629589833086e+05
3.276050465528854261e+01 1.348627182450512976e+02 1.449455072531957569e+02 2.308167576378355932e+02 7.393476439630775712e+05
3.283904452791921358e+01 1.348384278452401759e+02 1.471958378398584273e+02 2.282446588585174538e+02 7.262831732614219654e+05
3.291758440028127097e+01 1.381310608620281357e+02 1.466529065950619213e+02 2.289149211560483366e+02 7.468035778237117920e+05
3.299612427237663326e+01 1.384104380209709859e+02 1.479347021815596577e+02 2.322845790959081569e+02 7.624382574564142851e+05
3.307466414420719758e+01 1.383866738650462764e+02 1.469711691756628795e+02 2.307651747805115292e+02 7.515448277912132908e+05
3.315320401577483977e+01 1.406902926394880069e+02 1.472057258107287794e+02 2.274541986603181840e+02 7.739474736315977061e+05
3.323174388708143567e+01 1.366270822046273850e+02 1.464073514607181892e+02 2.308439572838682068e+02 7.503724943169117905e+05
3.331028375812883269e+01 1.439380804413912074e+02 1.477728759359688127e+02 2.361886045411625332e+02 7.812468293022291036e+05
3.338882362891884981e+01 1.408810825631606747e+02 1.530582013985905121e+02 2.425585835060781221e+02 7.736242100764677161e+05
3.346736349945329891e+01 1.404911380977213184e+02 1.491783650089885214e+02 2.368569259904829494e+02 7.722569400787281338e+05
3.354590336973399189e+01 1.467935235057905459e+02 1.500814553048228959e+02 2.409104000346808334e+02 7.940023342931802617e+05
3.362444323976268379e+01 1.509043633849146602e+02 1.607392020729801914e+02 2.584771123137655309e+02 8.115062178924310720e+05
3.370298310954115806e+01 1.454354428058065309e+02 1.513928645559297195e+02 2.473266284328173583e+02 8.019976184700566810e+05
3.378152297907114132e+01 1.440918549054404991e+02 1.572000639543280727e+02 2.456033796418425936e+02 8.005815246248705080e+05
3.386006284835436730e+01 1.466056483306369103e+02 1.525644185196326248e+02 2.515183958022632282e+02 7.991728629136647796e+05
3.393860271739255552e+01 1.494594952376322965e+02 1.615255773727882911e+02 2.537323143631590767e+02 8.195409744463696843e+05
3.401714258618739706e+01 1.487736947883334153e+02 1.594284777317936914e+02 2.455856990279489764e+02 8.135669196876222268e+05
3.409568245474058301e+01 1.596266750597771704e+02 1.665553256400804685e+02 2.554557263083397913e+02 9.006346465415193234e+05
3.417422232305376895e+01 1.531187468608085851e+02 1.594407342971823027e+02 2.592467335775896231e+02 8.755157302649271442e+05
3.425276219112861043e+01 1.498331584220689479e+02 1.647799386760745790e+02 2.506669510789210165e+02 8.503402342827712419e+05
3.433130205896674880e+01 1.627768327358575107e+02 1.748278412577919596e+02 2.664017820267911247e+02 9.422269911793677602e+05
3.440984192656979701e+01 1.705508649403437573e+02 1.676245127865298628e+02 2.760213479136407386e+02 8.756501926631944953e+05
3.448838179393936088e+01 1.537632890421796787e+02 1.711260089515787683e+02 2.705615823700295550e+02 7.831884192003064090e+05
3.456692166107702491e+01 1.661232025949693139e+02 1.968952436590098216e+02 3.218800933282234382e+02 7.984957967206565663e+05
3.464546152798438072e+01 1.797083876329072893e+02 1.375313277827064269e+02 2.255547259806914440e+02 9.596416669904418522e+05
3.472400139466299152e+01 1.471775737969917088e+02 1.975970336487278018e+02 3.195575488374654469e+02 9.614531224470010493e+05
