# 0.9897 0.997
7.871241428633635184e-02 2.940508950961360224e+00 2.767190540105310959e+00 3.867120057129568803e-03 1.685035961093400829e+03
1.618072713909662341e-01 8.261990257387887837e+00 7.581099995089011223e+00 1.959129981683669156e-02 6.748030258162727478e+03
2.418771330418761079e-01 1.016859727398914970e+01 9.403738738112426887e+00 2.422992567213306386e-02 9.278383392896947043e+03
3.211923215201240578e-01 1.620013026519621135e+01 1.470968998353891877e+01 5.871739462462896575e-02 1.797221472770778200e+04
4.002017901256537113e-01 2.084988013671459228e+01 1.871559289229652379e+01 8.489923384341989399e-02 2.553602091950537579e+04
4.790568272527075955e-01 2.004902576863065988e+01 1.807126467801028724e+01 9.885991944230700101e-02 2.494952585928507688e+04
5.578229290343351687e-01 2.847182033783282407e+01 2.558741349373001484e+01 1.412886128738634062e-01 3.656283222504146397e+04
6.365331115321660738e-01 3.010102716522695943e+01 2.685695944906243326e+01 1.817546810743275731e-01 3.900053081135891262e+04
7.152058371535838788e-01 3.167714599857044533e+01 2.819302959457452218e+01 2.156209658340458302e-01 4.508232479141418298e+04
7.938522421846891941e-01 3.319258040324457681e+01 2.950958173663218531e+01 2.513949820338443053e-01 4.648338834717663849e+04
8.724794443688169698e-01 3.499215593892677845e+01 3.107347374914457561e+01 2.946311679771363989e-01 5.068532707582880539e+04
9.510922062407737299e-01 3.737362943451122987e+01 3.300301281554707344e+01 3.275777543581095963e-01 5.557935527058815933e+04
1.029693835175838679e+00 3.755343240029892371e+01 3.305340336591520867e+01 3.829741885609519447e-01 5.710587679394425504e+04
1.108286699878543891e+00 3.840817501521862454e+01 3.377561890444466997e+01 4.309653879560853551e-01 5.957281573427323747e+04
1.186872541411916560e+00 3.947695730850863782e+01 3.475037016334022155e+01 4.783026787613814945e-01 6.309919615750626690e+04
1.265452668213572940e+00 4.054616260648258930e+01 3.573177395792053090e+01 5.112561868404413845e-01 6.636582388664867904e+04
1.344028082638708543e+00 4.253652098339630783e+01 3.708745543900957387e+01 5.777099046523777037e-01 7.203407955179110286e+04
1.422599565533279709e+00 4.251621682640672617e+01 3.708178004938109495e+01 6.053347696323355676e-01 7.181587907522841124e+04
1.501167734229200246e+00 4.223352585573233142e+01 3.663444443934210426e+01 7.067876977788457582e-01 7.569100703216536203e+04
1.579733083222462531e+00 4.375729300014219803e+01 3.768068384663026649e+01 7.688153915976311259e-01 8.209489756058000785e+04
1.658296013281593151e+00 4.158027712110796870e+01 3.562565209481964956e+01 8.127799141357323620e-01 8.249801036420349556e+04
1.736856852652245875e+00 4.298500076459135499e+01 3.673898460717253300e+01 8.961117840521141131e-01 8.348231623740548093e+04
1.815415872753641580e+00 4.151725209818785345e+01 3.533123931451424227e+01 9.353556376095220060e-01 8.643354837931212387e+04
1.893973299967037560e+00 4.245486657774032579e+01 3.596384357501062112e+01 1.011345581677477234e+00 9.041983371539537620e+04
1.972529324606241641e+00 4.189248519742406529e+01 3.520943735503237093e+01 1.085259978439958140e+00 9.425421712030214258e+04
2.051084107826015579e+00 4.147847228468884850e+01 3.468511695894760294e+01 1.163782823441120495e+00 9.680593397894830559e+04
2.129637787001040561e+00 4.249532510135887264e+01 3.509980232552502599e+01 1.273908028099132173e+00 1.017768512318229477e+05
2.208190479956450680e+00 4.134825329547807371e+01 3.399039165897348624e+01 1.368368138221818908e+00 1.030505998790368903e+05
2.286742288326184092e+00 4.045744571239319498e+01 3.324108938269333180e+01 1.384290521120858930e+00 1.033705926227830496e+05
2.365293300241981811e+00 4.075061101765545146e+01 3.330285822984497202e+01 1.478552731756013650e+00 1.038412324027541326e+05
2.443843592503681883e+00 4.070021625999544312e+01 3.315208107189518927e+01 1.546085773161322896e+00 1.089599488990624959e+05
2.522393232343909553e+00 4.000757181075504576e+01 3.220796102504924363e+01 1.681302557167318357e+00 1.126645988201167202e+05
2.600942278872942381e+00 4.094987995951385074e+01 3.260221097417370828e+01 1.787747896619351184e+00 1.173712398550527141e+05
2.679490784269383141e+00 3.961214291603569393e+01 3.146791192109352409e+01 1.857965322049753398e+00 1.166280712627414759e+05
2.758038794767343038e+00 4.044950938914067962e+01 3.197783526567681278e+01 1.950553366426341695e+00 1.203375578841099486e+05
2.836586351479573942e+00 4.048736022359202025e+01 3.154214720336376487e+01 2.093675316597170877e+00 1.254611915021656459e+05
2.915133491087511963e+00 3.994397232719909852e+01 3.127138153709243795e+01 2.124711973831334699e+00 1.238249143251581991e+05
2.993680246422668834e+00 4.004779455179029668e+01 3.108415568533521522e+01 2.241603537657957723e+00 1.252875827200055355e+05
3.072226646958827967e+00 4.066301653991061471e+01 3.131223249819097632e+01 2.376126241437325870e+00 1.311271953909939039e+05
3.150772719230606977e+00 4.017519292946871445e+01 3.079428379391585224e+01 2.475858431434725393e+00 1.322556966746040271e+05
3.229318487190934395e+00 3.974269316982319822e+01 3.060177196926943211e+01 2.524288473738224070e+00 1.311873641459170321e+05
3.307863972517584905e+00 3.982575384962186149e+01 3.044535476123258988e+01 2.652904516435168336e+00 1.342460224583462987e+05
3.386409194877053608e+00 4.026755903187287089e+01 3.060268589895316538e+01 2.768884749368607068e+00 1.382015668663202960e+05
3.464954172152534095e+00 4.142009066453457677e+01 3.142727185074160090e+01 2.875967190532603635e+00 1.409776539739298169e+05
3.543498920641575456e+00 4.147708970678958451e+01 3.129917444879897559e+01 3.033322956056636155e+00 1.438144907658688317e+05
3.622043455228019404e+00 4.116597291685560833e+01 3.095454045264445142e+01 3.098640252624747848e+00 1.456403432715108793e+05
3.700587789532037597e+00 4.187657505692185111e+01 3.139329291889599816e+01 3.246900976779631520e+00 1.487080343653227319e+05
3.779131936041457696e+00 4.172050448366468345e+01 3.116929262591447980e+01 3.426256779512501183e+00 1.492582429339435766e+05
3.857675906227046259e+00 4.229192316470951596e+01 3.154251672476468826e+01 3.390260786965252127e+00 1.509472670544651046e+05
3.936219710643986680e+00 4.263348404190062979e+01 3.165496653265761395e+01 3.573495990559176327e+00 1.547092989021967805e+05
4.014763359021444877e+00 4.284393811390827977e+01 3.173137831908706730e+01 3.726422314525278612e+00 1.540728377878692409e+05
4.093306860341824560e+00 4.385484095793326276e+01 3.240442992125334598e+01 3.872279214013292670e+00 1.589918146398726094e+05
4.171850222911064776e+00 4.379339689590813123e+01 3.227497214966484052e+01 4.017459544763448243e+00 1.593157815411264019e+05
4.250393454421145911e+00 4.303860927349206378e+01 3.175171887058574072e+01 4.084934288456959273e+00 1.588516820778752153e+05
4.328936562005788247e+00 4.428443703795363007e+01 3.252195006747980699e+01 4.213047072350311062e+00 1.647933393025733239e+05
4.407479552290201497e+00 4.456875871046378990e+01 3.268033044609153137e+01 4.389800803400402351e+00 1.665260366096694779e+05
4.486022431435594982e+00 4.424322368271269568e+01 3.224542343691101820e+01 4.512557180384289879e+00 1.658848919818411814e+05
4.564565205179107465e+00 4.498431465397658968e+01 3.279519719605675476e+01 4.659055429808613091e+00 1.700347243908316887e+05
4.643107878869670024e+00 4.580671121888463659e+01 3.338861284565988541e+01 4.765793768620082638e+00 1.725542386616246949e+05
4.721650457500300213e+00 4.536863052458124912e+01 3.308407865191051656e+01 4.883410732057983594e+00 1.730262800851632201e+05
4.800192945737217443e+00 4.613514418753639035e+01 3.336985316550366321e+01 5.113948159129871662e+00 1.764320442927995464e+05
4.878735347946150824e+00 4.638115694037906422e+01 3.336090121934399377e+01 5.243866317022700230e+00 1.776292384353736707e+05
4.957277668216146793e+00 4.658086585867744844e+01 3.360610572107569283e+01 5.398035602242848618e+00 1.787998067549855623e+05
5.035819910381144737e+00 4.655816296472045224e+01 3.355498989858259051e+01 5.555580554195670651e+00 1.800676477348027693e+05
5.114362078039562221e+00 4.730644805715847667e+01 3.392477779154319961e+01 5.669299439100900173e+00 1.833266893131330144e+05
5.192904174572115394e+00 4.766446743829689581e+01 3.407258852382003766e+01 5.846742071983408451e+00 1.848006662762173801e+05
5.271446203158030919e+00 4.800885364325383620e+01 3.428204936112132373e+01 6.020509327525816801e+00 1.875566421852303320e+05
5.349988166789838573e+00 4.814914439759251508e+01 3.443972795553005284e+01 6.133525060338828716e+00 1.879483420368794177e+05
5.428530068286878674e+00 4.861298469367230979e+01 3.455873600032438731e+01 6.331063533513573205e+00 1.912068439168074110e+05
5.507071910307648643e+00 4.871347195989859102e+01 3.477264264318952058e+01 6.423422357090701418e+00 1.914588520112149708e+05
5.585613695361120179e+00 4.967129706206198847e+01 3.522689826354806542e+01 6.702419574672137337e+00 1.959227330368076800e+05
5.664155425817094525e+00 4.978199918513593758e+01 3.520763455114049378e+01 6.863079836588513061e+00 1.964148344344480720e+05
5.742697103915729961e+00 4.984089715299724332e+01 3.520919384613146974e+01 6.999745355544295222e+00 1.976076096479601983e+05
5.821238731776284148e+00 5.004174590306937631e+01 3.512239339287221895e+01 7.195111032348684432e+00 1.999665452104488213e+05
5.899780311405160127e+00 5.030241793265351902e+01 3.541734557490973856e+01 7.326654690334519771e+00 2.004147339730079693e+05
5.978321844703323507e+00 5.034838199909459888e+01 3.551507775490745189e+01 7.419701743723890353e+00 2.008154524410896702e+05
6.056863333473133437e+00 5.089674981987634794e+01 3.563963449436339914e+01 7.606248226949246849e+00 2.045802433022818004e+05
6.135404779424661115e+00 5.172705751133902652e+01 3.601884184462695515e+01 7.864759542673374959e+00 2.083396066545856884e+05
6.213946184181517118e+00 5.172983913577795079e+01 3.619828455081430718e+01 8.018930560262562679e+00 2.085891738165520655e+05
6.292487549286247983e+00 5.221799453050737583e+01 3.636255706272583410e+01 8.096346202862592989e+00 2.110101523862322210e+05
6.371028876205335756e+00 5.228902153707696243e+01 3.623930393462217125e+01 8.396285204520657075e+00 2.103834473933523404e+05
6.449570166333828070e+00 5.290916497114876194e+01 3.674351038794163316e+01 8.582444026307078033e+00 2.153375966140279197e+05
6.528111420999634262e+00 5.324822631634985015e+01 3.692255993058174113e+01 8.745652003335818492e+00 2.161580790034238016e+05
6.606652641467518627e+00 5.347352780086546176e+01 3.712451550330801098e+01 8.957466922599893522e+00 2.171019541262084967e+05
6.685193828942805006e+00 5.377277468753585765e+01 3.705408800415015236e+01 9.141306539794628705e+00 2.174747036455514317e+05
6.763734984574836240e+00 5.353336899528680703e+01 3.694709034509969570e+01 9.309184041251256758e+00 2.183022213561471435e+05
6.842276109460177835e+00 5.438336152366849063e+01 3.736961396555249593e+01 9.430498849620940760e+00 2.206786608535338601e+05
6.920817204645620890e+00 5.417630572138463663e+01 3.732803077617009535e+01 9.602415295548686558e+00 2.211169744504312403e+05
6.999358271130968312e+00 5.502764899313749680e+01 3.775399758946967665e+01 9.927527008619675186e+00 2.245782771517179790e+05
7.077899309871646949e+00 5.579552448083956762e+01 3.836304433963451999e+01 1.008998201286514629e+01 2.279037096228806477e+05
7.156440321781138536e+00 5.547148243130746437e+01 3.810500930922084706e+01 1.022277082458669462e+01 2.269128385242493823e+05
7.234981307733260536e+00 5.572985267895759165e+01 3.808096265183669260e+01 1.046247440786742899e+01 2.286027502600898733e+05
7.313522268564292439e+00 5.574463188697745863e+01 3.825623503867571884e+01 1.064224672086485768e+01 2.289435612614157435e+05
7.392063205074973276e+00 5.614677899479661249e+01 3.849123222887402562e+01 1.083338455237063336e+01 2.299234209258641058e+05
7.470604118032365015e+00 5.628504533534162846e+01 3.843626959020205192e+01 1.101698054628495882e+01 2.321674851370101969e+05
7.549145008171610272e+00 5.673151300090479054e+01 3.881863006784460879e+01 1.122339648861381711e+01 2.331103737025329319e+05
7.627685876197570103e+00 5.742059312658206949e+01 3.907150202787657634e+01 1.146502121696788379e+01 2.354822614826390927e+05
7.706226722786373884e+00 5.770966540627399155e+01 3.924264671747093303e+01 1.167681521327984129e+01 2.374709438644397887e+05
7.784767548586863484e+00 5.783795159810248521e+01 3.916573609230232478e+01 1.193925574649166066e+01 2.376107913360661478e+05
7.863308354221953955e+00 5.782364231395066412e+01 3.935847990743659608e+01 1.199975474550178944e+01 2.379142120017094130e+05
7.941849140289923170e+00 5.822665171698929498e+01 3.935365196756879413e+01 1.231551756306920886e+01 2.390076004683010979e+05
8.020389907365611748e+00 5.885501746032210235e+01 3.975261288184911734e+01 1.246090900877999808e+01 2.431430368325274903e+05
8.098930656001561701e+00 5.930399741024309890e+01 4.018036720697621433e+01 1.271969326257182331e+01 2.444885946459270781e+05
8.177471386729090241e+00 5.924400925151474695e+01 4.014044001112201698e+01 1.286948324353276973e+01 2.438332138081086159e+05
8.256012100059292536e+00 5.982956153803598198e+01 4.056436257088895303e+01 1.314276927491742697e+01 2.459337305829423422e+05
8.334552796484000936e+00 5.969800898806366973e+01 4.040660285977259036e+01 1.328523735103727432e+01 2.462526292412059556e+05
8.413093476476680266e+00 6.042220904282593352e+01 4.042430757077907089e+01 1.356756894270228919e+01 2.490907887202832208e+05
8.491634140493276917e+00 6.045657156748784899e+01 4.077277198233051791e+01 1.382112591850411576e+01 2.490777746926798718e+05
8.570174788973028868e+00 6.063071867653922453e+01 4.069617696766250248e+01 1.409355053347013609e+01 2.501561010381311935e+05
8.648715422339215309e+00 6.110603187012783621e+01 4.095614872540895846e+01 1.426292137313300579e+01 2.527919049081135890e+05
8.727256040999876063e+00 6.115567043142100800e+01 4.107182422530281229e+01 1.444001787091128364e+01 2.535674297803521913e+05
8.805796645348495488e+00 6.167687987016553564e+01 4.130055984252787482e+01 1.473754343131311551e+01 2.541253280882958788e+05
8.884337235764643737e+00 6.152244706880382807e+01 4.127511537659923135e+01 1.490888387359916400e+01 2.544537211780651705e+05
8.962877812614589601e+00 6.152773143591987548e+01 4.125791859607559786e+01 1.520208788127657051e+01 2.546125226865146542e+05
9.041418376251867173e+00 6.256816661232360843e+01 4.179007629760852183e+01 1.544221771389279674e+01 2.582115017231662932e+05
9.119958927017840722e+00 6.281225295051684299e+01 4.210518920470104121e+01 1.562470583388969736e+01 2.597947521761896205e+05
9.198499465242209183e+00 6.282485802239014561e+01 4.209617029264016708e+01 1.588596905800548420e+01 2.597887068699487136e+05
9.277039991243508865e+00 6.317524619348720449e+01 4.227046173145745200e+01 1.613125086155292820e+01 2.610771868376394850e+05
9.355580505329580632e+00 6.338873122470597110e+01 4.204459305188533591e+01 1.641991509014125583e+01 2.625295975674694055e+05
9.434121007798012215e+00 6.369590972741247015e+01 4.236625401195737339e+01 1.665072125568217842e+01 2.630193234449812444e+05
9.512661498936562765e+00 6.368020637575192922e+01 4.238319812939643327e+01 1.681374952158498104e+01 2.647223228924589930e+05
9.591201979023569635e+00 6.426230932161402620e+01 4.278105942102818204e+01 1.714046914710649006e+01 2.658688038410959416e+05
9.669742448328321416e+00 6.416646071493475745e+01 4.262433641576458143e+01 1.736019422682250735e+01 2.659703284770383034e+05
9.748282907111432749e+00 6.466550388553436335e+01 4.297024942207386999e+01 1.755574154388296293e+01 2.686892985754993861e+05
9.826823355625185386e+00 6.449476635764268906e+01 4.283417666918360567e+01 1.780550889696885974e+01 2.673218358566116076e+05
9.905363794113858589e+00 6.500919217330974220e+01 4.322932398277517763e+01 1.810753372454542998e+01 2.690596113624993013e+05
9.983904222814045326e+00 6.525566980438885878e+01 4.326860591580914672e+01 1.836178751987928592e+01 2.705388096486557624e+05
1.006244464195495070e+01 6.539770905758321362e+01 4.343336232490120352e+01 1.856699295191388899e+01 2.714986875104210339e+05
1.014098505175868148e+01 6.526985222631834915e+01 4.324933447604557557e+01 1.878564664079352298e+01 2.708247800327204168e+05
1.021952545244051613e+01 6.592208152618695749e+01 4.353529285542063576e+01 1.920524125550778649e+01 2.734422264300703537e+05
1.029806584420916415e+01 6.646619560039491148e+01 4.376958747180302112e+01 1.948555419841562397e+01 2.761086777226437698e+05
1.037660622726701654e+01 6.613533840415925624e+01 4.382607318521638007e+01 1.965240393913593309e+01 2.753534573803174426e+05
1.045514660181038380e+01 6.639669509332836128e+01 4.392031498717402371e+01 1.997048840854183283e+01 2.747988205284169526e+05
1.053368696802971982e+01 6.666609588736133674e+01 4.413913371577926625e+01 2.016985512439669748e+01 2.764509334206521162e+05
1.061222732610984210e+01 6.710921781790302987e+01 4.418921774047642970e+01 2.046513803861691017e+01 2.789771733093057992e+05
1.069076767623013779e+01 6.738150666671511146e+01 4.444840637239641978e+01 2.075020509058088436e+01 2.801414996495571686e+05
1.076930801856475739e+01 6.730418449767142874e+01 4.440245447683957281e+01 2.093424474134778279e+01 2.802537851289222017e+05
1.084784835328281005e+01 6.808292365635367105e+01 4.482423557156925398e+01 2.128943323368669738e+01 2.820119746656453353e+05
1.092638868054854306e+01 6.774034596143528120e+01 4.473216256334318075e+01 2.146747033540859562e+01 2.811670288709130255e+05
1.100492900052151413e+01 6.802580872380839594e+01 4.483177619717152851e+01 2.176817605126414890e+01 2.827857287781857303e+05
1.108346931335675833e+01 6.824523146173760324e+01 4.497756060495839847e+01 2.205621097993681801e+01 2.834066474109799601e+05
1.116200961920494805e+01 6.851218458118722765e+01 4.497633240042621594e+01 2.229899514548509387e+01 2.843374635385178844e+05
1.124054991821254212e+01 6.844737975339519664e+01 4.519939700464427546e+01 2.261886379828204241e+01 2.843175443398187053e+05
1.131909021052193687e+01 6.869203946853731679e+01 4.518331555722011217e+01 2.283184153170297392e+01 2.856880795774058206e+05
1.139763049627160285e+01 6.881796654137349378e+01 4.532824949367350342e+01 2.318067884592394634e+01 2.866501271702111699e+05
1.147617077559622167e+01 6.936538671461529759e+01 4.542715296609112130e+01 2.352165465863965466e+01 2.877094068372477777e+05
1.155471104862680853e+01 6.955051572472159194e+01 4.585350499997596785e+01 2.373612867695291939e+01 2.889639249799764366e+05
1.163325131549084368e+01 6.928071280548888922e+01 4.569965565686373310e+01 2.397207046426757415e+01 2.885914296620168607e+05
1.171179157631238787e+01 6.969322160100419694e+01 4.592097973179061654e+01 2.431350983726007797e+01 2.890575452082829433e+05
1.179033183121219608e+01 7.001685045414555475e+01 4.612644537931333844e+01 2.467016583896357318e+01 2.910742549695231137e+05
1.186887208030782759e+01 6.985379392868988191e+01 4.592802766829659333e+01 2.492148733994695320e+01 2.912044014243602287e+05
1.194741232371374728e+01 7.040734950091791688e+01 4.620423870281035050e+01 2.526663072188448567e+01 2.934636815420041676e+05
1.202595256154143222e+01 7.007722627787842384e+01 4.628785089223764970e+01 2.538047346586596831e+01 2.916767632916931761e+05
1.210449279389946753e+01 7.062651756162809136e+01 4.645789833085419218e+01 2.586448366014855083e+01 2.943392081140640657e+05
1.218303302089363527e+01 7.052874512235530347e+01 4.651983745700404427e+01 2.626487867006407839e+01 2.937622470488535473e+05
1.226157324262700676e+01 7.109240549578819923e+01 4.675604135483376922e+01 2.645304021357512880e+01 2.964330804131668992e+05
1.234011345920003322e+01 7.114475813491314682e+01 4.674636393967320203e+01 2.681730530964690118e+01 2.961521364836607245e+05
1.241865367071062565e+01 7.111073905822519237e+01 4.704240394163768002e+01 2.694607729528866358e+01 2.966493607774700504e+05
1.249719387725422415e+01 7.143859740286363547e+01 4.700417774538164650e+01 2.733431700067960080e+01 2.970121517540750792e+05
1.257573407892389383e+01 7.158492168395852673e+01 4.702306805130437084e+01 2.763007121414596057e+01 2.980700043239497463e+05
1.265427427581038877e+01 7.165832773610641482e+01 4.719736785892518327e+01 2.800424589534139130e+01 2.984539158114956808e+05
1.273281446800221772e+01 7.170408850671066148e+01 4.732066930771820523e+01 2.813016851314522881e+01 2.987939698175047524e+05
1.281135465558572584e+01 7.182022347610430302e+01 4.745206168955514414e+01 2.855415219284089545e+01 3.000779581392587279e+05
1.288989483864514796e+01 7.199374217597345194e+01 4.750312911857022868e+01 2.889646228635274028e+01 3.014187740535842022e+05
1.296843501726268322e+01 7.220180854493803224e+01 4.750028574350843513e+01 2.921567285487662247e+01 3.012844457355876802e+05
1.304697519151855190e+01 7.222669248950957410e+01 4.764682696501657944e+01 2.955555770413650762e+01 3.013670739147722488e+05
1.312551536149104692e+01 7.272666356252568676e+01 4.784211502375543290e+01 2.996503814866700210e+01 3.037573870227733278e+05
1.320405552725660492e+01 7.260241570309052861e+01 4.784111239888891021e+01 3.018456001376188169e+01 3.031019366938577732e+05
1.328259568888985243e+01 7.275006513843675293e+01 4.793641021623991350e+01 3.066776742492569241e+01 3.040592706130179577e+05
1.336113584646366270e+01 7.310034705265623245e+01 4.826478109006176709e+01 3.096917337324543595e+01 3.056321589724508231e+05
1.343967600004920548e+01 7.302787734013990928e+01 4.826162435111168492e+01 3.121271231800429291e+01 3.054825716577026760e+05
1.351821614971599317e+01 7.323164752568112590e+01 4.848790391952850598e+01 3.160330607839230055e+01 3.058852824655104196e+05
1.359675629553193588e+01 7.333869693812600588e+01 4.867657354331085884e+01 3.184512328636985856e+01 3.065432688327695359e+05
1.367529643756338231e+01 7.349726835477946452e+01 4.862974727462261626e+01 3.221174998148605795e+01 3.079009688073004363e+05
1.375383657587516595e+01 7.351337438517155931e+01 4.890132697447401711e+01 3.263688320825724531e+01 3.072667578931361204e+05
1.383237671053064766e+01 7.368077035174675871e+01 4.874885592298018366e+01 3.292770803930073242e+01 3.077840034393701935e+05
1.391091684159175834e+01 7.398644519602049741e+01 4.905432869239568561e+01 3.340399827510291431e+01 3.100297171139754355e+05
1.398945696911903269e+01 7.397166426313317800e+01 4.928707344553995284e+01 3.354852691588901337e+01 3.099979895285303937e+05
1.406799709317166069e+01 7.390139748271688802e+01 4.917803704570949463e+01 3.387001660121465108e+01 3.100323068812959827e+05
1.414653721380751428e+01 7.443895295902716214e+01 4.956470704631875890e+01 3.428182769472144287e+01 3.124539323248911533e+05
1.422507733108318817e+01 7.435837356935572018e+01 4.958861363593377547e+01 3.473466666002269676e+01 3.118504333215564839e+05
1.430361744505403543e+01 7.431111762312228564e+01 4.951148454414943956e+01 3.500604251163535707e+01 3.115957536303972011e+05
1.438215755577419586e+01 7.477281983799909426e+01 4.972253155719496931e+01 3.536329725238481814e+01 3.139490936339150066e+05
1.446069766329663686e+01 7.473551348319736576e+01 4.998924821666221163e+01 3.551868455912245537e+01 3.141323811938267318e+05
1.453923776767318010e+01 7.503868262954063084e+01 5.001643839247307000e+01 3.599777963977798834e+01 3.153598611156460247e+05
1.461777786895453346e+01 7.513331838934897178e+01 5.016742331804990584e+01 3.646561031510229611e+01 3.151793067702773260e+05
1.469631796719032302e+01 7.508870846281084255e+01 5.011992364007417677e+01 3.681492426897641934e+01 3.154712728719681036e+05
1.477485806242911437e+01 7.540759169848436727e+01 5.041267540479044840e+01 3.729798738231071553e+01 3.168743870522124926e+05
1.485339815471844993e+01 7.540476751356470686e+01 5.049237644206176157e+01 3.754435887741652067e+01 3.170162546538047609e+05
1.493193824410487203e+01 7.552816721878181738e+01 5.076016870184980689e+01 3.790981718601322825e+01 3.177261855593165383e+05
1.501047833063394421e+01 7.570291520762992832e+01 5.093082456246755640e+01 3.823690872689420672e+01 3.191486077872287715e+05
1.508901841435028857e+01 7.592520825458424838e+01 5.109837862040394185e+01 3.868241814029523340e+01 3.194839312329275417e+05
1.516755849529759992e+01 7.626289987567439255e+01 5.113446997452083309e+01 3.923158678829756241e+01 3.215522965263738297e+05
1.524609857351867070e+01 7.609017527189470798e+01 5.113686043576759488e+01 3.955182656030373778e+01 3.207803772993362509e+05
1.532463864905541762e+01 7.627809129101346741e+01 5.132171444385572556e+01 3.986259933380262765e+01 3.213648761950175976e+05
1.540317872194890292e+01 7.648741880809362215e+01 5.140365254477205070e+01 4.037674664254901558e+01 3.228712491323584109e+05
1.548171879223935399e+01 7.648175071398338787e+01 5.168852608267130222e+01 4.068131580678907255e+01 3.234888044728823588e+05
1.556025885996618996e+01 7.679104547312608986e+01 5.180431165805745763e+01 4.120226371712928426e+01 3.248498983508427627e+05
1.563879892516803238e+01 7.699407233271016082e+01 5.190322349257471757e+01 4.154177385257452926e+01 3.247050404506766354e+05
1.571733898788273187e+01 7.683875214996116654e+01 5.207280696753274896e+01 4.193428080522268431e+01 3.250645658297771006e+05
1.579587904814739119e+01 7.723807556196447877e+01 5.217683264570246848e+01 4.233141028939139261e+01 3.268737047967861290e+05
1.587441910599837769e+01 7.706189901053872404e+01 5.227954575734903386e+01 4.279291822630204933e+01 3.257214749579009949e+05
1.595295916147133575e+01 7.741157516621666446e+01 5.259832053603161484e+01 4.319902166077157801e+01 3.274945926107533742e+05
1.603149921460121874e+01 7.768640878782332493e+01 5.256617041801334267e+01 4.356462308488088553e+01 3.292003683384992764e+05
1.611003926542229436e+01 7.773416494494045992e+01 5.272995026017618159e+01 4.407576717927289423e+01 3.294124540212362190e+05
1.618857931396816596e+01 7.792389870365282434e+01 5.293201449089791311e+01 4.438619941830240379e+01 3.304458235591695411e+05
1.626711936027179561e+01 7.803253824359858015e+01 5.313165175114895078e+01 4.474372274005499861e+01 3.311759224122202722e+05
1.634565940436549525e+01 7.815637581209377061e+01 5.315258214487215582e+01 4.526420791634350849e+01 3.318440237506600097e+05
1.642419944628097639e+01 7.824596184331213067e+01 5.337359961567305788e+01 4.554453099076311418e+01 3.319920894007001771e+05
1.650273948604932883e+01 7.837497816907178105e+01 5.381080227547057859e+01 4.600404757905361919e+01 3.325749292725897394e+05
1.658127952370107394e+01 7.850329164411536453e+01 5.391176287048463678e+01 4.655618055773582853e+01 3.337437953520817100e+05
1.665981955926614333e+01 7.862614984028380150e+01 5.389329979607435206e+01 4.703393475754431563e+01 3.340822201746287174e+05
1.673835959277390728e+01 7.887510232949428257e+01 5.408727874875262387e+01 4.751814369419417261e+01 3.360159019617512240e+05
1.681689962425318896e+01 7.908570472376413818e+01 5.437405190623911722e+01 4.798871144817683643e+01 3.371425031758964178e+05
1.689543965373228218e+01 7.963606684549526449e+01 5.460660346842506385e+01 4.842111976929945172e+01 3.387737341708539170e+05
1.697397968123895495e+01 7.937475987045689862e+01 5.460778490593287415e+01 4.895978595394144861e+01 3.386162727294298820e+05
1.705251970680045304e+01 7.953940269446086120e+01 5.501630902820235036e+01 4.923958145338696824e+01 3.395706518368238467e+05
1.713105973044353902e+01 7.972175031002795720e+01 5.521830882237615867e+01 4.967752527151557729e+01 3.400928515552696190e+05
1.720959975219447102e+01 8.004906068235399630e+01 5.545589620197361569e+01 5.030373333395406377e+01 3.412132055467600585e+05
1.728813977207903463e+01 8.003404977602882298e+01 5.561691581781744276e+01 5.073744150265802944e+01 3.426212041187533177e+05
1.736667979012256424e+01 8.026168445362854698e+01 5.582652843861486502e+01 5.127868319356728932e+01 3.430808460399158648e+05
1.744521980634991110e+01 8.067859183509898457e+01 5.604310223727716789e+01 5.173582597227166957e+01 3.452614347862938885e+05
1.752375982078550365e+01 8.072030899996015307e+01 5.618642107656701512e+01 5.233638932372006281e+01 3.460739269685311010e+05
1.760229983345331917e+01 8.102669285078408734e+01 5.633170132285074061e+01 5.267134755169241345e+01 3.468367811562030693e+05
1.768083984437692635e+01 8.129288218298268021e+01 5.696719664125066629e+01 5.317120846260021949e+01 3.483952921662703156e+05
1.775937985357945692e+01 8.145370267832392130e+01 5.687138379650849629e+01 5.378897275478544060e+01 3.494771695115286275e+05
1.783791986108364824e+01 8.157710231927376299e+01 5.696719027326184204e+01 5.441156183046738448e+01 3.505730314973683562e+05
1.791645986691183268e+01 8.179488304459255232e+01 5.718931750886228116e+01 5.464997515149817531e+01 3.507052200322381686e+05
1.799499987108595889e+01 8.200428177353072101e+01 5.757923679367800673e+01 5.518395068989974561e+01 3.519883288895554142e+05
1.807353987362759185e+01 8.248878801840251640e+01 5.787186223836656040e+01 5.576881287764047812e+01 3.547910182996627409e+05
1.815207987455791638e+01 8.240406616032251463e+01 5.793317402138236361e+01 5.619484842171993222e+01 3.542335303593912395e+05
1.823061987389775851e+01 8.265845806096376691e+01 5.804333434201216591e+01 5.689879215969932602e+01 3.561008556953102816e+05
1.830915987166758541e+01 8.288245892100816548e+01 5.854093615694412733e+01 5.728476268419900919e+01 3.570518129998833174e+05
1.838769986788751964e+01 8.328929266021832234e+01 5.875528651210422026e+01 5.783819824621829042e+01 3.585114203494788962e+05
1.846623986257733563e+01 8.352312262604621651e+01 5.910433561590299689e+01 5.835049170772747118e+01 3.599677467587729334e+05
1.854477985575647381e+01 8.367609118141456293e+01 5.944424480599097649e+01 5.889475971383473762e+01 3.615297173848805833e+05
1.862331984744404423e+01 8.402513177744674522e+01 5.961231534677749266e+01 5.963086528422734744e+01 3.633150927729486721e+05
1.870185983765884075e+01 8.441911944389008227e+01 5.973374656046991049e+01 6.019786529786169638e+01 3.648601582466652617e+05
1.878039982641934458e+01 8.442656303238830162e+01 6.015051984998609669e+01 6.061942807573663572e+01 3.658823328340349835e+05
1.885893981374372075e+01 8.492830873087110888e+01 6.040292463531357470e+01 6.121757244798951803e+01 3.677688755667068763e+05
1.893747979964983941e+01 8.512873472571473599e+01 6.082913950672687520e+01 6.170113698451425677e+01 3.687327186230438529e+05
1.901601978415527228e+01 8.545313118657961127e+01 6.093531935206976868e+01 6.222528143679768675e+01 3.700858206033884198e+05
1.909455976727730331e+01 8.555868097187853039e+01 6.133972617745467915e+01 6.288563936974359336e+01 3.716926199385013897e+05
1.917309974903293579e+01 8.597042621009777008e+01 6.164740779845401164e+01 6.328403502278630555e+01 3.732712467623414122e+05
1.925163972943889235e+01 8.616934426334248087e+01 6.184419151201847598e+01 6.391629505662033495e+01 3.743012086876835092e+05
1.933017970851161849e+01 8.685595589837556929e+01 6.245465648084855559e+01 6.459791579618031676e+01 3.769563647113936604e+05
1.940871968626730748e+01 8.711262136968124992e+01 6.258745956054666237e+01 6.532670625727449476e+01 3.786883848129955004e+05
1.948725966272188259e+01 8.749042866119526707e+01 6.292098154895975881e+01 6.572838295086756943e+01 3.799281672869651229e+05
1.956579963789100773e+01 8.755077578325695242e+01 6.339835364635254678e+01 6.648198901003503636e+01 3.813637618423082167e+05
1.964433961179010524e+01 8.833142059114476297e+01 6.377259679188543373e+01 6.722671494697240746e+01 3.847091320913663367e+05
1.972287958443434519e+01 8.866975810746627928e+01 6.427225701360910648e+01 6.786728203872600318e+01 3.858128853978614789e+05
1.980141955583865965e+01 8.920261347749810454e+01 6.444128515521191503e+01 6.840041701727140833e+01 3.881729507644601981e+05
1.987995952601774619e+01 8.901599754605373960e+01 6.468378561358194645e+01 6.896414625501412843e+01 3.888184314864879707e+05
1.995849949498606790e+01 8.955860259409720925e+01 6.512523039347442477e+01 6.952353704654912292e+01 3.907154722455538576e+05
2.003703946275786052e+01 9.010413435862801634e+01 6.552573998763148211e+01 7.004751265880399558e+01 3.936109792183009558e+05
2.011557942934713950e+01 9.054530611002921603e+01 6.593898694393303117e+01 7.075785335303868351e+01 3.956725193082375918e+05
2.019411939476770712e+01 9.080840235201503674e+01 6.630284083815386964e+01 7.142188012244723438e+01 3.975572381762021105e+05
2.027265935903314542e+01 9.064480277562593358e+01 6.638275101483539231e+01 7.200351306700197540e+01 3.966898347774121212e+05
2.035119932215682326e+01 9.073165831488582000e+01 6.662459676634482264e+01 7.239011625655227533e+01 3.979380388187436620e+05
2.042973928415191054e+01 9.093599650652191713e+01 6.659280088706684353e+01 7.292487390642659761e+01 3.983166185690991697e+05
2.050827924503137467e+01 9.086682745321027710e+01 6.697360439083628592e+01 7.356225420972349127e+01 3.992046484187323367e+05
2.058681920480798766e+01 9.119935315778911900e+01 6.707495651748789101e+01 7.423408527976691573e+01 4.009068208201453672e+05
2.066535916349431901e+01 9.115803593691178719e+01 6.725235370633393472e+01 7.488453565224038755e+01 4.010439773680311628e+05
2.074389912110275347e+01 9.109607715672045458e+01 6.750733075644005510e+01 7.551404810015725388e+01 4.013686461442121654e+05
2.082243907764548752e+01 9.141629179459270915e+01 6.781542393600479102e+01 7.593281019869611725e+01 4.028341634953370667e+05
2.090097903313453642e+01 9.150617237448568630e+01 6.798293697712708195e+01 7.677270791880567913e+01 4.044363376997165615e+05
2.097951898758173783e+01 9.188706007393896869e+01 6.818010332700470144e+01 7.731190568503278371e+01 4.056700072494987980e+05
2.105805894099874109e+01 9.173299429866483479e+01 6.874298972034615929e+01 7.793278655128126786e+01 4.060981250093126437e+05
2.113659889339703568e+01 9.168754783143887721e+01 6.842518677355464263e+01 7.817589402669682386e+01 4.057283345055999816e+05
2.121513884478793344e+01 9.199560748117168885e+01 6.894093689154435367e+01 7.889842695286510832e+01 4.078737723747669952e+05
2.129367879518258277e+01 9.182751733888878221e+01 6.916247102601703034e+01 7.944461605669012272e+01 4.076215401841179701e+05
2.137221874459196869e+01 9.213900440367021361e+01 6.925097219705601503e+01 8.007697632700038071e+01 4.089121839804875199e+05
2.145075869302691274e+01 9.218505931040800760e+01 6.970784612428482774e+01 8.073369665799637573e+01 4.096969321940789232e+05
2.152929864049807307e+01 9.198862684691827951e+01 6.970307639892536145e+01 8.144080072364640444e+01 4.102973154011514853e+05
2.160783858701596571e+01 9.233848605178759783e+01 7.004797749129693329e+01 8.182352203479335628e+01 4.109037333518848172e+05
2.168637853259094683e+01 9.237628454898083419e+01 7.023481967383624180e+01 8.245667059215466566e+01 4.119786151110880892e+05
2.176491847723321982e+01 9.226489466155331343e+01 7.055802940777461174e+01 8.317566057494512677e+01 4.121723138044056250e+05
2.184345842095285306e+01 9.258091582070116488e+01 7.096947114096505516e+01 8.381311056291720263e+01 4.139033551694194321e+05
2.192199836375975508e+01 9.288280420504585777e+01 7.109774944768686566e+01 8.447838293842745827e+01 4.160438067868216312e+05
2.200053830566371005e+01 9.297910981221797044e+01 7.129532152220670582e+01 8.511466473918834197e+01 4.166782830418032827e+05
2.207907824667434582e+01 9.287611168190238686e+01 7.145718167701235757e+01 8.561152668182398884e+01 4.164012492209135671e+05
2.215761818680116590e+01 9.319018830798776776e+01 7.183508075062324849e+01 8.662714010881398963e+01 4.178289437460254412e+05
2.223615812605353526e+01 9.335072771770582278e+01 7.207222354135080877e+01 8.697616053455163865e+01 4.199861410944976378e+05
2.231469806444068738e+01 9.336822201604991278e+01 7.215866241260476954e+01 8.774598509956383907e+01 4.201757007365822792e+05
2.239323800197172432e+01 9.333826519353839046e+01 7.266811813260643760e+01 8.813996622779461632e+01 4.210479485060552834e+05
2.247177793865562023e+01 9.359600538373088341e+01 7.281124445111170473e+01 8.879026313751882071e+01 4.222353894289028831e+05
2.255031787450123204e+01 9.350747834990316676e+01 7.319983555312312262e+01 8.983472716189591267e+01 4.225660934639259358e+05
2.262885780951728165e+01 9.378062899547913389e+01 7.370287101154002585e+01 9.031140211089774539e+01 4.242929257747757947e+05
2.270739774371238440e+01 9.395981867506418439e+01 7.383374283432270602e+01 9.100942195787868627e+01 4.254741522016079980e+05
2.278593767709502771e+01 9.405096584424634898e+01 7.404226724771915258e+01 9.163359100998353313e+01 4.259589528384264559e+05
2.286447760967358178e+01 9.412931878035222155e+01 7.433508775015653214e+01 9.248818148432188480e+01 4.280852682089209557e+05
2.294301754145629957e+01 9.406366469392600038e+01 7.455308724221026750e+01 9.302973464347181221e+01 4.284447983708331012e+05
2.302155747245133455e+01 9.459032207806346548e+01 7.512344593992879993e+01 9.387735418080472982e+01 4.305898793701204704e+05
2.310009740266672296e+01 9.453928106661761888e+01 7.531513400440725547e+01 9.413142715206572575e+01 4.313378000797866262e+05
2.317863733211038380e+01 9.482366457822415384e+01 7.570050770401709883e+01 9.515744857696002157e+01 4.329310005526930327e+05
2.325717726079013303e+01 9.477332502808944525e+01 7.616798334403384274e+01 9.560133177899434997e+01 4.325625516197144752e+05
2.333571718871368716e+01 9.518846926755345805e+01 7.634416408223711414e+01 9.667678960744187577e+01 4.351088006075709127e+05
2.341425711588865965e+01 9.493288459251900235e+01 7.639770771539990335e+01 9.694333416803389980e+01 4.353122961125624715e+05
2.349279704232255384e+01 9.549135527179861072e+01 7.677967450666869809e+01 9.797479912016700609e+01 4.375013523103717016e+05
2.357133696802278067e+01 9.556057139808123679e+01 7.708576332806931930e+01 9.848988188337578720e+01 4.381464058765476220e+05
2.364987689299664453e+01 9.558491477854164486e+01 7.759707220518650672e+01 9.909170550579537462e+01 4.391724527433166513e+05
2.372841681725136453e+01 9.587086481160322649e+01 7.795725341255247542e+01 9.974623923249669133e+01 4.400110496167608653e+05
2.380695674079405322e+01 9.606186781470805158e+01 7.802444906248203438e+01 1.010625462426161221e+02 4.429689719430348487e+05
2.388549666363174140e+01 9.620419458091836873e+01 7.855946773987149356e+01 1.014125802468957289e+02 4.435178390967933810e+05
2.396403658577134976e+01 9.638783187729728752e+01 7.872441946298175708e+01 1.020765852800317077e+02 4.444936681748778792e+05
2.404257650721972439e+01 9.667030003993900777e+01 7.931645034613994483e+01 1.030331052074291165e+02 4.457119819234629977e+05
2.412111642798362254e+01 9.678049487157558417e+01 7.952037130251201802e+01 1.039839941023062693e+02 4.478581372477080440e+05
2.419965634806970556e+01 9.675543365248627481e+01 7.996732722677734273e+01 1.044534379866079803e+02 4.480946066987984814e+05
2.427819626748454596e+01 9.762620602986848439e+01 8.042706290920924062e+01 1.051849621291475216e+02 4.511714758020089357e+05
2.435673618623464520e+01 9.734615194883188849e+01 8.084766009137001674e+01 1.058581874663807696e+02 4.514063067614853499e+05
2.443527610432640529e+01 9.762896140460127015e+01 8.112375216572175418e+01 1.066341913200928957e+02 4.524569200156701845e+05
2.451381602176616425e+01 9.798369371772756153e+01 8.127469252985264347e+01 1.074110750490561799e+02 4.552001234843069687e+05
2.459235593856016067e+01 9.802341769778134051e+01 8.198601205797143621e+01 1.083728625862935360e+02 4.560106206381458906e+05
2.467089585471456203e+01 9.844876438820003273e+01 8.194986335584822257e+01 1.090534015270466028e+02 4.591381310424166149e+05
2.474943577023546126e+01 9.850460139361204881e+01 8.262592210849265939e+01 1.099757422473838062e+02 4.592639855591611704e+05
2.482797568512887310e+01 9.883194391634826559e+01 8.280238234246949958e+01 1.105880228581276441e+02 4.609349326763433055e+05
2.490651559940072346e+01 9.930631307648130246e+01 8.320177487986568110e+01 1.109931237468479139e+02 4.639866222108398797e+05
2.498505551305688144e+01 9.914303104319535009e+01 8.349756764839357004e+01 1.122665031443429626e+02 4.641170187702177791e+05
2.506359542610313440e+01 9.939430710271848568e+01 8.423265547082863236e+01 1.129747628573426965e+02 4.650118332383964444e+05
2.514213533854519511e+01 9.955550234709905055e+01 8.467138631893824652e+01 1.140217535810215566e+02 4.673010001405471703e+05
2.522067525038871239e+01 1.001752382788977940e+02 8.510490593356470868e+01 1.150656770665508617e+02 4.698475885816591908e+05
2.529921516163925688e+01 9.975265058156143994e+01 8.545111332797091563e+01 1.156817731307474304e+02 4.695612230614277651e+05
2.537775507230233529e+01 1.004930318389008335e+02 8.593570900258777101e+01 1.164077688584077492e+02 4.719831752006867318e+05
2.545629498238338684e+01 1.003526478684652261e+02 8.597701990872145927e+01 1.168556124054357355e+02 4.721222933767384966e+05
2.553483489188777966e+01 1.011379544014949232e+02 8.692657310679398108e+01 1.178491268875901596e+02 4.763184743716458324e+05
2.561337480082082152e+01 1.010984043532164094e+02 8.706745268563686579e+01 1.187998600749995148e+02 4.774548842371952487e+05
2.569191470918774911e+01 1.013119389031787421e+02 8.783308548353899425e+01 1.200627171924243441e+02 4.779999361986281583e+05
2.577045461699373874e+01 1.015669858094105820e+02 8.814931938874801176e+01 1.204348030147378807e+02 4.787730312217147439e+05
2.584899452424390631e+01 1.016933973146930157e+02 8.845029409255926112e+01 1.213987556083687593e+02 4.827239816268879222e+05
2.592753443094329668e+01 1.017108087933200835e+02 8.860696792451085457e+01 1.220204433759908795e+02 4.829115887379234191e+05
2.600607433709690852e+01 1.024985751327210579e+02 8.935199860864105403e+01 1.237405332609167488e+02 4.859849823174037738e+05
2.608461424270966944e+01 1.028583183355332693e+02 8.974589021432166192e+01 1.238960337935275930e+02 4.874693645144934999e+05
2.616315414778644310e+01 1.031351906251897361e+02 9.014380901304475913e+01 1.247044313301248764e+02 4.899858037483579828e+05
2.624169405233205055e+01 1.031126378516173929e+02 9.094096748150508347e+01 1.253892841584799243e+02 4.893043313302755123e+05
2.632023395635124174e+01 1.032059143175546296e+02 9.118701818958470540e+01 1.262989517143371359e+02 4.913743892001179047e+05
2.639877385984871694e+01 1.038474234521736577e+02 9.154483289691279424e+01 1.276231372526359280e+02 4.946150674220196670e+05
2.647731376282911953e+01 1.039838432265208326e+02 9.206577604712937557e+01 1.284233567669092508e+02 4.966772633738126024e+05
2.655585366529703606e+01 1.043131039027787779e+02 9.270534660015655959e+01 1.302939366732104531e+02 4.978421919303587056e+05
2.663439356725699980e+01 1.046854324283933124e+02 9.287984183899317259e+01 1.302406829045735321e+02 5.013510032610360649e+05
2.671293346871349428e+01 1.045296717052062405e+02 9.336231024885680085e+01 1.310078781903178538e+02 5.017320942263871548e+05
2.679147336967094617e+01 1.051215574086478739e+02 9.382704642757744296e+01 1.322592759931221735e+02 5.037829022586777573e+05
2.687001327013372531e+01 1.057652313664396786e+02 9.444624628637235730e+01 1.328865949021072481e+02 5.062203119984579389e+05
2.694855317010616602e+01 1.055800068584246674e+02 9.428362558489452283e+01 1.333801118068010965e+02 5.063554627614312340e+05
2.702709306959254221e+01 1.065415854127344062e+02 9.558596684394167653e+01 1.349777882802089266e+02 5.116377280579401413e+05
2.710563296859707094e+01 1.068069645750582453e+02 9.558096816971847431e+01 1.358376079650345218e+02 5.135597867292686715e+05
2.718417286712393377e+01 1.067290244512077209e+02 9.589126422549298923e+01 1.363568007869718599e+02 5.157962099607562413e+05
2.726271276517725894e+01 1.071586113227137815e+02 9.668943149166818785e+01 1.373020235741172712e+02 5.183887060720763984e+05
2.734125266276112498e+01 1.075632592667940628e+02 9.726557640129753679e+01 1.391413230246099602e+02 5.191518582828804501e+05
2.741979255987956776e+01 1.072283355628935624e+02 9.777601646230081656e+01 1.385542804589916273e+02 5.181867087068406399e+05
2.749833245653658054e+01 1.075326403884762243e+02 9.797377776059335019e+01 1.398937481525415762e+02 5.194390023660028819e+05
2.757687235273609616e+01 1.074502686236803584e+02 9.845197716048204484e+01 1.410088026522942641e+02 5.212887596914142487e+05
2.765541224848202262e+01 1.081444246823563446e+02 9.881589161789884201e+01 1.414152869625823143e+02 5.238733910869851243e+05
2.773395214377820395e+01 1.084425596781130139e+02 1.000461279653606539e+02 1.427386479637399930e+02 5.282656478936221683e+05
2.781249203862845576e+01 1.089331136234605992e+02 1.003488358271864627e+02 1.441408241869988558e+02 5.276056773886415176e+05
2.789103193303654038e+01 1.088329243919707068e+02 9.996620786269551218e+01 1.444927582217644897e+02 5.303495949345034314e+05
2.796957182700618816e+01 1.086776260323529044e+02 1.006597659816054033e+02 1.455230201248074877e+02 5.272570969139110530e+05
2.804811172054107615e+01 1.087761467704306568e+02 1.004334724779130568e+02 1.455905552060982586e+02 5.284676583762139780e+05
2.812665161364485655e+01 1.097601661082727702e+02 1.013200808172413758e+02 1.469104871747443326e+02 5.359223885705845896e+05
2.820519150632112115e+01 1.091245829676654893e+02 1.020682144250553023e+02 1.472910831114442658e+02 5.347647062221283559e+05
2.828373139857343332e+01 1.088541899044749357e+02 1.020187305750543061e+02 1.484107557248323133e+02 5.340060135373234516e+05
2.836227129040531736e+01 1.090024123018634015e+02 1.016482987103076283e+02 1.478989578665173212e+02 5.340826383322204929e+05
2.844081118182025847e+01 1.093504402018142372e+02 1.026356488295165690e+02 1.505503940501034776e+02 5.387737106819632463e+05
2.851935107282169923e+01 1.088759063975121961e+02 1.034263931326419623e+02 1.510712036794204209e+02 5.370770246649422916e+05
2.859789096341304315e+01 1.089430067715743036e+02 1.029658682833630365e+02 1.514143308606006428e+02 5.377580203188759042e+05
2.867643085359765820e+01 1.091251070224262492e+02 1.040475737464240780e+02 1.529239171423411676e+02 5.362890985806087265e+05
2.875497074337888392e+01 1.095451981637549892e+02 1.037454687534764162e+02 1.536857522244028189e+02 5.396241236682361923e+05
2.883351063276001369e+01 1.101276985748455530e+02 1.045405456248312817e+02 1.543465563202533986e+02 5.434015026508920128e+05
2.891205052174430890e+01 1.099908561962798643e+02 1.053245827354750048e+02 1.559735124216657312e+02 5.451832720144098857e+05
2.899059041033499184e+01 1.093979704377948110e+02 1.053384008332358945e+02 1.563391286939944678e+02 5.456871012904760428e+05
2.906913029853525643e+01 1.095000994093458360e+02 1.061942819579193866e+02 1.572284909571675939e+02 5.432371038358906517e+05
2.914767018634825746e+01 1.097023848285344911e+02 1.065767229892352788e+02 1.585787967884926388e+02 5.472480815358969849e+05
2.922621007377712132e+01 1.102864277265508832e+02 1.074559258988022492e+02 1.602455485418002183e+02 5.515901039394059917e+05
2.930474996082492822e+01 1.104658448685008381e+02 1.070792818021017467e+02 1.605504467985466590e+02 5.527835222921862733e+05
2.938328984749474060e+01 1.104291871319762208e+02 1.082221324036091232e+02 1.612683272142199655e+02 5.534615507391579449e+05
2.946182973378957826e+01 1.099415367333835860e+02 1.085569220351287782e+02 1.631222524687233886e+02 5.533542022361572599e+05
2.954036961971243258e+01 1.105677182972721795e+02 1.084942005235614886e+02 1.635525095361202830e+02 5.566521455208907137e+05
2.961890950526625943e+01 1.108436164496195175e+02 1.098644992388377943e+02 1.644207571563360375e+02 5.594035114875275176e+05
2.969744939045398979e+01 1.113295948847347319e+02 1.093636311987591228e+02 1.652705367377548953e+02 5.625022137891384773e+05
2.977598927527852268e+01 1.098779538893317209e+02 1.111970721153571731e+02 1.668323579503606595e+02 5.547282829055488110e+05
2.985452915974272159e+01 1.111803656401523739e+02 1.109125753838932837e+02 1.661670872620713908e+02 5.650709776299739024e+05
2.993306904384942868e+01 1.115369872707469057e+02 1.108584687839069289e+02 1.680126650054823472e+02 5.690585905939959921e+05
3.001160892760143994e+01 1.130265531253204614e+02 1.119235705323457637e+02 1.697903808792285361e+02 5.731249227090153145e+05
3.009014881100154071e+01 1.129064246654890127e+02 1.115189302148175159e+02 1.702479020824240479e+02 5.735616334739641752e+05
3.016868869405248077e+01 1.118407101819795315e+02 1.121746202625878368e+02 1.708704111482280439e+02 5.725626730092170183e+05
3.024722857675697441e+01 1.132518029563080262e+02 1.139963185704264106e+02 1.722131747029051212e+02 5.800999386019832455e+05
3.032576845911771457e+01 1.142532125341123788e+02 1.139463948427618050e+02 1.741804965389943050e+02 5.839220746992068598e+05
3.040430834113736580e+01 1.125566206405525662e+02 1.137568011110071211e+02 1.732717661706313947e+02 5.783508959956187755e+05
3.048284822281856421e+01 1.154131598340696456e+02 1.153645827608284549e+02 1.776324188221109353e+02 5.905993803825483192e+05
3.056138810416392460e+01 1.151699600608917251e+02 1.152950387257777578e+02 1.778214304547249469e+02 5.912600604446765501e+05
3.063992798517602267e+01 1.148711959689910032e+02 1.150201691828360566e+02 1.780557478190855534e+02 5.895107154428627109e+05
3.071846786585741640e+01 1.154408722074292797e+02 1.154718332891451240e+02 1.788351870332970179e+02 5.956656573748911032e+05
3.079700774621063886e+01 1.166869639535856180e+02 1.181942423154208655e+02 1.828223023953045470e+02 6.012105770242700819e+05
3.087554762623818760e+01 1.171770572594032416e+02 1.181641007457624681e+02 1.834264582993820341e+02 6.013319476987160742e+05
3.095408750594254599e+01 1.169218802877817751e+02 1.203009687636458267e+02 1.860539183319369840e+02 6.086546636735051870e+05
3.103262738532617249e+01 1.174131477621314588e+02 1.189219174791940219e+02 1.838397737359584028e+02 6.096270447114702547e+05
3.111116726439149005e+01 1.175601566854270033e+02 1.221309793668084893e+02 1.861386553829433694e+02 6.117358111574701034e+05
3.118970714314090387e+01 1.189684211835741792e+02 1.206138523460267038e+02 1.878054040471057533e+02 6.136969200638775947e+05
3.126824702157679781e+01 1.182933735211788076e+02 1.229996571052821963e+02 1.880886211064003248e+02 6.108785058297322830e+05
3.134678689970152377e+01 1.181014972040917144e+02 1.227525490180019290e+02 1.906727384829696632e+02 6.153532329978044145e+05
3.142532677751741588e+01 1.186509864559897522e+02 1.226388688081036946e+02 1.909470532087715355e+02 6.217219525395128876e+05
3.150386665502678696e+01 1.191389301657875137e+02 1.247984269352182025e+02 1.930238164300375274e+02 6.246423415056859376e+05
3.158240653223192140e+01 1.199631768196325368e+02 1.248286168522711677e+02 1.917241666682223240e+02 6.250170256202562014e+05
3.166094640913508229e+01 1.214101930927651267e+02 1.281060788651421376e+02 1.944393037585996069e+02 6.361375767851182027e+05
3.173948628573851494e+01 1.205050972112527319e+02 1.260490787272348570e+02 1.959701304815042420e+02 6.283485130004242528e+05
3.181802616204443623e+01 1.221554342619996447e+02 1.252444041615682977e+02 1.970237340917018969e+02 6.436492381350856740e+05
3.189656603805504531e+01 1.228324185573392526e+02 1.285142699104937378e+02 2.004365933292312434e+02 6.443760813701702282e+05
3.197510591377251998e+01 1.215002543945234521e+02 1.284272752825000339e+02 1.992646614979734636e+02 6.417830372050872538e+05
3.205364578919900964e+01 1.217014733600693859e+02 1.287423915530625607e+02 1.982730483902133187e+02 6.499912303684122162e+05
3.213218566433665302e+01 1.249870492929451444e+02 1.297197473043790126e+02 2.052148935988260803e+02 6.572038307955664350e+05
3.221072553918755688e+01 1.241442459405678136e+02 1.316211148899832040e+02 2.037936240104267824e+02 6.597600422453845385e+05
3.228926541375382442e+01 1.229183700652127555e+02 1.314050130035364248e+02 2.022029122462645603e+02 6.491920452581462450e+05
3.236780528803751622e+01 1.221393773703260024e+02 1.305747237508130638e+02 1.996823905775929688e+02 6.339867045246354537e+05
3.244634516204068575e+01 1.260928837845449948e+02 1.329610800741094181e+02 2.119662182961993722e+02 6.600720133337731240e+05
3.252488503576537227e+01 1.251684950777086698e+02 1.341000782197394585e+02 2.077540862528459797e+02 6.589784116722411709e+05
3.260342490921358660e+01 1.252559371215465802e+02 1.354006914696585682e+02 2.089944003456742792e+02 6.713093190701052081e+05
3.268196478238731828e+01 1.287719910221284749e+02 1.342435219555458161e+02 2.136382645576256607e+02 6.882610229835241335e+05
3.276050465528854261e+01 1.269532063517236082e+02 1.371636902992684099e+02 2.183376059619778289e+02 6.784725181286811130e+05
3.283904452791921358e+01 1.262740468291463998e+02 1.386806675012366270e+02 2.163486449339042395e+02 6.667012264574142173e+05
3.291758440028127097e+01 1.287034618909607673e+02 1.379003601114744413e+02 2.139657594523695252e+02 6.866933189975060523e+05
3.299612427237663326e+01 1.299412060546883936e+02 1.406637552292104942e+02 2.211036579929876495e+02 7.013336989259360125e+05
3.307466414420719758e+01 1.289238288236248309e+02 1.394849417636446560e+02 2.206730072930782285e+02 6.922643713289269945e+05
3.315320401577483977e+01 1.309289719645996968e+02 1.366093312386458933e+02 2.138489929423487297e+02 7.113585465363631956e+05
3.323174388708143567e+01 1.275176459689076154e+02 1.397279640902524420e+02 2.183989260896707378e+02 6.939400310818619328e+05
3.331028375812883269e+01 1.334626934172353572e+02 1.385103861184201435e+02 2.196495047178937057e+02 7.098056343998594675e+05
3.338882362891884981e+01 1.309741260891562717e+02 1.415520214561091450e+02 2.257402167746564601e+02 7.077807438232130371e+05
3.346736349945329891e+01 1.314450793458959765e+02 1.413826829717952762e+02 2.227583973195636702e+02 7.139313366021936527e+05
3.354590336973399189e+01 1.365030877506248714e+02 1.422655307000255505e+02 2.255009898144629119e+02 7.304330268801504280e+05
3.362444323976268379e+01 1.412098933723968059e+02 1.456040489701474883e+02 2.344738738173473109e+02 7.533418746976609109e+05
3.370298310954115806e+01 1.373114238992711194e+02 1.457832079863741512e+02 2.363040850306744289e+02 7.359431938815742033e+05
3.378152297907114132e+01 1.333572908097123388e+02 1.461414978547942667e+02 2.288738017823746134e+02 7.275026552539465483e+05
3.386006284835436730e+01 1.367357028489646780e+02 1.458206343189007441e+02 2.355862410875453463e+02 7.272812703925736714e+05
3.393860271739255552e+01 1.392159916990520117e+02 1.488219307598116075e+02 2.317688267065064167e+02 7.496478896681179758e+05
3.401714258618739706e+01 1.368300015911428318e+02 1.516324445072918934e+02 2.335277944091999416e+02 7.378434521492833737e+05
3.409568245474058301e+01 1.492780544980626587e+02 1.529803534957881936e+02 2.313059676833008211e+02 8.305771064749566140e+05
3.417422232305376895e+01 1.417449920245436772e+02 1.491909991073752906e+02 2.288918533950774190e+02 7.967745357269092929e+05
3.425276219112861043e+01 1.405252657818919602e+02 1.513460240160566173e+02 2.309502440334175049e+02 7.784615702632913599e+05
3.433130205896674880e+01 1.549930252341826247e+02 1.736059414993889618e+02 2.518571304474380383e+02 8.610671061214547371e+05
3.440984192656979701e+01 1.581897725886030628e+02 1.503475725862047625e+02 2.356429225390509430e+02 7.921739588937610388e+05
3.448838179393936088e+01 1.481452795968990301e+02 1.666061158574620151e+02 2.518024619038346827e+02 7.442420168051364599e+05
3.456692166107702491e+01 1.562400734841296810e+02 1.619894890319680485e+02 2.743342102260905335e+02 7.878844243050323566e+05
3.464546152798438072e+01 1.689327858600242678e+02 1.624662929699852612e+02 2.272042978691280837e+02 9.078860792761620833e+05
3.472400139466299152e+01 1.315885131776667833e+02 1.535653514551943601e+02 2.703989100367128913e+02 8.364455419092514785e+05
