# 0.9911 0.9977
7.871241428633635184e-02 3.436928672895503745e+00 3.264850969548827031e+00 3.398585687722493944e-03 1.648627829065989772e+03
1.618072713909662341e-01 9.486458432325962420e+00 8.811190092097643145e+00 1.732585564048509663e-02 6.601156637647659409e+03
2.418771330418761079e-01 1.171044807705309410e+01 1.095559940989394221e+01 2.141505776423358390e-02 9.075305732032968081e+03
3.211923215201240578e-01 1.829981484495937849e+01 1.683989664905117323e+01 5.218561357058967842e-02 1.758497840992577767e+04
4.002017901256537113e-01 2.326270969989412052e+01 2.117444813624494770e+01 7.481612283406453845e-02 2.497846064222119458e+04
4.790568272527075955e-01 2.253235463776973546e+01 2.058805696699869259e+01 8.889193935088191001e-02 2.440751263435903820e+04
5.578229290343351687e-01 3.169045057858026126e+01 2.887083149022225115e+01 1.258227990198112489e-01 3.574707474071685283e+04
6.365331115321660738e-01 3.362244115973581415e+01 3.042947326190148516e+01 1.629725775158595291e-01 3.813038336139994499e+04
7.152058371535838788e-01 3.499348350535472463e+01 3.159800650323035498e+01 1.925726288921115747e-01 4.406403543646533944e+04
7.938522421846891941e-01 3.689492220809867717e+01 3.329067733992915379e+01 2.251682895846909283e-01 4.546281669850016624e+04
8.724794443688169698e-01 3.892977656350065985e+01 3.508528425982862586e+01 2.648284642008271739e-01 4.953213497778328747e+04
9.510922062407737299e-01 4.151192198418375767e+01 3.723006542339616942e+01 2.960381306756856845e-01 5.430710534847308008e+04
1.029693835175838679e+00 4.166206965465237744e+01 3.724412290724917085e+01 3.465670572666632587e-01 5.577849575367839861e+04
1.108286699878543891e+00 4.273495260984438460e+01 3.822208785484117044e+01 3.872132261495101480e-01 5.814371917485448648e+04
1.186872541411916560e+00 4.377893183973531421e+01 3.916858514157151205e+01 4.337431814445723011e-01 6.159542717262590304e+04
1.265452668213572940e+00 4.505300538128401655e+01 4.036778999843392768e+01 4.646832664647512212e-01 6.479603428002542933e+04
1.344028082638708543e+00 4.720691093247201309e+01 4.187241956490026240e+01 5.254139550737113584e-01 7.033374034649334499e+04
1.422599565533279709e+00 4.711771480412250668e+01 4.183218334984115216e+01 5.485162375773816601e-01 7.008351511522378132e+04
1.501167734229200246e+00 4.681911403287959672e+01 4.134776094020163839e+01 6.424496243701737219e-01 7.386722597277800378e+04
1.579733083222462531e+00 4.814670116045510184e+01 4.224479225903304780e+01 6.980023814921716419e-01 8.009300326211434731e+04
1.658296013281593151e+00 4.554771693737679783e+01 3.978586696266247458e+01 7.376679980765883382e-01 8.049822649965266464e+04
1.736856852652245875e+00 4.735614577165571859e+01 4.132497556594287857e+01 8.147408410088122777e-01 8.140440258047288808e+04
1.815415872753641580e+00 4.515729081179101456e+01 3.917351480513002571e+01 8.502624214463917474e-01 8.432772588576588896e+04
1.893973299967037560e+00 4.622759525625602350e+01 3.996058402934432507e+01 9.184469432549674517e-01 8.814090502735412156e+04
1.972529324606241641e+00 4.520791324214666673e+01 3.875065173880381764e+01 9.886108629405382375e-01 9.190229867046074651e+04
2.051084107826015579e+00 4.474937743017230929e+01 3.818971850227495679e+01 1.064779708842838790e+00 9.437377947700092045e+04
2.129637787001040561e+00 4.545517785266540045e+01 3.829567830715017607e+01 1.162073784496399087e+00 9.915107984463532921e+04
2.208190479956450680e+00 4.412971212625085116e+01 3.703013703305051507e+01 1.249301580786883692e+00 1.003966454696199507e+05
2.286742288326184092e+00 4.302771397302370815e+01 3.606086295944292175e+01 1.267082587870762111e+00 1.007052389809208544e+05
2.365293300241981811e+00 4.320263605430786669e+01 3.598657782856172815e+01 1.354136215809258470e+00 1.012066482243934151e+05
2.443843592503681883e+00 4.295104288152541727e+01 3.564548731662419101e+01 1.417575399964287497e+00 1.061872514881850511e+05
2.522393232343909553e+00 4.188042192453801249e+01 3.436763888175467230e+01 1.542754132647290666e+00 1.097185706361542543e+05
2.600942278872942381e+00 4.250390749079296882e+01 3.449988647622853932e+01 1.635153369914088994e+00 1.142675430230509664e+05
2.679490784269383141e+00 4.098629361923199355e+01 3.315715322437604584e+01 1.703236123217922060e+00 1.135110143147862400e+05
2.758038794767343038e+00 4.154625544176551699e+01 3.342771067562706122e+01 1.787001304433525117e+00 1.171015580225894228e+05
2.836586351479573942e+00 4.141868773803141579e+01 3.282749582094358942e+01 1.922639146705068525e+00 1.220809518173393299e+05
2.915133491087511963e+00 4.080054201317480533e+01 3.242659507238620620e+01 1.951087778061564082e+00 1.204996520628206199e+05
2.993680246422668834e+00 4.084195817396693684e+01 3.216931965862481491e+01 2.063262991970916893e+00 1.218735889102683432e+05
3.072226646958827967e+00 4.109032849841264579e+01 3.211231908557110160e+01 2.188885724923805842e+00 1.275084974957695958e+05
3.150772719230606977e+00 4.051687681859242929e+01 3.149157642630342480e+01 2.274652242604044527e+00 1.285964959349387354e+05
3.229318487190934395e+00 3.998124679440115159e+01 3.117329099971396644e+01 2.327995939535398850e+00 1.275563753784718283e+05
3.307863972517584905e+00 3.993141926053502999e+01 3.090244565169174251e+01 2.444592206197895301e+00 1.305383939108388295e+05
3.386409194877053608e+00 4.024395566657917556e+01 3.095815897661994498e+01 2.554540431595857974e+00 1.343992209395553218e+05
3.464954172152534095e+00 4.131043909727078756e+01 3.169542563393840950e+01 2.653284266546384274e+00 1.369853044096923259e+05
3.543498920641575456e+00 4.122323311977397253e+01 3.144849478770866114e+01 2.801916768468691643e+00 1.397703977245655842e+05
3.622043455228019404e+00 4.080941920458352001e+01 3.098553591184214540e+01 2.855560471029888525e+00 1.414654276531933283e+05
3.700587789532037597e+00 4.137871040211752671e+01 3.130174129457232368e+01 2.998055187129934573e+00 1.444237587533088226e+05
3.779131936041457696e+00 4.129399273048353081e+01 3.115090131480746294e+01 3.156384912389710085e+00 1.450058693575605575e+05
3.857675906227046259e+00 4.169336048383581783e+01 3.139013043687184989e+01 3.138969663114816733e+00 1.466683302304749959e+05
3.936219710643986680e+00 4.189938417818296301e+01 3.136821082941348138e+01 3.317333444646916263e+00 1.501789301146508078e+05
4.014763359021444877e+00 4.222953719220105739e+01 3.153510863457077917e+01 3.440219073081199674e+00 1.495601063566211087e+05
4.093306860341824560e+00 4.311062601725676302e+01 3.206389361582414210e+01 3.577792647454205888e+00 1.543162213935097971e+05
4.171850222911064776e+00 4.297038799489107674e+01 3.187331303225987611e+01 3.723084948900730495e+00 1.546061175900657254e+05
4.250393454421145911e+00 4.220613645474730191e+01 3.134275439414225062e+01 3.781307391301394816e+00 1.541803077033027657e+05
4.328936562005788247e+00 4.336229100560035477e+01 3.203761474521294872e+01 3.902027071910822098e+00 1.599347381334181700e+05
4.407479552290201497e+00 4.347023952843642292e+01 3.205019973043400228e+01 4.067704512013632367e+00 1.615138095604541595e+05
4.486022431435594982e+00 4.320747246151372423e+01 3.165715826126297117e+01 4.183122325947072895e+00 1.609616643961661030e+05
4.564565205179107465e+00 4.382411274673971491e+01 3.208931775574649947e+01 4.328956198991237514e+00 1.649190154478464101e+05
4.643107878869670024e+00 4.452201855872040426e+01 3.256175056574741689e+01 4.429313986852157825e+00 1.673651744885761000e+05
4.721650457500300213e+00 4.406810545194908002e+01 3.228438775632596958e+01 4.531791153885545320e+00 1.677191209880925308e+05
4.800192945737217443e+00 4.481025168170523898e+01 3.252834111873561795e+01 4.736588005559406511e+00 1.710460983573783014e+05
4.878735347946150824e+00 4.502213334819208512e+01 3.248471793208148739e+01 4.859693948579050016e+00 1.722202934520201234e+05
4.957277668216146793e+00 4.527591801961464313e+01 3.273390494202167389e+01 5.011366672159025981e+00 1.733261573870976572e+05
5.035819910381144737e+00 4.511151641169317372e+01 3.261042061069877462e+01 5.162450296742806977e+00 1.744508337490417471e+05
5.114362078039562221e+00 4.584349825869004746e+01 3.297739631082925627e+01 5.264300925427461308e+00 1.775816571828708111e+05
5.192904174572115394e+00 4.606667747499589893e+01 3.302653411945730966e+01 5.432038047514519796e+00 1.790638413589564443e+05
5.271446203158030919e+00 4.641400467847729061e+01 3.319477272261914180e+01 5.601219205141281243e+00 1.816833872201005579e+05
5.349988166789838573e+00 4.646391761935517195e+01 3.326135014388416522e+01 5.690927847456298316e+00 1.819897438654121652e+05
5.428530068286878674e+00 4.687990290879491795e+01 3.335845597312783894e+01 5.889461073274675051e+00 1.851626796978824132e+05
5.507071910307648643e+00 4.688252955505422648e+01 3.345927072642008682e+01 5.979344764768451448e+00 1.853557145136841282e+05
5.585613695361120179e+00 4.778354818666940673e+01 3.391366415525954636e+01 6.233827803641318610e+00 1.897427548504820152e+05
5.664155425817094525e+00 4.780753585420379892e+01 3.381182066189371227e+01 6.382342434332835879e+00 1.900264910151091754e+05
5.742697103915729961e+00 4.783194556440138001e+01 3.375875486551521476e+01 6.504751195892557014e+00 1.912398327132979175e+05
5.821238731776284148e+00 4.794055310578351481e+01 3.364996001167800443e+01 6.676248946138745310e+00 1.934623349181032972e+05
5.899780311405160127e+00 4.822593577353668337e+01 3.397112932402484375e+01 6.806491827202076017e+00 1.938906881726566935e+05
5.978321844703323507e+00 4.817794762508962236e+01 3.392322023027715971e+01 6.896930579590167198e+00 1.943134414361547388e+05
6.056863333473133437e+00 4.877751413564542560e+01 3.414461960670115559e+01 7.072400760831301980e+00 1.979655194380911416e+05
6.135404779424661115e+00 4.945640406506772280e+01 3.442448921052597655e+01 7.314247889725940865e+00 2.014847818640092155e+05
6.213946184181517118e+00 4.936935044308116716e+01 3.451939342328655158e+01 7.459920923212814969e+00 2.017408767615065444e+05
6.292487549286247983e+00 4.981658696581889956e+01 3.459313077409339598e+01 7.540007522380971494e+00 2.041015494878773170e+05
6.371028876205335756e+00 4.985421479392773136e+01 3.452763493288770746e+01 7.805604732675000434e+00 2.032837580002863251e+05
6.449570166333828070e+00 5.036893264231425604e+01 3.494317333185198748e+01 7.971970250766563737e+00 2.081657118684439338e+05
6.528111420999634262e+00 5.065370907312305349e+01 3.503594054803630797e+01 8.127875086591675569e+00 2.088463293054997048e+05
6.606652641467518627e+00 5.083565635289745899e+01 3.517616841659277327e+01 8.341916750655776980e+00 2.097875473050209403e+05
6.685193828942805006e+00 5.116827636037136529e+01 3.517620302002310950e+01 8.495730929473237936e+00 2.100807161103046383e+05
6.763734984574836240e+00 5.085770997304582863e+01 3.500301245801622940e+01 8.676347321535008206e+00 2.108291455571969273e+05
6.842276109460177835e+00 5.166024444179055308e+01 3.542897180286761483e+01 8.797127587324085951e+00 2.131419074755048205e+05
6.920817204645620890e+00 5.139911953425880142e+01 3.531791092766921736e+01 8.947197462076543317e+00 2.136068705966518319e+05
6.999358271130968312e+00 5.224810371621650518e+01 3.576425605183378309e+01 9.261760221773343460e+00 2.168112022212780721e+05
7.077899309871646949e+00 5.283749520950940592e+01 3.623091407728177415e+01 9.408926125302102150e+00 2.200815897871716006e+05
7.156440321781138536e+00 5.253076506957695813e+01 3.597460751937417456e+01 9.537909600010216593e+00 2.190139949485274265e+05
7.234981307733260536e+00 5.280092815580620424e+01 3.591278365881329648e+01 9.787308409935866038e+00 2.206648714158980001e+05
7.313522268564292439e+00 5.275242931877727415e+01 3.608902094547273265e+01 9.927887769822978825e+00 2.208899267594390840e+05
7.392063205074973276e+00 5.317319833813727570e+01 3.629103666812536488e+01 1.011755244569333101e+01 2.218159055404879036e+05
7.470604118032365015e+00 5.319456437781327196e+01 3.618387100483832342e+01 1.028471376631986089e+01 2.239928487618023355e+05
7.549145008171610272e+00 5.363085033497765153e+01 3.659830642181638183e+01 1.047456416611052532e+01 2.249478617734639556e+05
7.627685876197570103e+00 5.432319978548999728e+01 3.686048259275438710e+01 1.072699683909722879e+01 2.272001074651136878e+05
7.706226722786373884e+00 5.449340016100069306e+01 3.690887880703198931e+01 1.090994253045415263e+01 2.288886612494881265e+05
7.784767548586863484e+00 5.464131936524798050e+01 3.686242620945525772e+01 1.114529075966476590e+01 2.290108657475686632e+05
7.863308354221953955e+00 5.459782257596463495e+01 3.704357265134829191e+01 1.120571208741299429e+01 2.293739973666341102e+05
7.941849140289923170e+00 5.504556034204558301e+01 3.705799126065911508e+01 1.150286385338563555e+01 2.303499971418462810e+05
8.020389907365611748e+00 5.548520477443899068e+01 3.727363224087014970e+01 1.164052187326173282e+01 2.343951960658761382e+05
8.098930656001561701e+00 5.591375704045639594e+01 3.769281076475348158e+01 1.186478995387512292e+01 2.355789835058253957e+05
8.177471386729090241e+00 5.585027496191599994e+01 3.769294136433172326e+01 1.202457948153046630e+01 2.349506028377642797e+05
8.256012100059292536e+00 5.639510088433038959e+01 3.810790666940581417e+01 1.230249257998545431e+01 2.368578529497748823e+05
8.334552796484000936e+00 5.626101112300743523e+01 3.793003265643206845e+01 1.240695650278640372e+01 2.373363299923499580e+05
8.413093476476680266e+00 5.695577179151477765e+01 3.792524177350471604e+01 1.267242949842126087e+01 2.398452086403549183e+05
8.491634140493276917e+00 5.691151606783894579e+01 3.821191486542355165e+01 1.288791562714555639e+01 2.398027130013804708e+05
8.570174788973028868e+00 5.713211875666648609e+01 3.817437458133143480e+01 1.316307385836724642e+01 2.408939844648292637e+05
8.648715422339215309e+00 5.753630465498108038e+01 3.842434798635639481e+01 1.332071153772633387e+01 2.432831683486666007e+05
8.727256040999876063e+00 5.749008941162030339e+01 3.840738277943885493e+01 1.351140928493970783e+01 2.440796991568843951e+05
8.805796645348495488e+00 5.800787398342955470e+01 3.868519969950891380e+01 1.378449679038417131e+01 2.445111864935978665e+05
8.884337235764643737e+00 5.791522353050117289e+01 3.868694793828562695e+01 1.396681319876036831e+01 2.448351283081602596e+05
8.962877812614589601e+00 5.791018561604413861e+01 3.862728224673699629e+01 1.422836484408710689e+01 2.450009364027134143e+05
9.041418376251867173e+00 5.882563643009905263e+01 3.911547071935743247e+01 1.443459767372505631e+01 2.482921742590007198e+05
9.119958927017840722e+00 5.903606642763326562e+01 3.943919068154725238e+01 1.458804031955826019e+01 2.498763204852595518e+05
9.198499465242209183e+00 5.904370310069433003e+01 3.933093917806176165e+01 1.486034967906922866e+01 2.499018596868042951e+05
9.277039991243508865e+00 5.934449596928687498e+01 3.951289649433519457e+01 1.511213232966444941e+01 2.510169838763145381e+05
9.355580505329580632e+00 5.957705909905494224e+01 3.928535978479447976e+01 1.535787631445820800e+01 2.524332226738088357e+05
9.434121007798012215e+00 5.988696128733984381e+01 3.963236201274464321e+01 1.559789653466268255e+01 2.529548125021898304e+05
9.512661498936562765e+00 5.980623675554124929e+01 3.961167453057228727e+01 1.575244839660690133e+01 2.544205626926337136e+05
9.591201979023569635e+00 6.039193500657438562e+01 3.997517531903292110e+01 1.603424952659054270e+01 2.554907371761911490e+05
9.669742448328321416e+00 6.022922921966796395e+01 3.986237489169244697e+01 1.624650872899777809e+01 2.554694853205454419e+05
9.748282907111432749e+00 6.071467688138886842e+01 4.014157728509182732e+01 1.644316319297639950e+01 2.581472043932461529e+05
9.826823355625185386e+00 6.055475741494660724e+01 4.004219670428422972e+01 1.666228015708433929e+01 2.567797849526992941e+05
9.905363794113858589e+00 6.103833840653512510e+01 4.036487226431752617e+01 1.693600296201253741e+01 2.583742825002742175e+05
9.983904222814045326e+00 6.123422200595030773e+01 4.040040325840364943e+01 1.717402344176334950e+01 2.596422120005641191e+05
1.006244464195495070e+01 6.140929712157665676e+01 4.058850922461179778e+01 1.738768961852950667e+01 2.607411773948609189e+05
1.014098505175868148e+01 6.124567217547887310e+01 4.044647371230299626e+01 1.760814460835493378e+01 2.599467497005573241e+05
1.021952545244051613e+01 6.190522152094329300e+01 4.064943182781202324e+01 1.796385052328594867e+01 2.624818109766677371e+05
1.029806584420916415e+01 6.231478036713946977e+01 4.085419180669241257e+01 1.828388567966896261e+01 2.649716315569047001e+05
1.037660622726701654e+01 6.199495879756582184e+01 4.090100476068977287e+01 1.838478317201828460e+01 2.641607369311471703e+05
1.045514660181038380e+01 6.232594559801428602e+01 4.103065623183591981e+01 1.872539629863526400e+01 2.635875723135936423e+05
1.053368696802971982e+01 6.252611031005273645e+01 4.118980462390581465e+01 1.892650761848319618e+01 2.652082758988208952e+05
1.061222732610984210e+01 6.297778548233437590e+01 4.122191213859626657e+01 1.915183188635423761e+01 2.676326191342263483e+05
1.069076767623013779e+01 6.316148957942186826e+01 4.143325251620274230e+01 1.942262831708027804e+01 2.686322255179416970e+05
1.076930801856475739e+01 6.309934714247784626e+01 4.142492079992062060e+01 1.959745884641721503e+01 2.687005699858498992e+05
1.084784835328281005e+01 6.382853876165928853e+01 4.180193811615805544e+01 1.993163527106275623e+01 2.702680671572436695e+05
1.092638868054854306e+01 6.351548786912533728e+01 4.173564095849047106e+01 2.017624579329895340e+01 2.695698279848520178e+05
1.100492900052151413e+01 6.375786537075855875e+01 4.185926944230429569e+01 2.043701410556115405e+01 2.710322804831481772e+05
1.108346931335675833e+01 6.400667036399137544e+01 4.192602874486510700e+01 2.070237590302383168e+01 2.714353645584085025e+05
1.116200961920494805e+01 6.420871140162086022e+01 4.199329315785585948e+01 2.092145682040749222e+01 2.724396582366328803e+05
1.124054991821254212e+01 6.415181083092500103e+01 4.211723230426823505e+01 2.122970673518108242e+01 2.723015538664912456e+05
1.131909021052193687e+01 6.436854855401804798e+01 4.209516726599438385e+01 2.144720808685970326e+01 2.735854540915657999e+05
1.139763049627160285e+01 6.448047587191103958e+01 4.223044696340036097e+01 2.174777002134181458e+01 2.744240171821141848e+05
1.147617077559622167e+01 6.506338354880874419e+01 4.238964780712849034e+01 2.206244253870914207e+01 2.754289130289811874e+05
1.155471104862680853e+01 6.514880037084509468e+01 4.276334657357688229e+01 2.225590916431356447e+01 2.766778396176435053e+05
1.163325131549084368e+01 6.492248792061108986e+01 4.257794243490990027e+01 2.251123882097649087e+01 2.763591269175259513e+05
1.171179157631238787e+01 6.529186957332505870e+01 4.284594452642283358e+01 2.282415396708433164e+01 2.765153587052073563e+05
1.179033183121219608e+01 6.559804672694225758e+01 4.302050815818375185e+01 2.306155285894756091e+01 2.784729304933815147e+05
1.186887208030782759e+01 6.543094670535617752e+01 4.280919794765038233e+01 2.337569301783132403e+01 2.785097397487887065e+05
1.194741232371374728e+01 6.600498968845168690e+01 4.309782639745930055e+01 2.374459560794350210e+01 2.806689434948033886e+05
1.202595256154143222e+01 6.565402876544560229e+01 4.312419050107188667e+01 2.383793004666739535e+01 2.788978679992990801e+05
1.210449279389946753e+01 6.617079527184240817e+01 4.334530908137750771e+01 2.431836615168302274e+01 2.813986196000005584e+05
1.218303302089363527e+01 6.608017469343957373e+01 4.335828696898965973e+01 2.469807967445398589e+01 2.807074194928975776e+05
1.226157324262700676e+01 6.657754777198795182e+01 4.360625817315720099e+01 2.486240595866471281e+01 2.832324235705180909e+05
1.234011345920003322e+01 6.667812756280117981e+01 4.352297777061451001e+01 2.518835624342311519e+01 2.830468903194302111e+05
1.241865367071062565e+01 6.655637977565736207e+01 4.378554857430024327e+01 2.529137947058605107e+01 2.835685742365882033e+05
1.249719387725422415e+01 6.694918780120151780e+01 4.376051368829531896e+01 2.569842303222982949e+01 2.836985006721554091e+05
1.257573407892389383e+01 6.703064166498042198e+01 4.384689432879167725e+01 2.593291367535350744e+01 2.846974247354913387e+05
1.265427427581038877e+01 6.711232733286981045e+01 4.403591657906093815e+01 2.630766952674915871e+01 2.850330185588542954e+05
1.273281446800221772e+01 6.713106838694307044e+01 4.407165632307554404e+01 2.644059548283094685e+01 2.852604720604402246e+05
1.281135465558572584e+01 6.726231138565441370e+01 4.418008222564433396e+01 2.682304567890162517e+01 2.866029221203574562e+05
1.288989483864514796e+01 6.739145163543533101e+01 4.423578657849385110e+01 2.713292271342481143e+01 2.877613102595233358e+05
1.296843501726268322e+01 6.763675063537286292e+01 4.422623822427397755e+01 2.740699517707713539e+01 2.875476350773561280e+05
1.304697519151855190e+01 6.764843956200003561e+01 4.437387683724201537e+01 2.776377947262881207e+01 2.875146522712595761e+05
1.312551536149104692e+01 6.810554217828661194e+01 4.460813193302704605e+01 2.813986663821032863e+01 2.897419051760884468e+05
1.320405552725660492e+01 6.799797444087172948e+01 4.458657725490374446e+01 2.834440924978470377e+01 2.891540682090565097e+05
1.328259568888985243e+01 6.810701573944740517e+01 4.468869788272995436e+01 2.881170262872209520e+01 2.898719972542274627e+05
1.336113584646366270e+01 6.844382177881813334e+01 4.496932613914896137e+01 2.906120275235486972e+01 2.913757043205774389e+05
1.343967600004920548e+01 6.838599017851150563e+01 4.502397131269436414e+01 2.933881194619466370e+01 2.913205819297056296e+05
1.351821614971599317e+01 6.855427709041791218e+01 4.512060133959415964e+01 2.970223630035444629e+01 2.916296708988821483e+05
1.359675629553193588e+01 6.866548855611102908e+01 4.532679589855636948e+01 2.994237066823240667e+01 2.922014144261617912e+05
1.367529643756338231e+01 6.875462935122946817e+01 4.531921294010768975e+01 3.026370679116745421e+01 2.933394273006361327e+05
1.375383657587516595e+01 6.887055088211249654e+01 4.545741220851769526e+01 3.065282016998621728e+01 2.929210082365095732e+05
1.383237671053064766e+01 6.903754765504035618e+01 4.546147487935524367e+01 3.099355495999510524e+01 2.933703489585884963e+05
1.391091684159175834e+01 6.930015658691762326e+01 4.571715038816402199e+01 3.139326092782795996e+01 2.954257535022760276e+05
1.398945696911903269e+01 6.919268900678190448e+01 4.589293918923666382e+01 3.151428364241757407e+01 2.951426689570027520e+05
1.406799709317166069e+01 6.919752105597069658e+01 4.581243948362508434e+01 3.185126951143083929e+01 2.952891642978089512e+05
1.414653721380751428e+01 6.970280802497053685e+01 4.616329309731225550e+01 3.222161248520826149e+01 2.975002783016550238e+05
1.422507733108318817e+01 6.960648437591153481e+01 4.616553186359095662e+01 3.266524142475742565e+01 2.968211516478520352e+05
1.430361744505403543e+01 6.960263914967828214e+01 4.610575477712040282e+01 3.288524440029460294e+01 2.965759911964960629e+05
1.438215755577419586e+01 7.000761986100853562e+01 4.626593978786418404e+01 3.323832213317371043e+01 2.988128381675272831e+05
1.446069766329663686e+01 6.997401712916740735e+01 4.660263049501364208e+01 3.340573441448709957e+01 2.987546261565815657e+05
1.453923776767318010e+01 7.025060571375823315e+01 4.658849099003477079e+01 3.383349193612729522e+01 3.000460214754482731e+05
1.461777786895453346e+01 7.031036596035548314e+01 4.670727077038518615e+01 3.424983274521664356e+01 2.996535164227180649e+05
1.469631796719032302e+01 7.031138028891507474e+01 4.675769067650897171e+01 3.456870262616857303e+01 2.999086255110842176e+05
1.477485806242911437e+01 7.058572951433713172e+01 4.699823050477001374e+01 3.505723013341033578e+01 3.011082034201849601e+05
1.485339815471844993e+01 7.059828110885342767e+01 4.711574796649045993e+01 3.526823783787564537e+01 3.012244995879681665e+05
1.493193824410487203e+01 7.068205264682882216e+01 4.725207913807984994e+01 3.562859867121874657e+01 3.018070291469278745e+05
1.501047833063394421e+01 7.088459199588045578e+01 4.747798032892488607e+01 3.593063191143001234e+01 3.031896756826569908e+05
1.508901841435028857e+01 7.109952936914650934e+01 4.764298782215831807e+01 3.642208671880114679e+01 3.034545253872012836e+05
1.516755849529759992e+01 7.143754425941389741e+01 4.771064944010443298e+01 3.691073675519569974e+01 3.055545693794175750e+05
1.524609857351867070e+01 7.126308622829454009e+01 4.766479750380548097e+01 3.715809470557250904e+01 3.046147001157025225e+05
1.532463864905541762e+01 7.141083839527320265e+01 4.785881666820674241e+01 3.745291932426172821e+01 3.049306694487301284e+05
1.540317872194890292e+01 7.159631439852735468e+01 4.791583218276004885e+01 3.796520111289906652e+01 3.062249864043967100e+05
1.548171879223935399e+01 7.155346602553342450e+01 4.813200451505215938e+01 3.826110056383294733e+01 3.068228781403203611e+05
1.556025885996618996e+01 7.188246180797082729e+01 4.828486935030853289e+01 3.877156418167278673e+01 3.081327678077745368e+05
1.563879892516803238e+01 7.211705748799741400e+01 4.847183179427587874e+01 3.909067743197647360e+01 3.081409015336878947e+05
1.571733898788273187e+01 7.192748674079760463e+01 4.851755094975694504e+01 3.949772352613745596e+01 3.082958919374492252e+05
1.579587904814739119e+01 7.229669376799944303e+01 4.866492460910846063e+01 3.984933059603426386e+01 3.099053224418630707e+05
1.587441910599837769e+01 7.214166547387178241e+01 4.872725776817466681e+01 4.021291239558034647e+01 3.086690941020476166e+05
1.595295916147133575e+01 7.250032099236048566e+01 4.901663542445406563e+01 4.063184855664544415e+01 3.105008177379933186e+05
1.603149921460121874e+01 7.271826588992107077e+01 4.906818748631356897e+01 4.098557344192975194e+01 3.119188990728086210e+05
1.611003926542229436e+01 7.278539046772881704e+01 4.915991827498113054e+01 4.144044479456334784e+01 3.121417256548429141e+05
1.618857931396816596e+01 7.291376445506955406e+01 4.932492299176286821e+01 4.168426528853137825e+01 3.129208532082105521e+05
1.626711936027179561e+01 7.306444606387674412e+01 4.960048795717759873e+01 4.210157228054328016e+01 3.136605971707707504e+05
1.634565940436549525e+01 7.316714920128175947e+01 4.958070987422215126e+01 4.257706137842658478e+01 3.140881652185756247e+05
1.642419944628097639e+01 7.326128977075283899e+01 4.976667206847390901e+01 4.284384013674811342e+01 3.143201052973227343e+05
1.650273948604932883e+01 7.335329191821683992e+01 5.026595517472943442e+01 4.327266988140768689e+01 3.147992414454735699e+05
1.658127952370107394e+01 7.352180227529746048e+01 5.028199974636113012e+01 4.381309334250755683e+01 3.159285222984777065e+05
1.665981955926614333e+01 7.364446378132144844e+01 5.024758497875407670e+01 4.423635637191387104e+01 3.162747043879803387e+05
1.673835959277390728e+01 7.386583438624079179e+01 5.037305247442315448e+01 4.472306272231670476e+01 3.179269619426646386e+05
1.681689962425318896e+01 7.406248673124862592e+01 5.073269854603579887e+01 4.523007891385412194e+01 3.189700380973020801e+05
1.689543965373228218e+01 7.454501402314798497e+01 5.103567382381645956e+01 4.557168101983720732e+01 3.205277546652740566e+05
1.697397968123895495e+01 7.433917862302929791e+01 5.090426194288155415e+01 4.612627663202780326e+01 3.203596466553002829e+05
1.705251970680045304e+01 7.450097982823587017e+01 5.136158088138319044e+01 4.632348102138181645e+01 3.210599419444751111e+05
1.713105973044353902e+01 7.466675356479989034e+01 5.150164145779896074e+01 4.679478335072933248e+01 3.215030308045306010e+05
1.720959975219447102e+01 7.495571859300613937e+01 5.180617687548885897e+01 4.739619362657145274e+01 3.225141983608853188e+05
1.728813977207903463e+01 7.498072676463264941e+01 5.196294315261911123e+01 4.786110993618495257e+01 3.238962721416045679e+05
1.736667979012256424e+01 7.514134588522398417e+01 5.208506843858470603e+01 4.833611583560040259e+01 3.241512916472455836e+05
1.744521980634991110e+01 7.553156707138697357e+01 5.227987619231232941e+01 4.872707657774418522e+01 3.260613419757026713e+05
1.752375982078550365e+01 7.559445703773528180e+01 5.252360152803255033e+01 4.932278445990311155e+01 3.268191352726073237e+05
1.760229983345331917e+01 7.586127032601345377e+01 5.261271406915897586e+01 4.954354261089398648e+01 3.273018693601182895e+05
1.768083984437692635e+01 7.610698069675937916e+01 5.312839622502118431e+01 5.004995654101602298e+01 3.287949913696691510e+05
1.775937985357945692e+01 7.626731491537897512e+01 5.320582090322255908e+01 5.069851089129360844e+01 3.297178332570967032e+05
1.783791986108364824e+01 7.645865629687291687e+01 5.323161264994509878e+01 5.126277821446343808e+01 3.309599751440102118e+05
1.791645986691183268e+01 7.660718305705803743e+01 5.346940313108838438e+01 5.148162125708188341e+01 3.309293155999757582e+05
1.799499987108595889e+01 7.679502265666083360e+01 5.383014360433486445e+01 5.204559387779868729e+01 3.319448081104597659e+05
1.807353987362759185e+01 7.720213416789960093e+01 5.411511027317917666e+01 5.256834338001134199e+01 3.345042014939165092e+05
1.815207987455791638e+01 7.718029745217751270e+01 5.411553655861187906e+01 5.291979685024951152e+01 3.340689328977124533e+05
1.823061987389775851e+01 7.746576986955280120e+01 5.431120185338924244e+01 5.365595459735844486e+01 3.356654285792316659e+05
1.830915987166758541e+01 7.763106155582563872e+01 5.472692391918783983e+01 5.397566992616687997e+01 3.364786036039808532e+05
1.838769986788751964e+01 7.806135683734237318e+01 5.488481673384376336e+01 5.452247352977316552e+01 3.379619694947921671e+05
1.846623986257733563e+01 7.820910243329016964e+01 5.526446265738694308e+01 5.497601639779114180e+01 3.391311790619319072e+05
1.854477985575647381e+01 7.834801116912706220e+01 5.546842342818434446e+01 5.551758213113777174e+01 3.405544133969501709e+05
1.862331984744404423e+01 7.872807235327601916e+01 5.569248962559855443e+01 5.614784684660374836e+01 3.423284998111559544e+05
1.870185983765884075e+01 7.909582456263916583e+01 5.588978347161143034e+01 5.671799181546784041e+01 3.437339151721748640e+05
1.878039982641934458e+01 7.907447800806750138e+01 5.625583170030810720e+01 5.710698993067218510e+01 3.446779745425622095e+05
1.885893981374372075e+01 7.957624233481816134e+01 5.644402921258566153e+01 5.765205507544947494e+01 3.464353004188667401e+05
1.893747979964983941e+01 7.977266337583118627e+01 5.686878625698032863e+01 5.809566549527929169e+01 3.470841072268809075e+05
1.901601978415527228e+01 8.005849325862686783e+01 5.694658674694026246e+01 5.861983772057242703e+01 3.486227590342778130e+05
1.909455976727730331e+01 8.016675363043309233e+01 5.731854294605312106e+01 5.922401089204873159e+01 3.496957158993550111e+05
1.917309974903293579e+01 8.058296289254646183e+01 5.762505666390463688e+01 5.961787459970494041e+01 3.514280146179157891e+05
1.925163972943889235e+01 8.067304809742232408e+01 5.790896138971886842e+01 6.024356865616866941e+01 3.519344560751570971e+05
1.933017970851161849e+01 8.139924421329274651e+01 5.838395385319646635e+01 6.086604913406511486e+01 3.547079206182896742e+05
1.940871968626730748e+01 8.164170216950687120e+01 5.864176670864438279e+01 6.160490904535581791e+01 3.561737056183948880e+05
1.948725966272188259e+01 8.196417997949077971e+01 5.892390019086658981e+01 6.194962727703790506e+01 3.573943818954052986e+05
1.956579963789100773e+01 8.202043007172802902e+01 5.925507321422934126e+01 6.264666780120946754e+01 3.587348597395560355e+05
1.964433961179010524e+01 8.277483486606197971e+01 5.963679263839974709e+01 6.342628657921503788e+01 3.617010754284951836e+05
1.972287958443434519e+01 8.307622330693054380e+01 6.018560826780028350e+01 6.397396334731751466e+01 3.627698069243477657e+05
1.980141955583865965e+01 8.359630553030740430e+01 6.029668792757786377e+01 6.440278999903627266e+01 3.649226427503283485e+05
1.987995952601774619e+01 8.342353359264193102e+01 6.056493343750734226e+01 6.499865182579141276e+01 3.655273619047745597e+05
1.995849949498606790e+01 8.393215665686010141e+01 6.096505889699515990e+01 6.552271680238010276e+01 3.672858952020491706e+05
2.003703946275786052e+01 8.440618710458601015e+01 6.136510723832203240e+01 6.602437809228402443e+01 3.698277740957619390e+05
2.011557942934713950e+01 8.479083520425113818e+01 6.163908899659823248e+01 6.665816080114683473e+01 3.716210994682938326e+05
2.019411939476770712e+01 8.507134054851464100e+01 6.205138613740331266e+01 6.722233120085654434e+01 3.734080237682564766e+05
2.027265935903314542e+01 8.490233905098604339e+01 6.211114420555384186e+01 6.777837192959229640e+01 3.724797469769420568e+05
2.035119932215682326e+01 8.500445083166658833e+01 6.243245220558561215e+01 6.821721112740269177e+01 3.736620762326648692e+05
2.042973928415191054e+01 8.515058801851755277e+01 6.227947336046927518e+01 6.862647805836799364e+01 3.737815099829145474e+05
2.050827924503137467e+01 8.514054098297937401e+01 6.277349904737262420e+01 6.941919985095412926e+01 3.748904319115271792e+05
2.058681920480798766e+01 8.543520863403175269e+01 6.286700704958744979e+01 6.985472067480046121e+01 3.761765939680656302e+05
2.066535916349431901e+01 8.542480467717437875e+01 6.300089131345028193e+01 7.054360522183955595e+01 3.762280074509471306e+05
2.074389912110275347e+01 8.536148439351025274e+01 6.320347300950326996e+01 7.109040018517194426e+01 3.765778611417325446e+05
2.082243907764548752e+01 8.558808727628007773e+01 6.347969072322858608e+01 7.141949874132799891e+01 3.774939564292961732e+05
2.090097903313453642e+01 8.571263987164972775e+01 6.370746533708169324e+01 7.232348086795468589e+01 3.791933381307867239e+05
2.097951898758173783e+01 8.612976779989114107e+01 6.389552976550905328e+01 7.286557630556582410e+01 3.804071531909127953e+05
2.105805894099874109e+01 8.593297783629688524e+01 6.423800526103545394e+01 7.332819206940725110e+01 3.804947566729720565e+05
2.113659889339703568e+01 8.589853419684159519e+01 6.408809690151588256e+01 7.367263820600396684e+01 3.802116198787391768e+05
2.121513884478793344e+01 8.617932246605121804e+01 6.457304277524470137e+01 7.433803281414341768e+01 3.821449595543715404e+05
2.129367879518258277e+01 8.598794869729765367e+01 6.477110446473385252e+01 7.487101947790152678e+01 3.817203181445837254e+05
2.137221874459196869e+01 8.630206954464131286e+01 6.488047251305850693e+01 7.557374407847946429e+01 3.831421977941865916e+05
2.145075869302691274e+01 8.635705776485085039e+01 6.519730313002406774e+01 7.602616877342923374e+01 3.835019023654658231e+05
2.152929864049807307e+01 8.621703417251518431e+01 6.532942631845007497e+01 7.691899112827415763e+01 3.843330212090716814e+05
2.160783858701596571e+01 8.654023182424295157e+01 6.559905305351429661e+01 7.718351382031615060e+01 3.847762529124002322e+05
2.168637853259094683e+01 8.651304799887425645e+01 6.583314721028916949e+01 7.769866608865868329e+01 3.855538787632625317e+05
2.176491847723321982e+01 8.645344089300633073e+01 6.604773916800556322e+01 7.826808604576574169e+01 3.855822227911876980e+05
2.184345842095285306e+01 8.671926943713893365e+01 6.651128991099395193e+01 7.892031006314550723e+01 3.873648955255678156e+05
2.192199836375975508e+01 8.699438675524116604e+01 6.660501723821460018e+01 7.968626764297921738e+01 3.890919876904758858e+05
2.200053830566371005e+01 8.711326376529626714e+01 6.689813452245276437e+01 8.015412992500920097e+01 3.897043301631995128e+05
2.207907824667434582e+01 8.706263653520039725e+01 6.702132781138701034e+01 8.069794154168565115e+01 3.894858183043624740e+05
2.215761818680116590e+01 8.724279052137175938e+01 6.729100909040816703e+01 8.164265489205256188e+01 3.903986721809220035e+05
2.223615812605353526e+01 8.740500337190728430e+01 6.752135299235335708e+01 8.201030879964186227e+01 3.923779858379358775e+05
2.231469806444068738e+01 8.756914421978657970e+01 6.786682098060968826e+01 8.287333329783309921e+01 3.927524162870676373e+05
2.239323800197172432e+01 8.747842223389693572e+01 6.816063748621151319e+01 8.313506835110869986e+01 3.935963844010441098e+05
2.247177793865562023e+01 8.771890338880255911e+01 6.834022248906705954e+01 8.380815394680395514e+01 3.947752960435644491e+05
2.255031787450123204e+01 8.764771407741002918e+01 6.861721773776881150e+01 8.464580083742816896e+01 3.950805553210558719e+05
2.262885780951728165e+01 8.789066875637216469e+01 6.903398173273504312e+01 8.516921096889518594e+01 3.967163941705334582e+05
2.270739774371238440e+01 8.802752282074978041e+01 6.930082878259251800e+01 8.579337546900120515e+01 3.974753471038966090e+05
2.278593767709502771e+01 8.812154443927268233e+01 6.948109041033301025e+01 8.634659869568524471e+01 3.978631353768084664e+05
2.286447760967358178e+01 8.818814403415950665e+01 6.970367553715560405e+01 8.721090465555376170e+01 3.998130903278829646e+05
2.294301754145629957e+01 8.815787828077158395e+01 6.982052772548451003e+01 8.759700450277935602e+01 4.000551771713670460e+05
2.302155747245133455e+01 8.864712833251228119e+01 7.042022136528798626e+01 8.840297052574857162e+01 4.020730814453726052e+05
2.310009740266672296e+01 8.859901039047123561e+01 7.068165631485010181e+01 8.878441844251491943e+01 4.025423119200220099e+05
2.317863733211038380e+01 8.891670017718578833e+01 7.083123755085522077e+01 8.969237686993892567e+01 4.042412380970110535e+05
2.325717726079013303e+01 8.887884458783624098e+01 7.137800229015053333e+01 9.017429430915026956e+01 4.036326920911676716e+05
2.333571718871368716e+01 8.918636429685808764e+01 7.158221678386378528e+01 9.117493061691513390e+01 4.058348751825153595e+05
2.341425711588865965e+01 8.898701996956266669e+01 7.157920922790350460e+01 9.134242889337677695e+01 4.063868408258911222e+05
2.349279704232255384e+01 8.947428690004291241e+01 7.196204411310965554e+01 9.222228641019707140e+01 4.079671788946432644e+05
2.357133696802278067e+01 8.954287612950786013e+01 7.215714049241930184e+01 9.275949296827565149e+01 4.086477140690976521e+05
2.364987689299664453e+01 8.961710873403413302e+01 7.262683548559948576e+01 9.337089731024003925e+01 4.096201658201538958e+05
2.372841681725136453e+01 8.986779498644743569e+01 7.317964162836116770e+01 9.408932914578133477e+01 4.106167894052119227e+05
2.380695674079405322e+01 9.005964004755669805e+01 7.304464783847723197e+01 9.531285314596657088e+01 4.129296461627990939e+05
2.388549666363174140e+01 9.015943767220893790e+01 7.354855923439609455e+01 9.561168279967156991e+01 4.134444834793639020e+05
2.396403658577134976e+01 9.033211454424538545e+01 7.392314994063561073e+01 9.650566728557572560e+01 4.145713674697483657e+05
2.404257650721972439e+01 9.061035742086704659e+01 7.445737554076171705e+01 9.710061914705002550e+01 4.152210075609590276e+05
2.412111642798362254e+01 9.068214571159029447e+01 7.453434187790168153e+01 9.787343117115578650e+01 4.170728734398732777e+05
2.419965634806970556e+01 9.069579983154700642e+01 7.496832323706537693e+01 9.838324079623399143e+01 4.174725533475677948e+05
2.427819626748454596e+01 9.145101041441670020e+01 7.533872370764864002e+01 9.904613779166720633e+01 4.200608111493322067e+05
2.435673618623464520e+01 9.123104216976604164e+01 7.572756498015179716e+01 9.959270500449225949e+01 4.202854327038816409e+05
2.443527610432640529e+01 9.144324874949791138e+01 7.599983660946581665e+01 1.002738107522836941e+02 4.210413542482112534e+05
2.451381602176616425e+01 9.186864822685899412e+01 7.621125309582710372e+01 1.011093525924133871e+02 4.237287752406258951e+05
2.459235593856016067e+01 9.189480026685875202e+01 7.691274424486942962e+01 1.022207724132077402e+02 4.244839872771518421e+05
2.467089585471456203e+01 9.227324262817424483e+01 7.694313357301687972e+01 1.026837980412316398e+02 4.271588180989287794e+05
2.474943577023546126e+01 9.232762528148096237e+01 7.748323651611376306e+01 1.036751032191253188e+02 4.273819257522398257e+05
2.482797568512887310e+01 9.266183113829990248e+01 7.784990637573288552e+01 1.042569385833872246e+02 4.285809843147739302e+05
2.490651559940072346e+01 9.300591324415144356e+01 7.813750368597985130e+01 1.047469395243984280e+02 4.313602077378000249e+05
2.498505551305688144e+01 9.289374004279299868e+01 7.852566100730084031e+01 1.058508993780527305e+02 4.317305190804582671e+05
2.506359542610313440e+01 9.300474457915331072e+01 7.895029876548028369e+01 1.063598743252352961e+02 4.319920905435738387e+05
2.514213533854519511e+01 9.326574226467938900e+01 7.934968373035728462e+01 1.074093491508928224e+02 4.343288433132538339e+05
2.522067525038871239e+01 9.384713950058252863e+01 7.973266976498871372e+01 1.083392918629429857e+02 4.366493081229866948e+05
2.529921516163925688e+01 9.348824266688161799e+01 7.991888153251329641e+01 1.088528635117348102e+02 4.364793565622783499e+05
2.537775507230233529e+01 9.412053234254894107e+01 8.076032710250862579e+01 1.099039294898522456e+02 4.380093984110197634e+05
2.545629498238338684e+01 9.399332661548362466e+01 8.082779232951085646e+01 1.102052850656227179e+02 4.386939077128401259e+05
2.553483489188777966e+01 9.470241505567426543e+01 8.168344717122462839e+01 1.110240943778536575e+02 4.425514282709758845e+05
2.561337480082082152e+01 9.472633698534752966e+01 8.172965915312853724e+01 1.117510379800241083e+02 4.434014661290562362e+05
2.569191470918774911e+01 9.494934540275149004e+01 8.213262166330584080e+01 1.130563885602043683e+02 4.442570763917348231e+05
2.577045461699373874e+01 9.526078075267287204e+01 8.277075781666421506e+01 1.136666432867288563e+02 4.450402225252711214e+05
2.584899452424390631e+01 9.527985705051766274e+01 8.299746785285668693e+01 1.144650107474980985e+02 4.482491805910824914e+05
2.592753443094329668e+01 9.533224128549016996e+01 8.325721825204500703e+01 1.148842394015184141e+02 4.482672820977427764e+05
2.600607433709690852e+01 9.598219951925098314e+01 8.385261582442373651e+01 1.164072390386226488e+02 4.508056696112703066e+05
2.608461424270966944e+01 9.649601805591996140e+01 8.433945826197908957e+01 1.167793271696692301e+02 4.527023854799980181e+05
2.616315414778644310e+01 9.661776021952225335e+01 8.452870654181676002e+01 1.177668893152878269e+02 4.546412253921473166e+05
2.624169405233205055e+01 9.675654590859066673e+01 8.542956322538414327e+01 1.184135548681985739e+02 4.547579921630437602e+05
2.632023395635124174e+01 9.674287538394482056e+01 8.563988787347457787e+01 1.189828488968540228e+02 4.559672689694633009e+05
2.639877385984871694e+01 9.732102886803389197e+01 8.613022161045873304e+01 1.204806282766039658e+02 4.587770503760846332e+05
2.647731376282911953e+01 9.739564495359888951e+01 8.658254591756681862e+01 1.211118408706530261e+02 4.602871538856092375e+05
2.655585366529703606e+01 9.766385664870519179e+01 8.710833363655878259e+01 1.229195870079968103e+02 4.616441657278513885e+05
2.663439356725699980e+01 9.812659829549920687e+01 8.731422532243065859e+01 1.232181533334955077e+02 4.651857926534750150e+05
2.671293346871349428e+01 9.797933468260306711e+01 8.793962054960765329e+01 1.239244188080718203e+02 4.652137810914244037e+05
2.679147336967094617e+01 9.845512792099123089e+01 8.821359140071425031e+01 1.248802353549042436e+02 4.667376934741087607e+05
2.687001327013372531e+01 9.922168841454970334e+01 8.874510729593737324e+01 1.254222079008964386e+02 4.695636542081401567e+05
2.694855317010616602e+01 9.898948288085921376e+01 8.894788009411661278e+01 1.262675113057093199e+02 4.698318241212728317e+05
2.702709306959254221e+01 9.988921274314570553e+01 8.977158106592618481e+01 1.274704163626664268e+02 4.742479463826965657e+05
2.710563296859707094e+01 1.000192101122652986e+02 8.998371931085469555e+01 1.285374376528915548e+02 4.756221646835193387e+05
2.718417286712393377e+01 1.000672784893239537e+02 9.017720054956322429e+01 1.288712584168215471e+02 4.779033557788693579e+05
2.726271276517725894e+01 1.004969888814381562e+02 9.083144166183339507e+01 1.295866829152943751e+02 4.804722624523151899e+05
2.734125266276112498e+01 1.008597087269020278e+02 9.164941830806509415e+01 1.314942615646378101e+02 4.798115021132307011e+05
2.741979255987956776e+01 1.003982041158253793e+02 9.193912858294793011e+01 1.303866748024155982e+02 4.791626302920434973e+05
2.749833245653658054e+01 1.007947185492049300e+02 9.212778209374229732e+01 1.321141034809586756e+02 4.802104600969284656e+05
2.757687235273609616e+01 1.007418928062248114e+02 9.290444949841257483e+01 1.332077688198462226e+02 4.831165232511858339e+05
2.765541224848202262e+01 1.013678703268056580e+02 9.313247992566643063e+01 1.335752876773282196e+02 4.843439156623104354e+05
2.773395214377820395e+01 1.015673970948517137e+02 9.417204938629988931e+01 1.349646315611036869e+02 4.881190827195455204e+05
2.781249203862845576e+01 1.020868221240905029e+02 9.469102104699342703e+01 1.360110330007857158e+02 4.886895435103722848e+05
2.789103193303654038e+01 1.019331722322951350e+02 9.399904181381404555e+01 1.364821625326119943e+02 4.901063650433005532e+05
2.796957182700618816e+01 1.019586244830282311e+02 9.478160242564412385e+01 1.374202758784980460e+02 4.878275748726231977e+05
2.804811172054107615e+01 1.018692419557413018e+02 9.486337730293020343e+01 1.383243182747206959e+02 4.890224312657714472e+05
2.812665161364485655e+01 1.027065669544880109e+02 9.542719000895816350e+01 1.384105580543946132e+02 4.952536926164968172e+05
2.820519150632112115e+01 1.022071374645018267e+02 9.614762443228558197e+01 1.392349125275477491e+02 4.929710043073225534e+05
2.828373139857343332e+01 1.019148824384009231e+02 9.611145537225831958e+01 1.403334603298321213e+02 4.927289392613169621e+05
2.836227129040531736e+01 1.021243301743503622e+02 9.614493470213226090e+01 1.402910112266317526e+02 4.937750803386739572e+05
2.844081118182025847e+01 1.023289256783423156e+02 9.643207092406670711e+01 1.421378814660716046e+02 4.974492553107458516e+05
2.851935107282169923e+01 1.017057139136229864e+02 9.765347841260989981e+01 1.431091661102114472e+02 4.954220096264443127e+05
2.859789096341304315e+01 1.020800029126267106e+02 9.710191146625423642e+01 1.428431451227075399e+02 4.966327171935327351e+05
2.867643085359765820e+01 1.020883989898081978e+02 9.768481220035093315e+01 1.443936217386944634e+02 4.953190984601484961e+05
2.875497074337888392e+01 1.023681877844274339e+02 9.785190922829345084e+01 1.454339932564026583e+02 4.975458250244107912e+05
2.883351063276001369e+01 1.031131391942976876e+02 9.815939794592510736e+01 1.452562098509310715e+02 5.014110076813006890e+05
2.891205052174430890e+01 1.030708329653744784e+02 9.904919345430589317e+01 1.472828177654782280e+02 5.039070728626577766e+05
2.899059041033499184e+01 1.023194752790246014e+02 9.910139036942801738e+01 1.476744998216875899e+02 5.033144534889299539e+05
2.906913029853525643e+01 1.023521427389890874e+02 1.002611492290488826e+02 1.483415083942185504e+02 5.002003391634174623e+05
2.914767018634825746e+01 1.028739860565543580e+02 1.007903761703342127e+02 1.500502603777619015e+02 5.051694391801736201e+05
2.922621007377712132e+01 1.030554190320531234e+02 1.011194246815925197e+02 1.511959594228353296e+02 5.080613942835729104e+05
2.930474996082492822e+01 1.033525831046481471e+02 1.009829061694499330e+02 1.515356019606497284e+02 5.094094106845603092e+05
2.938328984749474060e+01 1.034416298977661341e+02 1.016596058185496645e+02 1.520228680613665802e+02 5.096498321040887386e+05
2.946182973378957826e+01 1.028373283498662261e+02 1.019365614047685114e+02 1.532271048648902365e+02 5.092072637208773522e+05
2.954036961971243258e+01 1.034944273474780374e+02 1.025544753376907323e+02 1.547179020556835098e+02 5.116256036595705664e+05
2.961890950526625943e+01 1.036384307739715780e+02 1.037309250490773138e+02 1.547468934981052655e+02 5.148292238744204515e+05
2.969744939045398979e+01 1.040506915636402852e+02 1.034797740514819537e+02 1.562737816398725954e+02 5.178399523304923205e+05
2.977598927527852268e+01 1.029529222282282461e+02 1.050504672457456508e+02 1.575603642798547241e+02 5.097798443376477808e+05
2.985452915974272159e+01 1.040959172695688437e+02 1.045338013683208942e+02 1.575008787576126963e+02 5.192123182109632762e+05
2.993306904384942868e+01 1.046373578985222537e+02 1.049757384214169491e+02 1.594721237899062487e+02 5.235389716306267655e+05
3.001160892760143994e+01 1.059137601574962275e+02 1.054806529364492178e+02 1.606774188875143068e+02 5.267767773470260436e+05
3.009014881100154071e+01 1.060240276192644018e+02 1.056828027112044452e+02 1.616709966011973734e+02 5.273793071231931681e+05
3.016868869405248077e+01 1.049465282077293153e+02 1.057818207319608774e+02 1.610804226029765118e+02 5.263110104720229283e+05
3.024722857675697441e+01 1.065089042802017190e+02 1.077192576651539468e+02 1.631029307501829066e+02 5.328090922392592765e+05
3.032576845911771457e+01 1.071919261896478304e+02 1.078874121551401828e+02 1.652407712113809168e+02 5.380231291079727234e+05
3.040430834113736580e+01 1.056316375065706836e+02 1.075367845232827193e+02 1.637399845196619026e+02 5.312285670466045849e+05
3.048284822281856421e+01 1.080800546249299998e+02 1.091185125106508593e+02 1.684162538544794359e+02 5.425756992428894155e+05
3.056138810416392460e+01 1.082800475716532702e+02 1.097342964961642622e+02 1.685805356177329202e+02 5.442682065861782758e+05
3.063992798517602267e+01 1.075750535351477595e+02 1.090053635124491507e+02 1.697176056102996995e+02 5.420533579827938229e+05
3.071846786585741640e+01 1.080790645604046176e+02 1.093723403882336100e+02 1.694896382176944201e+02 5.465239996848420706e+05
3.079700774621063886e+01 1.093700868978231284e+02 1.117339116084528143e+02 1.733946746823064018e+02 5.507927169303564588e+05
3.087554762623818760e+01 1.097723185524678939e+02 1.111708090647262281e+02 1.727033962560258828e+02 5.510152796030712780e+05
3.095408750594254599e+01 1.097353392610018545e+02 1.138110534242323979e+02 1.763945405313497474e+02 5.586483451983747073e+05
3.103262738532617249e+01 1.099102299711283877e+02 1.124206145325684503e+02 1.739532923119461429e+02 5.572047877116424497e+05
3.111116726439149005e+01 1.107303866211780274e+02 1.148090467293222048e+02 1.765985967873355662e+02 5.624180635262656724e+05
3.118970714314090387e+01 1.114376925130828653e+02 1.146684865280803933e+02 1.777914473732478768e+02 5.617444627867608797e+05
3.126824702157679781e+01 1.108329114584786055e+02 1.161747314395424837e+02 1.776762893774367456e+02 5.602690813858066685e+05
3.134678689970152377e+01 1.105166415226132131e+02 1.158028908521959295e+02 1.800283277999596123e+02 5.627445486282799393e+05
3.142532677751741588e+01 1.115819727954831961e+02 1.158023807074632572e+02 1.801408276683865495e+02 5.690565839028761256e+05
3.150386665502678696e+01 1.116703115505097799e+02 1.184999143785047977e+02 1.831898540994592111e+02 5.718948480345999124e+05
3.158240653223192140e+01 1.124289878970414236e+02 1.185165232741203170e+02 1.819224386105437645e+02 5.741600318935201503e+05
3.166094640913508229e+01 1.137086607948612880e+02 1.205822856997623802e+02 1.825492144091728335e+02 5.816690805596376304e+05
3.173948628573851494e+01 1.133003377089628430e+02 1.190601154782528113e+02 1.858891746081415590e+02 5.769408527417287696e+05
3.181802616204443623e+01 1.141595796495740274e+02 1.190499861205518783e+02 1.860792682694423377e+02 5.855160060027032159e+05
3.189656603805504531e+01 1.148340995845779702e+02 1.216285685285447471e+02 1.888233231274294326e+02 5.880158473738274770e+05
3.197510591377251998e+01 1.136392748917717626e+02 1.228632898500306965e+02 1.902696321531929868e+02 5.851368226859217975e+05
3.205364578919900964e+01 1.141133570565984598e+02 1.223843081809699243e+02 1.885550918311730868e+02 5.933733000666789012e+05
3.213218566433665302e+01 1.171559865020325475e+02 1.223902845428812611e+02 1.934700211638730138e+02 6.015844475931142224e+05
3.221072553918755688e+01 1.157228857401330941e+02 1.236429565314813033e+02 1.910529432645112706e+02 5.971833459685697453e+05
3.228926541375382442e+01 1.151743690738600918e+02 1.228641087579701718e+02 1.907309331458704946e+02 5.913563522697029402e+05
3.236780528803751622e+01 1.138080639404787888e+02 1.247959566508249765e+02 1.890087716275114644e+02 5.763468597512949491e+05
3.244634516204068575e+01 1.182945221689497259e+02 1.260874794643238630e+02 2.023910150312879068e+02 6.052041456563065294e+05
3.252488503576537227e+01 1.172531302339934598e+02 1.279980635315907875e+02 1.974147262409964014e+02 5.984974314828524366e+05
3.260342490921358660e+01 1.173450486608440002e+02 1.257859912303651697e+02 1.957197989834141936e+02 6.087208013488692231e+05
3.268196478238731828e+01 1.202171831711463312e+02 1.281445290429569468e+02 2.005656916673283945e+02 6.237231442292070715e+05
3.276050465528854261e+01 1.192685849806962608e+02 1.281548005701915542e+02 2.036445320051354031e+02 6.151459556933463318e+05
3.283904452791921358e+01 1.186955775005482394e+02 1.315091611324008340e+02 2.049236703340968972e+02 6.055361820327509195e+05
3.291758440028127097e+01 1.202570094133540550e+02 1.307995183443332508e+02 2.025060766951824860e+02 6.236086391182342777e+05
3.299612427237663326e+01 1.219609222154494859e+02 1.328453656895230495e+02 2.090633343605328207e+02 6.343510380153229926e+05
3.307466414420719758e+01 1.202285055134489227e+02 1.297096297703111816e+02 2.065637209757499591e+02 6.220510463405876653e+05
3.315320401577483977e+01 1.211244255344958987e+02 1.334801369095136465e+02 2.057948876667033744e+02 6.387143523488267092e+05
3.323174388708143567e+01 1.189958447199165477e+02 1.331245871071642171e+02 2.083404073930491052e+02 6.282077141673699953e+05
3.331028375812883269e+01 1.239917799993159520e+02 1.333403217640712910e+02 2.101610106811922378e+02 6.396087048846818507e+05
3.338882362891884981e+01 1.213103529006249204e+02 1.348721170039685830e+02 2.161447084459824453e+02 6.322174365511012729e+05
3.346736349945329891e+01 1.227049908975725572e+02 1.314388981552983466e+02 2.104527503062020628e+02 6.433684533089270117e+05
3.354590336973399189e+01 1.263978441404302799e+02 1.330195788418731979e+02 2.114112754342304186e+02 6.567288281071124366e+05
3.362444323976268379e+01 1.322589638711193913e+02 1.363994946778737472e+02 2.194083182561666092e+02 6.849186319584816229e+05
3.370298310954115806e+01 1.292080243893760780e+02 1.355345548032796046e+02 2.207719916673149498e+02 6.677736875210630242e+05
3.378152297907114132e+01 1.228667369851731479e+02 1.347987554167838766e+02 2.099047603941700402e+02 6.409936847281975206e+05
3.386006284835436730e+01 1.253654823610018383e+02 1.385945457418302738e+02 2.175179402276712608e+02 6.509958423191617476e+05
3.393860271739255552e+01 1.300435333736640757e+02 1.396704701372949557e+02 2.227132676092618624e+02 6.810636188646224327e+05
3.401714258618739706e+01 1.259492387860305911e+02 1.424583217871055467e+02 2.211046446417799416e+02 6.694902174406945705e+05
3.409568245474058301e+01 1.391398248731654803e+02 1.355294345622884862e+02 2.146881806637911154e+02 7.444971003165281145e+05
3.417422232305376895e+01 1.322296184928161153e+02 1.433376337888245189e+02 2.136726413695580504e+02 7.142117723268729169e+05
3.425276219112861043e+01 1.292720325866835935e+02 1.439581529640875885e+02 2.233276809474453728e+02 6.884662138316797791e+05
3.433130205896674880e+01 1.448213446834546971e+02 1.536059541811621614e+02 2.257495488368007841e+02 7.660487216004231013e+05
3.440984192656979701e+01 1.457719092147222284e+02 1.459927634751882124e+02 2.276434610499623545e+02 7.093928786036836682e+05
3.448838179393936088e+01 1.407127659417707548e+02 1.552432965882780707e+02 2.423513069398594553e+02 7.117779506720444188e+05
3.456692166107702491e+01 1.412043172864453311e+02 1.445261230986347982e+02 2.394897389362961917e+02 7.467998519499300746e+05
3.464546152798438072e+01 1.519879669190582945e+02 1.436942555199049139e+02 2.385964300985420152e+02 8.373718677383027971e+05
3.472400139466299152e+01 1.138403321972093352e+02 1.617345155563587582e+02 2.330479517693492539e+02 6.992457536305175163e+05
