# 0.9933 0.9986
7.871241428633635184e-02 4.604165262800447245e+00 4.436627394078995756e+00 2.610718519714884129e-03 1.578606907486505861e+03
1.618072713909662341e-01 1.248030608402361707e+01 1.181994670560807492e+01 1.342517369853840105e-02 6.318796574268325458e+03
2.418771330418761079e-01 1.552848450350612808e+01 1.479483496867251802e+01 1.655119489642909239e-02 8.684911508215760477e+03
3.211923215201240578e-01 2.339477362798931281e+01 2.201599652476017965e+01 4.022331577260743890e-02 1.684011478407861068e+04
4.002017901256537113e-01 2.911235408977499617e+01 2.711829297890453816e+01 5.796579400169521445e-02 2.390662753025372876e+04
4.790568272527075955e-01 2.848217990912853992e+01 2.661632320790828388e+01 7.005940450716752199e-02 2.336586560656120855e+04
5.578229290343351687e-01 3.949708708861765416e+01 3.679814854686855341e+01 9.873595947334931622e-02 3.418124104862195236e+04
6.365331115321660738e-01 4.213011599571404275e+01 3.906835583898185860e+01 1.287955420522779171e-01 3.646113511383114383e+04
7.152058371535838788e-01 4.301216162908773555e+01 3.975971545947719221e+01 1.539641805338272940e-01 4.211001281135619502e+04
7.938522421846891941e-01 4.579382871691676371e+01 4.233370778916800958e+01 1.808316540249847171e-01 4.350334939668854349e+04
8.724794443688169698e-01 4.859263448488608361e+01 4.490261710527767036e+01 2.125062792090700037e-01 4.732223900852241059e+04
9.510922062407737299e-01 5.189660848728385645e+01 4.780067225874948633e+01 2.364087147831209768e-01 5.186837699099826568e+04
1.029693835175838679e+00 5.195777650887013976e+01 4.771528295776786166e+01 2.789517872891424943e-01 5.323499001831279020e+04
1.108286699878543891e+00 5.384014571402906313e+01 4.955420221968063998e+01 3.133317775249430115e-01 5.541415838765518129e+04
1.186872541411916560e+00 5.482607143065816047e+01 5.046373653883816246e+01 3.517371482088000323e-01 5.872057311932409357e+04
1.265452668213572940e+00 5.650255918219566098e+01 5.208741823638612800e+01 3.783284381634370308e-01 6.179547400433606526e+04
1.344028082638708543e+00 5.916801044347972294e+01 5.404415728279303011e+01 4.306087188148883804e-01 6.707789119337599550e+04
1.422599565533279709e+00 5.900455986949824450e+01 5.402577977717931645e+01 4.477060089865688153e-01 6.677182281762501225e+04
1.501167734229200246e+00 5.902091522300354143e+01 5.380998579911044288e+01 5.268600732053022595e-01 7.038430783253294067e+04
1.579733083222462531e+00 6.009355673302355427e+01 5.456648497350114013e+01 5.696510299315558079e-01 7.627210437827190617e+04
1.658296013281593151e+00 5.623422201743065330e+01 5.087157189369414567e+01 6.010732045024260728e-01 7.667781667728821049e+04
1.736856852652245875e+00 5.946207891390515954e+01 5.382796437576063653e+01 6.666006389664381748e-01 7.744261979626363609e+04
1.815415872753641580e+00 5.534844106818439258e+01 4.978519205246834645e+01 6.997371404850658561e-01 8.031094169692814467e+04
1.893973299967037560e+00 5.721723165705144254e+01 5.139381307549103184e+01 7.561063902590778874e-01 8.379660699709213804e+04
1.972529324606241641e+00 5.494659828004387947e+01 4.897348186219333854e+01 8.130801278514240282e-01 8.741733370157805621e+04
2.051084107826015579e+00 5.438090216960959822e+01 4.832442771353127142e+01 8.802084609020348616e-01 8.973856502805429045e+04
2.129637787001040561e+00 5.446005438216458572e+01 4.785540408659887390e+01 9.595061067838122071e-01 9.415454461573458684e+04
2.208190479956450680e+00 5.283755415142851319e+01 4.632982656474609229e+01 1.031233099847846502e+00 9.534642380182805937e+04
2.286742288326184092e+00 5.130095173346480664e+01 4.483161089597977877e+01 1.050680978487630313e+00 9.563420626315887785e+04
2.365293300241981811e+00 5.107166107117799214e+01 4.439197428668259704e+01 1.124081274525669638e+00 9.619232289119169582e+04
2.443843592503681883e+00 5.018416189110652681e+01 4.347151466910150219e+01 1.174998369160900724e+00 1.009039553897123405e+05
2.522393232343909553e+00 4.868279249627818928e+01 4.179267541978490641e+01 1.280777562009923765e+00 1.041160985222540185e+05
2.600942278872942381e+00 4.831792625735261737e+01 4.094124552073684953e+01 1.366428378202433347e+00 1.083680248174736626e+05
2.679490784269383141e+00 4.612776861102938142e+01 3.895451874212005805e+01 1.423478363798448276e+00 1.075873866616533487e+05
2.758038794767343038e+00 4.627988225405939460e+01 3.888423327930488682e+01 1.489157308782624867e+00 1.109633888224812399e+05
2.836586351479573942e+00 4.549467561675194816e+01 3.771705061826047967e+01 1.600842183955021980e+00 1.156596538448345382e+05
2.915133491087511963e+00 4.471419951909231827e+01 3.711531814285768149e+01 1.628836110820425453e+00 1.141816719998973131e+05
2.993680246422668834e+00 4.496882433460267947e+01 3.702360808512235479e+01 1.721188388264498492e+00 1.154104210372559028e+05
3.072226646958827967e+00 4.425565384334267094e+01 3.608610391952802132e+01 1.825346994691428693e+00 1.206580610535888845e+05
3.150772719230606977e+00 4.330979581075067841e+01 3.513241646827889042e+01 1.901185010658128949e+00 1.216644938322125090e+05
3.229318487190934395e+00 4.242208875461364670e+01 3.443166348196336202e+01 1.946720043745565620e+00 1.206938637721174309e+05
3.307863972517584905e+00 4.213503131607908614e+01 3.392809194414549268e+01 2.056476504841243447e+00 1.235212032117734634e+05
3.386409194877053608e+00 4.197189854167981338e+01 3.353355830064896992e+01 2.148791600108083788e+00 1.271944877061974403e+05
3.464954172152534095e+00 4.294372874068078971e+01 3.421468228267584522e+01 2.235594513962715801e+00 1.294481110186954902e+05
3.543498920641575456e+00 4.254737779248699781e+01 3.367838151207783426e+01 2.356807444168584897e+00 1.321254243938195577e+05
3.622043455228019404e+00 4.201493842396030232e+01 3.311327414575806216e+01 2.406337235779057782e+00 1.335870872010283347e+05
3.700587789532037597e+00 4.218073395586813490e+01 3.302668443461206493e+01 2.524132750356571808e+00 1.363464128451876750e+05
3.779131936041457696e+00 4.231322635593092940e+01 3.311506369730882682e+01 2.657660792731850741e+00 1.369650610051177791e+05
3.857675906227046259e+00 4.228568065219528904e+01 3.296270752057704101e+01 2.651577739007180412e+00 1.385979597791150445e+05
3.936219710643986680e+00 4.238885761600773350e+01 3.283049991433504999e+01 2.803749718360648124e+00 1.416482734859456250e+05
4.014763359021444877e+00 4.259449845867500528e+01 3.281738448911927719e+01 2.913627520676844718e+00 1.410650798076309438e+05
4.093306860341824560e+00 4.318936126708489098e+01 3.314795135627384326e+01 3.029536261086247961e+00 1.455024020860222518e+05
4.171850222911064776e+00 4.294041637099626030e+01 3.283054216238492273e+01 3.148080675567913378e+00 1.457341924536409497e+05
4.250393454421145911e+00 4.219816173475311416e+01 3.226711697702511827e+01 3.210950574077339859e+00 1.454033219379109505e+05
4.328936562005788247e+00 4.319685284573965589e+01 3.287773489243008385e+01 3.308648856197053512e+00 1.507661661403173057e+05
4.407479552290201497e+00 4.302856020323991970e+01 3.266216863191184672e+01 3.452169759655912884e+00 1.520738312773276994e+05
4.486022431435594982e+00 4.289821299906147800e+01 3.234343724349734828e+01 3.547253579524899614e+00 1.517215894167669176e+05
4.564565205179107465e+00 4.308039472313978280e+01 3.237753424422798076e+01 3.672479907670192834e+00 1.552882796471852052e+05
4.643107878869670024e+00 4.377244051298080763e+01 3.293774842704601724e+01 3.756065897076183546e+00 1.575721704696083325e+05
4.721650457500300213e+00 4.326561713317414615e+01 3.259611367592912501e+01 3.851834514419163469e+00 1.577626568113422545e+05
4.800192945737217443e+00 4.401494077070120881e+01 3.276627336126188794e+01 4.032251436173656778e+00 1.609101584092153062e+05
4.878735347946150824e+00 4.411157124054735590e+01 3.265035178871454491e+01 4.123924007062106156e+00 1.620832251576191920e+05
4.957277668216146793e+00 4.445180813934371145e+01 3.296484798464212673e+01 4.261700897100717533e+00 1.630472784007293812e+05
5.035819910381144737e+00 4.403155845270072177e+01 3.263310414990165498e+01 4.401940999088166606e+00 1.639214717522556602e+05
5.114362078039562221e+00 4.460991565726094166e+01 3.288661267744950578e+01 4.487643164815771080e+00 1.668106677279837604e+05
5.192904174572115394e+00 4.464638366834183358e+01 3.275618176264121928e+01 4.617951439104948541e+00 1.682924474093152094e+05
5.271446203158030919e+00 4.498175852557208287e+01 3.289193696841073944e+01 4.781921055845705482e+00 1.706539092234075069e+05
5.349988166789838573e+00 4.493146787920893814e+01 3.287916600928393507e+01 4.863094827722800773e+00 1.708452250251166697e+05
5.428530068286878674e+00 4.529945904139081136e+01 3.287041236516359533e+01 5.044501597461623632e+00 1.738095825635523361e+05
5.507071910307648643e+00 4.503457721674320879e+01 3.273702808018224886e+01 5.101058024352978393e+00 1.739153078655544959e+05
5.585613695361120179e+00 4.580745328145453499e+01 3.311352878394996679e+01 5.347255100009832063e+00 1.781339775130860507e+05
5.664155425817094525e+00 4.576634675826346665e+01 3.305651949196434458e+01 5.461487181058953588e+00 1.781113418587599299e+05
5.742697103915729961e+00 4.570658346881271683e+01 3.289097271300665426e+01 5.556561194830616834e+00 1.793396548261981225e+05
5.821238731776284148e+00 4.559918729860203968e+01 3.264291629790462679e+01 5.708334242497779876e+00 1.812778138837599545e+05
5.899780311405160127e+00 4.583515439239762657e+01 3.287815462624717355e+01 5.825034051373774169e+00 1.817245570681195532e+05
5.978321844703323507e+00 4.578572845904698596e+01 3.281961437686325667e+01 5.924347158858438434e+00 1.821861641705750662e+05
6.056863333473133437e+00 4.635018157400959637e+01 3.301594919713803478e+01 6.050023601059214329e+00 1.856202817045116972e+05
6.135404779424661115e+00 4.678546758549176587e+01 3.309389459890679319e+01 6.281515465427913725e+00 1.886651856780642411e+05
6.213946184181517118e+00 4.650165689950886616e+01 3.302685733972624860e+01 6.397926726063310809e+00 1.889713252961868129e+05
6.292487549286247983e+00 4.687670616053245709e+01 3.307892835874869064e+01 6.468790529630232378e+00 1.911634240617268078e+05
6.371028876205335756e+00 4.686224384049783964e+01 3.294322727916882343e+01 6.717854303162519081e+00 1.900782208890590118e+05
6.449570166333828070e+00 4.706828890730945147e+01 3.317406842956246038e+01 6.854829736368186488e+00 1.947869414486797759e+05
6.528111420999634262e+00 4.730390867197669280e+01 3.319435347057087426e+01 6.985105560213956899e+00 1.951929212968629436e+05
6.606652641467518627e+00 4.733343921888601358e+01 3.310466211337091380e+01 7.183223493445991537e+00 1.961769275819950853e+05
6.685193828942805006e+00 4.782815912139386683e+01 3.336356858360208122e+01 7.287578546512157196e+00 1.963322240669154271e+05
6.763734984574836240e+00 4.735399902220709123e+01 3.303947067595476739e+01 7.447434329177067269e+00 1.968350112741290941e+05
6.842276109460177835e+00 4.799995467831332263e+01 3.336882652701301311e+01 7.567070504375114304e+00 1.991288599581573217e+05
6.920817204645620890e+00 4.772563431361548680e+01 3.322186776819309983e+01 7.695016047085894151e+00 1.996201944751394039e+05
6.999358271130968312e+00 4.848884364275662051e+01 3.357148864988598547e+01 7.962546979412077341e+00 2.023507075846590451e+05
7.077899309871646949e+00 4.869636752614724173e+01 3.370225021451489766e+01 8.087201657202291116e+00 2.055064565880546579e+05
7.156440321781138536e+00 4.847231822238756394e+01 3.355163112265145031e+01 8.188678490897181916e+00 2.042646150775871938e+05
7.234981307733260536e+00 4.875362864856511891e+01 3.350904562319317392e+01 8.447781146836309318e+00 2.058614960008196940e+05
7.313522268564292439e+00 4.857059709858792473e+01 3.354774415002842147e+01 8.548752945820824678e+00 2.058910911267710908e+05
7.392063205074973276e+00 4.897647322421794769e+01 3.370568969139604576e+01 8.736520691292975371e+00 2.066941233097527293e+05
7.470604118032365015e+00 4.884314410176349242e+01 3.346816364131727539e+01 8.868558759498149868e+00 2.088247950153725105e+05
7.549145008171610272e+00 4.923864186527232789e+01 3.384379422346739830e+01 9.048176628272404542e+00 2.097297440231431683e+05
7.627685876197570103e+00 4.987317648084812305e+01 3.418362174030408340e+01 9.252956630512020553e+00 2.117262679467988200e+05
7.706226722786373884e+00 4.988583130884785533e+01 3.406315865053652914e+01 9.415165281093811345e+00 2.129502490616577270e+05
7.784767548586863484e+00 4.997368985395880259e+01 3.398184919464230802e+01 9.622567893214469592e+00 2.130658251630433952e+05
7.863308354221953955e+00 4.997536426392916553e+01 3.414643286972589920e+01 9.683268752293811232e+00 2.135404223383189528e+05
7.941849140289923170e+00 5.042474068730137304e+01 3.425472083753859920e+01 9.935471520800497558e+00 2.142430398316903156e+05
8.020389907365611748e+00 5.053579777206209656e+01 3.412580099268036093e+01 1.008636797718172673e+01 2.181094610059036640e+05
8.098930656001561701e+00 5.080909323028333091e+01 3.445303158011205369e+01 1.026033497249054172e+01 2.189644566514080798e+05
8.177471386729090241e+00 5.081653994191692192e+01 3.457502570427756439e+01 1.038379803191200423e+01 2.184799254629029892e+05
8.256012100059292536e+00 5.124023263604778577e+01 3.481454772281850296e+01 1.065280853000828287e+01 2.200918133610333025e+05
8.334552796484000936e+00 5.111977890474679498e+01 3.465636206221365967e+01 1.076762175476253880e+01 2.207948068212911603e+05
8.413093476476680266e+00 5.176564151002236969e+01 3.468736847059778228e+01 1.099322384184629620e+01 2.226975188087929273e+05
8.491634140493276917e+00 5.160569971045708115e+01 3.481461661197296564e+01 1.116373461731224026e+01 2.226464903741354647e+05
8.570174788973028868e+00 5.186037408240445501e+01 3.479271415218008912e+01 1.143038068429575915e+01 2.236547736424649775e+05
8.648715422339215309e+00 5.208059936788432509e+01 3.499256986357931254e+01 1.154703226399687921e+01 2.257104911823667644e+05
8.727256040999876063e+00 5.187146620360984173e+01 3.481986307616961085e+01 1.171040317376603568e+01 2.264480505767857539e+05
8.805796645348495488e+00 5.238075808593850979e+01 3.511297920907389880e+01 1.190871065120830252e+01 2.266598849726455228e+05
8.884337235764643737e+00 5.234835349078542777e+01 3.507254738719127118e+01 1.211932240180177089e+01 2.270408035379134235e+05
8.962877812614589601e+00 5.239077079454514774e+01 3.506523453351665864e+01 1.234528803769164718e+01 2.271741026213096047e+05
9.041418376251867173e+00 5.309573192183469814e+01 3.546289827784880089e+01 1.249209309166131199e+01 2.300850674251520250e+05
9.119958927017840722e+00 5.315482576301364759e+01 3.567649869673172702e+01 1.265779605758346449e+01 2.315103784798007400e+05
9.198499465242209183e+00 5.313730739924964297e+01 3.546484107055484003e+01 1.289344478024365337e+01 2.314935163122440281e+05
9.277039991243508865e+00 5.339865227824981275e+01 3.557658968349026907e+01 1.313825880560110271e+01 2.323782158609109465e+05
9.355580505329580632e+00 5.368499342823360365e+01 3.558866694801182007e+01 1.335927358959995104e+01 2.336929996230905817e+05
9.434121007798012215e+00 5.390437696664740486e+01 3.583613965332015994e+01 1.353113657726973251e+01 2.342253510044724680e+05
9.512661498936562765e+00 5.379735514401931340e+01 3.569829217888508310e+01 1.368870673557150575e+01 2.354407797087712970e+05
9.591201979023569635e+00 5.426823495775231976e+01 3.601897412222601957e+01 1.389571466207537398e+01 2.363602057167028834e+05
9.669742448328321416e+00 5.400997744075012008e+01 3.584614970459538341e+01 1.410444097186949364e+01 2.359994032883251202e+05
9.748282907111432749e+00 5.444868116730106777e+01 3.605552600016004305e+01 1.429808501444320967e+01 2.386719244814770645e+05
9.826823355625185386e+00 5.433595845470111385e+01 3.596164137499407332e+01 1.447766616357677627e+01 2.373275519776238361e+05
9.905363794113858589e+00 5.474298621401015907e+01 3.627376450777152428e+01 1.474367549261538279e+01 2.386065271091529867e+05
9.983904222814045326e+00 5.485296802646205094e+01 3.626703223672316767e+01 1.492874813176848825e+01 2.396671995570086583e+05
1.006244464195495070e+01 5.505330097124786448e+01 3.652319570149757766e+01 1.513786897950342691e+01 2.408405417020790337e+05
1.014098505175868148e+01 5.489138093388201867e+01 3.632808903185575389e+01 1.531729705678474929e+01 2.398852109248793568e+05
1.021952545244051613e+01 5.544826728869359300e+01 3.642822356800431294e+01 1.561217618336832302e+01 2.422526654946896888e+05
1.029806584420916415e+01 5.564738650711010592e+01 3.655323683890408404e+01 1.592393988407851957e+01 2.444392356299494568e+05
1.037660622726701654e+01 5.531909844088306727e+01 3.650458344940069111e+01 1.603746393895594480e+01 2.436337684046956419e+05
1.045514660181038380e+01 5.576472486416670193e+01 3.674270568303620621e+01 1.630100384607705877e+01 2.429873008360324602e+05
1.053368696802971982e+01 5.584916440467060994e+01 3.683548490636932371e+01 1.649684397700080041e+01 2.445535935285001178e+05
1.061222732610984210e+01 5.627560616608199240e+01 3.685565502388160297e+01 1.670623981050694695e+01 2.467476469573668437e+05
1.069076767623013779e+01 5.632370873528123667e+01 3.701638714629682170e+01 1.693001081215773596e+01 2.474466090019572002e+05
1.076930801856475739e+01 5.630793186254042837e+01 3.700178418039562445e+01 1.709217603853958423e+01 2.475396871890926268e+05
1.084784835328281005e+01 5.693341501505254598e+01 3.731462135260861857e+01 1.733594051600997332e+01 2.486521341118150740e+05
1.092638868054854306e+01 5.662599594517879353e+01 3.724114351104388732e+01 1.761563395460516190e+01 2.481287491751210182e+05
1.100492900052151413e+01 5.688422264505840076e+01 3.737322752508360679e+01 1.780298650259343418e+01 2.494748720497485483e+05
1.108346931335675833e+01 5.708089475442852034e+01 3.736566954917548600e+01 1.803624389726558164e+01 2.495088329622216988e+05
1.116200961920494805e+01 5.716089066854683409e+01 3.745322500867614934e+01 1.828449015930500821e+01 2.504810112966058950e+05
1.124054991821254212e+01 5.712929261003225889e+01 3.746742628294666844e+01 1.849546859737678872e+01 2.503131450829296082e+05
1.131909021052193687e+01 5.731990771807905816e+01 3.753770681784995134e+01 1.872767365615494484e+01 2.514415336589959916e+05
1.139763049627160285e+01 5.733123595186840760e+01 3.760080852684137653e+01 1.895355641133297908e+01 2.520241199569532473e+05
1.147617077559622167e+01 5.794009396714602644e+01 3.776514489380114981e+01 1.929015619388231073e+01 2.529664235596286308e+05
1.155471104862680853e+01 5.792619751032501796e+01 3.798507072464524725e+01 1.945611919809637769e+01 2.539813184284864401e+05
1.163325131549084368e+01 5.774611186990485123e+01 3.785926423110558403e+01 1.965341070705756010e+01 2.539093665965534165e+05
1.171179157631238787e+01 5.803772173792443567e+01 3.813089590146110197e+01 1.993732497188831587e+01 2.536045198991188663e+05
1.179033183121219608e+01 5.826232398316427918e+01 3.821982097047899885e+01 2.015528819927185467e+01 2.552759683460760280e+05
1.186887208030782759e+01 5.812802237760708124e+01 3.810024155100224164e+01 2.040522781049438095e+01 2.553755687891068228e+05
1.194741232371374728e+01 5.869582041561307761e+01 3.825143915064126077e+01 2.073943296323199803e+01 2.572021650961291452e+05
1.202595256154143222e+01 5.832371230475636281e+01 3.828913121423507704e+01 2.081517938353884034e+01 2.555659461081445625e+05
1.210449279389946753e+01 5.873956277778149371e+01 3.846662457354703690e+01 2.126610909154416262e+01 2.577977251955599349e+05
1.218303302089363527e+01 5.872497177548007130e+01 3.856771577037677190e+01 2.154688124130419880e+01 2.569337443130059110e+05
1.226157324262700676e+01 5.901902979939186622e+01 3.872648812662298923e+01 2.165746177972813058e+01 2.590763268463369750e+05
1.234011345920003322e+01 5.914313157326717629e+01 3.859626325280208903e+01 2.200871133068898544e+01 2.588756804445853923e+05
1.241865367071062565e+01 5.892856513747877045e+01 3.865942183913833929e+01 2.209776961513296456e+01 2.596697361783458036e+05
1.249719387725422415e+01 5.939830435680787701e+01 3.880816905186031818e+01 2.243849136435178693e+01 2.593929717218149162e+05
1.257573407892389383e+01 5.944280432794360536e+01 3.882721443681264617e+01 2.265120741695183781e+01 2.602815947691925394e+05
1.265427427581038877e+01 5.946110548773714299e+01 3.893084525997298329e+01 2.290890807401552465e+01 2.605607422726057994e+05
1.273281446800221772e+01 5.945776091515946860e+01 3.898685210963559911e+01 2.316308750231110736e+01 2.605315820545050374e+05
1.281135465558572584e+01 5.957790794739984364e+01 3.906263881040932517e+01 2.347652375186512330e+01 2.618677735357918427e+05
1.288989483864514796e+01 5.961547750173368598e+01 3.904598267181946625e+01 2.375592373570171745e+01 2.627651693206808413e+05
1.296843501726268322e+01 5.994050065295765251e+01 3.919664503963953450e+01 2.390671366060182734e+01 2.625003525547078461e+05
1.304697519151855190e+01 5.993939414565358703e+01 3.931723488045514614e+01 2.427839784238524601e+01 2.624347596591002657e+05
1.312551536149104692e+01 6.027354102288877868e+01 3.942516128168871603e+01 2.457567446286730117e+01 2.641432347859781585e+05
1.320405552725660492e+01 6.020462228256290871e+01 3.943881801814513466e+01 2.472863347005069556e+01 2.638013221644137520e+05
1.328259568888985243e+01 6.025684995900422081e+01 3.941033442847678003e+01 2.518739443370469999e+01 2.641185737511660554e+05
1.336113584646366270e+01 6.054057141564949518e+01 3.969878875291506404e+01 2.543644848028048600e+01 2.654608771880026325e+05
1.343967600004920548e+01 6.050386196281889539e+01 3.972812536170583542e+01 2.567681273512972950e+01 2.654235977530938690e+05
1.351821614971599317e+01 6.061666702833232989e+01 3.975779254288021036e+01 2.593882622208782962e+01 2.656824679328416823e+05
1.359675629553193588e+01 6.067107591343983586e+01 4.007306203615567597e+01 2.619052320688630076e+01 2.662088214014112600e+05
1.367529643756338231e+01 6.068279961209795204e+01 3.990648664118705824e+01 2.647886344376780698e+01 2.667657363162173424e+05
1.375383657587516595e+01 6.096218307955191307e+01 4.007972495741321239e+01 2.683519070192152611e+01 2.666068374586196151e+05
1.383237671053064766e+01 6.110289808833277192e+01 4.023196483704363402e+01 2.713183459757797777e+01 2.671182872446129913e+05
1.391091684159175834e+01 6.127433352461571303e+01 4.031511715924944639e+01 2.747383816694540215e+01 2.686837644386425382e+05
1.398945696911903269e+01 6.100527593637019663e+01 4.044978553981452052e+01 2.760070619659629543e+01 2.680554847930733813e+05
1.406799709317166069e+01 6.113503593236767841e+01 4.034004516107685845e+01 2.785918369349621315e+01 2.685768425770139438e+05
1.414653721380751428e+01 6.159762855741026044e+01 4.067646425322862314e+01 2.830012666716502423e+01 2.703171884517347789e+05
1.422507733108318817e+01 6.145726728058313881e+01 4.062552273415177240e+01 2.854038246962538139e+01 2.693542267455881229e+05
1.430361744505403543e+01 6.153394929575912897e+01 4.070187389126985522e+01 2.881255727811085876e+01 2.693774544935674639e+05
1.438215755577419586e+01 6.174890855654756905e+01 4.072886235658490506e+01 2.906828042769785725e+01 2.711874640343549545e+05
1.446069766329663686e+01 6.174533810414931878e+01 4.098762760467818822e+01 2.922324014999307096e+01 2.709879958917926415e+05
1.453923776767318010e+01 6.200878809782346934e+01 4.101113923892035018e+01 2.964906332934648958e+01 2.722738779863614473e+05
1.461777786895453346e+01 6.202555834072934715e+01 4.105793668609545932e+01 2.994188415397034575e+01 2.715710039389840094e+05
1.469631796719032302e+01 6.201198529815738425e+01 4.116937106344427377e+01 3.028733079702180930e+01 2.717637809012042708e+05
1.477485806242911437e+01 6.226729271279891975e+01 4.136160806078227381e+01 3.072313915921893468e+01 2.728013473720732727e+05
1.485339815471844993e+01 6.224961945389937057e+01 4.145770006328480406e+01 3.088474066759711079e+01 2.727083455286085373e+05
1.493193824410487203e+01 6.231182721932653124e+01 4.157939095342496927e+01 3.118948107009817150e+01 2.732860786579938722e+05
1.501047833063394421e+01 6.248681201802132534e+01 4.175909960386027109e+01 3.152208941842644307e+01 2.744115234009229462e+05
1.508901841435028857e+01 6.270053005091043019e+01 4.193193470572052206e+01 3.185270245108152309e+01 2.744243963820341742e+05
1.516755849529759992e+01 6.302686702599972079e+01 4.204845859061793334e+01 3.231969134459501447e+01 2.763349478004489210e+05
1.524609857351867070e+01 6.283301984901505222e+01 4.193619143304388786e+01 3.254272568917423314e+01 2.752771799075381132e+05
1.532463864905541762e+01 6.290830188083301522e+01 4.214978047038972875e+01 3.278695596788540456e+01 2.752032036283385823e+05
1.540317872194890292e+01 6.309161204772976816e+01 4.207970183435032396e+01 3.321649207455707398e+01 2.764040539529515081e+05
1.548171879223935399e+01 6.298459406410103867e+01 4.223575132799653886e+01 3.346488233821001046e+01 2.766905712606276502e+05
1.556025885996618996e+01 6.330599748995989984e+01 4.245974059335785711e+01 3.388902715695746082e+01 2.780884859139081673e+05
1.563879892516803238e+01 6.357705292809468034e+01 4.267253682030171547e+01 3.416950459418406894e+01 2.780771170248612761e+05
1.571733898788273187e+01 6.336750981123750392e+01 4.258608037096647791e+01 3.448099958070157811e+01 2.780597224343094276e+05
1.579587904814739119e+01 6.363472132002228676e+01 4.283287840337557384e+01 3.494724774889356667e+01 2.793898002172540291e+05
1.587441910599837769e+01 6.354410583527480583e+01 4.285402982632335522e+01 3.515161961759329046e+01 2.779835632722148439e+05
1.595295916147133575e+01 6.387653916977968294e+01 4.310347062588969891e+01 3.554703981744995644e+01 2.797352032391047105e+05
1.603149921460121874e+01 6.399569450337363463e+01 4.308488360718911281e+01 3.585023975878842606e+01 2.809262952508805902e+05
1.611003926542229436e+01 6.408805088639397241e+01 4.312800087295772045e+01 3.625711933441547075e+01 2.811533988257035380e+05
1.618857931396816596e+01 6.412678042549906365e+01 4.340437136802052009e+01 3.646825449327614166e+01 2.815086788543084403e+05
1.626711936027179561e+01 6.429218505472677236e+01 4.361780729967116343e+01 3.691260838054138560e+01 2.820967249930614489e+05
1.634565940436549525e+01 6.443302513582864322e+01 4.357850685746258534e+01 3.728575281830842414e+01 2.823902487875780207e+05
1.642419944628097639e+01 6.452372641974599787e+01 4.387709285355820299e+01 3.759897127001630679e+01 2.825257120460261358e+05
1.650273948604932883e+01 6.450379140607290651e+01 4.416214847217081285e+01 3.795236752248838030e+01 2.827420672654737718e+05
1.658127952370107394e+01 6.476313545688056195e+01 4.418896856677303475e+01 3.840010220581754652e+01 2.839333019549174933e+05
1.665981955926614333e+01 6.489931214418777472e+01 4.419920229606016449e+01 3.884169206435539934e+01 2.843361961032767431e+05
1.673835959277390728e+01 6.502209544772085792e+01 4.429208852993632206e+01 3.919515043167569246e+01 2.853541519134906703e+05
1.681689962425318896e+01 6.516535801778910297e+01 4.452834637571282883e+01 3.963738236960377748e+01 2.863546687945193262e+05
1.689543965373228218e+01 6.554335216822900634e+01 4.479443856351382180e+01 3.996304138835729702e+01 2.875767585496391403e+05
1.697397968123895495e+01 6.542281816230266145e+01 4.469370447731392915e+01 4.036876370199858854e+01 2.874467766848291503e+05
1.705251970680045304e+01 6.552884172698870202e+01 4.508039466349637792e+01 4.066113783513694813e+01 2.877365866794321919e+05
1.713105973044353902e+01 6.568980973791634881e+01 4.526039721578751340e+01 4.099612640793379370e+01 2.879909071844132850e+05
1.720959975219447102e+01 6.594660352412815030e+01 4.543412044642002456e+01 4.152671586106331603e+01 2.888510555578196072e+05
1.728813977207903463e+01 6.597627323722078074e+01 4.561205187483023593e+01 4.195283071743524772e+01 2.901549450142781134e+05
1.736667979012256424e+01 6.610567423227880113e+01 4.565476932157695700e+01 4.224483610281164658e+01 2.902460687295773532e+05
1.744521980634991110e+01 6.639974007543112577e+01 4.587068508962253333e+01 4.270828775173421832e+01 2.918158385350662866e+05
1.752375982078550365e+01 6.648254775583151854e+01 4.606099848161809263e+01 4.325107803775122761e+01 2.924323750955808209e+05
1.760229983345331917e+01 6.669014108050163259e+01 4.625961742920456032e+01 4.347862045945212373e+01 2.926617814963873825e+05
1.768083984437692635e+01 6.693686849566874741e+01 4.657056976221278433e+01 4.392008237006911742e+01 2.938964334624958574e+05
1.775937985357945692e+01 6.703206714391744470e+01 4.667540631790605943e+01 4.444506440837478323e+01 2.945222177286527003e+05
1.783791986108364824e+01 6.732847944907233284e+01 4.679108825034826680e+01 4.489301128931561635e+01 2.958664911178498878e+05
1.791645986691183268e+01 6.731892334055380900e+01 4.692993347277284499e+01 4.518103300536399303e+01 2.956145374899843591e+05
1.799499987108595889e+01 6.748238419588589920e+01 4.737583494398982964e+01 4.564916290527525433e+01 2.962592234484444489e+05
1.807353987362759185e+01 6.781029634862392186e+01 4.751364685357493300e+01 4.612602311482296358e+01 2.984482894527864992e+05
1.815207987455791638e+01 6.786373815347742777e+01 4.761572603419661220e+01 4.648408855615450364e+01 2.982248587736325571e+05
1.823061987389775851e+01 6.814043129275940203e+01 4.769146841679677351e+01 4.705315899873059493e+01 2.992064422814019490e+05
1.830915987166758541e+01 6.824531847219401470e+01 4.803522833991544161e+01 4.737408298452988475e+01 2.999635963855731534e+05
1.838769986788751964e+01 6.869560080061729934e+01 4.814962978672375016e+01 4.786586764840888009e+01 3.014821119506551768e+05
1.846623986257733563e+01 6.864169275407674320e+01 4.846322380172472322e+01 4.827302707694185102e+01 3.021590706891221344e+05
1.854477985575647381e+01 6.882739609889679855e+01 4.862775717345875393e+01 4.865973721973938382e+01 3.032283940047787619e+05
1.862331984744404423e+01 6.918903244528883079e+01 4.895183034830307633e+01 4.921333527020409804e+01 3.048574882284305058e+05
1.870185983765884075e+01 6.951439394210807166e+01 4.911835803951903046e+01 4.980793628778213389e+01 3.061352716241722228e+05
1.878039982641934458e+01 6.946672990732731989e+01 4.934451581219425265e+01 5.020285317733671349e+01 3.068127122907834710e+05
1.885893981374372075e+01 6.991202077798780579e+01 4.965368881504750220e+01 5.076610829395308144e+01 3.084947421375501435e+05
1.893747979964983941e+01 7.007302010200275788e+01 4.988947311351678593e+01 5.095762125114111996e+01 3.084994612690064823e+05
1.901601978415527228e+01 7.035793148590320811e+01 5.000002539027180859e+01 5.137083279905640154e+01 3.104671114937734674e+05
1.909455976727730331e+01 7.051175537741742971e+01 5.025897026823803060e+01 5.206172572137048604e+01 3.109246302842922742e+05
1.917309974903293579e+01 7.084639466059293511e+01 5.060919206366035894e+01 5.233817053241408956e+01 3.123897962172916159e+05
1.925163972943889235e+01 7.081786729889927301e+01 5.077473498867163926e+01 5.294299006966004839e+01 3.125517632717488450e+05
1.933017970851161849e+01 7.150733743435736756e+01 5.126698533868904661e+01 5.343149928194248588e+01 3.151387391753586126e+05
1.940871968626730748e+01 7.177481520879206300e+01 5.157644225290714246e+01 5.410581330708487968e+01 3.163630277930201846e+05
1.948725966272188259e+01 7.203381478804300286e+01 5.165845447789205735e+01 5.437595920982210629e+01 3.175382585726319812e+05
1.956579963789100773e+01 7.212432561355333860e+01 5.199121555412997964e+01 5.495579089570873776e+01 3.185437249902287731e+05
1.964433961179010524e+01 7.269999271536528340e+01 5.236926110800127532e+01 5.565177262270242409e+01 3.210147667181243887e+05
1.972287958443434519e+01 7.302796587353824975e+01 5.283472279741427258e+01 5.615077046863481058e+01 3.220902579747234704e+05
1.980141955583865965e+01 7.343531380775421269e+01 5.291015891006900063e+01 5.653229582441429102e+01 3.237041128134131432e+05
1.987995952601774619e+01 7.331092157488099303e+01 5.309760866577530436e+01 5.714955454295290593e+01 3.240037926992804278e+05
1.995849949498606790e+01 7.377515442385647759e+01 5.350944202109587167e+01 5.753138200987621786e+01 3.256587559049603296e+05
2.003703946275786052e+01 7.405748286899878963e+01 5.374942505446686880e+01 5.791679798613247243e+01 3.275452959349121666e+05
2.011557942934713950e+01 7.443527503457228534e+01 5.419697879436446186e+01 5.861381428294207296e+01 3.290383314058241085e+05
2.019411939476770712e+01 7.468855779528465177e+01 5.445062197260349279e+01 5.912720111024758296e+01 3.305185446556378156e+05
2.027265935903314542e+01 7.455129077759940515e+01 5.456371210656180182e+01 5.960883642250789904e+01 3.295346558458096697e+05
2.035119932215682326e+01 7.462832954414926689e+01 5.472634355850123455e+01 6.001967039002241222e+01 3.304691368020192022e+05
2.042973928415191054e+01 7.467828901366848982e+01 5.482696635857148237e+01 6.039723165639394864e+01 3.303758967135254061e+05
2.050827924503137467e+01 7.473172482826927876e+01 5.505161286992650815e+01 6.096236142531296309e+01 3.314100668330581975e+05
2.058681920480798766e+01 7.500856311285718903e+01 5.517244146277840144e+01 6.143672698063780047e+01 3.322291006510118605e+05
2.066535916349431901e+01 7.500775524899383129e+01 5.535271126747744574e+01 6.199238602730277137e+01 3.321899488675294560e+05
2.074389912110275347e+01 7.495719513297943593e+01 5.548437887650425893e+01 6.235442584189821247e+01 3.327085095480412710e+05
2.082243907764548752e+01 7.504088978325989956e+01 5.582197545946186068e+01 6.272728137271580806e+01 3.326982228453964926e+05
2.090097903313453642e+01 7.519984847080354484e+01 5.583482681958833638e+01 6.339052665011629983e+01 3.344818527305012103e+05
2.097951898758173783e+01 7.557687874759729141e+01 5.605743555399343592e+01 6.397017645540605457e+01 3.356128946783897118e+05
2.105805894099874109e+01 7.538215656959417288e+01 5.636433672423247287e+01 6.434552952955419869e+01 3.352983797507843701e+05
2.113659889339703568e+01 7.540731005908716611e+01 5.638617895813067094e+01 6.483235966334576972e+01 3.352970722195272101e+05
2.121513884478793344e+01 7.555849543410727165e+01 5.681772370165701602e+01 6.524040090776685474e+01 3.365202192298862501e+05
2.129367879518258277e+01 7.542585260966754390e+01 5.682287337051356246e+01 6.580910810419544532e+01 3.362166901050046436e+05
2.137221874459196869e+01 7.571957195603444291e+01 5.699434913943152736e+01 6.627589619352986006e+01 3.376645448058138136e+05
2.145075869302691274e+01 7.575317527323919364e+01 5.724024315182780498e+01 6.677510326579356104e+01 3.374019866821439355e+05
2.152929864049807307e+01 7.568665984815137904e+01 5.748562964120157659e+01 6.742318094916267057e+01 3.383113384438328212e+05
2.160783858701596571e+01 7.602313950522352570e+01 5.768765654208586113e+01 6.785748482575453977e+01 3.387594522556247539e+05
2.168637853259094683e+01 7.587276530826723331e+01 5.788976904915105592e+01 6.827011782135967621e+01 3.386968707583253854e+05
2.176491847723321982e+01 7.591317330601064839e+01 5.793583281170013066e+01 6.859158756279863667e+01 3.387895864616429317e+05
2.184345842095285306e+01 7.604037344456047265e+01 5.840123815689921116e+01 6.941055348589819118e+01 3.403150866321671056e+05
2.192199836375975508e+01 7.632520432665400278e+01 5.859305821118948643e+01 7.009089886220760945e+01 3.419032517301198095e+05
2.200053830566371005e+01 7.648132366177127039e+01 5.895048879422006394e+01 7.050132324026608899e+01 3.421139689255726989e+05
2.207907824667434582e+01 7.642333913728664641e+01 5.887401215794356091e+01 7.086812086122898791e+01 3.419126900126536493e+05
2.215761818680116590e+01 7.640630935145594549e+01 5.908224314677313771e+01 7.144273847281434087e+01 3.423046350485655712e+05
2.223615812605353526e+01 7.660004727592144036e+01 5.937448860421879004e+01 7.209252586822432818e+01 3.436162813599563087e+05
2.231469806444068738e+01 7.697435015270329473e+01 5.963266117664704780e+01 7.289099431540620344e+01 3.446596655064942315e+05
2.239323800197172432e+01 7.678821330824864333e+01 5.998017549177507135e+01 7.321890304500894331e+01 3.452024798939522589e+05
2.247177793865562023e+01 7.699048807303158526e+01 6.002940968937588195e+01 7.371059275294646795e+01 3.462074050871201907e+05
2.255031787450123204e+01 7.687687159622967670e+01 6.035284956938156853e+01 7.448881218603627019e+01 3.460425955376180355e+05
2.262885780951728165e+01 7.713165764637410859e+01 6.075949017797211837e+01 7.500201838122683284e+01 3.475762589506697259e+05
2.270739774371238440e+01 7.721030134382765198e+01 6.098137943395920502e+01 7.543895824354069646e+01 3.477873994117208640e+05
2.278593767709502771e+01 7.730475111254293097e+01 6.108785424725257940e+01 7.593648521741768320e+01 3.479729355985199218e+05
2.286447760967358178e+01 7.739871716570389992e+01 6.127965566666528474e+01 7.664027246986313457e+01 3.495333769406772917e+05
2.294301754145629957e+01 7.739898300054824176e+01 6.138630596530296657e+01 7.699978457440869306e+01 3.499713186839504633e+05
2.302155747245133455e+01 7.781860450340300872e+01 6.181203936518065944e+01 7.777595199698359352e+01 3.514961581217627390e+05
2.310009740266672296e+01 7.776128297501091424e+01 6.215763780507876390e+01 7.816321797207375255e+01 3.518084116979247192e+05
2.317863733211038380e+01 7.808670346882821889e+01 6.231444948055477084e+01 7.877420159399790123e+01 3.530847019962240010e+05
2.325717726079013303e+01 7.803909238223177169e+01 6.272811887024441546e+01 7.927095833153572357e+01 3.523641203143484308e+05
2.333571718871368716e+01 7.824975719495338922e+01 6.288858744471396278e+01 8.001582866116484638e+01 3.545688376896277186e+05
2.341425711588865965e+01 7.814106095225778859e+01 6.295213904493941470e+01 8.049132753970216925e+01 3.550397723486787872e+05
2.349279704232255384e+01 7.849089878140651422e+01 6.330263594663291116e+01 8.098778746628588010e+01 3.556262778838659287e+05
2.357133696802278067e+01 7.864965991197844630e+01 6.353176317966806153e+01 8.165515324462720059e+01 3.570562867136133136e+05
2.364987689299664453e+01 7.871879424125283720e+01 6.387466597971318549e+01 8.242207835553780626e+01 3.576683299771131133e+05
2.372841681725136453e+01 7.888138805946884702e+01 6.431402677041029392e+01 8.267123873511704346e+01 3.583324479365291772e+05
2.380695674079405322e+01 7.913202632397812408e+01 6.435991429181898127e+01 8.380633938240647751e+01 3.598055380665983539e+05
2.388549666363174140e+01 7.921035340968710159e+01 6.464190975560066477e+01 8.436019064450924532e+01 3.603076782693237765e+05
2.396403658577134976e+01 7.924675770544541820e+01 6.497590958125142890e+01 8.474684184748252846e+01 3.611121030857656733e+05
2.404257650721972439e+01 7.948166014983713978e+01 6.536382639104307657e+01 8.536668843892807956e+01 3.614050914683603332e+05
2.412111642798362254e+01 7.955587946215332806e+01 6.579417897563116924e+01 8.626205688568758490e+01 3.630475473634666414e+05
2.419965634806970556e+01 7.962572261493870940e+01 6.598474074912087417e+01 8.654636077323021937e+01 3.633794000316899037e+05
2.427819626748454596e+01 8.015450358430803135e+01 6.626571644279437123e+01 8.712329093048177242e+01 3.651648327246513800e+05
2.435673618623464520e+01 8.008494998050518632e+01 6.657003826466338126e+01 8.774897161053237937e+01 3.654285138037797878e+05
2.443527610432640529e+01 8.018075019590608576e+01 6.699767138857242799e+01 8.824998178386103120e+01 3.661093877345050569e+05
2.451381602176616425e+01 8.068823160967760089e+01 6.721246442416617128e+01 8.891775557526368345e+01 3.687311999442150700e+05
2.459235593856016067e+01 8.069638132835150657e+01 6.761089943759385790e+01 9.007878066503380410e+01 3.692142143303144258e+05
2.467089585471456203e+01 8.096703353243493950e+01 6.766137856472811052e+01 9.045219173412115765e+01 3.713389648358463310e+05
2.474943577023546126e+01 8.099832609205476786e+01 6.813648057970904404e+01 9.130066434220290716e+01 3.711502281879967777e+05
2.482797568512887310e+01 8.135752881932292269e+01 6.854860741060721807e+01 9.175230511339182726e+01 3.725703107437940780e+05
2.490651559940072346e+01 8.150950037938946480e+01 6.882794242953812613e+01 9.224445897341360023e+01 3.739725661956949625e+05
2.498505551305688144e+01 8.150317759616072522e+01 6.901197595770139515e+01 9.306515665440981877e+01 3.745693846572986804e+05
2.506359542610313440e+01 8.146975028545919884e+01 6.951855228330555292e+01 9.363538435548358052e+01 3.748807844935202738e+05
2.514213533854519511e+01 8.183199293461704826e+01 6.993907938135868108e+01 9.429816102440447878e+01 3.767174030077331117e+05
2.522067525038871239e+01 8.229402263275036944e+01 7.025680098077376101e+01 9.526917585737993477e+01 3.784791762511151610e+05
2.529921516163925688e+01 8.205251920597793003e+01 7.048768207146805764e+01 9.591330938850994414e+01 3.789205887251551612e+05
2.537775507230233529e+01 8.251973441858319802e+01 7.105767049966146942e+01 9.657064414951548770e+01 3.797982944671303849e+05
2.545629498238338684e+01 8.246735392658004571e+01 7.130491158090495674e+01 9.708104308342960564e+01 3.806714896875137347e+05
2.553483489188777966e+01 8.298542938397712021e+01 7.203135401103109814e+01 9.765669842546321888e+01 3.831732703992098686e+05
2.561337480082082152e+01 8.313782314440653920e+01 7.221657378775343261e+01 9.850921977512589933e+01 3.839468090679249726e+05
2.569191470918774911e+01 8.322022322504308534e+01 7.224946570403189128e+01 9.935516943653124144e+01 3.845388580378465704e+05
2.577045461699373874e+01 8.364008937804557320e+01 7.305250281794289435e+01 1.001867714561800256e+02 3.853657817183164298e+05
2.584899452424390631e+01 8.354315193543300211e+01 7.324947402107099492e+01 1.007335039246014361e+02 3.880320198180207517e+05
2.592753443094329668e+01 8.374200718584297931e+01 7.353034424185609907e+01 1.013871115973842478e+02 3.885010501924611162e+05
2.600607433709690852e+01 8.427980084017220008e+01 7.385793159365003646e+01 1.025321561110217772e+02 3.900542088573977817e+05
2.608461424270966944e+01 8.481290118621643614e+01 7.426564029075183271e+01 1.026607269279193844e+02 3.919936279396830359e+05
2.616315414778644310e+01 8.477249996105634011e+01 7.447139848362431280e+01 1.037161401204427307e+02 3.938969190965087619e+05
2.624169405233205055e+01 8.503276593082921408e+01 7.506261860617367176e+01 1.040908672474331951e+02 3.947687657207318698e+05
2.632023395635124174e+01 8.504890349518531423e+01 7.552837177033019600e+01 1.047594497366414572e+02 3.951719702205229551e+05
2.639877385984871694e+01 8.547895457318146839e+01 7.600761791760444908e+01 1.057495385156239109e+02 3.977836856051697396e+05
2.647731376282911953e+01 8.536964358580448220e+01 7.641449651242301400e+01 1.067946800848639270e+02 3.976878614885593415e+05
2.655585366529703606e+01 8.554636504308196265e+01 7.655222040283055662e+01 1.077870015887081365e+02 3.992552290028522257e+05
2.663439356725699980e+01 8.628731353216429056e+01 7.672445341293631316e+01 1.084468404458118727e+02 4.027166084255005117e+05
2.671293346871349428e+01 8.604524882155959631e+01 7.771358545938556972e+01 1.092892944778796362e+02 4.025487442401397857e+05
2.679147336967094617e+01 8.638849179443487003e+01 7.770983751848696386e+01 1.097200579918695524e+02 4.034222392593087861e+05
2.687001327013372531e+01 8.719144245152344297e+01 7.787687749880414856e+01 1.102188550350418694e+02 4.063773543192035286e+05
2.694855317010616602e+01 8.693314779033488549e+01 7.869063892917833414e+01 1.114022712481754240e+02 4.063916054636958288e+05
2.702709306959254221e+01 8.759741550963666157e+01 7.909415590000834584e+01 1.119120151084341899e+02 4.093289769082549610e+05
2.710563296859707094e+01 8.762512582550181151e+01 7.944049733521686107e+01 1.129487080343527339e+02 4.102799796009059646e+05
2.718417286712393377e+01 8.784771190283188957e+01 7.974142454779297395e+01 1.135567273271649071e+02 4.123830988663447206e+05
2.726271276517725894e+01 8.831801324454731628e+01 8.023103038085599792e+01 1.144089024856822192e+02 4.144133974031895632e+05
2.734125266276112498e+01 8.852847339835577145e+01 8.075200618853159540e+01 1.157221065751862028e+02 4.136113377414018032e+05
2.741979255987956776e+01 8.795584850219906059e+01 8.124027151705446670e+01 1.150576068496068274e+02 4.126067386024060543e+05
2.749833245653658054e+01 8.840246386696874481e+01 8.139220294892241725e+01 1.163184694223552498e+02 4.137833174361501588e+05
2.757687235273609616e+01 8.859792487417207951e+01 8.146679418307719800e+01 1.169667953049601152e+02 4.176902948039973853e+05
2.765541224848202262e+01 8.887084139326904619e+01 8.226396212284305420e+01 1.175294312758804409e+02 4.171948239883460919e+05
2.773395214377820395e+01 8.900134491991180141e+01 8.308227895757329406e+01 1.185171403742948968e+02 4.198756553014308447e+05
2.781249203862845576e+01 8.951357663352297322e+01 8.323193875373473816e+01 1.196263925700068711e+02 4.214709665073325741e+05
2.789103193303654038e+01 8.945543870427174227e+01 8.279348455079895075e+01 1.205186479635797525e+02 4.227525488825673820e+05
2.796957182700618816e+01 8.953052335176242593e+01 8.362226087876868519e+01 1.213044954918873373e+02 4.204621615752737271e+05
2.804811172054107615e+01 8.952036893301593068e+01 8.371838926462038444e+01 1.221076535601061437e+02 4.216216607255375129e+05
2.812665161364485655e+01 8.997267447714253308e+01 8.437987615712455636e+01 1.223732901707572580e+02 4.254506007450257894e+05
2.820519150632112115e+01 8.968313460599074460e+01 8.515179461754250667e+01 1.228168680706201314e+02 4.237452970644044690e+05
2.828373139857343332e+01 8.935436635675878847e+01 8.455911644643040859e+01 1.231241126407139603e+02 4.238172994530807482e+05
2.836227129040531736e+01 8.967706593911911739e+01 8.489299212978190212e+01 1.242648440093961710e+02 4.258513774683006341e+05
2.844081118182025847e+01 8.968626988643251252e+01 8.536508666877868734e+01 1.254961316857159801e+02 4.276352297811434837e+05
2.851935107282169923e+01 8.894193851134710371e+01 8.550102982521784156e+01 1.255287582249110869e+02 4.258094043300257763e+05
2.859789096341304315e+01 8.974901969433261684e+01 8.587403830322595866e+01 1.264550448255198347e+02 4.277054277540530311e+05
2.867643085359765820e+01 8.962771575766132059e+01 8.639219523116319976e+01 1.279929053299121051e+02 4.271735020677566645e+05
2.875497074337888392e+01 8.956152552898613806e+01 8.622717296276957200e+01 1.283112941296198528e+02 4.268491190140443505e+05
2.883351063276001369e+01 9.028647416482066035e+01 8.674629404536248956e+01 1.283554070602729951e+02 4.306649139799890690e+05
2.891205052174430890e+01 9.023242006045428809e+01 8.744756185208633781e+01 1.297701650713292452e+02 4.330225097788626445e+05
2.899059041033499184e+01 8.964705384758082118e+01 8.778171011551187064e+01 1.310907134049731724e+02 4.326188578111778479e+05
2.906913029853525643e+01 8.965763544924699602e+01 8.819719927472276311e+01 1.312174816602087617e+02 4.302528301296742284e+05
2.914767018634825746e+01 9.052029422389099977e+01 8.885160340505433396e+01 1.324660187253693664e+02 4.336987452406337252e+05
2.922621007377712132e+01 9.034667631746729910e+01 8.917816146597390059e+01 1.336115323761176512e+02 4.349636268232355942e+05
2.930474996082492822e+01 9.061374751065667965e+01 8.963752789666158094e+01 1.341654313626213479e+02 4.376042986592567759e+05
2.938328984749474060e+01 9.082758183546681607e+01 8.939181586991865913e+01 1.342493285952350561e+02 4.373168687983043492e+05
2.946182973378957826e+01 8.989470054494327655e+01 8.995495650885692385e+01 1.354107004352583203e+02 4.343168963454702753e+05
2.954036961971243258e+01 9.059622494800520087e+01 9.085951126860891236e+01 1.370858378131694906e+02 4.378154480386208743e+05
2.961890950526625943e+01 9.059511512585707749e+01 9.138950047267786658e+01 1.368927846659518366e+02 4.412061379565493553e+05
2.969744939045398979e+01 9.095332632738255541e+01 9.204439341841799660e+01 1.390161387460744322e+02 4.426505583441898925e+05
2.977598927527852268e+01 9.062651966665833925e+01 9.244582096592466769e+01 1.389981706222926334e+02 4.383237317323008901e+05
2.985452915974272159e+01 9.098507872792804108e+01 9.194328553191785147e+01 1.387789851528225995e+02 4.444735152686167858e+05
2.993306904384942868e+01 9.170468429468860450e+01 9.277027373252333575e+01 1.407509569218206593e+02 4.462460377240024391e+05
3.001160892760143994e+01 9.262697916599583436e+01 9.310965916047126711e+01 1.420456923687854669e+02 4.508212450171585078e+05
3.009014881100154071e+01 9.323283891840732451e+01 9.338290319255804661e+01 1.431686799276528745e+02 4.513546921065949718e+05
3.016868869405248077e+01 9.215064724128986029e+01 9.286084029461110845e+01 1.420715006287973381e+02 4.509165729182749055e+05
3.024722857675697441e+01 9.371005512144203919e+01 9.483149219584670675e+01 1.437352338545817645e+02 4.570321915323289577e+05
3.032576845911771457e+01 9.416693330766644010e+01 9.498105279179203819e+01 1.464817577060766780e+02 4.605007324240584276e+05
3.040430834113736580e+01 9.285155659640109604e+01 9.462672729082646583e+01 1.448933478751201847e+02 4.561999386986123864e+05
3.048284822281856421e+01 9.465004013999198662e+01 9.526852165457250976e+01 1.465247481815835613e+02 4.636612499920584960e+05
3.056138810416392460e+01 9.567697732133341049e+01 9.658084079369929498e+01 1.484650749216732777e+02 4.694959877531616949e+05
3.063992798517602267e+01 9.412198249922073501e+01 9.649625456877095075e+01 1.502339005329118322e+02 4.618661246166744968e+05
3.071846786585741640e+01 9.463491661471925909e+01 9.639140099441422649e+01 1.495286080515307674e+02 4.657807452911698492e+05
3.079700774621063886e+01 9.573207576516024631e+01 9.853634837115532719e+01 1.522255303354461091e+02 4.685467339343775529e+05
3.087554762623818760e+01 9.598189156248545828e+01 9.805259682466326865e+01 1.517536925435138073e+02 4.695602333039413206e+05
3.095408750594254599e+01 9.644853868022659071e+01 1.002712093860435658e+02 1.552888710108075827e+02 4.750127803610306000e+05
3.103262738532617249e+01 9.644290122484591166e+01 9.875349443804051930e+01 1.528087358332376482e+02 4.740931131689673057e+05
3.111116726439149005e+01 9.729775330941770051e+01 1.007310400185120756e+02 1.556129784456711036e+02 4.798653652200262295e+05
3.118970714314090387e+01 9.781271964121070539e+01 9.977575213618388261e+01 1.556870419356545199e+02 4.805806534775937907e+05
3.126824702157679781e+01 9.695834349264912078e+01 1.015197754648141739e+02 1.562825820701371526e+02 4.797924602212974569e+05
3.134678689970152377e+01 9.719793028548522784e+01 1.021879938910837353e+02 1.590395367577149841e+02 4.815637534594549797e+05
3.142532677751741588e+01 9.864723323767336183e+01 1.022974093833634583e+02 1.597897261049274960e+02 4.919597418701669085e+05
3.150386665502678696e+01 9.795705588817766341e+01 1.031285753147759294e+02 1.606520299889345154e+02 4.896391344232547563e+05
3.158240653223192140e+01 9.944860366897528081e+01 1.041127126553156899e+02 1.622742348296812906e+02 4.922523623370960122e+05
3.166094640913508229e+01 9.924881988342687578e+01 1.050897868118673131e+02 1.605127015246279711e+02 4.946094176624511019e+05
3.173948628573851494e+01 1.001727280999470651e+02 1.054850581611601115e+02 1.653570401781116459e+02 4.946099092598191928e+05
3.181802616204443623e+01 9.988424937095437883e+01 1.055953061260915860e+02 1.653214354313051047e+02 4.975413771084176260e+05
3.189656603805504531e+01 1.006002727727481698e+02 1.063875607841733171e+02 1.671240338910456842e+02 5.016443826221380732e+05
3.197510591377251998e+01 1.001709136540113860e+02 1.067782062592505952e+02 1.671502810774676391e+02 5.022657675251280889e+05
3.205364578919900964e+01 1.011963731248796705e+02 1.079104584593546718e+02 1.679402006807352734e+02 5.087289839834528975e+05
3.213218566433665302e+01 1.021242370810697224e+02 1.073776391437251476e+02 1.702975405998539031e+02 5.119042054141191766e+05
3.221072553918755688e+01 1.010851382076580904e+02 1.080181043537155148e+02 1.691135081944107128e+02 5.078987589922079351e+05
3.228926541375382442e+01 1.021552171758929859e+02 1.082549652162371387e+02 1.716338046958098573e+02 5.075055029721759493e+05
3.236780528803751622e+01 1.000618403493463688e+02 1.089901073819208221e+02 1.668639157159385320e+02 4.987565955033933860e+05
3.244634516204068575e+01 1.037526997559291289e+02 1.092990625028949268e+02 1.762649601957097047e+02 5.176082703584899427e+05
3.252488503576537227e+01 1.040460318346459445e+02 1.122061826692211639e+02 1.755504593601951342e+02 5.176033294057984604e+05
3.260342490921358660e+01 1.033885131396026509e+02 1.103115007190161663e+02 1.720437152062080202e+02 5.189300406011393643e+05
3.268196478238731828e+01 1.062745292987003722e+02 1.113345558173362946e+02 1.758774163809500806e+02 5.337998235547458753e+05
3.276050465528854261e+01 1.054684172391222603e+02 1.118589305380811396e+02 1.780217724029047588e+02 5.218074993762071244e+05
3.283904452791921358e+01 1.060751773168511818e+02 1.137610209081483532e+02 1.788506725623652756e+02 5.286501653083338169e+05
3.291758440028127097e+01 1.055460830795295379e+02 1.141221833545585866e+02 1.779519254524009568e+02 5.310782353641296504e+05
3.299612427237663326e+01 1.070820201035576815e+02 1.166166213265226475e+02 1.847933073493739187e+02 5.419043912767292932e+05
3.307466414420719758e+01 1.056733855646894966e+02 1.160214847101642306e+02 1.841004662450671390e+02 5.297842587789410027e+05
3.315320401577483977e+01 1.057343304358273599e+02 1.199083613375490387e+02 1.833938139569730765e+02 5.437894127679442754e+05
3.323174388708143567e+01 1.047061254658895990e+02 1.191608734916082994e+02 1.855936684074683001e+02 5.357912324624583125e+05
3.331028375812883269e+01 1.075883164660491644e+02 1.156458201848861620e+02 1.875231624083637598e+02 5.422235806205824483e+05
3.338882362891884981e+01 1.059948240877867391e+02 1.171674402488140174e+02 1.864441695948906101e+02 5.336489361906601116e+05
3.346736349945329891e+01 1.090763706115930489e+02 1.180180772611090134e+02 1.876532272895960887e+02 5.507521591258908156e+05
3.354590336973399189e+01 1.095011815299147742e+02 1.206275982988452569e+02 1.932395835875834962e+02 5.523554323733777273e+05
3.362444323976268379e+01 1.154083748181924278e+02 1.201154938008095172e+02 1.956872677451262064e+02 5.732729396618077299e+05
3.370298310954115806e+01 1.144274226909453063e+02 1.227062227176375586e+02 1.965678907311819898e+02 5.686674175960896537e+05
3.378152297907114132e+01 1.064387323009794244e+02 1.225440519025578823e+02 1.863072159481459948e+02 5.435135515505160438e+05
3.386006284835436730e+01 1.079995224024681022e+02 1.258306230378149451e+02 1.921655280864314932e+02 5.482327757448254852e+05
3.393860271739255552e+01 1.142164835176343587e+02 1.257446553543610435e+02 2.010422433862641753e+02 5.887703651860725367e+05
3.401714258618739706e+01 1.088242971787502995e+02 1.288046825019797268e+02 2.030240586246013663e+02 5.629499823817189317e+05
3.409568245474058301e+01 1.216728411190589156e+02 1.299987559800048302e+02 2.129452182755107970e+02 5.935454910798883066e+05
3.417422232305376895e+01 1.133995478848570144e+02 1.342466526246431613e+02 2.055656680943130823e+02 5.943909956662097247e+05
3.425276219112861043e+01 1.143888464448097579e+02 1.369130659838260726e+02 2.134816741841981695e+02 5.865233711183319101e+05
3.433130205896674880e+01 1.266925572147474952e+02 1.415390583337345163e+02 2.107182799846488876e+02 6.378286455092338147e+05
3.440984192656979701e+01 1.258445215973660680e+02 1.331804588015398565e+02 2.052427215414629131e+02 6.097948782420695061e+05
3.448838179393936088e+01 1.236148279395105902e+02 1.195951926353986323e+02 2.107043915226630304e+02 6.099341423640355933e+05
3.456692166107702491e+01 1.125589768598868545e+02 1.279031325053784229e+02 2.210506943627820249e+02 5.741218302680326160e+05
3.464546152798438072e+01 1.232283153658561616e+02 1.489932227456785938e+02 2.341756099375645022e+02 5.898691431139876368e+05
3.472400139466299152e+01 8.384003267027743789e+01 1.327553022224900587e+02 1.832803625620706214e+02 4.597517240458767046e+05
